Timestep: 0 State: 2 Beliefs: [0.125, 0.125, 0.125, 0.125, 0.125, 0.125, 0.125, 0.125]
Timestep: 1 State: 0 Beliefs: [0.09707602339181286, 0.0783625730994152, 0.19415204678362571, 0.1567251461988304, 0.08736842105263157, 0.07052631578947367, 0.17473684210526313, 0.14105263157894735]
Timestep: 2 State: 5 Beliefs: [0.11301829483647663, 0.08900190718372536, 0.13562195380377198, 0.10680228862047042, 0.14127286854559581, 0.1112523839796567, 0.16952744225471497, 0.13350286077558804]
Timestep: 3 State: 2 Beliefs: [0.09738004265954099, 0.15349981074098357, 0.0756375879013542, 0.13382034782547284, 0.10411291511127581, 0.18419977288918027, 0.09076510548162504, 0.16058441739056742]
Timestep: 4 State: 2 Beliefs: [0.09985695678132085, 0.07538813628287482, 0.21827422848103545, 0.15077627256574963, 0.0840521459750858, 0.06784932265458733, 0.1681042919501716, 0.13569864530917466]
Timestep: 5 State: 0 Beliefs: [0.10680588754157791, 0.07358435723981148, 0.22764007533415706, 0.14716871447962296, 0.0820410669524465, 0.06622592151583033, 0.164082133904893, 0.13245184303166066]
Timestep: 6 State: 0 Beliefs: [0.13941157998341713, 0.08442229861894134, 0.16032435348708077, 0.10552787327367667, 0.12549941705144116, 0.1013067583427296, 0.15687427131430143, 0.126633447928412]
Timestep: 7 State: 4 Beliefs: [0.09539424541635864, 0.1233718837671767, 0.10563870731751229, 0.15421485470897087, 0.0836783211638242, 0.148046260520612, 0.10459790145478025, 0.18505782565076503]
Timestep: 8 State: 4 Beliefs: [0.08597627486859871, 0.12367254308144857, 0.10623579187038025, 0.1545906788518107, 0.09075603674314438, 0.14840705169773827, 0.10485280826470639, 0.18550881462217284]
Timestep: 9 State: 4 Beliefs: [0.1271390879158577, 0.08375563569373118, 0.15804325568233432, 0.10469454461716397, 0.1445917874212783, 0.10050676283247742, 0.15563547229656016, 0.12563345354059677]
Timestep: 10 State: 0 Beliefs: [0.13467783860644764, 0.0806925844297178, 0.15220483241727276, 0.10086573053714724, 0.1637453530417157, 0.09683110131566136, 0.1499436830074607, 0.12103887664457669]
Timestep: 11 State: 0 Beliefs: [0.1693943017178539, 0.09182710849739917, 0.17245347548687479, 0.11478388562174897, 0.13761586746225318, 0.08264439764765925, 0.12797546650663655, 0.10330549705957406]
Timestep: 12 State: 2 Beliefs: [0.16150758406956356, 0.07869284419516563, 0.14834727046735494, 0.09836605524395703, 0.15438781890151732, 0.09443141303419876, 0.14622774779549433, 0.11803926629274844]
Timestep: 13 State: 2 Beliefs: [0.13259557239165115, 0.0681833239186115, 0.22700635939347355, 0.136366647837223, 0.09971448615579658, 0.061364991526750345, 0.1520386357229934, 0.12272998305350069]
Timestep: 14 State: 0 Beliefs: [0.12774088914013118, 0.06709780813594517, 0.24896967232696024, 0.13419561627189033, 0.09121383461309268, 0.06038802732235065, 0.14961809754492847, 0.1207760546447013]
Timestep: 15 State: 2 Beliefs: [0.16155538851865478, 0.07729249674852744, 0.17358801274737384, 0.0966156209356593, 0.13863313019903406, 0.09275099609823292, 0.14362560962972634, 0.11593874512279115]
Timestep: 16 State: 2 Beliefs: [0.1313064546639064, 0.06602308306551491, 0.25105741330765147, 0.13204616613102982, 0.09408293751041127, 0.05942077475896342, 0.14722162104459594, 0.11884154951792684]
Timestep: 17 State: 0 Beliefs: [0.12647309242349436, 0.06506289740935392, 0.2705043277298303, 0.13012579481870784, 0.08708351427070911, 0.05855660766841852, 0.14508055034264886, 0.11711321533683704]
Timestep: 18 State: 2 Beliefs: [0.11132207271941105, 0.11490548540313132, 0.12979508902798265, 0.14363185675391416, 0.09268081744792951, 0.13788658248375757, 0.09741986805917656, 0.17235822810469698]
Timestep: 19 State: 0 Beliefs: [0.11791161922523029, 0.06798708218680956, 0.25427239514715827, 0.13597416437361912, 0.08868857121191119, 0.0611883739681286, 0.15160104595088578, 0.1223767479362572]
Timestep: 20 State: 0 Beliefs: [0.16412596902874094, 0.07638398706206197, 0.18251935749605777, 0.09547998382757746, 0.13331652872356614, 0.09166078447447436, 0.14193740879442857, 0.11457598059309293]
Timestep: 21 State: 2 Beliefs: [0.18778100760688213, 0.08621033519565614, 0.2040468302883726, 0.10776291899457016, 0.11947536647325001, 0.07758930167609052, 0.12014761267006556, 0.09698662709511315]
Timestep: 22 State: 0 Beliefs: [0.14116599614187286, 0.06405214856881056, 0.2637348641673171, 0.12810429713762111, 0.0871751615623167, 0.05764693371192951, 0.1428267312862731, 0.11529386742385903]
Timestep: 23 State: 2 Beliefs: [0.17623441307985818, 0.07550527268609467, 0.17942560874605576, 0.09438159085761831, 0.13028430450599535, 0.09060632722331359, 0.14030457387192216, 0.11325790902914198]
Timestep: 24 State: 2 Beliefs: [0.13698696531066132, 0.06472598572196021, 0.26167050487229027, 0.12945197144392043, 0.08807512363678782, 0.0582533871497642, 0.1443292875650874, 0.1165067742995284]
Timestep: 25 State: 2 Beliefs: [0.1325409638866559, 0.0643140037432312, 0.2748399808353139, 0.1286280074864624, 0.08261860469924281, 0.05788260336890808, 0.14341062924236928, 0.11576520673781616]
Timestep: 26 State: 2 Beliefs: [0.16451383077391576, 0.08496182257241264, 0.24549628356872558, 0.1062022782155158, 0.10837047949314492, 0.07646564031517138, 0.1184076146671497, 0.09558205039396421]
Timestep: 27 State: 2 Beliefs: [0.11550428724451006, 0.0621734898793758, 0.30901409431002497, 0.1243469797587516, 0.08245512332736994, 0.055956140891438216, 0.1386376028056529, 0.11191228178287643]
Timestep: 28 State: 2 Beliefs: [0.1470908379559906, 0.08393417455288853, 0.2703016881065648, 0.10491771819111068, 0.10681345162121972, 0.07554075709759968, 0.11697542610262637, 0.0944259463719996]
Timestep: 29 State: 2 Beliefs: [0.10535530105667448, 0.06159775499302332, 0.3248855771719294, 0.12319550998604664, 0.08129811837149624, 0.05543797949372099, 0.13735379993966693, 0.11087595898744199]
Timestep: 30 State: 2 Beliefs: [0.0992930908912454, 0.061774724012234744, 0.3325086312991071, 0.12354944802446949, 0.07833393650068747, 0.05559725161101127, 0.13774841443922195, 0.11119450322202254]
Timestep: 31 State: 2 Beliefs: [0.09594916693639464, 0.061819906473854845, 0.3358407141995799, 0.12363981294770969, 0.07798748737806899, 0.05563791582646936, 0.13784916458498378, 0.11127583165293872]
Timestep: 32 State: 4 Beliefs: [0.09367601030656073, 0.0619060397975272, 0.33742541881595756, 0.1238120795950544, 0.07799291499052367, 0.055715435817774474, 0.13804122904105318, 0.11143087163554895]
Timestep: 33 State: 2 Beliefs: [0.07710703568579491, 0.11378778064767459, 0.15440769995233963, 0.14223472580959326, 0.1087635013458911, 0.1365453367772095, 0.09647224880998499, 0.17068167097151188]
Timestep: 34 State: 2 Beliefs: [0.09624736416002443, 0.06701979376534838, 0.2785138233386036, 0.13403958753069675, 0.09378185089645275, 0.06031781438881354, 0.14944413714243354, 0.12063562877762708]
Timestep: 35 State: 4 Beliefs: [0.09257265797216524, 0.0633070986439205, 0.3134284005773246, 0.126614197287841, 0.09198309802491374, 0.05697638877952846, 0.1411653811552496, 0.11395277755905692]
Timestep: 36 State: 4 Beliefs: [0.07503923276808384, 0.11316746836266445, 0.1514211126706103, 0.14145933545333056, 0.11741435429342302, 0.13580096203519734, 0.09594633187269379, 0.16975120254399667]
Timestep: 37 State: 0 Beliefs: [0.0755131422047745, 0.11700473788079584, 0.13502258720775903, 0.1462559223509948, 0.11109114900467851, 0.140405685456955, 0.09919966907284865, 0.17550710682119375]
Timestep: 38 State: 2 Beliefs: [0.13467222954389393, 0.09003840861511392, 0.22155276362679913, 0.1125480107688924, 0.1333781770976613, 0.08103456775360253, 0.12548263290203376, 0.10129320969200316]
Timestep: 39 State: 0 Beliefs: [0.09978068037835548, 0.06304967284266373, 0.2949882666853392, 0.12609934568532746, 0.1052565576929137, 0.05674470555839736, 0.14059136004020836, 0.11348941111679473]
Timestep: 40 State: 2 Beliefs: [0.13352643320615148, 0.07391913990503785, 0.202639449780151, 0.0923989248812973, 0.16057716674977188, 0.08870296788604541, 0.13735720773398824, 0.11087870985755675]
Timestep: 41 State: 4 Beliefs: [0.11328725480831667, 0.06313315100914395, 0.2841873781787103, 0.1262663020182879, 0.10188890236882096, 0.05681983590822956, 0.14077750389203142, 0.11363967181645912]
Timestep: 42 State: 2 Beliefs: [0.08815027725761966, 0.11230904049472229, 0.1376278332259611, 0.14038630061840285, 0.123073604735062, 0.13477084859366673, 0.09521853433248194, 0.1684635607420834]
Timestep: 43 State: 2 Beliefs: [0.1030195070482423, 0.06627890737919571, 0.27136817754313475, 0.13255781475839143, 0.10003047226583672, 0.05965101664127613, 0.1477920710813707, 0.11930203328255226]
Timestep: 44 State: 2 Beliefs: [0.10161439870565685, 0.06282455576629935, 0.29711097821649507, 0.1256491115325987, 0.10308527265046234, 0.05654210018966941, 0.14008938255947942, 0.11308420037933882]
Timestep: 45 State: 2 Beliefs: [0.09811743090837008, 0.06135124572464441, 0.3173320996492071, 0.12270249144928883, 0.0980442477483397, 0.05521612115217997, 0.13680412106361006, 0.11043224230435994]
Timestep: 46 State: 0 Beliefs: [0.09463595856939185, 0.060568799546945336, 0.33222383665487826, 0.12113759909389067, 0.09283866448778888, 0.05451191959225081, 0.1350593828703527, 0.10902383918450162]
Timestep: 47 State: 2 Beliefs: [0.107515621188465, 0.12720652350531966, 0.18272421519296336, 0.15900815438164959, 0.08506551883918678, 0.11448587115478769, 0.08088675679414349, 0.14310733894348462]
Timestep: 48 State: 5 Beliefs: [0.10495102756863843, 0.06499349704308394, 0.29243726123434266, 0.12998699408616787, 0.08722298016731002, 0.058494147338775546, 0.14492579788413043, 0.11698829467755109]
Timestep: 49 State: 2 Beliefs: [0.08580320384445594, 0.11100392875305952, 0.14670451915144603, 0.1387549109413244, 0.0935437725896081, 0.16357174503900992, 0.09411202655150698, 0.16650589312958924]
Timestep: 50 State: 0 Beliefs: [0.09949142246374276, 0.064856454771027, 0.29485536672337986, 0.129712909542054, 0.08491680358836248, 0.06480521025207142, 0.1446202140715139, 0.11674161858784857]
Timestep: 51 State: 2 Beliefs: [0.09710216921310909, 0.11055206196463702, 0.14485631192284504, 0.13819007745579626, 0.09147333391424799, 0.15826903048195584, 0.09372892210045314, 0.16582809294695552]
Timestep: 52 State: 0 Beliefs: [0.10555131583182101, 0.06471383659262264, 0.2923314809181244, 0.12942767318524528, 0.08366576339975246, 0.063522827385746, 0.1443021968199675, 0.11648490586672076]
Timestep: 53 State: 2 Beliefs: [0.12076728319833495, 0.12672829221647938, 0.1618899717209432, 0.1584103652705992, 0.07707390295369601, 0.1319781918239728, 0.08058266407243526, 0.14256932874353928]
Timestep: 54 State: 5 Beliefs: [0.11196101154711928, 0.06449219560276787, 0.28986632652752997, 0.12898439120553573, 0.08191775651988134, 0.06288439601884745, 0.1438079704933361, 0.11608595208498215]
Timestep: 55 State: 4 Beliefs: [0.09631063816945967, 0.1095146936501928, 0.13649219486703923, 0.136893367062741, 0.08706937901051622, 0.17659827258307684, 0.09284941418168519, 0.16427204047528918]
Timestep: 56 State: 2 Beliefs: [0.0838857043034191, 0.11342804827820856, 0.13786501171030774, 0.1417850603477607, 0.09938349661542333, 0.15734334800473876, 0.09616725832282899, 0.17014207241731283]
Timestep: 57 State: 2 Beliefs: [0.10485140361514089, 0.0650741412070649, 0.278062306531934, 0.1301482824141298, 0.09185882951317495, 0.0677659602124731, 0.1451056223333656, 0.11713345417271682]
Timestep: 58 State: 4 Beliefs: [0.11111381279142424, 0.06193881699114024, 0.29916535378226744, 0.12387763398228048, 0.08359684498354376, 0.07070334959459969, 0.13811431729069185, 0.11148987058405245]
Timestep: 59 State: 2 Beliefs: [0.08614756810326181, 0.10871484655531542, 0.14730930581509055, 0.1358935581941443, 0.1053327094398986, 0.16135845911024446, 0.09217128294907179, 0.16307226983297315]
Timestep: 60 State: 2 Beliefs: [0.09727323745200643, 0.06388102278601555, 0.29322214200008506, 0.1277620455720311, 0.09652531722773618, 0.06390524761549592, 0.14244514633180183, 0.11498584101482799]
Timestep: 61 State: 2 Beliefs: [0.10066643485280724, 0.06075867121832259, 0.31446298463834577, 0.12151734243664518, 0.09244048896773588, 0.06530570133469424, 0.1354827683584686, 0.10936560819298068]
Timestep: 62 State: 2 Beliefs: [0.09616212004503363, 0.05936224074727525, 0.335271107984304, 0.1187244814945505, 0.0886180585333834, 0.06264102101986659, 0.1323689368304914, 0.10685203334509545]
Timestep: 63 State: 4 Beliefs: [0.09225072013999057, 0.058625055331793935, 0.34996658328471936, 0.11725011066358787, 0.08517162216193146, 0.06048568543910583, 0.13072512338164197, 0.10552509959722908]
Timestep: 64 State: 4 Beliefs: [0.10724892090044202, 0.07045745385223222, 0.24216647110907005, 0.08807181731529028, 0.16098456900951938, 0.09445991532460653, 0.13092467171049121, 0.10568618077834833]
Timestep: 65 State: 2 Beliefs: [0.07422752639237389, 0.10850804368455011, 0.1682515101590536, 0.13563505460568764, 0.1178641835867068, 0.1407556659644234, 0.09199595008037945, 0.16276206552682515]
Timestep: 66 State: 0 Beliefs: [0.08841381338489263, 0.06321625749199725, 0.3058131590119571, 0.1264325149839945, 0.10143889706230912, 0.05993327563441262, 0.1409628189448416, 0.11378926348559505]
Timestep: 67 State: 2 Beliefs: [0.14179334577483724, 0.08190010615512658, 0.25562382897278113, 0.10237513269390822, 0.13240515686279603, 0.07962417709760139, 0.11414063301843201, 0.0921376194245174]
Timestep: 68 State: 2 Beliefs: [0.1005272455224772, 0.05958180135756698, 0.3261371861325583, 0.11916360271513396, 0.09720680938905078, 0.0572775882183907, 0.1328585242212016, 0.10724724244362056]
Timestep: 69 State: 2 Beliefs: [0.09974923574518459, 0.05952037464020803, 0.3308437852794843, 0.11904074928041607, 0.09363272427142788, 0.05735490462124683, 0.13272155180965792, 0.10713667435237446]
Timestep: 70 State: 2 Beliefs: [0.0944733715224755, 0.059006571084164156, 0.3452276708642078, 0.11801314216832831, 0.08936740765290639, 0.056124162189644416, 0.13157584656677798, 0.10621182795149547]
Timestep: 71 State: 2 Beliefs: [0.09027831737664048, 0.058668902958018264, 0.3562130134574952, 0.11733780591603653, 0.08586644932888787, 0.05520858859478816, 0.13082289704370043, 0.10560402532443287]
Timestep: 72 State: 4 Beliefs: [0.08677713629532646, 0.05859794249355134, 0.3636983108452903, 0.11719588498710268, 0.083001608544153, 0.05458815454713071, 0.13066466579905328, 0.10547629648839241]
Timestep: 73 State: 0 Beliefs: [0.07177320939264716, 0.10990610051698427, 0.17350621068160452, 0.13738262564623033, 0.11406349938262068, 0.13532794447047167, 0.09318125913396492, 0.1648591507754764]
Timestep: 74 State: 5 Beliefs: [0.07609496974785789, 0.11414513908650567, 0.1529721207564827, 0.1426814238581321, 0.1075149613813696, 0.13859844992307335, 0.09677522661682005, 0.17121770862975852]
Timestep: 75 State: 2 Beliefs: [0.07525783983845728, 0.11449919958965739, 0.14511752131473116, 0.14312399948707175, 0.10576424636722062, 0.14741298567062272, 0.09707540834775301, 0.17174879938448606]
Timestep: 76 State: 4 Beliefs: [0.09228577990633788, 0.06424373017725865, 0.2983860385446789, 0.1284874603545173, 0.0957189716807392, 0.06198537533856002, 0.14325392967884243, 0.11563871431906558]
Timestep: 77 State: 2 Beliefs: [0.10650049450658676, 0.07271063782327235, 0.21641378346699838, 0.09088829727909042, 0.1737147250172139, 0.09559454682868461, 0.1351115583432449, 0.10906595673490853]
Timestep: 78 State: 2 Beliefs: [0.0912353089910327, 0.060615047307881476, 0.31798874045915526, 0.12123009461576295, 0.10437252080050834, 0.060288694196883104, 0.13516250847458944, 0.10910708515418666]
Timestep: 79 State: 2 Beliefs: [0.0869315631293332, 0.06055553197883711, 0.3251346020078189, 0.12111106395767422, 0.10266109509162517, 0.05957638809909905, 0.13502979817370545, 0.10899995756190681]
Timestep: 80 State: 0 Beliefs: [0.0850797147512897, 0.060022137977503096, 0.33852087323464286, 0.12004427595500619, 0.0957656625080067, 0.05868707805227047, 0.13384040916177553, 0.10803984835950556]
Timestep: 81 State: 2 Beliefs: [0.14213968004332717, 0.08179689232393189, 0.2644644199885266, 0.10224611540491486, 0.12365587864859763, 0.0796787213569182, 0.11399678836936031, 0.09202150386442337]
Timestep: 82 State: 2 Beliefs: [0.1008995436696558, 0.05961970209505829, 0.3316692907278028, 0.11923940419011658, 0.08911651297272388, 0.059197045364556944, 0.1329430372089807, 0.10731546377110492]
Timestep: 83 State: 4 Beliefs: [0.09829616244223782, 0.05964098458092274, 0.33832545108768936, 0.11928196916184548, 0.08642128344820564, 0.05768988305747019, 0.13299049397596802, 0.10735377224566094]
Timestep: 84 State: 0 Beliefs: [0.0789121503140544, 0.10944687268285118, 0.16373156574405376, 0.13680859085356398, 0.11340222908351455, 0.14073636850135515, 0.09279191379633035, 0.16417030902427676]
Timestep: 85 State: 2 Beliefs: [0.08027281938621328, 0.11311052769269164, 0.15262667269722396, 0.14138815961586457, 0.1040481740111447, 0.1429897989705424, 0.09589805608728205, 0.16966579153903744]
Timestep: 86 State: 2 Beliefs: [0.09741952277711957, 0.0637617705651384, 0.2995641390462369, 0.1275235411302768, 0.09506227484166921, 0.05971833294422536, 0.14217923167808472, 0.11477118701724913]
Timestep: 87 State: 2 Beliefs: [0.09603205648815621, 0.0606662497411279, 0.32609666505122153, 0.1213324994822558, 0.09395225468575882, 0.05744434275887483, 0.13527668225857475, 0.10919924953403023]
Timestep: 88 State: 2 Beliefs: [0.0927088379229943, 0.05953953396355534, 0.34329985797033774, 0.11907906792711068, 0.08910345833620283, 0.05633380850427776, 0.13276427424112192, 0.10717116113439962]
Timestep: 89 State: 5 Beliefs: [0.08975968490976274, 0.05910210760929365, 0.35418551531635273, 0.1182042152185873, 0.08477815414736478, 0.05579765034327639, 0.1317888787586339, 0.10638379369672858]
Timestep: 90 State: 1 Beliefs: [0.07310051363716814, 0.10803781253002491, 0.16622586339827516, 0.13504726566253117, 0.09051432749502313, 0.1734202226412668, 0.09159727584067331, 0.16205671879503739]
Timestep: 91 State: 0 Beliefs: [0.08401285045594589, 0.14628446853151067, 0.17195158616416195, 0.15976627334653062, 0.078601654922301, 0.13432111195226337, 0.08127240861540906, 0.14378964601187752]
Timestep: 92 State: 0 Beliefs: [0.12059785093487843, 0.08297861072815173, 0.21590783088310958, 0.09321986261963823, 0.1313727519376139, 0.10548167093340101, 0.1385775868196413, 0.11186383514356586]
Timestep: 93 State: 2 Beliefs: [0.12783931818879146, 0.07844469209134868, 0.2267006070726131, 0.08981360120939237, 0.1304039295178624, 0.10550758001416176, 0.1335139504545594, 0.10777632145127085]
Timestep: 94 State: 0 Beliefs: [0.10553375926135004, 0.06565893139483109, 0.31787822295327184, 0.12018715289446585, 0.08219570423914377, 0.06637808536510308, 0.1339997062868149, 0.10816843760501929]
Timestep: 95 State: 0 Beliefs: [0.14010499520136727, 0.07583027574590406, 0.22034459905729, 0.08959256953519136, 0.12667362178917063, 0.1067574832033984, 0.13318537202544867, 0.10751108344222964]
Timestep: 96 State: 2 Beliefs: [0.16802721843128954, 0.08808138364628972, 0.24703127438544195, 0.10063086583606169, 0.10808985960908636, 0.08537571319827356, 0.11219590564110163, 0.09056777925245553]
Timestep: 97 State: 1 Beliefs: [0.12473581635502187, 0.06408829577946368, 0.308704622197333, 0.11911863164065492, 0.07922291916101974, 0.06411456156070965, 0.13280838482920776, 0.10720676847658943]
Timestep: 98 State: 2 Beliefs: [0.09497496079730035, 0.1393117894313339, 0.14432118858536397, 0.1335106666978406, 0.08444779072961077, 0.1526657428304325, 0.09055506089070928, 0.1602128000374087]
Timestep: 99 State: 0 Beliefs: [0.11272017576061284, 0.07729096832627094, 0.29309445582488824, 0.12428779433449628, 0.08104126072938106, 0.06113471464887303, 0.13857161547443092, 0.11185901490104665]
Timestep: 100 State: 4 Beliefs: [0.17402912546118254, 0.10093379312379995, 0.23543461627102957, 0.10046475557354947, 0.10297754815287474, 0.08373117630668053, 0.11201070509468876, 0.09041828001619452]
Timestep: 101 State: 4 Beliefs: [0.10460208615685603, 0.13077933699657102, 0.1481944975971522, 0.1316504958833814, 0.09382179352587904, 0.14367781496354826, 0.08929337981655436, 0.15798059506005768]
Timestep: 102 State: 5 Beliefs: [0.13717021695110865, 0.08878526468242573, 0.20376931527081332, 0.09067634112829566, 0.1418432688307734, 0.09414751249340086, 0.1347964712892276, 0.10881160935395479]
Timestep: 103 State: 5 Beliefs: [0.09782995407734076, 0.12952223253495768, 0.13903740921623173, 0.1320274813755133, 0.0976673447399587, 0.15593352608112074, 0.08954907432426118, 0.1584329776506159]
Timestep: 104 State: 4 Beliefs: [0.09074176553353579, 0.12956772160765084, 0.13291652420422737, 0.1345778857062872, 0.09350718232513645, 0.1659165439922228, 0.0912789137833948, 0.16149346284754465]
Timestep: 105 State: 2 Beliefs: [0.08970167708140553, 0.12792970540387255, 0.1296772063915947, 0.13461322026480738, 0.1019305239660458, 0.1633089227427227, 0.09130287983178241, 0.16153586431776887]
Timestep: 106 State: 2 Beliefs: [0.11256795155713009, 0.07370367287203956, 0.27230698487119354, 0.12442803969837739, 0.09601949071528999, 0.07026064596834333, 0.1387279785890864, 0.11198523572853965]
Timestep: 107 State: 0 Beliefs: [0.11744837222870233, 0.07206605020325417, 0.293701221815584, 0.11996920807100915, 0.08814453002057437, 0.066941616323768, 0.13375671407319975, 0.10797228726390824]
Timestep: 108 State: 2 Beliefs: [0.1729856273748948, 0.09330589588905995, 0.23456321627414425, 0.0986213666461423, 0.11502613510502764, 0.08678306472223545, 0.1099554640069676, 0.08875922998152806]
Timestep: 109 State: 2 Beliefs: [0.12476180420327432, 0.06761727756641617, 0.30612942660374454, 0.115525410242721, 0.0884770495710652, 0.06471395147296777, 0.12880221112136206, 0.10397286921844891]
Timestep: 110 State: 5 Beliefs: [0.12082111005457329, 0.06759653281179517, 0.31355546220218206, 0.11652656383106201, 0.08352144583953507, 0.0631865551534888, 0.12991842265940792, 0.10487390744795581]
Timestep: 111 State: 2 Beliefs: [0.09263768332055985, 0.11779260760567728, 0.1492828463941604, 0.129577683913286, 0.08915337674880168, 0.17817510875429962, 0.08788747256727224, 0.15549322069594315]
Timestep: 112 State: 0 Beliefs: [0.10582996582660821, 0.0685344793669573, 0.29979077249919356, 0.12075376335715968, 0.08985929549998498, 0.07192190176029711, 0.13463143466835564, 0.10867838702144371]
Timestep: 113 State: 0 Beliefs: [0.10238581508392673, 0.11638715989051947, 0.14524040971823302, 0.13065890170202638, 0.08871456608248678, 0.17120164519552333, 0.08862082028485266, 0.15679068204243163]
Timestep: 114 State: 2 Beliefs: [0.10792305098599779, 0.13686699910586864, 0.1651324408235525, 0.1524069670504657, 0.08158725982179639, 0.1413882503673152, 0.07752876149958472, 0.13716627034541912]
Timestep: 115 State: 2 Beliefs: [0.11923216895505893, 0.06727025255709222, 0.29345735283732544, 0.12092947369975061, 0.08575740030994289, 0.06968948672342183, 0.1348273385876324, 0.10883652632977554]
Timestep: 116 State: 4 Beliefs: [0.12213731895510635, 0.0644043882066997, 0.310513767884908, 0.11746505934844403, 0.07974726600735067, 0.06904887105958162, 0.13096477512430998, 0.10571855341359963]
Timestep: 117 State: 0 Beliefs: [0.09538713008211505, 0.11372209807085434, 0.15145492295023683, 0.1307326432032694, 0.10337152000310978, 0.15978167758688255, 0.08867083625960881, 0.15687917184392325]
Timestep: 118 State: 0 Beliefs: [0.13308695612841803, 0.0778201045384798, 0.21336320858905244, 0.08801148555756153, 0.1465497134429591, 0.10471976457396089, 0.13083498450049444, 0.1056137826690738]
Timestep: 119 State: 2 Beliefs: [0.16905942925891057, 0.08432040762941784, 0.24230126984326797, 0.09664078968668988, 0.12439321405866283, 0.0885609103036012, 0.10774726850142886, 0.08697671071802088]
Timestep: 120 State: 2 Beliefs: [0.12640136704289057, 0.06236879984586905, 0.30812551106194774, 0.11461526840658279, 0.0920735346619463, 0.06547430651973851, 0.1277874708951005, 0.10315374156592452]
Timestep: 121 State: 5 Beliefs: [0.11879920591074128, 0.06225109912436449, 0.3166826280079354, 0.11555183078250797, 0.08946654779380668, 0.06442037262484461, 0.12883166805154245, 0.10399664770425718]
Timestep: 122 State: 2 Beliefs: [0.0928976656013962, 0.11014220436097359, 0.15173332420315983, 0.12871330488052435, 0.0940616922199879, 0.18069464478445152, 0.0873011980928774, 0.1544559658566292]
Timestep: 123 State: 2 Beliefs: [0.14534423995498807, 0.0867921418886539, 0.25649864786963217, 0.09937120613327016, 0.1175677491477177, 0.0942004504088503, 0.11079147907694449, 0.08943408551994314]
Timestep: 124 State: 2 Beliefs: [0.11398798875693052, 0.06022378330707967, 0.33113279997266765, 0.11304459892406717, 0.08395172460209221, 0.06988267376926635, 0.12603629163623606, 0.10174013903166043]
Timestep: 125 State: 2 Beliefs: [0.10608169214195219, 0.05993757562465511, 0.34167516448278074, 0.11361709210868917, 0.08101063378435272, 0.06874788014603207, 0.12667457881371763, 0.10225538289782025]
Timestep: 126 State: 2 Beliefs: [0.10220400502461058, 0.059476597633267986, 0.35194653114824664, 0.11336255309919911, 0.07879871883438079, 0.06579450965743103, 0.12639078681358468, 0.1020262977892792]
Timestep: 127 State: 0 Beliefs: [0.09927204859774458, 0.059151187984527946, 0.3594819754725104, 0.113392792187485, 0.07695697791656252, 0.06326700373205792, 0.12642450114037507, 0.1020535129687365]
Timestep: 128 State: 2 Beliefs: [0.14368376507376765, 0.07174342225958905, 0.2443602294371055, 0.08638886636022343, 0.12246934402739097, 0.09926488112789048, 0.12842285208176496, 0.1036666396322681]
Timestep: 129 State: 2 Beliefs: [0.15801802852885113, 0.08084782250573043, 0.28091047344809295, 0.09624699352812434, 0.10650068481805632, 0.0835454878234315, 0.10730821517240131, 0.08662229417531189]
Timestep: 130 State: 0 Beliefs: [0.11377132579985576, 0.058495170795680854, 0.35375479091062073, 0.11216305290671232, 0.07610526293291546, 0.05971021542427205, 0.12505343361390164, 0.1009467476160411]
Timestep: 131 State: 2 Beliefs: [0.12301205732857945, 0.12472951740937907, 0.1923008765770827, 0.15110832870515936, 0.07137557440054491, 0.12460799992502998, 0.07686814981958107, 0.13599749583464343]
Timestep: 132 State: 4 Beliefs: [0.11694877502355863, 0.0628131122490192, 0.32109938640218777, 0.11913171937173213, 0.07888136831539018, 0.0610841145308907, 0.13282297667266255, 0.10721854743455893]
Timestep: 133 State: 0 Beliefs: [0.09832219595807261, 0.11041373311010423, 0.15815597567704326, 0.1339925292547344, 0.10272208527977064, 0.14472055620703447, 0.09088188940755898, 0.16079103510568124]
Timestep: 134 State: 2 Beliefs: [0.13630548818889784, 0.07540430036416, 0.22288328407995386, 0.08881752176346741, 0.14059803066124318, 0.09737713736878299, 0.13203321145733365, 0.1065810261161609]
Timestep: 135 State: 0 Beliefs: [0.12170393108574523, 0.06095655944471159, 0.31493578578349307, 0.11674288232217564, 0.08999220097478058, 0.06044044466530701, 0.13015960163382867, 0.10506859408995807]
Timestep: 136 State: 2 Beliefs: [0.1803167938377814, 0.08081181566201302, 0.24607893469626432, 0.09816032145338263, 0.11820712594753241, 0.07863928607158355, 0.10944143302339825, 0.08834428930804436]
Timestep: 137 State: 2 Beliefs: [0.13027570736876898, 0.059613570383832144, 0.31912264655532224, 0.11502413873820884, 0.08576734766167311, 0.05843153362565441, 0.12824333080215225, 0.10352172486438797]
Timestep: 138 State: 2 Beliefs: [0.12452597131991791, 0.05978786562544472, 0.3228172119130357, 0.11636457536793565, 0.08432059244254766, 0.057717847888262765, 0.12973781761171332, 0.1047281178311421]
Timestep: 139 State: 2 Beliefs: [0.11669734123840297, 0.05922138946247961, 0.33839627871757744, 0.11536931152315291, 0.08102088129653334, 0.056834244692814506, 0.12862817269820181, 0.10383238037083761]
Timestep: 140 State: 2 Beliefs: [0.11023105408788642, 0.058705802926144815, 0.3516180460826457, 0.11446042557415788, 0.07832472484260507, 0.05603073077743602, 0.127614832692382, 0.1030143830167421]
Timestep: 141 State: 4 Beliefs: [0.1046894198926509, 0.058445789259516705, 0.3613944732057591, 0.11404816713925826, 0.07612475435271629, 0.055498850421742525, 0.12715519530302377, 0.10264335042533244]
Timestep: 142 State: 2 Beliefs: [0.08582191051871449, 0.10967276502177266, 0.17390069874516376, 0.13385131153450008, 0.10711295493226342, 0.13823267845235057, 0.09078610695383485, 0.16062157384140008]
Timestep: 143 State: 0 Beliefs: [0.10258637212728958, 0.06335640449431805, 0.3225734833195874, 0.11992385835097986, 0.08991126869434954, 0.06001098797791908, 0.13370615251967455, 0.10793147251588188]
Timestep: 144 State: 2 Beliefs: [0.11312272710420253, 0.12611841542732638, 0.1867120520861031, 0.15371680152175976, 0.0851409328412224, 0.11864888104960254, 0.07819506860019954, 0.13834512136958377]
Timestep: 145 State: 5 Beliefs: [0.11157915708557892, 0.06294400449959137, 0.31804684154803436, 0.12005199436416036, 0.08639365275831369, 0.059088540204595044, 0.1338490146119818, 0.10804679492774433]
Timestep: 146 State: 2 Beliefs: [0.0919286846048082, 0.10871343101257394, 0.15502410763279315, 0.132567114039294, 0.09373253758473762, 0.1690385022345975, 0.0899150860440429, 0.1590805368471528]
Timestep: 147 State: 0 Beliefs: [0.1055300645777559, 0.0632866843793262, 0.31895930214306634, 0.1200246266907988, 0.08407757991745164, 0.06628107657133492, 0.1338185016985473, 0.10802216402171891]
Timestep: 148 State: 2 Beliefs: [0.10414099250558356, 0.10835264506430191, 0.15197392344129743, 0.1324828012953234, 0.09092851861891518, 0.16328385751118837, 0.08985790000900194, 0.15897936155438802]
Timestep: 149 State: 2 Beliefs: [0.11163290542599358, 0.06311047391131622, 0.3165324649954122, 0.11989568497805476, 0.0824263508392838, 0.06482126205833671, 0.13367474131135357, 0.10790611648024927]
Timestep: 150 State: 2 Beliefs: [0.11845063256547901, 0.05976532961945649, 0.3235564870919738, 0.11698168841968268, 0.08018821665060379, 0.06534827346389138, 0.13042585261119843, 0.1052835195777144]
Timestep: 151 State: 2 Beliefs: [0.1110109477118127, 0.05869458381128269, 0.34423561261941016, 0.11486157041431666, 0.07719903917541752, 0.0625607536418984, 0.1280620792529769, 0.10337541337288497]
Timestep: 152 State: 2 Beliefs: [0.10536647120844125, 0.05798988911985648, 0.35876295950925324, 0.11358792589543636, 0.07491582490029951, 0.060505735398296706, 0.12664206066252381, 0.10222913330589271]
Timestep: 153 State: 2 Beliefs: [0.10023970220413239, 0.057670038059394683, 0.3693850951353624, 0.11305058948712267, 0.07308076495606797, 0.05878530895252338, 0.12604297066698603, 0.1017455305384104]
Timestep: 154 State: 4 Beliefs: [0.0960002628502303, 0.05763867053224323, 0.3762570946569656, 0.11307134462046917, 0.07172884043401322, 0.05747346565587951, 0.12606611109177682, 0.10176421015842224]
Timestep: 155 State: 2 Beliefs: [0.07973402517780638, 0.10893030104671352, 0.1804551644942393, 0.13363778362778558, 0.10414052801612161, 0.1420955779538408, 0.09064127933015022, 0.16036534035334266]
Timestep: 156 State: 2 Beliefs: [0.09648344279416508, 0.06230388696308986, 0.3357515199391124, 0.11919905437955765, 0.08646054179856401, 0.059624355002521535, 0.1328980501813874, 0.10727914894160188]
Timestep: 157 State: 2 Beliefs: [0.09158988313750747, 0.058963743415738006, 0.3584607437158444, 0.11567804304510486, 0.08551456447246152, 0.05671039816723683, 0.12897238530551242, 0.10411023874059437]
Timestep: 158 State: 0 Beliefs: [0.0889387078804402, 0.058206381296983634, 0.3713512618087713, 0.11429217790090297, 0.08134541963203959, 0.05557584227755024, 0.12742724909249928, 0.10286296011081267]
Timestep: 159 State: 2 Beliefs: [0.10696500607764949, 0.12468739118350992, 0.20521828540962161, 0.15308474655265894, 0.07635221659002554, 0.1180425373036585, 0.07787354498548302, 0.137776271897393]
Timestep: 160 State: 2 Beliefs: [0.10511343643094648, 0.06179345743503279, 0.3370281878047688, 0.11910928988746668, 0.07903938014093605, 0.05791991793058062, 0.13279796947154865, 0.10719836089872001]
Timestep: 161 State: 5 Beliefs: [0.10295129952937393, 0.05901213890319011, 0.3571000538048057, 0.11584833968752395, 0.07621476878729544, 0.0554476402159344, 0.12916225335310505, 0.10426350571877156]
Timestep: 162 State: 0 Beliefs: [0.08250347511221581, 0.10780208750333208, 0.17325276899027026, 0.1323641371583648, 0.08305789777284575, 0.17240525410465127, 0.0897774147682822, 0.1588369645900377]
Timestep: 163 State: 2 Beliefs: [0.14569489072680675, 0.08444892246493808, 0.27047131186883083, 0.10131096447917645, 0.10474136886611589, 0.08919850868832876, 0.1129541648745445, 0.0911798680312588]
Timestep: 164 State: 2 Beliefs: [0.1047129525366866, 0.05902180968953589, 0.34640066641290856, 0.11545269146170595, 0.07434548648222114, 0.06743783599410161, 0.12872113510730498, 0.10390742231553535]
Timestep: 165 State: 2 Beliefs: [0.0991413703117125, 0.05887384040102831, 0.352549596581051, 0.11579786514204089, 0.07317606128845706, 0.06713720964622485, 0.12910597800164855, 0.10421807862783679]
Timestep: 166 State: 2 Beliefs: [0.09564131060292476, 0.058380752331104964, 0.36428749684973827, 0.11483757398252632, 0.07157455020209169, 0.06388917442503103, 0.1280353250223092, 0.10335381658427369]
Timestep: 167 State: 2 Beliefs: [0.09266880066703258, 0.058065329249823716, 0.3730675675970227, 0.11431274980238816, 0.0702901458745545, 0.061263746759590156, 0.12745018522743876, 0.10288147482214935]
Timestep: 168 State: 2 Beliefs: [0.09043671037535701, 0.05801167623672378, 0.37831663178498054, 0.1142888995400257, 0.06944240603194592, 0.05922007248016905, 0.1274235939647749, 0.10286000958602312]
Timestep: 169 State: 2 Beliefs: [0.12213620559035188, 0.0798709382844305, 0.32726007652582434, 0.09840329830524604, 0.09473712261782141, 0.07931705612097928, 0.10971233408062506, 0.08856296847472142]
Timestep: 170 State: 4 Beliefs: [0.09114834596925814, 0.057445640830457945, 0.3873108752957616, 0.11265969908318904, 0.06853018692984986, 0.05590436567908766, 0.12560715703752567, 0.10139372917487015]
Timestep: 171 State: 4 Beliefs: [0.07477280483949776, 0.10996969548798752, 0.18146833783313998, 0.1356082401440769, 0.10315506030262249, 0.14031821033945271, 0.09197776288033045, 0.1627298881728923]
Timestep: 172 State: 2 Beliefs: [0.08264459661490793, 0.11382067155126091, 0.1645609497300161, 0.1376408776242745, 0.09981401066206577, 0.14299341932318527, 0.09335642134516009, 0.16516905314912936]
Timestep: 173 State: 2 Beliefs: [0.09886094511887791, 0.06294091182288639, 0.324144951234177, 0.12171554103281977, 0.08815105344547935, 0.05893886541395854, 0.13570374500226323, 0.1095439869295378]
Timestep: 174 State: 0 Beliefs: [0.08754850841906371, 0.059676450743630385, 0.35462013532688014, 0.1176641919724601, 0.08727133167046543, 0.056134815952841796, 0.1311867931394443, 0.10589777277521409]
Timestep: 175 State: 0 Beliefs: [0.09188468355949053, 0.11033437015798617, 0.1733159094319581, 0.13604619660590736, 0.09515151321000423, 0.1377370794966013, 0.09227481161096326, 0.16325543592708883]
Timestep: 176 State: 2 Beliefs: [0.09479749645336966, 0.11399438086508479, 0.16035720122416866, 0.137925430735698, 0.09255707215283442, 0.14130847910005523, 0.09354942258595167, 0.16551051688283755]
Timestep: 177 State: 2 Beliefs: [0.1128908025453191, 0.06304889525367466, 0.31424278460275396, 0.12195834459405984, 0.08357043352274723, 0.058551776493414316, 0.13597445285337714, 0.10976251013465385]
Timestep: 178 State: 0 Beliefs: [0.10768400482708033, 0.05965543463406342, 0.3417388606190477, 0.11762074020281568, 0.08082544791616578, 0.055478497959332816, 0.13113834765896015, 0.10585866618253412]
Timestep: 179 State: 5 Beliefs: [0.16866299695365272, 0.0803530335579985, 0.2709334195403214, 0.09908254655477197, 0.10681089374376332, 0.07451317256151854, 0.1104696451886786, 0.08917429189929478]
Timestep: 180 State: 2 Beliefs: [0.10181516406622036, 0.1077964121587915, 0.16924438699710728, 0.13225729891487453, 0.0877375873630049, 0.1527354412338024, 0.08970495056834968, 0.15870875869784942]
Timestep: 181 State: 0 Beliefs: [0.11588460749199885, 0.06204962288317096, 0.3168848592442178, 0.12045175277019418, 0.07993049254294021, 0.0620973721723107, 0.13429471540199261, 0.10840657749317477]
Timestep: 182 State: 0 Beliefs: [0.16037570208283672, 0.07157963606487132, 0.2220756507971592, 0.08837090168760432, 0.12348355092534755, 0.0967001956993632, 0.1313692807176924, 0.10604508202512519]
Timestep: 183 State: 2 Beliefs: [0.1609237111629545, 0.07064982316422025, 0.22789040559177862, 0.08659419412751976, 0.12428531899274134, 0.09701542840923982, 0.12872808559852192, 0.10391303295302372]
Timestep: 184 State: 4 Beliefs: [0.13294211269648612, 0.05911331853324976, 0.32049177669807144, 0.1159045050659532, 0.07820442904002611, 0.05980492984824779, 0.1292248735586075, 0.10431405455935788]
Timestep: 185 State: 2 Beliefs: [0.15339601700265337, 0.07053537627063193, 0.2144280371287243, 0.08710865971476847, 0.14753877541993574, 0.09296986955793794, 0.12949287324762598, 0.10453039165772215]
Timestep: 186 State: 0 Beliefs: [0.123205026519022, 0.05919574427967183, 0.31939952468653815, 0.11616239485539666, 0.08850219535652823, 0.05947655750465597, 0.1295124014283303, 0.10454615536985698]
Timestep: 187 State: 2 Beliefs: [0.11708279778831086, 0.10853904668080781, 0.14812158910805873, 0.1340439041457669, 0.09843608089291088, 0.14200716142340009, 0.09091673498582449, 0.16085268497492025]
Timestep: 188 State: 2 Beliefs: [0.1223107095157002, 0.061810519036272014, 0.31042261516690883, 0.12021672219412065, 0.08342871753061953, 0.05958299273240436, 0.13403267384926584, 0.10819504997470858]
Timestep: 189 State: 2 Beliefs: [0.1271475116891905, 0.05953612783955757, 0.3168719921641291, 0.11764668031749625, 0.08428735833665046, 0.05746104841622992, 0.13116726895099956, 0.10588201228574663]
Timestep: 190 State: 2 Beliefs: [0.11849765835460593, 0.05849239451597878, 0.33746082302221, 0.1156264463237606, 0.08040108232043142, 0.05654293495991347, 0.12891485881171516, 0.10406380169138453]
Timestep: 191 State: 2 Beliefs: [0.11156052403396576, 0.05780417454350633, 0.35294859891271935, 0.11428437522373751, 0.07750401988074207, 0.055623820014216105, 0.1274185496897491, 0.10285593770136375]
Timestep: 192 State: 1 Beliefs: [0.10538346717914474, 0.057432657026000804, 0.3646497064357845, 0.11357280263030542, 0.07507286157259589, 0.055047783438389106, 0.12662519935050467, 0.10221552236727485]
Timestep: 193 State: 2 Beliefs: [0.08534314160413027, 0.13944011167072093, 0.17533348604256263, 0.13223271686594074, 0.08307650816765519, 0.1362064978833971, 0.08968827752646416, 0.15867926023912887]
Timestep: 194 State: 0 Beliefs: [0.10339233194671867, 0.06921505443779952, 0.337998273010271, 0.11811056806385488, 0.0757704175746329, 0.0575293745395526, 0.1316844691697009, 0.10629951125746939]
Timestep: 195 State: 2 Beliefs: [0.09950128325190756, 0.13174320154978486, 0.16765629142776353, 0.1328295113298324, 0.08202936624479801, 0.1367518727416198, 0.09009305985849501, 0.15939541359579887]
Timestep: 196 State: 2 Beliefs: [0.11078864244549917, 0.0672499702515206, 0.33326891623620025, 0.11814654086319719, 0.07517120209846331, 0.057318265171811524, 0.1317245761564303, 0.10633188677687745]
Timestep: 197 State: 2 Beliefs: [0.11054668222049789, 0.06857977453541356, 0.34773985289992165, 0.11480691427712503, 0.07204267539417698, 0.05495673608462797, 0.12800114173882446, 0.10332622284941251]
Timestep: 198 State: 0 Beliefs: [0.1045520680766351, 0.06572832551218409, 0.36434045473890736, 0.11311406760559789, 0.0702550071950171, 0.05409367199470757, 0.12611374403191286, 0.1018026608450381]
Timestep: 199 State: 2 Beliefs: [0.14770845479157282, 0.07798836257513216, 0.255923937535645, 0.08614690460551568, 0.1131323491279906, 0.08766054615529574, 0.12806315968222928, 0.10337628552661882]
Timestep: 200 State: 1 Beliefs: [0.11453794627557326, 0.06220283587533467, 0.35716610018217815, 0.1127275220292781, 0.07161249605732316, 0.0546155551929611, 0.12568277456100108, 0.10145476982635028]
Timestep: 201 State: 4 Beliefs: [0.09451544319534863, 0.14714329394742004, 0.16921678643140112, 0.13135026058970106, 0.07823395440609524, 0.13283020675720408, 0.08908974196518853, 0.15762031270764124]
Timestep: 202 State: 0 Beliefs: [0.08837248129331543, 0.12939806304767423, 0.16835640110891104, 0.1339715790675579, 0.09106173370790549, 0.13720616717817938, 0.0908676797153871, 0.16076589488106946]
Timestep: 203 State: 2 Beliefs: [0.1324637878787771, 0.08526672534375371, 0.23697784047089143, 0.08832193127159366, 0.12939163170271623, 0.09029528290112084, 0.13129648290523477, 0.1059863175259124]
Timestep: 204 State: 0 Beliefs: [0.11412573020250262, 0.07356818251823376, 0.3330631289543797, 0.11510849793515904, 0.07720442982808375, 0.05499499740870882, 0.12833738501128925, 0.10359764814164313]
Timestep: 205 State: 4 Beliefs: [0.1077446344505818, 0.1380469406580202, 0.15848620991529722, 0.13224807387426288, 0.0825956693052883, 0.13248208956315152, 0.08969869358428265, 0.15869768864911543]
Timestep: 206 State: 2 Beliefs: [0.0958226427141396, 0.1254077672627152, 0.1575673311686043, 0.1347797687788297, 0.09678920929012359, 0.1364817150792641, 0.09141584317172796, 0.1617357225345956]
Timestep: 207 State: 2 Beliefs: [0.11517476791213942, 0.06957287897709633, 0.3110770374659635, 0.11965628637028813, 0.08669482553018885, 0.056725716281802785, 0.13340782972926155, 0.10769065773325932]
Timestep: 208 State: 2 Beliefs: [0.11787474577386775, 0.07188198660515183, 0.32224896020348254, 0.11696907111447279, 0.08076895004614787, 0.054572336996372435, 0.13041178525747935, 0.10527216400302551]
Timestep: 209 State: 4 Beliefs: [0.11041358561710866, 0.06860207850940545, 0.3400853223728944, 0.11528446550825193, 0.079571182110555, 0.053753771200978455, 0.12853357572337937, 0.10375601895742674]
Timestep: 210 State: 2 Beliefs: [0.08852623460608273, 0.12278525264439012, 0.16690977409515903, 0.13262530184309101, 0.10829049043209807, 0.13175803161302552, 0.08995455255444434, 0.15915036221170922]
Timestep: 211 State: 4 Beliefs: [0.13853821891771312, 0.08724239720320656, 0.2738614743142339, 0.09942584662934886, 0.12541159603976468, 0.07518480577689565, 0.11085239915242329, 0.08948326196641399]
Timestep: 212 State: 2 Beliefs: [0.11947496530897779, 0.07474304532047892, 0.24292724650098138, 0.08383107367545219, 0.16960757174472355, 0.08419828757503693, 0.12462052146380653, 0.1005972884105426]
Timestep: 213 State: 2 Beliefs: [0.09925291865876451, 0.06283473706431984, 0.3382933647680354, 0.11375867643118598, 0.10310896129663642, 0.05353609822568315, 0.12683243476730735, 0.1023828087880674]
Timestep: 214 State: 4 Beliefs: [0.0961961553191381, 0.0635517541999921, 0.3385327045302188, 0.11460873942561815, 0.10297112276706272, 0.0532114667063516, 0.1277801915685623, 0.10314786548305634]
Timestep: 215 State: 5 Beliefs: [0.11076051586905736, 0.07405191766280514, 0.23603210594327342, 0.08500463041029667, 0.18163164947797214, 0.0841485317731116, 0.12636509237112759, 0.10200555649235599]
Timestep: 216 State: 1 Beliefs: [0.07763864253297052, 0.11162190320023663, 0.16896914886691966, 0.13012327590331477, 0.11730443804132441, 0.14993713410639942, 0.08825752626485699, 0.15614793108397773]
Timestep: 217 State: 0 Beliefs: [0.0776257544420654, 0.12579399217245307, 0.15719332892181204, 0.13305412928616592, 0.11062825748047823, 0.14579417312474865, 0.09024540942887775, 0.15966495514339907]
Timestep: 218 State: 0 Beliefs: [0.1203094125918554, 0.08247430524738743, 0.22158295435338105, 0.08772838187655696, 0.1566510956608104, 0.09556566015388565, 0.13041413186425485, 0.10527405825186835]
Timestep: 219 State: 2 Beliefs: [0.09889911232653831, 0.13672722329629677, 0.18162943545147262, 0.1491654733339324, 0.09747236471358985, 0.12597763713819568, 0.07587982773943518, 0.13424892600053914]
Timestep: 220 State: 0 Beliefs: [0.1255458296171512, 0.0805134875124826, 0.22408767755794828, 0.08646831195658033, 0.1581791043947932, 0.0929026613165001, 0.12854095329664778, 0.10376197434789639]
Timestep: 221 State: 4 Beliefs: [0.1534155035621489, 0.08729726573305503, 0.257809669415656, 0.0962775127034204, 0.12992197177614123, 0.08128607360119405, 0.10734224177530603, 0.08664976143307836]
Timestep: 222 State: 2 Beliefs: [0.09586292195002719, 0.11660679204220233, 0.15566837343200488, 0.12898321076167957, 0.11866236732198855, 0.1419522168875515, 0.08748426469053049, 0.15477985291401544]
Timestep: 223 State: 2 Beliefs: [0.11200932682191511, 0.06934189139357573, 0.30132440058509236, 0.11900179621725343, 0.09875102369362922, 0.05979182264182944, 0.1326781220511766, 0.10710161659552808]
Timestep: 224 State: 2 Beliefs: [0.11013351511065209, 0.06433168709736795, 0.31429574946135164, 0.11662865038966785, 0.10245074071211324, 0.05716163032429272, 0.13003224155385354, 0.10496578535070106]
Timestep: 225 State: 2 Beliefs: [0.10465155982609131, 0.06281780514331442, 0.33278030882852583, 0.1148811333572945, 0.09696595888099609, 0.05642632346773685, 0.1280838904744761, 0.10339302002156504]
Timestep: 226 State: 5 Beliefs: [0.10016897143661775, 0.06182486935086173, 0.34689862317889525, 0.11381652202525132, 0.0922822414634603, 0.05567697443433264, 0.12689692828785482, 0.10243486982272619]
Timestep: 227 State: 0 Beliefs: [0.08045934896987993, 0.11196161336709229, 0.16533910265157664, 0.1297122117155602, 0.09823037925521717, 0.17066397247057802, 0.08797871751142344, 0.15565465405867224]
Timestep: 228 State: 1 Beliefs: [0.149491447619601, 0.09073913964290058, 0.2556279273830169, 0.09897262997917212, 0.11769313987741804, 0.08805325210702226, 0.11034709640961429, 0.08907536698125491]
Timestep: 229 State: 0 Beliefs: [0.08554927022478621, 0.12422535197438965, 0.16334267388715681, 0.12754768507682912, 0.09761634257082306, 0.16215085038257956, 0.08651060379124062, 0.15305722209219494]
Timestep: 230 State: 2 Beliefs: [0.13766902352880114, 0.08418127022789099, 0.21963811915971712, 0.0869136772181187, 0.13522166811952935, 0.1028768104136836, 0.12920301867051676, 0.10429641266174243]
Timestep: 231 State: 2 Beliefs: [0.10731067849570594, 0.06856765280805571, 0.3256695004743285, 0.11456861446567602, 0.08572176527500834, 0.06731458022949013, 0.12773545523262683, 0.10311175301910842]
Timestep: 232 State: 2 Beliefs: [0.10072654649195878, 0.06570139277537541, 0.3381590735849537, 0.11441502382467195, 0.08363228311620059, 0.06682794563473932, 0.12756421312989544, 0.10297352144220477]
Timestep: 233 State: 2 Beliefs: [0.13186328672636174, 0.0874128929503781, 0.29607271127790785, 0.09587275670773981, 0.1090577207260327, 0.08654418152882054, 0.10689096904579348, 0.08628548103696582]
Timestep: 234 State: 2 Beliefs: [0.09967560079933654, 0.06498159527485665, 0.36198501646020415, 0.11049052906987014, 0.07954254024130572, 0.06069454764050929, 0.12318869435103431, 0.09944147616288312]
Timestep: 235 State: 2 Beliefs: [0.09327732019269316, 0.06355272049095155, 0.3666182629999681, 0.11277167835631027, 0.0768685125772498, 0.0596849892917543, 0.12573200557039368, 0.10149451052067925]
Timestep: 236 State: 2 Beliefs: [0.09205087181967328, 0.06347983389765058, 0.3680923006804031, 0.11353290610813911, 0.07563995716548184, 0.05844379712568517, 0.12658071770564167, 0.10217961549732521]
Timestep: 237 State: 2 Beliefs: [0.09131762740716066, 0.06352014413148849, 0.3688897997123635, 0.11405617717335796, 0.07490401869454409, 0.057497547531781906, 0.1271641258932812, 0.10265055945602217]
Timestep: 238 State: 4 Beliefs: [0.09083676100518066, 0.06358234863433228, 0.3691484048743754, 0.11449237863946084, 0.07441047720709473, 0.056836030888403645, 0.12765045797563768, 0.10304314077551477]
Timestep: 239 State: 2 Beliefs: [0.07698536159680393, 0.11863697207884003, 0.17142556138670006, 0.13378696424601, 0.10776173184947214, 0.1401165890409724, 0.09074246270598939, 0.16054435709521198]
Timestep: 240 State: 4 Beliefs: [0.10874089792032875, 0.06950337845451275, 0.31271386133848905, 0.11961611190198873, 0.08953236385079531, 0.05887584762689298, 0.13336303819520237, 0.10765450071178986]
Timestep: 241 State: 2 Beliefs: [0.11125813565485662, 0.0782078636514441, 0.2273595037510117, 0.08714778747360731, 0.1716518475084413, 0.09024647770318651, 0.1295510392891237, 0.10457734496832877]
Timestep: 242 State: 0 Beliefs: [0.09737384700951447, 0.06656935836706597, 0.3298653321183311, 0.11570239262362192, 0.10004043829627413, 0.05731694495550648, 0.1289995332684262, 0.10413215336125974]
Timestep: 243 State: 2 Beliefs: [0.10733890285376671, 0.13584787662015427, 0.17569546607817793, 0.15251382502942187, 0.09658167785445176, 0.11717668934866803, 0.07758311968887983, 0.13726244252647968]
Timestep: 244 State: 2 Beliefs: [0.14029961016781095, 0.08039827719557406, 0.22201196700204964, 0.08718914806766202, 0.14649348943031584, 0.08936800586525667, 0.1296125245901364, 0.10462697768119443]
Timestep: 245 State: 5 Beliefs: [0.10704473216154574, 0.06555144122186048, 0.33924567710888964, 0.11370444312181054, 0.08974127658302093, 0.055606462318627474, 0.1267719686746156, 0.10233399880962948]
Timestep: 246 State: 2 Beliefs: [0.08539043828566993, 0.11477276589659618, 0.15956696412731217, 0.12971480285197678, 0.09964200185529405, 0.16727478858291625, 0.08798047497786252, 0.15565776342237214]
Timestep: 247 State: 2 Beliefs: [0.11202788388182675, 0.06798274351453137, 0.3170172481200971, 0.11746410958973784, 0.08533515673822292, 0.06349144331058992, 0.13096371621423009, 0.10571769863076405]
Timestep: 248 State: 0 Beliefs: [0.10053877945255964, 0.06346339820058632, 0.33730927178625897, 0.1147254243467896, 0.08689616412144043, 0.06590379363241584, 0.12791028654783856, 0.10325288191211066]
Timestep: 249 State: 0 Beliefs: [0.13969823259132672, 0.07483918773212267, 0.2378854308766411, 0.08489868987197231, 0.13313074130869082, 0.10146168512738045, 0.12620760464549913, 0.10187842784636679]
Timestep: 250 State: 2 Beliefs: [0.11493477483378428, 0.13260798735108642, 0.1948825392466518, 0.1464161387542536, 0.07700215020585278, 0.12790063153716172, 0.07448125319238119, 0.13177452487882824]
Timestep: 251 State: 2 Beliefs: [0.1256132219199311, 0.06520310677636154, 0.31721745591619965, 0.11577242145051643, 0.08229353505614044, 0.06062746939100437, 0.12907761018438174, 0.10419517930546478]
Timestep: 252 State: 0 Beliefs: [0.11525228167580544, 0.06164220264295246, 0.3401118915663412, 0.11348546897397137, 0.0797517209110428, 0.06109168331218323, 0.12652782884112926, 0.10213692207657422]
Timestep: 253 State: 2 Beliefs: [0.155647942911935, 0.07334440211701405, 0.23954132392571512, 0.08465065320667071, 0.12409772273169044, 0.0952982897756205, 0.12583888148334932, 0.10158078384800485]
Timestep: 254 State: 2 Beliefs: [0.1229424592859157, 0.06198655338182325, 0.3438718157803519, 0.11174242818335967, 0.0760297149735101, 0.05827437459274766, 0.12458446843726816, 0.10056818536502371]
Timestep: 255 State: 0 Beliefs: [0.12040097473475443, 0.060383528148329944, 0.3471680399651445, 0.11241594624284408, 0.07518903553331274, 0.05793273294600309, 0.12533539081105152, 0.10117435161855966]
Timestep: 256 State: 2 Beliefs: [0.12864307736898745, 0.12760785243207906, 0.1944364715027224, 0.14866059113281999, 0.07114444639582836, 0.12009003278915555, 0.07562299635886931, 0.13379453201953798]
Timestep: 257 State: 2 Beliefs: [0.1295228887241067, 0.06394741290235109, 0.32480883247764875, 0.11558275598133587, 0.07650520340545779, 0.05674227878551251, 0.12886614734038493, 0.1040244803832023]
Timestep: 258 State: 2 Beliefs: [0.14594632869565372, 0.07268930629583724, 0.26048466923643526, 0.08529397731675661, 0.1164567214666413, 0.0899809982272403, 0.12679522598132772, 0.10235277278010793]
Timestep: 259 State: 2 Beliefs: [0.11177486574305272, 0.060523876553048195, 0.3676790186219649, 0.11085958298592981, 0.07100334169187832, 0.054785527790685545, 0.12360016192610383, 0.09977362468733685]
Timestep: 260 State: 0 Beliefs: [0.10724224663486463, 0.059226997442095856, 0.37272454559591167, 0.11173662194275953, 0.0698350801402717, 0.05409355358331244, 0.12457799491230055, 0.10056295974848359]
Timestep: 261 State: 2 Beliefs: [0.17040497037071833, 0.08160786653551959, 0.28810970742866765, 0.09639260974476606, 0.09534570201523943, 0.07391522874772441, 0.10747056638707497, 0.08675334877028942]
Timestep: 262 State: 0 Beliefs: [0.12103203077421941, 0.059904048256413905, 0.35977471105688846, 0.11126107099399134, 0.07012240363535178, 0.053722980295242244, 0.12404779109330079, 0.1001349638945922]
Timestep: 263 State: 0 Beliefs: [0.11711349606541979, 0.11254227231038075, 0.17134310412566914, 0.1334417243715302, 0.07947244358781114, 0.1354485902848365, 0.09050830000851616, 0.16013006924583625]
Timestep: 264 State: 2 Beliefs: [0.15998073832130405, 0.07756446459365066, 0.22970155202017256, 0.08812229683896715, 0.1182958895447969, 0.08958858956149537, 0.13099971291285264, 0.10574675620676055]
Timestep: 265 State: 2 Beliefs: [0.13242104717204595, 0.061499815715136734, 0.33441389704532615, 0.11461033139974859, 0.07075235763475052, 0.05537128627230453, 0.12778196650091372, 0.10314929825977373]
Timestep: 266 State: 2 Beliefs: [0.12895176979095901, 0.06039586289740883, 0.33888052396136936, 0.1152939471184907, 0.06964759606863527, 0.05452160074528243, 0.12854414701121278, 0.10376455240664165]
Timestep: 267 State: 5 Beliefs: [0.11936252016830312, 0.05989582912087293, 0.3529676528188847, 0.11444110500295104, 0.06883392765154883, 0.05390867903746342, 0.12759329169732003, 0.10299699450265593]
Timestep: 268 State: 2 Beliefs: [0.09453394977486769, 0.11008394859050658, 0.16984818061678061, 0.13161979671683774, 0.07677135590443034, 0.16992645456321218, 0.08927255777315951, 0.15794375606020528]
Timestep: 269 State: 0 Beliefs: [0.11582485852696572, 0.06439223063326063, 0.32913885117526315, 0.1175085417054148, 0.07311969408596312, 0.06324488163087882, 0.13101325470738037, 0.10575768753487333]
Timestep: 270 State: 2 Beliefs: [0.1742683063993963, 0.08183019192818831, 0.26467987420614153, 0.098062703804233, 0.09402296149685369, 0.08954693211188196, 0.10933259662949558, 0.08825643342380969]
Timestep: 271 State: 2 Beliefs: [0.1251000393312607, 0.05981230451683292, 0.342839773837074, 0.11289011769066742, 0.06889226733820156, 0.06300033477491702, 0.1258640565894456, 0.10160110592160067]
Timestep: 272 State: 2 Beliefs: [0.11951572578519754, 0.05954637015501805, 0.34473204934273755, 0.11435236535163913, 0.06814935368941138, 0.06329265325105178, 0.1274943536084693, 0.10291712881647522]
Timestep: 273 State: 1 Beliefs: [0.11190235097613253, 0.05902205085224603, 0.35919562786681275, 0.11337515271456922, 0.06745051775155968, 0.06061182795111515, 0.12640483444445255, 0.10203763744311228]
Timestep: 274 State: 2 Beliefs: [0.08958392826653798, 0.14003570621098496, 0.1740651642621314, 0.1306107194239963, 0.07546400537613608, 0.14491947302035932, 0.08858814013105837, 0.15673286330879554]
Timestep: 275 State: 2 Beliefs: [0.11051668806856342, 0.0712990831569039, 0.33765444330488026, 0.11638999387666646, 0.07183018208879498, 0.05779245766314666, 0.12976615735204453, 0.1047509944889998]
Timestep: 276 State: 2 Beliefs: [0.1019336516278813, 0.07208283595189856, 0.3582155540108568, 0.11367627627862459, 0.06730400343373966, 0.0577384652997705, 0.1267405647464665, 0.10230864865076213]
Timestep: 277 State: 2 Beliefs: [0.09797783729195585, 0.06897025322334556, 0.3722933219436593, 0.11219814871686136, 0.06637382585518456, 0.05611571630069072, 0.1250925628231275, 0.10097833384517521]
Timestep: 278 State: 4 Beliefs: [0.09431944767757369, 0.06624057542544605, 0.3821110703344489, 0.11161792420734046, 0.06585716529445543, 0.0549520294787808, 0.12444565579534823, 0.10045613178660642]
Timestep: 279 State: 0 Beliefs: [0.11236574929234962, 0.07876042637556836, 0.2633641211343471, 0.08571806542803602, 0.1407641978562055, 0.08874009995757584, 0.12742566144227443, 0.10286167851364324]
Timestep: 280 State: 2 Beliefs: [0.14107404354950165, 0.08692112396095006, 0.2971972242722074, 0.09587118503739916, 0.11102190539371116, 0.07474123450191886, 0.10688921675065251, 0.08628406653365925]
Timestep: 281 State: 2 Beliefs: [0.10136764177213987, 0.06355762094341413, 0.36086316931498263, 0.1118091477035912, 0.08289999740988528, 0.05421533419949716, 0.12465885572325763, 0.10062823293323206]
Timestep: 282 State: 2 Beliefs: [0.09478777514366789, 0.06332725556198007, 0.364540521840844, 0.11319433852299879, 0.0818425768451664, 0.054229387300196066, 0.1262032401144479, 0.10187490467069892]
Timestep: 283 State: 0 Beliefs: [0.09283975880304439, 0.061948354459352505, 0.3737602202562507, 0.11274926785626412, 0.0779299217475248, 0.05359111627165805, 0.1257070195352676, 0.10147434107063771]
Timestep: 284 State: 2 Beliefs: [0.11106154735604955, 0.1309245006723883, 0.20627773311030811, 0.15120379436352, 0.07338931717319154, 0.11414297961245352, 0.07691671278492104, 0.136083414927168]
Timestep: 285 State: 2 Beliefs: [0.11533395765671377, 0.06329057958223108, 0.3410679260468422, 0.11610546012470255, 0.07571762529136705, 0.05454061373344419, 0.12944892345246686, 0.1044949141122323]
Timestep: 286 State: 0 Beliefs: [0.10726862119724762, 0.06090264686211999, 0.3613694237787859, 0.11401084233221155, 0.07325601105771774, 0.05346911574432689, 0.12711358092860003, 0.10260975809899041]
Timestep: 287 State: 0 Beliefs: [0.15126414124267493, 0.07342017961737918, 0.253697027831061, 0.08651845581827353, 0.11639617934581706, 0.08626637364794006, 0.12861549551492601, 0.10382214698192821]
Timestep: 288 State: 2 Beliefs: [0.15674150169455747, 0.0734977906764943, 0.2519456783050486, 0.08587795869672797, 0.11454490540408863, 0.08667526126172435, 0.12766335352528518, 0.10305355043607356]
Timestep: 289 State: 2 Beliefs: [0.17134751648469812, 0.08197474484686997, 0.28948276213382484, 0.09582743563885605, 0.09577574669624697, 0.07250666268837601, 0.10684043943615741, 0.08624469207497044]
Timestep: 290 State: 2 Beliefs: [0.12205252684359115, 0.0589540529495805, 0.362472714018641, 0.11115019724351184, 0.06920801361638441, 0.052203142673453586, 0.12392417513567663, 0.10003517751916068]
Timestep: 291 State: 2 Beliefs: [0.1133480183129456, 0.05916575581735467, 0.3653033447747059, 0.11300743670074438, 0.06896238995584472, 0.05251150287720364, 0.1259948585305314, 0.10170669303066994]
Timestep: 292 State: 2 Beliefs: [0.10731787996307812, 0.058961045016648665, 0.3720207056917306, 0.11311666608048823, 0.0682019507704675, 0.05246011186764784, 0.12611664113749957, 0.10180499947243941]
Timestep: 293 State: 2 Beliefs: [0.10265261248735572, 0.05879787178922923, 0.3772336811663583, 0.11320260418399974, 0.06760638295668603, 0.052412047941147615, 0.1262124557096236, 0.10188234376559978]
Timestep: 294 State: 2 Beliefs: [0.09914151549989686, 0.05875782887132136, 0.3803876040937297, 0.11344219424828537, 0.0672404085481958, 0.05245289316366746, 0.12647958075144655, 0.10209797482345685]
Timestep: 295 State: 0 Beliefs: [0.09660063917589969, 0.05879957929561393, 0.3820232946375572, 0.11376166204488847, 0.06704544146224332, 0.05254812403961911, 0.12683576350377865, 0.10238549584039963]
Timestep: 296 State: 0 Beliefs: [0.16425715086407952, 0.08159621104895723, 0.2904475410240157, 0.09881739996015851, 0.0927921113250377, 0.07297989929086486, 0.11017402652274388, 0.08893565996414265]
Timestep: 297 State: 2 Beliefs: [0.1571984925048383, 0.07192997741010342, 0.2579728235531387, 0.08618430939478387, 0.10949335038989419, 0.08568111105976246, 0.1281187644137384, 0.10342117127374063]
Timestep: 298 State: 2 Beliefs: [0.14985204923645606, 0.07262679990329614, 0.26223550422986064, 0.08656575352879196, 0.10961733252466482, 0.08653784960405646, 0.12868580673832355, 0.10387890423455035]
Timestep: 299 State: 4 Beliefs: [0.11839272278184217, 0.05959111004167054, 0.35873295504803904, 0.11364414245068913, 0.06739853183451332, 0.05325607171126031, 0.12670473792636533, 0.10227972820562022]
Timestep: 300 State: 4 Beliefs: [0.0946098957659617, 0.11118615180754728, 0.1738328819907338, 0.13485412534366087, 0.09947323716506391, 0.13275248119459124, 0.09146627632004825, 0.16182495041239303]
Timestep: 301 State: 4 Beliefs: [0.09576132937439054, 0.11601759528772013, 0.1664517252296786, 0.1355613777680577, 0.09681151919742784, 0.13477682185663423, 0.09194597796442176, 0.16267365332166925]
Timestep: 302 State: 4 Beliefs: [0.09512630205270821, 0.11601002250335002, 0.16408739739211597, 0.13540917622725698, 0.10095422889566817, 0.13407911584118326, 0.09184274561500909, 0.16249101147270836]
Timestep: 303 State: 0 Beliefs: [0.1342563010716903, 0.07523615939297897, 0.23054102206629806, 0.08783861753219267, 0.1494010224854418, 0.08674253184252236, 0.13057800457024463, 0.10540634103863118]
Timestep: 304 State: 1 Beliefs: [0.14178528437677748, 0.0717896747574534, 0.23294146607686997, 0.0855998226606853, 0.15350709126019862, 0.08440698804826366, 0.12724988562692918, 0.10271978719282235]
Timestep: 305 State: 0 Beliefs: [0.09795584747440271, 0.12370581938730844, 0.15928988428424037, 0.1320672481018522, 0.10865611659314277, 0.1302683398981832, 0.08957604653864759, 0.15848069772222262]
Timestep: 306 State: 2 Beliefs: [0.1451117663028047, 0.08095464476818566, 0.21893684756289317, 0.08780992849021423, 0.14477976350738486, 0.0864997787977925, 0.13053535638246772, 0.10537191418825707]
Timestep: 307 State: 5 Beliefs: [0.11931336102130682, 0.06686422724736378, 0.31312660381900637, 0.11630570067546642, 0.09631168149724594, 0.05373111840844703, 0.12967217672324388, 0.10467513060791978]
Timestep: 308 State: 0 Beliefs: [0.09118579125514438, 0.11704942930728257, 0.15018297657910143, 0.13145290674462018, 0.10104340938773776, 0.16218263579708805, 0.08915936283548151, 0.1577434880935442]
Timestep: 309 State: 2 Beliefs: [0.17008003931602547, 0.08966075804694593, 0.24030280294714712, 0.09924244155771407, 0.11840060932364156, 0.08234723522208713, 0.11064791618449613, 0.08931819740194265]
Timestep: 310 State: 2 Beliefs: [0.11953630291324784, 0.06514872503694806, 0.31240192803425965, 0.11528117275988736, 0.0914154790123017, 0.0639334322047764, 0.12852990455468039, 0.10375305548389861]
Timestep: 311 State: 4 Beliefs: [0.11036654005053696, 0.06346789903306227, 0.32223163317570963, 0.11613538600155823, 0.088913460575673, 0.0648809451901708, 0.12948228857188654, 0.1045218474014024]
Timestep: 312 State: 2 Beliefs: [0.0889291748477856, 0.11394649842190797, 0.15551745055876118, 0.130877958442964, 0.1138500268470001, 0.15105594284957932, 0.08876939790044516, 0.1570535501315568]
Timestep: 313 State: 4 Beliefs: [0.12163988874614011, 0.06554162989841568, 0.3044982649944834, 0.11808754267301025, 0.09321658460079718, 0.05907850310422225, 0.13165879757722185, 0.10627878840570922]
Timestep: 314 State: 0 Beliefs: [0.08673586632750141, 0.11450612968946061, 0.15283720203646953, 0.1310773931373318, 0.1231048083691007, 0.14554106202566916, 0.08890466664966853, 0.15729287176479814]
Timestep: 315 State: 2 Beliefs: [0.10401894519697089, 0.11766394807941755, 0.14980127428813206, 0.13289305638902488, 0.10669739748532925, 0.13931755090869594, 0.09013615998559948, 0.15947166766682985]
Timestep: 316 State: 2 Beliefs: [0.12456845482747686, 0.06524398224567941, 0.2978330883901771, 0.11871433575609543, 0.09628985356645094, 0.058149757944375755, 0.13235762508925863, 0.10684290218048588]
Timestep: 317 State: 2 Beliefs: [0.10714198214921342, 0.062434932544800946, 0.3195150532964013, 0.11605723557114046, 0.10234544094879078, 0.05865868680153429, 0.1293951566740924, 0.10445151201402643]
Timestep: 318 State: 4 Beliefs: [0.10498450312266175, 0.0612227235422774, 0.3344240056032067, 0.11453223642881717, 0.09702483263016078, 0.057037789450632634, 0.12769489643630808, 0.10307901278593543]
Timestep: 319 State: 2 Beliefs: [0.08647643769858977, 0.11226533474257025, 0.1630474988197762, 0.13147472361750134, 0.1225123593130734, 0.13727981710083445, 0.08917416036665309, 0.15776966834100162]
Timestep: 320 State: 2 Beliefs: [0.11948065787136766, 0.06410789486895072, 0.31167796260096525, 0.11750837682068879, 0.09468296258083903, 0.055771535245353006, 0.1310130708732157, 0.10575753913861989]
Timestep: 321 State: 2 Beliefs: [0.10080771710790992, 0.061607474398724535, 0.3380466737686133, 0.11490356459991084, 0.0980683702799116, 0.05504409206899, 0.12810889963601998, 0.10341320813991976]
Timestep: 322 State: 2 Beliefs: [0.09877655583800976, 0.06052486654109222, 0.3511284045207036, 0.1137271138188975, 0.09267659611501775, 0.0540148159192469, 0.12679724481002452, 0.10235440243700776]
Timestep: 323 State: 4 Beliefs: [0.09700983311269142, 0.06014076847065835, 0.3615015077895409, 0.11316195348754302, 0.08696437969340219, 0.05320866609066702, 0.1261671332167084, 0.10184575813878873]
Timestep: 324 State: 0 Beliefs: [0.08212271893930013, 0.11278385350421419, 0.17424151104042251, 0.1328062220823638, 0.11654441620116562, 0.13205654806044168, 0.09007726367325544, 0.15936746649883654]
Timestep: 325 State: 0 Beliefs: [0.16321291610427646, 0.08573072681911391, 0.25891402383156153, 0.09864335230423683, 0.12169281841463164, 0.07304716907734417, 0.10997997637502227, 0.08877901707381315]
Timestep: 326 State: 4 Beliefs: [0.14359106510643435, 0.07278817205638272, 0.2393103576737241, 0.08419819659349417, 0.150556746203843, 0.08335135211494328, 0.1251662743389854, 0.10103783591219301]
Timestep: 327 State: 2 Beliefs: [0.1009722424623954, 0.11243117027184191, 0.16261222212255055, 0.13149817111057274, 0.11523198302639927, 0.13026634178986002, 0.08919006388369281, 0.15779780533268728]
Timestep: 328 State: 2 Beliefs: [0.12316508196241611, 0.0637908062214079, 0.30584318784801323, 0.11860197597440915, 0.09485008984685571, 0.0547747274521928, 0.13223235231773678, 0.10674177837696826]
Timestep: 329 State: 2 Beliefs: [0.10577486672432308, 0.06123337519508111, 0.32935141130949686, 0.1165489457651917, 0.09850596584625304, 0.05374800712531265, 0.12994337684566898, 0.10489405118867254]
Timestep: 330 State: 5 Beliefs: [0.10338729915743528, 0.06035267322980048, 0.34288487505257936, 0.11535565030326497, 0.0925531887169109, 0.05303328680954981, 0.12861294145752078, 0.10382008527293848]
Timestep: 331 State: 2 Beliefs: [0.08517485654135822, 0.11009763502819934, 0.1618913594238327, 0.1316402273723581, 0.09788325034277416, 0.16605798335730926, 0.08928641508733855, 0.1579682728468297]
Timestep: 332 State: 4 Beliefs: [0.1194365721955769, 0.06344263447011368, 0.3143561177085234, 0.1183356998143466, 0.08433330798886975, 0.0616580637190353, 0.13193547427062224, 0.10650212983291195]
Timestep: 333 State: 2 Beliefs: [0.12283960524886305, 0.07249244289969536, 0.2198472110807632, 0.08650927583524627, 0.16375097155414448, 0.10214751352540209, 0.12860184885359, 0.10381113100229554]
Timestep: 334 State: 2 Beliefs: [0.14973620442025887, 0.08162496883659447, 0.26867041226375143, 0.0960324013182861, 0.12948844118505148, 0.08094944991682436, 0.10706896087277569, 0.08642916118645749]
Timestep: 335 State: 2 Beliefs: [0.14578639816484834, 0.08006073777344512, 0.2831169280730003, 0.09414969452355525, 0.12801003915397136, 0.07917159394282192, 0.10496988329715787, 0.08473472507119971]
Timestep: 336 State: 2 Beliefs: [0.10677100933035792, 0.058917730887080653, 0.35182066018884606, 0.11099678493695028, 0.0908916664440616, 0.05695190990690816, 0.12375313186254008, 0.09989710644325525]
Timestep: 337 State: 2 Beliefs: [0.09753210218682623, 0.059076352902198793, 0.3573599421764766, 0.11321879103655964, 0.08728410014813713, 0.057401296774644235, 0.12623050284225382, 0.10189691193290369]
Timestep: 338 State: 0 Beliefs: [0.09666595367681949, 0.05906112205484994, 0.3630901840555494, 0.11344545664830487, 0.08320284163943263, 0.0559503128575639, 0.12648321808400556, 0.10210091098347437]
Timestep: 339 State: 4 Beliefs: [0.14397297107045381, 0.07198382013355285, 0.2457971527739201, 0.08649198757125204, 0.13039504466817328, 0.08899249000913485, 0.12857614868801048, 0.10379038508550244]
Timestep: 340 State: 2 Beliefs: [0.1452617551986784, 0.07173868827861264, 0.24291711292790705, 0.08484539571882144, 0.14136056918929638, 0.08593362451671598, 0.12612837930738233, 0.10181447486258574]
Timestep: 341 State: 0 Beliefs: [0.11978604478438781, 0.060163652511777334, 0.3341291410161907, 0.11391965607671574, 0.08844471656087033, 0.05401718352234743, 0.12701191505866666, 0.10252769046904417]
Timestep: 342 State: 2 Beliefs: [0.11264617712647597, 0.11106495590064902, 0.16089078519522076, 0.13344661187996987, 0.09633744592883468, 0.1349664746986454, 0.09051161501424043, 0.16013593425596384]
Timestep: 343 State: 0 Beliefs: [0.12932069829992174, 0.062407552198224, 0.31533121624791094, 0.11773621090738444, 0.08322096009091402, 0.05475368356166118, 0.13126708887733757, 0.105962589816646]
Timestep: 344 State: 0 Beliefs: [0.1704050613836595, 0.07166422792992763, 0.22156436581740693, 0.08632163847047634, 0.1318491444166457, 0.08628668250896236, 0.1283229133083499, 0.10358596616457161]
Timestep: 345 State: 0 Beliefs: [0.17254152803418357, 0.07099883928289388, 0.23009501100751586, 0.08453542425216867, 0.1307762788554371, 0.08394282356197452, 0.1256675859032239, 0.10144250910260241]
Timestep: 346 State: 2 Beliefs: [0.20444176848709825, 0.07917291838328896, 0.25299942755870164, 0.09467259407963224, 0.1073824226912203, 0.07057265684856076, 0.10555287727982877, 0.085205334671669]
Timestep: 347 State: 2 Beliefs: [0.1535419330793896, 0.058486524584569995, 0.3172115350497182, 0.11242651379650972, 0.0793354684234793, 0.05246698980470909, 0.12534717284476532, 0.10118386241685876]
Timestep: 348 State: 4 Beliefs: [0.14162482273298396, 0.059079329726462786, 0.32272107998841987, 0.11478762493867582, 0.07711971403265072, 0.05337893057004202, 0.12797963556595648, 0.10330886244480823]
Timestep: 349 State: 2 Beliefs: [0.11200457323960575, 0.10948828210010089, 0.15902385335012467, 0.1330553841656237, 0.10530261910912371, 0.13121256647216273, 0.09024626056450999, 0.15966646099874843]
Timestep: 350 State: 4 Beliefs: [0.13097567517223596, 0.061806908794411856, 0.3129052896097939, 0.11767112801547659, 0.08549635169160341, 0.05404610519275674, 0.13119452630979256, 0.10590401521392892]
Timestep: 351 State: 2 Beliefs: [0.14855659151882122, 0.0702421144749409, 0.2157851374206142, 0.08541580611814589, 0.16670167766694705, 0.08382337278163132, 0.12697633267712435, 0.10249896734177508]
Timestep: 352 State: 4 Beliefs: [0.12475969959151488, 0.059120586833330685, 0.32473775868801524, 0.11373884783738893, 0.09627765270437845, 0.052190163926752256, 0.12681032736496944, 0.10236496305365003]
Timestep: 353 State: 2 Beliefs: [0.14109169990833248, 0.06959935663880568, 0.21073942131092396, 0.08470988185244487, 0.18340446596893006, 0.08287638725429329, 0.12592692884333595, 0.10165185822293382]
Timestep: 354 State: 2 Beliefs: [0.11945180284588948, 0.0591611857084668, 0.3237989818965899, 0.11391942104170355, 0.1020165978490732, 0.05211287870857602, 0.127011653012168, 0.10252747893753318]
Timestep: 355 State: 4 Beliefs: [0.11468782263307804, 0.05931243172593874, 0.3178876045609792, 0.1155633958969609, 0.10688279846981596, 0.052814328114873264, 0.12884456229108923, 0.1040070563072648]
Timestep: 356 State: 2 Beliefs: [0.09296163404841094, 0.10886552695957134, 0.15830938355950122, 0.13259834748032784, 0.12924845923485698, 0.12896236127602018, 0.08993627046491802, 0.1591180169763934]
Timestep: 357 State: 2 Beliefs: [0.11762211464381907, 0.06174481311429639, 0.31601837036580044, 0.11781342519155548, 0.09570387569763543, 0.053712141272565, 0.13135317704192825, 0.10603208267239991]
Timestep: 358 State: 2 Beliefs: [0.1083026067237947, 0.059512393670892304, 0.32428559544713664, 0.11593603211432157, 0.10562990995692882, 0.052731009319263084, 0.12926002386477345, 0.1043424289028894]
Timestep: 359 State: 2 Beliefs: [0.10394161129775385, 0.05867012601358653, 0.3433443427057189, 0.11441068744726343, 0.09713675541901726, 0.05196748002142777, 0.12755937839269518, 0.10296961870253708]
Timestep: 360 State: 0 Beliefs: [0.1009540367147399, 0.058127048616114646, 0.35649023787379774, 0.11341732520475582, 0.0910251303925974, 0.05145877488990431, 0.12645185362380987, 0.10207559268428025]
Timestep: 361 State: 2 Beliefs: [0.10345404414447151, 0.1094846848311445, 0.17478869886323026, 0.1335769683387902, 0.09864718838007004, 0.1291560227363917, 0.09060003069935336, 0.16029236200654823]
Timestep: 362 State: 4 Beliefs: [0.12222217298344137, 0.06132193513346973, 0.32910259639626116, 0.1171214416612896, 0.08099628078290286, 0.05324460850123083, 0.13058166704624377, 0.10540929749516065]
Timestep: 363 State: 4 Beliefs: [0.09751799089192795, 0.10947221980108308, 0.1663396000166344, 0.13353482239478634, 0.11331665417728458, 0.12900548108981533, 0.09057144475472466, 0.1602417868737436]
Timestep: 364 State: 2 Beliefs: [0.09957946618853337, 0.11311421291537958, 0.16188875365675026, 0.13508084629567635, 0.10568181809328948, 0.13093783502544837, 0.09162005227011093, 0.16209701555481162]
Timestep: 365 State: 0 Beliefs: [0.11964361551161645, 0.061927184537786985, 0.31538107623371925, 0.11824033263742961, 0.09283982388659746, 0.05372252083385021, 0.1318291469853133, 0.10641629937368666]
Timestep: 366 State: 2 Beliefs: [0.15380105991299908, 0.07043458707362647, 0.22113941488984948, 0.08591383562954395, 0.1549582509794743, 0.08293956176349317, 0.12771668699556088, 0.10309660275545274]
Timestep: 367 State: 0 Beliefs: [0.12247180540195461, 0.05889108096793393, 0.3306072277638832, 0.11383786525274255, 0.09322094549143507, 0.051596272000852844, 0.12692072439372937, 0.10245407872746828]
Timestep: 368 State: 1 Beliefs: [0.18873540098324804, 0.0789508731512148, 0.24675299256067176, 0.09649661472503453, 0.12479083636406052, 0.06983980478473048, 0.10758652417850863, 0.08684695325253106]
Timestep: 369 State: 4 Beliefs: [0.11234958661197816, 0.12419660069608676, 0.1624061740217689, 0.13020319735326477, 0.1005181693260659, 0.12577070130992088, 0.08831173385699698, 0.1562438368239177]
Timestep: 370 State: 0 Beliefs: [0.15106046165103396, 0.07923196106458828, 0.2185030389592985, 0.08711607249648386, 0.1456638067696222, 0.08438147921767332, 0.1295038928455193, 0.10453928699578062]
Timestep: 371 State: 4 Beliefs: [0.16201772745031856, 0.07915774783414241, 0.21735494742595377, 0.08523542302060064, 0.14485743850935046, 0.08238602704757277, 0.12670818108734067, 0.10228250762472076]
Timestep: 372 State: 0 Beliefs: [0.15974971046723085, 0.0774454228896554, 0.2116250052940075, 0.08470220935294943, 0.15705700465532596, 0.08186247295977245, 0.1259155231575189, 0.10164265122353933]
Timestep: 373 State: 2 Beliefs: [0.16821525664939702, 0.07722041690702966, 0.2063043204833354, 0.08455310298252307, 0.15483846521426378, 0.08171084766115032, 0.1256938665232731, 0.10146372357902768]
Timestep: 374 State: 2 Beliefs: [0.1417714045940272, 0.06501681794812295, 0.29582914911402985, 0.11536712276825768, 0.09729985829467885, 0.05225950438961807, 0.12862573239983355, 0.10383041049143191]
Timestep: 375 State: 0 Beliefs: [0.13422054455950733, 0.0640529315648989, 0.30301485443824455, 0.1164555402430038, 0.09495775039740986, 0.05264915591924137, 0.12983923665899078, 0.10480998621870341]
Timestep: 376 State: 4 Beliefs: [0.12098515710409026, 0.11654834957050515, 0.14958889198572212, 0.13297061857188353, 0.10193251859873012, 0.12822095450361823, 0.09018876737919058, 0.15956474228626022]
Timestep: 377 State: 2 Beliefs: [0.1590649558877284, 0.0763142894058672, 0.20924041537353846, 0.08699411281665913, 0.1504325217350361, 0.08423817781104172, 0.12932259159013804, 0.10439293537999095]
Timestep: 378 State: 0 Beliefs: [0.13709274675452568, 0.06349293765755976, 0.3028839434892562, 0.11510083741769558, 0.09738689755127446, 0.05212303934776454, 0.1283288441059979, 0.10359075367592603]
Timestep: 379 State: 0 Beliefs: [0.125253809135858, 0.11504811930602757, 0.1435628197755577, 0.1330124700609284, 0.10506361796701418, 0.12822704607495716, 0.09021715360654274, 0.15961496407311407]
Timestep: 380 State: 0 Beliefs: [0.11823631768334793, 0.11695915149587502, 0.14594471102772885, 0.13447735235998712, 0.10160060823746561, 0.1301983104150979, 0.09121072594851302, 0.16137282283198456]
Timestep: 381 State: 0 Beliefs: [0.17400675378051308, 0.07518494034291523, 0.20359985048328105, 0.08722892542517735, 0.14117016757342832, 0.08446299558077558, 0.12967165630369648, 0.10467471051021282]
Timestep: 382 State: 2 Beliefs: [0.21720480022619268, 0.08168063964058915, 0.22756644762082423, 0.09522662501610266, 0.11746017637614319, 0.06898676817725465, 0.10617058042840102, 0.08570396251449239]
Timestep: 383 State: 2 Beliefs: [0.1648827592933126, 0.060734530338747934, 0.2913536619750187, 0.11377731566344028, 0.0885285355812847, 0.05147039693081606, 0.1268532161202834, 0.10239958409709625]
Timestep: 384 State: 4 Beliefs: [0.151418947647052, 0.06107160936240544, 0.2989676764182723, 0.11638938819780469, 0.08505468684399564, 0.052581760087132154, 0.12976548206531358, 0.10475044937802422]
Timestep: 385 State: 0 Beliefs: [0.11810804469659651, 0.11170017066966659, 0.14696084922355832, 0.1333690566307912, 0.1108284593249546, 0.12853153917399032, 0.09045901232349318, 0.16004286795694944]
Timestep: 386 State: 2 Beliefs: [0.18877483330667105, 0.08388732412201855, 0.2352885454144962, 0.09856287004169352, 0.12333094102562803, 0.07155865839354304, 0.10989024465842545, 0.08870658303752414]
Timestep: 387 State: 2 Beliefs: [0.14627625918305334, 0.06012200939927155, 0.30240755021905485, 0.11405286191134653, 0.09574508241829381, 0.05158823152522205, 0.12716042962354607, 0.10264757572021188]
Timestep: 388 State: 2 Beliefs: [0.13506597677608428, 0.06002301547990458, 0.3117078594212094, 0.11543357921249338, 0.09303959594135032, 0.05213992550199373, 0.12869982637572022, 0.10389022129124403]
Timestep: 389 State: 0 Beliefs: [0.12784039311296647, 0.05939557205639735, 0.32752951579385137, 0.11440741686296203, 0.08863001849909251, 0.05167467656279175, 0.1275557319352726, 0.10296667517666583]
Timestep: 390 State: 0 Beliefs: [0.16928923904963997, 0.0707235790501482, 0.22746792486268455, 0.0852501967317818, 0.1361016178847723, 0.0821370631415593, 0.12673014320127565, 0.10230023607813815]
Timestep: 391 State: 2 Beliefs: [0.20178315172975111, 0.07934979818992124, 0.25337207639568304, 0.09461235655377018, 0.11174073232113425, 0.0685050469775165, 0.10548571693383034, 0.08515112089839316]
Timestep: 392 State: 0 Beliefs: [0.14835728532762382, 0.05843313865264225, 0.32100625934877264, 0.11205308169249602, 0.08370521773777237, 0.050666419800588884, 0.1249308239168575, 0.1008477735232464]
Timestep: 393 State: 0 Beliefs: [0.20809060590608786, 0.07911694786839527, 0.24471270543618018, 0.09593414263708443, 0.1095302740085689, 0.06931518599433427, 0.10695940977597322, 0.08634072837337597]
Timestep: 394 State: 2 Beliefs: [0.21895139474740297, 0.07791085395066434, 0.2448427124150187, 0.09373349272125651, 0.10788350542181085, 0.06781204794728504, 0.10450584934743079, 0.08436014344913087]
Timestep: 395 State: 2 Beliefs: [0.15878872559267157, 0.05840879906555629, 0.3112462527099014, 0.11281051094224206, 0.08043722194049997, 0.051003728895357335, 0.12577530100575346, 0.10152945984801784]
Timestep: 396 State: 2 Beliefs: [0.14529849135381628, 0.059103142667026536, 0.3172611447607933, 0.11525317811229442, 0.0788135766290621, 0.05204391356417515, 0.12849869261176705, 0.10372786030106498]
Timestep: 397 State: 2 Beliefs: [0.13540429985355068, 0.0588142725409613, 0.3311183270060437, 0.11475194321655437, 0.07687593044962134, 0.051818624929763454, 0.12793985310860614, 0.10327674889489893]
Timestep: 398 State: 2 Beliefs: [0.1274710553295537, 0.05843182494851307, 0.34346955997395284, 0.11408214009830632, 0.07516454294005326, 0.05151387800407854, 0.12719307261706686, 0.10267392608847567]
Timestep: 399 State: 0 Beliefs: [0.1208893869297393, 0.05822410651116329, 0.3527575811617623, 0.11374614091280326, 0.07383322372584718, 0.051359575337364745, 0.12681845859979707, 0.10237152682152292]
Timestep: 400 State: 2 Beliefs: [0.13399159782687717, 0.12468009936569101, 0.19316300254533303, 0.15231193292917264, 0.07125976800099842, 0.11003244164039759, 0.0774804180552748, 0.13708073963625536]
Timestep: 401 State: 0 Beliefs: [0.13544697089603708, 0.061042404745788745, 0.3175908823701165, 0.11731388077981408, 0.07906830550052056, 0.05315884070361986, 0.13079622230227034, 0.10558249270183268]
Timestep: 402 State: 2 Beliefs: [0.17749507466236916, 0.07129481106237733, 0.2279647974043518, 0.0871360028120776, 0.11807356299476861, 0.08393902709130979, 0.1295335205982527, 0.10456320337449314]
Timestep: 403 State: 2 Beliefs: [0.14385512381152427, 0.059315176784091046, 0.32437115969504987, 0.11484292745164268, 0.0742522646293344, 0.051963419181017906, 0.1280412937408613, 0.10335863470647841]
Timestep: 404 State: 2 Beliefs: [0.13465462646269005, 0.05899628474243198, 0.33325480241407685, 0.11553720401128466, 0.07259127404472586, 0.05216696442145563, 0.12881536029317855, 0.1039834836101562]
Timestep: 405 State: 2 Beliefs: [0.12548236879766733, 0.0585564053982621, 0.3466729999516275, 0.11470450171220324, 0.07167163521600783, 0.051791078011583794, 0.1278869593716654, 0.1032340515409829]
Timestep: 406 State: 2 Beliefs: [0.1603336288005486, 0.0789456746059152, 0.3031284607690284, 0.09669385071135328, 0.09621535330612274, 0.06985213858266306, 0.1078064275841506, 0.08702446564021796]
Timestep: 407 State: 1 Beliefs: [0.11777897267613642, 0.05696702230781043, 0.3700007691255523, 0.11081913752219502, 0.07104363614912074, 0.05009817019685184, 0.12355506825235771, 0.09973722376997553]
Timestep: 408 State: 4 Beliefs: [0.09225939128005534, 0.14267781596846404, 0.17514128362984216, 0.13280012955829953, 0.07978929356968245, 0.12789879917111116, 0.09007313135258578, 0.15936015546995944]
Timestep: 409 State: 5 Beliefs: [0.14123034542444893, 0.08411101265111318, 0.2300393885605503, 0.08800370097997506, 0.1350283244039602, 0.08515937460091495, 0.13082341220306742, 0.10560444117597007]
Timestep: 410 State: 2 Beliefs: [0.09628555295117124, 0.12987484881502462, 0.16861635490409943, 0.13140711952204676, 0.08577089040332438, 0.1412283828237937, 0.08912830715408389, 0.15768854342645608]
Timestep: 411 State: 2 Beliefs: [0.11461500488980077, 0.07024611398470185, 0.31599679552700377, 0.11872577462572927, 0.08361379534989107, 0.05757893988446351, 0.13237037857525336, 0.10685319716315633]
Timestep: 412 State: 2 Beliefs: [0.10519987715680662, 0.07174105811487913, 0.341366931739698, 0.11625190134148747, 0.0750996205859703, 0.05610170537308652, 0.12961219448073302, 0.10462671120733871]
Timestep: 413 State: 2 Beliefs: [0.10132364891174477, 0.06864700253920358, 0.35430298486380973, 0.11490777466569438, 0.07419417601159776, 0.05509382226364019, 0.12811359354518465, 0.10341699719912495]
Timestep: 414 State: 4 Beliefs: [0.09867689074670566, 0.06588756739219603, 0.3624831865874837, 0.1143568612000884, 0.07339036654811351, 0.05478458630135395, 0.12749936614397914, 0.10292117508007956]
Timestep: 415 State: 2 Beliefs: [0.1176673149453356, 0.07754861475955224, 0.24518561808827277, 0.08684197054060905, 0.15077112629266293, 0.08867856884655802, 0.12909642187827852, 0.10421036464873085]
Timestep: 416 State: 2 Beliefs: [0.14238052301045465, 0.08435627899045275, 0.28563957232596343, 0.0963252308582526, 0.12028484539763765, 0.07692539768792384, 0.10739544395688762, 0.08669270777242734]
Timestep: 417 State: 2 Beliefs: [0.10216047525740628, 0.06060670878831531, 0.3601161238147651, 0.1113903050510939, 0.08670391562641215, 0.054579319493385195, 0.12419187742263751, 0.10025127454598451]
Timestep: 418 State: 2 Beliefs: [0.09429004331909951, 0.060953961300006826, 0.36549824716408813, 0.11326009258855525, 0.0836348045866468, 0.054152216721380375, 0.12627655099052354, 0.10193408332969972]
Timestep: 419 State: 2 Beliefs: [0.09304297961788226, 0.06013828214294344, 0.3702290486938553, 0.11341391678287527, 0.08055586235134933, 0.054099331818733894, 0.12644805348777285, 0.10207252510458772]
Timestep: 420 State: 0 Beliefs: [0.1260892555607274, 0.08135615355864491, 0.31951270076412946, 0.09700928992025927, 0.10669280788512622, 0.07387331262103806, 0.1081581187618413, 0.08730836092823334]
Timestep: 421 State: 2 Beliefs: [0.10157745238747291, 0.10988131228767453, 0.18409324188830845, 0.1317202387133581, 0.08898261019698404, 0.13634017442111207, 0.08934068364906028, 0.1580642864560297]
Timestep: 422 State: 2 Beliefs: [0.1157843838409688, 0.06166672096653986, 0.3281779055419397, 0.11784365226558968, 0.08251653006106298, 0.056564642311143824, 0.13138687797372461, 0.10605928703903073]
Timestep: 423 State: 4 Beliefs: [0.10898105188930357, 0.05948348372722614, 0.35312850503158805, 0.11525770183474343, 0.07599258275798279, 0.054921006883180426, 0.12850373622470648, 0.10373193165126908]
Timestep: 424 State: 2 Beliefs: [0.0888527470774988, 0.11020734294933188, 0.17289963870593467, 0.13391665600776567, 0.10701883595651693, 0.13557436454054012, 0.09083042755309323, 0.1606999872093188]
Timestep: 425 State: 5 Beliefs: [0.10953890857147887, 0.06135909611147049, 0.32609287148450355, 0.11787146091857953, 0.09116695523455316, 0.05646851030615708, 0.13141788254653566, 0.10608431482672158]
Timestep: 426 State: 1 Beliefs: [0.08440454331163698, 0.10788616812080438, 0.16271874444012943, 0.13146249457997805, 0.09884585736806152, 0.16776133279438735, 0.0891658658890286, 0.15775499349597366]
Timestep: 427 State: 0 Beliefs: [0.087411805811612, 0.12470793146422246, 0.15746049464764522, 0.1325888110269377, 0.09645163601273414, 0.15234294554277433, 0.08992980226174906, 0.15910657323232522]
Timestep: 428 State: 5 Beliefs: [0.13344016908692002, 0.08140855810699425, 0.22376219877089068, 0.08772787421726455, 0.1377180639435804, 0.10025630961901259, 0.13041337719462012, 0.10527344906071745]
Timestep: 429 State: 2 Beliefs: [0.0880808438033903, 0.11508488024897345, 0.1590476205864204, 0.12934208218090532, 0.09286099157493262, 0.17264540985689492, 0.08772767313139664, 0.15521049861708636]
Timestep: 430 State: 4 Beliefs: [0.10991141854223134, 0.06806490806843417, 0.3091579305902319, 0.11891645555851392, 0.08659395842338197, 0.06774754522915642, 0.13258297358538787, 0.10702481000266252]
Timestep: 431 State: 2 Beliefs: [0.08274645574770366, 0.1111172146304399, 0.14817079193763172, 0.13050255566811383, 0.11132107625390072, 0.17102406207253548, 0.08851477688793807, 0.15660306680173658]
Timestep: 432 State: 2 Beliefs: [0.10738173663917673, 0.06775250626736297, 0.3096560487106165, 0.11858195834530458, 0.09214492226764028, 0.06554903110398672, 0.13221003415513807, 0.10672376251077412]
Timestep: 433 State: 2 Beliefs: [0.09877281365439732, 0.06187149017816081, 0.32186214457852763, 0.1165731198104775, 0.09691831773530582, 0.0691159771115717, 0.12997032910212938, 0.10491580782942975]
Timestep: 434 State: 4 Beliefs: [0.09547743029730647, 0.060941293769375106, 0.34094849918912595, 0.11459913184025772, 0.09092666800565087, 0.06619827841418252, 0.12776947982786943, 0.10313921865623193]
Timestep: 435 State: 0 Beliefs: [0.0778057054183674, 0.11033376543594296, 0.16496812495819999, 0.13007977421951714, 0.11617750862740156, 0.15631137150217372, 0.08822802077497684, 0.15609572906342054]
Timestep: 436 State: 2 Beliefs: [0.14731435559482228, 0.0890478671381128, 0.2577952335425195, 0.09855219423614682, 0.125736880640852, 0.08297815210307166, 0.1098783419319428, 0.08869697481253214]
Timestep: 437 State: 2 Beliefs: [0.10493432606766788, 0.060801408635574025, 0.3309039877533431, 0.11313051199407466, 0.09881922899333509, 0.06346099746346687, 0.1261320782978713, 0.10181746079466719]
Timestep: 438 State: 4 Beliefs: [0.09725033653104513, 0.0604682288744834, 0.3386035366062235, 0.11443209795720938, 0.09668329178201228, 0.061990370574052274, 0.12758324951348568, 0.10298888816148845]
Timestep: 439 State: 2 Beliefs: [0.08016226531859666, 0.11054351847999565, 0.16289354336602266, 0.1310267321867825, 0.12127774596058277, 0.1479938107545848, 0.08887030530929597, 0.15723207862413902]
Timestep: 440 State: 4 Beliefs: [0.10620459710711151, 0.06607941159267211, 0.3170498638315348, 0.11784627533425966, 0.09569561893515614, 0.05967278289889184, 0.13138980249954027, 0.10606164780083371]
Timestep: 441 State: 2 Beliefs: [0.0788189566444439, 0.11093653955303848, 0.1556813842690762, 0.13184483063227412, 0.12907160736580695, 0.1460076953043063, 0.08942518947232507, 0.15821379675872896]
Timestep: 442 State: 2 Beliefs: [0.10435526912043357, 0.06622474043378729, 0.3141332634300993, 0.11834426025467354, 0.09943742439130704, 0.059050189617745136, 0.13194501852274795, 0.1065098342292062]
Timestep: 443 State: 1 Beliefs: [0.09329747294119436, 0.06124514508726337, 0.3285705003543325, 0.11659168521397487, 0.10591022890653821, 0.0594614226625683, 0.12999102814155106, 0.10493251669257737]
Timestep: 444 State: 0 Beliefs: [0.07587377592315547, 0.1390065107994158, 0.1592053792493267, 0.13103888842045205, 0.10798188867624867, 0.14076834041994352, 0.08887855040691531, 0.15724666610454247]
Timestep: 445 State: 0 Beliefs: [0.1479483031059032, 0.09880210654476726, 0.2559711656634423, 0.09905691145595692, 0.12074921420077604, 0.07788001475222621, 0.1104410639665669, 0.08915122031036121]
Timestep: 446 State: 0 Beliefs: [0.10343437742841304, 0.1513225806362944, 0.1841216875377739, 0.14696462433061672, 0.08740843605205945, 0.11971986669693023, 0.0747602654203572, 0.13226816189755503]
Timestep: 447 State: 0 Beliefs: [0.14312613871359264, 0.08688249782529577, 0.21490764282832955, 0.08664787771030734, 0.1456783078548503, 0.08997219196530597, 0.12880788984994943, 0.10397745325236879]
Timestep: 448 State: 5 Beliefs: [0.1437270548027889, 0.08591380147022305, 0.2247596738470094, 0.08528409145864647, 0.1411034973312078, 0.09009044135047709, 0.12678052998927147, 0.10234090975037578]
Timestep: 449 State: 0 Beliefs: [0.09487944597125955, 0.1311577814104075, 0.15290768311414352, 0.1292896626563664, 0.0984183398623439, 0.1505073727787386, 0.0876921190191007, 0.1551475951876397]
Timestep: 450 State: 5 Beliefs: [0.1181758321064067, 0.14795561161805598, 0.1618572669346891, 0.15141322529486556, 0.08304328190712541, 0.124259629984351, 0.07702324938912726, 0.13627190276537898]
Timestep: 451 State: 4 Beliefs: [0.10257884227374718, 0.12785267344599793, 0.13605782278106957, 0.13167134502595132, 0.09840068555833502, 0.15612549590963395, 0.0893075209741235, 0.15800561403114155]
Timestep: 452 State: 2 Beliefs: [0.1445052776349562, 0.08350242675206332, 0.1961112908342126, 0.08766197470812304, 0.1510632949057807, 0.1016459523669217, 0.13031541314819486, 0.10519436964974765]
Timestep: 453 State: 2 Beliefs: [0.11643381461252067, 0.07185528280449964, 0.29296206442220907, 0.11786563413434485, 0.0948246925862215, 0.06856805460234514, 0.13141138611694866, 0.10607907072091037]
Timestep: 454 State: 2 Beliefs: [0.10682243702859154, 0.07307114174389816, 0.30247487407578194, 0.11816684802145967, 0.09555799614804919, 0.06580932264047223, 0.1317472171224334, 0.1063501632193137]
Timestep: 455 State: 0 Beliefs: [0.10452698614047906, 0.07000962990059527, 0.31865206586911254, 0.11678588403276464, 0.09075067758908321, 0.06395991550642464, 0.1302075453320525, 0.10510729562948817]
Timestep: 456 State: 4 Beliefs: [0.16404442760964635, 0.09126424504395851, 0.24780855641947414, 0.0977929085723861, 0.11694667595482705, 0.08509777360460154, 0.10903179507995882, 0.08801361771514747]
Timestep: 457 State: 4 Beliefs: [0.10291480907976439, 0.11821340668708212, 0.15074201132192563, 0.12832871977227264, 0.10350753172184426, 0.1552587086274511, 0.08704034906293275, 0.15399446372672715]
Timestep: 458 State: 4 Beliefs: [0.1468807183492837, 0.07941525420409508, 0.1969506034427575, 0.08709450677833976, 0.1587541797326369, 0.0969194954018251, 0.12947183395705433, 0.10451340813400771]
Timestep: 459 State: 0 Beliefs: [0.09799231287988719, 0.11778504162522284, 0.13923304427797134, 0.12988525046797567, 0.11815546281642174, 0.1529905044448453, 0.08809608292610524, 0.1558623005615708]
Timestep: 460 State: 5 Beliefs: [0.15285455413150695, 0.07907183151605715, 0.1876448567637252, 0.08716951376237898, 0.162929371135134, 0.0961431192997318, 0.12958333687661114, 0.10460341651485479]
Timestep: 461 State: 4 Beliefs: [0.1032045840244608, 0.1165410114327553, 0.13273472085528548, 0.12894741139001376, 0.1125273949817576, 0.16384800027013585, 0.08745998337757455, 0.1547368936680165]
Timestep: 462 State: 2 Beliefs: [0.14848983890029754, 0.07782600915276382, 0.18145153463083158, 0.08656968197896446, 0.1720532540441854, 0.10103441627484384, 0.12869164664335614, 0.10388361837475736]
Timestep: 463 State: 2 Beliefs: [0.1253236200114338, 0.06583684668754075, 0.2776535436110017, 0.1173927128345372, 0.10779941195478682, 0.06945630918931894, 0.13088411416029744, 0.10565344155108349]
Timestep: 464 State: 2 Beliefs: [0.11770252362427758, 0.0661049230262645, 0.295623479197461, 0.11742732480345781, 0.09977407385644431, 0.06676037924632154, 0.13092270392266117, 0.10568459232311202]
Timestep: 465 State: 2 Beliefs: [0.11320431652621876, 0.06455497205078309, 0.3096791909003601, 0.11644416448325144, 0.09620739650937712, 0.06528365795927903, 0.12982655353580422, 0.1047997480349263]
Timestep: 466 State: 0 Beliefs: [0.10929514232201279, 0.06324834774698382, 0.3202638303612288, 0.11590967947589514, 0.09335668363576909, 0.06437696229026194, 0.1292306426395428, 0.10431871152830564]
Timestep: 467 State: 2 Beliefs: [0.1191151526511174, 0.1293569732567749, 0.1705902342789233, 0.15034877875068628, 0.08634600859924739, 0.13244718152750135, 0.07648177006013172, 0.13531390087561765]
Timestep: 468 State: 2 Beliefs: [0.13060384482027598, 0.06450436235202707, 0.27861515212252896, 0.11935118131387339, 0.10219468879119405, 0.06424704705722144, 0.13306766036039316, 0.10741606318248605]
Timestep: 469 State: 4 Beliefs: [0.11886265728739402, 0.06203256584315813, 0.3111398767439936, 0.11707641834207042, 0.09099402305547266, 0.06399421281478418, 0.13053146940526356, 0.10536877650786337]
Timestep: 470 State: 2 Beliefs: [0.09377329869474202, 0.11102397033270102, 0.14894312100880805, 0.13160843202347805, 0.11645062071469614, 0.151005589251042, 0.08926484954635902, 0.15793011842817364]
Timestep: 471 State: 2 Beliefs: [0.12087807696987632, 0.06450661373420367, 0.2809779322668064, 0.11996221061950459, 0.10963743071580297, 0.06232283369928204, 0.13374891243697, 0.10796598955755413]
Timestep: 472 State: 0 Beliefs: [0.11000457983548517, 0.06113333033556347, 0.3129680414484986, 0.11687462290116271, 0.10055088151090849, 0.0629749008093224, 0.13030648254801275, 0.10518716061104645]
Timestep: 473 State: 0 Beliefs: [0.16781830134481246, 0.08116847896852913, 0.2454586672358052, 0.09721078033189624, 0.1298656531147266, 0.08260565117130521, 0.10838276553421865, 0.08748970229870662]
Timestep: 474 State: 4 Beliefs: [0.11152976972984825, 0.10765289883101008, 0.15120272526668688, 0.12817688343066638, 0.10894583389662094, 0.1517422643145247, 0.0869373644138433, 0.15381226011679963]
Timestep: 475 State: 4 Beliefs: [0.1505040598021088, 0.07360270121972456, 0.19705642711284296, 0.08587148231411133, 0.16941146152413344, 0.09285436330260062, 0.12765372594754462, 0.10304577877693359]
Timestep: 476 State: 2 Beliefs: [0.10426417260675766, 0.10888801868529159, 0.14295407915679706, 0.12952707726528792, 0.12530389156563262, 0.14577711994369238, 0.08785314805819529, 0.1554324927183455]
Timestep: 477 State: 2 Beliefs: [0.12767137514283525, 0.06393618015829672, 0.2744775827377968, 0.11969848657105299, 0.11287627729239305, 0.06015658037983186, 0.13345487980384563, 0.1077286379139477]
Timestep: 478 State: 2 Beliefs: [0.12103811527496396, 0.060705101968415665, 0.30251067108290725, 0.11704743635529331, 0.10274097346528452, 0.06011585248052931, 0.13049915665284195, 0.105342692719764]
Timestep: 479 State: 4 Beliefs: [0.11536072372393323, 0.059887768105009585, 0.3181552817911655, 0.11566569303717399, 0.09884340754309837, 0.0590293860978507, 0.12895861596831187, 0.10409912373345659]
Timestep: 480 State: 2 Beliefs: [0.0921730222463707, 0.10876693928672639, 0.15162863668837323, 0.13163528894395637, 0.1260810832181758, 0.14246961733905325, 0.0892830655445965, 0.15796234673274764]
Timestep: 481 State: 2 Beliefs: [0.11838548338246578, 0.06356602950739237, 0.28324060840430276, 0.11964898553241173, 0.1147308191451008, 0.059344297209287904, 0.133399689839868, 0.10768408697917055]
Timestep: 482 State: 0 Beliefs: [0.14431913404471264, 0.08008705712376024, 0.26056870916237995, 0.09715010206550731, 0.14310979342138683, 0.07901499852787275, 0.10831511379542383, 0.08743509185895657]
Timestep: 483 State: 2 Beliefs: [0.16794955759567673, 0.07818329719809693, 0.24822442751070556, 0.09413089022752251, 0.14300818531909887, 0.07883692303374218, 0.10494891791038703, 0.08471780120477025]
Timestep: 484 State: 0 Beliefs: [0.12420587235014656, 0.05843614894860887, 0.31302407168118906, 0.1125680670880362, 0.10619658491070888, 0.05875300044093913, 0.12550499420113886, 0.10131126037923259]
Timestep: 485 State: 0 Beliefs: [0.18166325526615135, 0.07907867899753022, 0.24003764800798677, 0.0960915692165264, 0.13236520348336608, 0.07714630406976626, 0.10713492866379884, 0.08648241229487375]
Timestep: 486 State: 4 Beliefs: [0.18909273912888555, 0.07735373981680016, 0.24045526055763122, 0.09327754647303313, 0.13505196617453005, 0.076821452716889, 0.1039975033065011, 0.0839497918257298]
Timestep: 487 State: 2 Beliefs: [0.16257532262077062, 0.06784105751514236, 0.2087581787731884, 0.08180545063425379, 0.17092944082617578, 0.08831471210560797, 0.1216092967637564, 0.09816654076110456]
Timestep: 488 State: 5 Beliefs: [0.13312942201618488, 0.059402818064715354, 0.2988123232994329, 0.1141677241144217, 0.10761592325747585, 0.056832345136620936, 0.1272884924081687, 0.10275095170297953]
Timestep: 489 State: 0 Beliefs: [0.10629995172556668, 0.10665584778559258, 0.13777574827637376, 0.129834555001615, 0.1090102063996413, 0.1665605266342644, 0.08806169817500843, 0.15580146600193798]
Timestep: 490 State: 0 Beliefs: [0.12649985774376196, 0.12817319795241583, 0.1525346236978786, 0.15140719339504088, 0.09912522538761327, 0.1289732467798405, 0.07702018098791209, 0.13626647405553677]
Timestep: 491 State: 4 Beliefs: [0.16650046575431401, 0.07175690865006973, 0.18555554357945533, 0.08577403853560092, 0.16162112304619464, 0.09835420496558664, 0.1275088692260575, 0.10292884624272111]
Timestep: 492 State: 2 Beliefs: [0.15585989394564503, 0.06928470500158311, 0.19949590077087223, 0.08356530963223109, 0.16844517487747154, 0.09884519884978524, 0.12422544536373459, 0.10027837155867732]
Timestep: 493 State: 2 Beliefs: [0.13443688202778092, 0.06011509772403098, 0.28414401160551533, 0.1159723179579986, 0.10698208943213706, 0.06467403521776376, 0.12930047987257456, 0.10437508616219875]
Timestep: 494 State: 5 Beliefs: [0.1300190748244767, 0.05995641000150526, 0.290647313589878, 0.117021933187335, 0.10040572650946175, 0.06615907949495191, 0.1304707225237899, 0.10531973986860152]
Timestep: 495 State: 4 Beliefs: [0.10068005773732568, 0.1054493586893786, 0.1380348039120965, 0.12861668988680838, 0.10558281051838819, 0.1800605834686061, 0.08723566792322657, 0.15434002786417006]
Timestep: 496 State: 4 Beliefs: [0.1493611453800862, 0.07196748076542828, 0.18779394616395503, 0.08555687979044385, 0.1741470724958473, 0.10131917148961407, 0.12718604816609266, 0.10266825574853262]
Timestep: 497 State: 0 Beliefs: [0.10023192859279885, 0.10566357738081276, 0.13568200570456182, 0.12818195978800245, 0.1259933684764878, 0.16348800080334905, 0.08694080750838429, 0.15381835174560293]
Timestep: 498 State: 0 Beliefs: [0.12599615162987954, 0.12674846174592555, 0.14112057426447475, 0.15136434130769938, 0.10758015617841478, 0.13396402537928156, 0.0769983823173949, 0.13622790717692942]
Timestep: 499 State: 2 Beliefs: [0.1328228428750585, 0.12559085516352794, 0.1380644783144427, 0.15115714198258548, 0.10477261435379005, 0.1346576586046923, 0.07689298092157609, 0.13604142778432693]
