0.0,0.5,1
2330.0,0.5594405594405594,1
2160.0,0.3895483113047653,1
2499.0,0.36111111111111105,1
2119.0,0.3846050755765093,1
3078.0,0.38868019445138235,0
2820.0,0.38410041927363503,0
2772.0,0.4082439685595777,0
645.0,0.36774452054868395,1
3781.0,0.5548238893368248,0
2364.0,0.3686730752327923,1
2618.0,0.377588270727256,1
2856.0,0.38351208179144514,0
1254.0,0.3808212948319685,1
2210.0,0.5583277038314447,1
2592.0,0.4126651372787833,1
1456.0,0.3888755887348178,1
3978.0,0.5663223339524037,0
532.0,0.3814838590100431,1
3211.0,0.5606140471939,0
2535.0,0.3676415103846564,1
1410.0,0.3916821222990441,1
3568.0,0.5611107843710372,0
2436.0,0.3964521218739144,1
456.0,0.3970981484482322,1
2835.0,0.5643007945867182,0
1920.0,0.36895201993763393,1
2028.0,0.5760179254349109,1
1340.0,0.3960611971777371,1
3200.0,0.5635940422995909,0
3824.0,0.37187261041520997,0
2176.0,0.38991929383904145,1
2480.0,0.37033131548524767,1
1900.0,0.3933420545037895,1
3776.0,0.5598678910210801,0
2418.0,0.39348882991210415,1
1368.0,0.4026749046707326,1
2808.0,0.5611241214616877,0
3667.0,0.3656043344831177,0
1311.0,0.40597157576965626,1
2400.0,0.5546930046278032,1
2928.0,0.3797798922964782,0
920.0,0.3887059615571756,1
1744.0,0.6051533592552385,1
1602.0,0.5823647239335458,1
1680.0,0.6031747564304457,1
1320.0,0.6003170766059003,1
1360.0,0.6094469777979084,1
2200.0,0.6157497835435765,1
630.0,0.41730240427596355,1
2387.0,0.5571877849194165,1
2220.0,0.41090037845230354,1
660.0,0.42254907945821585,1
2483.0,0.564652470899577,1
1370.0,0.4099228418993012,1
2068.0,0.5689801156656543,1
1050.0,0.41685142615079374,1
2899.0,0.5696914024396956,0
2451.0,0.4105503316467492,1
640.0,0.4129843471176051,1
2030.0,0.5629993708191985,1
286.0,0.4110460897044561,1
2250.0,0.6133614621656713,1
781.0,0.41373774647603706,1
4028.0,0.5670832275693363,0
858.0,0.4121744089008155,1
1411.0,0.6167873713099243,1
1830.0,0.6201491294411354,1
944.0,0.6208819015130541,1
2820.0,0.6295620863350438,0
1632.0,0.404535166577528,1
2030.0,0.5613934382430275,1
1216.0,0.3955654386521252,1
1946.0,0.6242443380528107,1
594.0,0.6040957010888489,1
1691.0,0.6242125390595405,1
979.0,0.6236570286372646,1
945.0,0.6312257618579176,1
432.0,0.6356140776642288,1
936.0,0.6369410354272924,1
1628.0,0.6367153105001323,1
1235.0,0.6148799567455554,1
1540.0,0.6324979178837888,1
2431.0,0.6157881054922023,1
252.0,0.4254533403583831,1
2730.0,0.5665757652311925,0
735.0,0.41561890068672525,1
1122.0,0.6283848266399088,1
1472.0,0.623849320037488,1
1957.0,0.6377568040529481,1
1220.0,0.6268507143623885,1
1380.0,0.6278483654044156,1
1130.0,0.6357326114720081,1
240.0,0.6174234662362714,1
1352.0,0.6335043076573343,1
2220.0,0.6266302465874447,1
2227.0,0.43896760539376856,1
3675.0,0.3755375263296282,0
864.0,0.4056406652336783,1
336.0,0.6302557988564097,1
588.0,0.6302852687100723,1
1703.0,0.6333419297797993,1
945.0,0.6162194874247036,1
1661.0,0.6345397893791686,1
1680.0,0.6174543688490806,1
408.0,0.6341340593537754,1
1200.0,0.632513250269267,1
1010.0,0.6363648849893613,1
735.0,0.6291197906860923,1
1605.0,0.6441257403547345,1
670.0,0.6248836228070594,1
896.0,0.6365698701587015,1
570.0,0.6355268480249547,1
759.0,0.6376692220715368,1
1875.0,0.6380462266727442,1
847.0,0.6158643058173842,1
1463.0,0.6339622273445868,1
666.0,0.6182394105881338,1
1890.0,0.6328266354151733,1
912.0,0.6197913006097896,1
1515.0,0.6336542038675911,1
2140.0,0.6284531874294946,1
1962.0,0.4405796953129675,1
3743.0,0.5556408899626926,0
1800.0,0.42731846055771117,1
1260.0,0.6231376969925422,1
928.0,0.6301092068190219,1
888.0,0.6339301832206654,1
1003.0,0.6352362664840019,1
648.0,0.6349183138905752,1
405.0,0.6341101235870491,1
975.0,0.6333831120018084,1
444.0,0.6328786859197197,1
1653.0,0.6325672902913249,1
690.0,0.6323862639204682,1
990.0,0.6322843741646084,1
2499.0,0.6322280319453681,1
832.0,0.4204035984449016,1
2090.0,0.6209216983668281,1
230.0,0.4263716923739353,1
3173.0,0.5544920252334475,0
570.0,0.417983335909638,1
2745.0,0.5512769708168128,0
1692.0,0.420416334582243,1
1513.0,0.6140290387530216,1
1672.0,0.6315571503264266,1
1551.0,0.634696540079146,1
360.0,0.6240362556942278,1
1460.0,0.6358666321573093,1
1330.0,0.628550354807879,1
768.0,0.6280971586345531,1
2244.0,0.6325937267469193,1
1650.0,0.4289100284254127,1
1656.0,0.6167136977795051,1
1376.0,0.6255437919265612,1
2085.0,0.630864264552269,1
1032.0,0.4294951523173601,1
1020.0,0.6217223078724748,1
1918.0,0.6276554497686824,1
1375.0,0.628117270002238,1
352.0,0.6291403017819255,1
1280.0,0.6353355323535459,1
1221.0,0.6230783865461007,1
390.0,0.6325254600352492,1
1360.0,0.6374421818689274,1
1638.0,0.6334244900434152,1
1390.0,0.6219453684155132,1
2304.0,0.6244132628685585,1
1122.0,0.4316926565804292,1
1040.0,0.6216646769150259,1
2480.0,0.6365257826437004,1
1634.0,0.4275588608856061,1
1360.0,0.6255748636118938,1
750.0,0.6190460600107675,1
1856.0,0.6346905774703144,1
1575.0,0.6261826251711251,1
768.0,0.6319555817156725,1
2430.0,0.6348787763439845,1
1340.0,0.43123324926571455,1
4620.0,0.5410603825192284,0
1326.0,0.4255020572346533,1
490.0,0.6287753983544446,1
2720.0,0.6357022882960843,0
1313.0,0.40083212737227586,1
2500.0,0.6063708393039935,1
676.0,0.42628128375304636,1
273.0,0.6248679017237276,1
2869.0,0.6275602877003804,0
660.0,0.4006599166014024,1
1584.0,0.6230056721093441,1
846.0,0.6235257396532529,1
513.0,0.633134718243927,1
377.0,0.6377076732241161,1
1456.0,0.6393841945178113,1
612.0,0.6397313601142935,1
1248.0,0.6396664014216421,1
1950.0,0.6209430583870041,1
2610.0,0.6303961757615416,1
970.0,0.4325496449893739,1
918.0,0.6296910080493157,1
1480.0,0.6355161206675823,1
714.0,0.6388009514057696,1
1210.0,0.6394920838468798,1
663.0,0.6268279964039336,1
1284.0,0.64062655113475,1
325.0,0.6290119652935274,1
2272.0,0.6412430629502744,1
1122.0,0.4275426210479666,1
2496.0,0.5446531207054895,1
2679.0,0.42193237976838144,1
2023.0,0.4229172045810731,1
2260.0,0.42217174563780857,1
2023.0,0.4291514346597081,1
3164.0,0.3630491661070946,0
1965.0,0.4233122853897584,1
1106.0,0.6216473406195695,1
560.0,0.6294551181880265,1
912.0,0.6286713255066472,1
1932.0,0.6333939711799302,1
660.0,0.6217094965809931,1
1876.0,0.635301882257806,1
1411.0,0.6258550932047489,1
627.0,0.636700742223159,1
736.0,0.6354104697788434,1
1615.0,0.6389441909202456,1
1045.0,0.6403895380637431,1
520.0,0.6400928159247827,1
1190.0,0.639234587362199,1
1280.0,0.6384522471405326,1
1100.0,0.6379084353059907,1
806.0,0.6290371813817767,1
1120.0,0.6441682060178884,1
1100.0,0.638215188958994,1
2880.0,0.6287395563265616,0
728.0,0.4069216294382763,1
2128.0,0.6225920642641704,1
684.0,0.41088574888917745,1
1386.0,0.6255471986744969,1
486.0,0.6281920093160756,1
1272.0,0.6357988300310135,1
560.0,0.6271554122152185,1
700.0,0.6421183813015526,1
2380.0,0.6409178220149034,1
528.0,0.430538065548448,1
572.0,0.634105829291634,1
1290.0,0.6399370349192806,1
2720.0,0.6321928797957208,0
1104.0,0.4212644668515563,1
1040.0,0.6277862850224469,1
1610.0,0.6304809740156359,1
1952.0,0.6217137057171382,1
781.0,0.6191924035606647,1
1180.0,0.6373508388348518,1
1834.0,0.6360813024391685,1
540.0,0.6187234945076064,1
1199.0,0.6394753659003303,1
1507.0,0.6288837716492757,1
2540.0,0.6262712742382754,1
1092.0,0.43095884607972273,1
1920.0,0.6292738915362207,1
1802.0,0.6181499623652529,1
598.0,0.6318784398389552,1
396.0,0.6380736040241407,1
1445.0,0.6332825473057342,1
840.0,0.6381280983429172,1
940.0,0.6410444978108192,1
2337.0,0.6415911073813114,1
494.0,0.4364013557185217,1
2716.0,0.5507703229433868,0
594.0,0.42449547540562593,1
756.0,0.6325363013290592,1
2025.0,0.6390400128497303,1
1729.0,0.43195370866920696,1
1764.0,0.626492192038737,1
1812.0,0.6351010095762137,1
500.0,0.6294826866381956,1
936.0,0.6362255220815687,1
476.0,0.6371893387446135,1
2484.0,0.6399106424042528,1
986.0,0.42949648658260725,1
2448.0,0.6319702139048532,1
1482.0,0.43138767711102116,1
2030.0,0.6330848193278836,1
896.0,0.43290450468623487,1
2280.0,0.6335160222846521,1
1080.0,0.4317599768213534,1
1300.0,0.632754777961052,1
2124.0,0.6237419172645626,1
2603.0,0.43442232224345845,1
1160.0,0.42617128430732326,1
430.0,0.6184604321479653,1
627.0,0.6315429794602059,1
1068.0,0.6319528540249628,1
1520.0,0.6378771219797142,1
931.0,0.6273305133166921,1
2034.0,0.6397654210673823,1
2592.0,0.4390058989750683,1
560.0,0.42878192407303944,1
576.0,0.6315297012557651,1
2420.0,0.6378918401195759,1
1582.0,0.43371012496074807,1
2235.0,0.6286462768349736,1
1196.0,0.4393426981183546,1
308.0,0.6322410066134386,1
1062.0,0.6365660741722615,1
896.0,0.6395315963200274,1
1700.0,0.6403593198619283,1
1566.0,0.6325059803116043,1
1212.0,0.6454630227123284,1
650.0,0.6309168391959474,1
460.0,0.6444356388745951,1
1854.0,0.6382106850868798,1
2261.0,0.6289509192402315,1
600.0,0.44080775214446105,1
1320.0,0.633447631762083,1
1694.0,0.6292163967275686,1
2840.0,0.6375327013210585,0
1280.0,0.4231986507942994,1
400.0,0.6111461539171825,1
792.0,0.6301127909874283,1
1254.0,0.6300100392271948,1
1300.0,0.6339626014287211,1
1200.0,0.6359203751277824,1
884.0,0.6361115694231166,1
1350.0,0.6356509143920257,1
3000.0,0.6351409980055156,0
470.0,0.3931288057941445,1
1751.0,0.6185737524378322,1
1480.0,0.6094029677318841,1
1180.0,0.6350101808158524,1
1360.0,0.6190869488589885,1
735.0,0.6191497140819128,1
1692.0,0.6307393279056638,1
495.0,0.6173673509377782,1
996.0,0.6311098658744009,1
510.0,0.6324621398898135,1
737.0,0.6368467430435448,1
510.0,0.6381698655404855,1
1060.0,0.6375709630335169,1
2368.0,0.624921302280544,1
1027.0,0.43945456241629177,1
2500.0,0.6309174377010328,1
1845.0,0.4354050400929178,1
3280.0,0.5368810775803965,0
1518.0,0.4307805230159361,1
324.0,0.6158598876899706,1
500.0,0.6340319156845364,1
1111.0,0.6337986585594731,1
2574.0,0.6321050787619732,1
1469.0,0.4364779211251419,1
949.0,0.6167429748934723,1
1767.0,0.6325152603809194,1
1120.0,0.6350945231290623,1
620.0,0.6376626978091164,1
525.0,0.6379437790834054,1
910.0,0.6371636989463352,1
2682.0,0.6362938767209816,1
2414.0,0.4322580576264997,1
3184.0,0.35707185244719963,0
590.0,0.42228274111596376,1
4142.0,0.5456712388132063,0
2128.0,0.41830575126657465,1
1577.0,0.42833882148088037,1
816.0,0.62322462753291,1
896.0,0.6315541351461667,1
2465.0,0.6350733426869565,1
2235.0,0.4261525775842697,1
1400.0,0.4298258515042762,1
3060.0,0.5316272685294294,0
1620.0,0.4292069523587943,1
1352.0,0.6253261554938642,1
1420.0,0.6207693166021868,1
826.0,0.637182177977911,1
2496.0,0.6349155354940224,1
1260.0,0.427234819374645,1
1926.0,0.6233203033209475,1
378.0,0.624760219141327,1
392.0,0.6306570411463278,1
1264.0,0.6316775811068868,1
330.0,0.6343222419436143,1
1300.0,0.6348657673110505,1
1105.0,0.6285598022963476,1
1660.0,0.6396265987655421,1
1952.0,0.6340833484604425,1
852.0,0.623996573886375,1
1881.0,0.6353335554266181,1
1395.0,0.6346809609853543,1
1105.0,0.6369707516298062,1
1288.0,0.6374129095360777,1
434.0,0.6369377496940217,1
2227.0,0.6363429554404769,1
1639.0,0.4243350058500839,1
852.0,0.615996623789856,1
1292.0,0.6324818014028067,1
1068.0,0.6341041794559068,1
1568.0,0.6367175357488912,1
2160.0,0.6199306455721304,1
308.0,0.4391764793653662,1
3667.0,0.5409010956190429,0
1290.0,0.42238805538126334,1
1360.0,0.6170903672649372,1
624.0,0.6339073059904781,1
1530.0,0.6345732185728126,1
845.0,0.6317498406962303,1
1290.0,0.6438437990670518,1
615.0,0.6379727273437452,1
1887.0,0.6365555370030083,1
1612.0,0.6259180271584288,1
1120.0,0.6247228882934808,1
2142.0,0.6336679116844165,1
765.0,0.42863846224316215,1
1390.0,0.625040803505123,1
460.0,0.6245263709087185,1
1690.0,0.6348667415902899,1
2000.0,0.6288825818176681,1
936.0,0.44304812082761963,1
784.0,0.6268361064874683,1
1088.0,0.632095905738331,1
2086.0,0.6379153278340017,1
1022.0,0.43186275892002135,1
414.0,0.6288565735272761,1
826.0,0.6372391977649129,1
1224.0,0.6404245349630833,1
774.0,0.6407549709306006,1
1254.0,0.6398938138811475,1
377.0,0.638893479579122,1
2242.0,0.6381337969083045,1
979.0,0.4251321148564425,1
2622.0,0.6261614380345282,1
504.0,0.42595883722862443,1
1224.0,0.6259383835828527,1
589.0,0.6331680589709161,1
420.0,0.6377923072632609,1
1278.0,0.6394916801443757,1
870.0,0.6393970509330279,1
1310.0,0.6387301835723054,1
2120.0,0.6184310955321182,1
1092.0,0.43641761696874026,1
1188.0,0.6276347892134226,1
1320.0,0.6346100138952805,1
2128.0,0.6378915341909681,1
2125.0,0.4353467405442223,1
2346.0,0.42542412986144273,1
2210.0,0.4303898426529013,1
1755.0,0.42448654552194165,1
1840.0,0.6223446086609397,1
1596.0,0.6342578822889796,1
2375.0,0.6328389997462641,1
1083.0,0.42815266182865236,1
1204.0,0.6242095874632172,1
759.0,0.6327591823534657,1
2356.0,0.6366127091097438,1
1818.0,0.43524943861552584,1
2299.0,0.6268238709915116,1
1313.0,0.44419220617406413,1
1110.0,0.6283843138911798,1
1649.0,0.6362782343701399,1
854.0,0.6380405051053065,1
1736.0,0.6333096797453962,1
1008.0,0.6210578128133789,1
590.0,0.6358524956008944,1
1518.0,0.6346770432828488,1
1536.0,0.6228532913004765,1
645.0,0.6357396256289976,1
1584.0,0.6371872822462643,1
2489.0,0.6242911052200036,1
1694.0,0.44021316914592895,1
1105.0,0.6209534757177879,1
1495.0,0.6358600923502407,1
1330.0,0.6234406436521516,1
1742.0,0.6272863882239873,1
814.0,0.6261803537818521,1
1694.0,0.6327802887990888,1
1220.0,0.628672173692044,1
2016.0,0.6292860499926277,1
1122.0,0.4404303730364747,1
1210.0,0.6248676532468628,1
570.0,0.6258906261767085,1
510.0,0.6327068243226273,1
896.0,0.6283675018116417,1
1144.0,0.6332283329209716,1
1638.0,0.6241932514310498,1
1560.0,0.6389171660497257,1
1140.0,0.6365741852789899,1
1764.0,0.6356723080931048,1
1296.0,0.6186085968326285,1
1572.0,0.631658209351267,1
1230.0,0.619757623115659,1
552.0,0.6235081354833689,1
2736.0,0.6297534838659024,0
1512.0,0.4051375549857827,1
1116.0,0.6171890260115274,1
770.0,0.6188598470642923,1
1216.0,0.6279595743420543,1
1474.0,0.6329898745005208,1
475.0,0.6206304442785673,1
910.0,0.633995541921093,1
680.0,0.634950096956472,1
970.0,0.6378306820760841,1
1960.0,0.6383483081698635,1
