0,0.5,0
187,0.3333333333333333,1
164,0.4697046966995677,1
177,0.46966466387654354,1
228,0.47796207369763044,1
146,0.5342465753424657,1
146,0.45949011012305535,1
70,0.45591195663427136,0
234,0.35289409960454216,1
247,0.6120555817785291,1
167,0.5493963174094265,1
170,0.466014142411662,1
228,0.4947617616960063,1
201,0.6221938063126845,1
32,0.5703318101966699,0
57,0.3314980777092025,0
24,0.3186902245034149,0
96,0.30972146288131885,0
49,0.30552428976516,0
106,0.30418002092623314,1
131,0.44240956169451895,1
49,0.4535926270734635,0
187,0.3614783794719852,1
109,0.4479550717113897,1
157,0.48688813586498153,1
98,0.449915053063813,0
136,0.32829710370098786,1
167,0.4573038109406203,1
48,0.46376248910339357,0
43,0.3353821574273894,0
124,0.32688995919948105,1
119,0.4565320170489258,1
32,0.4546739206099144,0
245,0.3671868036585709,1
68,0.549290717464799,0
114,0.32151298883674057,1
134,0.4591962449030567,1
65,0.4617614580250272,0
26,0.33796522825142394,0
119,0.32445277723226956,1
66,0.4502444148138042,0
134,0.32690889130630996,1
174,0.4552466618475345,1
123,0.4595914544223417,1
103,0.45331020349132567,0
103,0.45588497246599957,0
67,0.43663444751261493,0
168,0.31545313448065937,1
107,0.45159762706546547,1
103,0.4475524533889519,0
51,0.44342698680124815,0
80,0.31940680203822835,0
149,0.3092971005021776,1
169,0.4458109486095691,1
210,0.50633711315011,1
147,0.541298716048225,1
107,0.4612340411039954,1
39,0.46563064876266064,0
108,0.3425156536872755,1
155,0.4634365191286445,1
77,0.4725923040305138,0
145,0.3434134971691991,1
124,0.4716682792855019,1
77,0.4631418974691815,0
28,0.34349049122289826,0
47,0.33600305166744304,0
87,0.32311095622553054,0
105,0.3140000281629234,1
49,0.4513678257318921,0
157,0.366734407064844,1
37,0.4486844432245524,0
144,0.3223579611942208,1
91,0.4506058367677512,0
163,0.32769838735724344,1
131,0.4572857752477677,1
75,0.45194371287623997,0
211,0.3686976600190683,1
68,0.5437382028720674,0
135,0.32213046187679695,1
28,0.4585228719005528,0
51,0.3278210244064041,0
45,0.3234921797689763,0
159,0.30963480784223335,1
59,0.4409879412147292,0
69,0.32209960354166123,0
68,0.31055276741136084,0
108,0.30108761223293606,1
158,0.4348426726182202,1
144,0.44988504723688194,1
68,0.44852413148517944,0
41,0.32846226016702607,0
144,0.31757721288379964,1
62,0.4515665691074094,0
51,0.32346426735754763,0
101,0.3153722311371535,0
47,0.41317483922190285,0
146,0.3010904895268448,1
131,0.44341875647444257,1
46,0.4423683379630883,0
85,0.3252589296820819,0
80,0.3140986239738781,0
60,0.30578476900482343,0
77,0.3009892925005628,0
106,0.2986800788856985,1
114,0.4383137333980887,1
144,0.4464095174784331,1
138,0.45426931965314776,1
66,0.4577592054261884,0
165,0.33247553066440283,1
160,0.45814467241942186,1
113,0.45773955354932416,1
104,0.46938008417173277,0
74,0.45860371233582653,0
80,0.3317756027263149,0
95,0.3185123020156836,0
124,0.3113976575008363,1
52,0.4507349495569707,0
153,0.3293103355825051,1
157,0.45381076413907395,1
52,0.45623233862941825,0
78,0.33336331515434714,0
73,0.3277498132082944,0
88,0.31634453748167257,0
83,0.30898295002511167,0
123,0.30509604099719867,1
87,0.4470776305080747,0
31,0.3250302497479416,0
162,0.3138459509997461,1
112,0.450109780629958,1
78,0.44906217064157306,0
146,0.3262133620260417,1
93,0.45712336067384873,0
57,0.3291937572243855,0
143,0.3236226813445413,1
146,0.4513187720146792,1
141,0.45945296159329196,1
130,0.46441637765890165,1
114,0.45893773590058173,1
124,0.4590405492995694,1
29,0.4686283174047471,0
58,0.3399188601641503,0
128,0.33368188180562336,1
158,0.4586562707951365,1
158,0.4542605569254091,1
115,0.4571238095046839,1
118,0.4579693917969907,1
36,0.464396837452625,0
34,0.3499965544809086,0
50,0.3346163265003596,0
137,0.32367846790536653,1
173,0.4669630916614657,1
38,0.4723693086032166,0
31,0.33951015015039987,0
136,0.328605779360761,1
145,0.46114545429718956,1
77,0.47245684325027254,0
84,0.3402595814108281,0
64,0.3307352190862477,0
158,0.3207972469585134,1
162,0.4600324906231687,1
72,0.47073042751834043,0
74,0.33588300316373587,0
130,0.32835409289894807,1
78,0.46287363319866087,0
57,0.33782773920057596,0
141,0.32496895991520175,1
36,0.4605105063171132,0
91,0.3283963631396771,0
145,0.3201003099366428,1
69,0.4535581926622858,0
127,0.3262243872026969,1
124,0.4565650336886743,1
41,0.4568712145148203,0
83,0.3359206929404095,0
166,0.3243697738976571,1
145,0.4562716641081921,1
37,0.45365740311725977,0
50,0.33075520151716564,0
54,0.3222482701337514,0
131,0.3112689687572598,1
28,0.4438621105737983,0
90,0.32538375993393687,0
93,0.3143548565020782,0
94,0.30536007674186977,0
33,0.3001977373021086,0
153,0.2977314925161601,1
122,0.44339740397517946,1
148,0.4473914562245433,1
94,0.45638923165944756,0
164,0.33343312276684783,1
160,0.4682657328303357,1
114,0.46530617206269925,1
163,0.4691312045089894,1
90,0.4777993041988947,0
135,0.3499388365480848,1
172,0.47374989555689473,1
153,0.47127372259896155,1
106,0.4750716248467932,1
53,0.48370724887884653,0
112,0.3629653860015036,1
155,0.4848433559218227,1
108,0.49301152186021135,1
52,0.48618266162929863,0
162,0.3652844996504311,1
35,0.48631260188613545,0
29,0.35319921042934777,0
170,0.344379141000957,1
150,0.47928170503801093,1
113,0.47415164161937684,1
166,0.482340210016761,1
145,0.4920759161286534,1
39,0.49213691883674615,0
174,0.35941092252082185,1
127,0.49086021465139124,1
130,0.48193460244801145,1
46,0.4951377267980028,0
115,0.3664585179647215,1
71,0.4865044897690222,0
50,0.36202663511390837,0
80,0.3463307426601867,0
133,0.3333078729796583,1
55,0.46195306950244375,0
171,0.34362656112087897,1
151,0.4720132821493406,1
39,0.47123579695169854,0
104,0.345436669881649,0
136,0.4431926988045907,1
49,0.45724058708841453,0
158,0.339811115012664,1
78,0.4644428702560643,0
61,0.3438606243573935,0
132,0.3287301280283098,1
57,0.45597194178624667,0
67,0.3384682779767429,0
49,0.3238631001677514,0
80,0.31349316412839673,0
143,0.30714156918774893,1
58,0.4490101414630444,0
50,0.32617324038236917,0
56,0.31384402821384827,0
70,0.305636990535088,0
127,0.3010003850230631,1
91,0.44217729595353666,0
135,0.3248898453225971,1
168,0.45572645537499223,1
102,0.4570441890957555,0
76,0.45257303785066266,0
126,0.31994155530159574,1
49,0.45329710901498343,0
138,0.3351827264629383,1
31,0.45548550439577934,0
40,0.33661072643871065,0
133,0.3174888635348147,1
137,0.45001995512858506,1
102,0.4604805336549509,0
156,0.4469012696445651,1
144,0.4592413161055765,1
115,0.47057767223596303,1
125,0.46738602797846146,1
48,0.4814355648002513,0
64,0.3529899121893133,0
87,0.3393966788404906,0
38,0.3271339453721271,0
49,0.31853380174421253,0
63,0.31373638319908087,0
97,0.31144941685127264,0
91,0.31043264794472825,0
100,0.30998226190652167,0
120,0.4179584056077693,1
130,0.4514541160305575,1
108,0.46450230837758255,1
93,0.46113205324679085,0
208,0.3690279942917734,1
25,0.5410912219528685,0
43,0.33780766773277776,0
149,0.3222751879128915,1
78,0.460969243754523,0
54,0.3305551404026486,0
121,0.32138962414460004,1
57,0.4526559637954138,0
40,0.32877232540288115,0
142,0.3184648392366241,1
90,0.45167801851940825,0
70,0.3233227651210396,0
75,0.31534768654499057,0
161,0.3052782720256323,1
81,0.4433837121049742,0
144,0.32218453139525066,1
66,0.45242480946754415,0
43,0.3208322184741609,0
173,0.3151969516369272,1
90,0.45554359363380476,0
113,0.3171785705416318,1
159,0.4480201061469727,1
73,0.45797367709317405,0
167,0.3279679165073055,1
82,0.4654213023262398,0
30,0.32810051643813154,0
33,0.3272016063194594,0
107,0.3132206901073392,1
54,0.4421898557195495,0
61,0.3195303813181174,0
131,0.3104386694548785,1
83,0.4426921071622124,0
144,0.3135647678912348,1
125,0.45230804987560064,1
111,0.4443236768342271,1
33,0.460532618722735,0
73,0.3385709970653216,0
76,0.3262531328849354,0
144,0.31414698675559016,1
148,0.4533158302682573,1
97,0.4567984046833564,0
39,0.3216047966342284,0
84,0.31390419690358445,0
44,0.3045700071244181,0
123,0.29899967793363236,1
100,0.43675745189794,0
133,0.42639542799802627,1
107,0.4416389297357448,1
29,0.4512766054543712,0
159,0.3690712778325107,1
25,0.44337003790171625,0
62,0.32584587978201884,0
69,0.3153203283901895,0
84,0.3041847753789688,0
141,0.2973426202929844,1
165,0.4401641127032532,1
155,0.4373501392036776,1
170,0.44818250272174104,1
123,0.4480663915693929,1
59,0.44888094429454695,0
93,0.33465170121283294,0
94,0.32156887345849666,0
109,0.3125030233818577,1
160,0.447636737096921,1
37,0.4556933964110329,0
61,0.32710306264189026,0
54,0.3206189712935846,0
64,0.3115683870763895,0
52,0.30596788239051187,0
171,0.30315213453724055,1
159,0.44881073338035016,1
45,0.4508730073280657,0
111,0.3223575043812171,1
40,0.4611291518533904,0
167,0.3324338090482604,1
87,0.4624547522986394,0
69,0.3218054454008788,0
160,0.32136848198280477,1
172,0.4533669594174312,1
44,0.4498849462985268,0
158,0.3209769883022535,1
160,0.4646543719149636,1
88,0.4529508495576383,0
68,0.32252576863756,0
138,0.319980981395077,1
161,0.45523915117407265,1
70,0.4507929477330666,0
51,0.32064427136247037,0
165,0.31804147204129146,1
139,0.46621571563249603,1
89,0.45053837388171347,0
35,0.3311619914028772,0
37,0.31859118777203843,0
39,0.3085223860398542,0
71,0.302288090052076,0
148,0.29915665823903365,1
50,0.4551184795185174,0
187,0.369786308915846,1
169,0.4519876457473335,1
31,0.44877206768424815,0
52,0.3217929062550545,0
68,0.3099372761309932,0
164,0.30207950790620713,1
91,0.4407237365198957,0
36,0.3241014595383679,0
150,0.3108814357422439,1
63,0.443260942126262,0
61,0.3260011059837496,0
152,0.31261247136916553,1
49,0.44673224885709223,0
92,0.32101393851637827,0
137,0.31004943706375976,1
64,0.4452206130088095,0
108,0.31502459385772613,1
31,0.449856121939575,0
107,0.3206979616652742,1
166,0.45339470234477935,1
27,0.4489618296128983,0
137,0.3296395033182754,1
46,0.46196810981989084,0
135,0.33017804411744106,1
104,0.4591036758669168,0
62,0.4387788047744252,0
46,0.3091455530803681,0
73,0.3017248950476161,0
53,0.2930623501991324,0
144,0.28836629557909754,1
62,0.4329884763144751,0
150,0.3059200723023036,1
100,0.4466426626652694,0
62,0.4231570122883883,0
158,0.30012049605996144,1
145,0.452917334922632,1
43,0.44620347506587177,0
156,0.3196404709634345,1
131,0.4643749700637903,1
110,0.4555879583512201,1
131,0.4515326606561442,1
157,0.4663961577386315,1
127,0.47057382499043077,1
128,0.466541329858855,1
47,0.48110434138434466,0
153,0.3474566991718682,1
109,0.47655222170303657,1
52,0.4679631025091424,0
138,0.34725941895032886,1
100,0.47276192592604566,0
112,0.4594982854714364,1
31,0.46792825366318735,0
49,0.3483638135552447,0
50,0.3320605660829842,0
73,0.31930023092689536,0
83,0.30911007138280333,0
148,0.3030426998670008,1
70,0.4479167788919155,0
147,0.3293063867758407,1
68,0.46039805165003433,0
133,0.3208662803123454,1
87,0.45401118347550967,0
92,0.32610285718405774,0
52,0.31809662670151095,0
54,0.30520798311976516,0
114,0.29624536156278425,1
99,0.43086265049287814,0
125,0.3119493484150569,1
115,0.44474504928602104,1
158,0.4475659046703067,1
64,0.45805684886836406,0
126,0.33118692506655834,1
36,0.45964171606606374,0
27,0.3275938873550548,0
128,0.3202656721173456,1
159,0.4476805854914291,1
139,0.44978009921339707,1
102,0.4470504520608891,0
127,0.44513789347184685,1
46,0.45341763075499686,0
59,0.3340719289121802,0
155,0.3191867522668627,1
66,0.4545727650908974,0
194,0.37102615985037946,1
125,0.44863485371633793,1
92,0.44204385906501076,0
53,0.323354146732742,0
125,0.31273829492985983,1
131,0.44021622861967336,1
125,0.44924054916214406,1
48,0.44818501041100234,0
67,0.329412875793865,0
65,0.31773044769014713,0
127,0.3070492790015068,1
149,0.44631012209685417,1
107,0.45014307634444894,1
120,0.45329889257956363,1
96,0.4604220314826525,0
141,0.3388068980615528,1
47,0.4653509263785548,0
100,0.33727199210013303,0
143,0.43495957337503705,1
125,0.4587493498895348,1
144,0.46097074396683335,1
31,0.46569692558884446,0
90,0.3386068557370006,0
58,0.3264141719383301,0
59,0.3156223159852834,0
148,0.3091175823829929,1
40,0.45260299109010366,0
189,0.3714704910509883,1
135,0.4486457662250114,1
79,0.451888717823506,0
232,0.3708515610602563,1
101,0.5374565012309732,0
52,0.4298388769825014,0
56,0.3072176317284426,0
105,0.29967561167998064,1
114,0.43585067458006943,1
169,0.44766101951643167,1
157,0.5082024273298433,1
167,0.45021981249279586,1
34,0.4613222357730687,0
31,0.3296211672972347,0
159,0.32084813122925665,1
91,0.45984949655919927,0
120,0.3269031073370937,1
171,0.46346134470391753,1
135,0.4521232658370362,1
136,0.46876390271180635,1
126,0.4735439594471275,1
