Timestep: 0 State: 2 Beliefs: [0.125, 0.125, 0.125, 0.125, 0.125, 0.125, 0.125, 0.125]
Timestep: 1 State: 4 Beliefs: [0.099626400996264, 0.07845579078455792, 0.199252801992528, 0.15691158156911583, 0.08685378548392246, 0.06839735606858895, 0.17370757096784492, 0.1367947121371779]
Timestep: 2 State: 5 Beliefs: [0.07448010421101889, 0.12413350701836483, 0.08937612505322268, 0.14896020842203778, 0.10996275467832436, 0.15516688377295604, 0.11172015631652835, 0.1862002605275472]
Timestep: 3 State: 5 Beliefs: [0.06371177699434975, 0.10618629499058294, 0.05734059929491477, 0.09556766549152464, 0.1377760703193569, 0.2336010633363921, 0.11468119858982954, 0.19113533098304927]
Timestep: 4 State: 2 Beliefs: [0.07295173961840629, 0.12906846240179573, 0.09118967452300787, 0.16133557800224468, 0.08754208754208756, 0.1548821548821549, 0.10942760942760946, 0.1936026936026936]
Timestep: 5 State: 5 Beliefs: [0.13178954924808334, 0.10378427003286562, 0.15814745909770003, 0.12454112403943877, 0.1245649323985772, 0.11072620808941923, 0.13787214382876412, 0.10857431326515174]
Timestep: 6 State: 2 Beliefs: [0.07229479789544282, 0.1279061808919373, 0.09937365237177175, 0.15988272611492166, 0.0867537574745314, 0.1534874170703248, 0.10844219684316425, 0.19185927133790595]
Timestep: 7 State: 5 Beliefs: [0.09713671116512962, 0.07649516004253959, 0.19427342233025924, 0.15299032008507918, 0.08901224817963428, 0.08734938839937081, 0.16936657331355934, 0.133376176484428]
Timestep: 8 State: 5 Beliefs: [0.05226425033224179, 0.08710708388706964, 0.06271710039869015, 0.10452850066448358, 0.11033003065028231, 0.2485618319408852, 0.1254342007973803, 0.20905700132896715]
Timestep: 9 State: 2 Beliefs: [0.07073374119646732, 0.12514431134759602, 0.11882081640247062, 0.15643038918449503, 0.08488048943576078, 0.1501731736171152, 0.10610061179470097, 0.187716467021394]
Timestep: 10 State: 5 Beliefs: [0.09637153574229806, 0.07589258439705973, 0.19274307148459613, 0.15178516879411946, 0.08686901045593917, 0.09598067606249189, 0.1680324212942633, 0.13232553176923237]
Timestep: 11 State: 4 Beliefs: [0.08702746271395237, 0.14504577118992062, 0.07832471644255715, 0.13054119407092857, 0.11137854762281849, 0.2714516959640692, 0.09790589555319644, 0.07832471644255715]
Timestep: 12 State: 4 Beliefs: [0.07045206512423575, 0.12464596137364788, 0.12232985024077082, 0.15580745171705984, 0.08454247814908292, 0.14957515364837745, 0.10567809768635364, 0.1869689420604718]
Timestep: 13 State: 5 Beliefs: [0.07094618885937927, 0.11824364809896545, 0.08513542663125512, 0.14189237771875854, 0.1016895673993505, 0.19830803585477394, 0.10641928328906891, 0.17736547214844817]
Timestep: 14 State: 1 Beliefs: [0.08729120367910637, 0.1454853394651773, 0.07856208331119573, 0.13093680551865958, 0.12948824860976862, 0.25147163196590216, 0.09820260413899468, 0.07856208331119573]
Timestep: 15 State: 0 Beliefs: [0.06988110525380858, 0.12363580160289211, 0.11920339726971939, 0.15454475200361517, 0.0940966216614431, 0.14836296192347054, 0.10482165788071289, 0.18545370240433817]
Timestep: 16 State: 4 Beliefs: [0.10632984393099724, 0.09446886165489062, 0.12759581271719672, 0.10048170251479241, 0.14435036914711208, 0.14167651599502465, 0.15949476589649586, 0.1256021281434905]
Timestep: 17 State: 2 Beliefs: [0.07658011432555742, 0.12447657000369002, 0.10588669494735195, 0.15559571250461252, 0.09583968594482714, 0.149371884004428, 0.10553448326399806, 0.186714855005535]
Timestep: 18 State: 5 Beliefs: [0.09513528370925964, 0.08465649935629434, 0.19027056741851928, 0.14983807184208395, 0.09611734969792386, 0.0874772604153932, 0.16587690492896554, 0.13062806263156035]
Timestep: 19 State: 5 Beliefs: [0.0692455356593346, 0.12423498337842379, 0.0830946427912015, 0.1384910713186692, 0.09900184381842116, 0.20894978039661147, 0.10386830348900189, 0.17311383914833647]
Timestep: 20 State: 2 Beliefs: [0.06938382303505676, 0.1097776060469195, 0.07541571839552494, 0.09570355398962213, 0.1305703522106552, 0.219555212093839, 0.10818662624913807, 0.19140710797924426]
Timestep: 21 State: 4 Beliefs: [0.0973621237304721, 0.07112001332367127, 0.25388541415178184, 0.14224002664734253, 0.08478137138839463, 0.06400801199130414, 0.1585870147844252, 0.12801602398260828]
Timestep: 22 State: 2 Beliefs: [0.0744950376140558, 0.12348434494521299, 0.10195521064962158, 0.1543554311815162, 0.10760899528222924, 0.14818121393425557, 0.10469324897528927, 0.18522651741781945]
Timestep: 23 State: 5 Beliefs: [0.0951102359180795, 0.08047002976339379, 0.190220471836159, 0.14979862157097523, 0.09270890155910387, 0.09526483740760763, 0.16583323185716425, 0.13059367008751688]
Timestep: 24 State: 5 Beliefs: [0.05090824318856488, 0.08892027385073112, 0.061089891826277845, 0.10181648637712976, 0.1142688059083244, 0.25718354244215685, 0.12217978365255569, 0.2036329727542595]
Timestep: 25 State: 2 Beliefs: [0.08996729041610065, 0.14654722246553456, 0.11128839304346803, 0.12775911702123527, 0.10861635986383035, 0.17585666695864147, 0.08665400980570738, 0.1533109404254823]
Timestep: 26 State: 2 Beliefs: [0.10022610857451551, 0.07087491628641351, 0.24772101477642286, 0.14174983257282703, 0.09002536884351693, 0.06378742465777217, 0.15804048497298775, 0.12757484931554433]
Timestep: 27 State: 2 Beliefs: [0.09374190803817384, 0.07083560054301923, 0.25305573219047034, 0.14167120108603845, 0.09148661994290629, 0.0637520404887173, 0.15795281673323988, 0.1275040809774346]
Timestep: 28 State: 2 Beliefs: [0.09210339447429364, 0.06956240077382812, 0.270852598559118, 0.13912480154765625, 0.08542455127800823, 0.06260616069644531, 0.15511377127776, 0.12521232139289062]
Timestep: 29 State: 0 Beliefs: [0.09162768301436178, 0.06928343355420667, 0.27712078794365846, 0.13856686710841334, 0.08184424176809892, 0.06235509019878601, 0.15449171601490264, 0.12471018039757202]
Timestep: 30 State: 5 Beliefs: [0.09053599983934621, 0.12172963760140935, 0.11797785129911519, 0.15216204700176172, 0.08571888042032372, 0.14607556512169123, 0.10320556231423839, 0.18259445640211405]
Timestep: 31 State: 5 Beliefs: [0.06920900271192225, 0.11979236881591047, 0.0830508032543067, 0.1384180054238445, 0.09609738702934792, 0.21659642191697923, 0.10381350406788338, 0.1730225067798056]
Timestep: 32 State: 2 Beliefs: [0.08099907456720774, 0.12018741727772818, 0.12822239505058852, 0.1502342715971602, 0.08418980572355038, 0.15398788217518586, 0.10189802769198693, 0.18028112591659223]
Timestep: 33 State: 5 Beliefs: [0.09524224487181772, 0.07632125453612416, 0.19048448974363544, 0.1500065356731129, 0.09051719949097618, 0.10058994583383496, 0.16606340131496422, 0.13077492853553432]
Timestep: 34 State: 0 Beliefs: [0.10187744406351053, 0.1446509917779349, 0.09912988076245273, 0.12610599283204582, 0.10169195140171768, 0.18968378740823494, 0.08553276035564845, 0.15132719139845496]
Timestep: 35 State: 2 Beliefs: [0.09528003398708305, 0.1198268790428043, 0.11140818084211633, 0.1497835988035054, 0.0841575118589355, 0.1582111229302757, 0.10159235397107322, 0.17974031856420644]
Timestep: 36 State: 4 Beliefs: [0.09526201704131276, 0.07637222853692592, 0.19052403408262553, 0.1500376768400676, 0.09155075977872536, 0.09935333060825151, 0.1660978758669043, 0.13080207724518716]
Timestep: 37 State: 5 Beliefs: [0.10439666885737493, 0.08314725019713672, 0.12527600262884994, 0.09865485207021933, 0.1657057201942676, 0.14290593767831494, 0.15659500328606243, 0.12331856508777414]
Timestep: 38 State: 2 Beliefs: [0.08959641502816754, 0.11917715732934839, 0.1258291446782787, 0.1489714466616855, 0.08539536880914274, 0.15122322854621148, 0.10104150295314321, 0.17876573599402257]
Timestep: 39 State: 5 Beliefs: [0.0950221287667213, 0.07612177471049217, 0.1900442575334426, 0.14965985280758606, 0.10013779280986614, 0.09286189204894367, 0.1656796091317192, 0.1304726921912289]
Timestep: 40 State: 2 Beliefs: [0.08782829372581334, 0.12012858166447409, 0.12352768990565599, 0.1501607270805926, 0.08470901469066655, 0.15160467511185813, 0.10184814532422805, 0.18019287249671115]
Timestep: 41 State: 5 Beliefs: [0.09499329654731456, 0.07610483261252457, 0.18998659309462912, 0.14961444206202043, 0.095590463914861, 0.09764793086285319, 0.16562933756967668, 0.13043310333612038]
Timestep: 42 State: 2 Beliefs: [0.07699065192740813, 0.10724211743142645, 0.07816337320884714, 0.093493128017141, 0.12587176213588724, 0.22556482739954428, 0.10568788384546374, 0.186986256034282]
Timestep: 43 State: 2 Beliefs: [0.1012526907030413, 0.0681070755331089, 0.2769590684550285, 0.1362141510662178, 0.07911768787133745, 0.06388797720799143, 0.15186861320367864, 0.12259273595959602]
Timestep: 44 State: 2 Beliefs: [0.10216284369023139, 0.06798056662383878, 0.27715117303629144, 0.13596113324767756, 0.07820044221280432, 0.06459230404831365, 0.151586517217933, 0.12236501992290978]
Timestep: 45 State: 2 Beliefs: [0.09545908032452137, 0.06763098906643852, 0.2873578085699755, 0.13526197813287705, 0.07745991020995821, 0.06428744193595468, 0.1508070114406853, 0.12173578031958934]
Timestep: 46 State: 5 Beliefs: [0.09231623557080715, 0.06765914136039326, 0.2906595258793082, 0.13531828272078653, 0.0773098762616736, 0.06408069690395383, 0.15086978685436947, 0.12178645444870789]
Timestep: 47 State: 2 Beliefs: [0.07191842898373468, 0.11732996377712603, 0.12175193282166083, 0.14666245472140754, 0.08147480393337056, 0.18539206602510014, 0.0994754040719112, 0.17599494566568905]
Timestep: 48 State: 2 Beliefs: [0.096925820282654, 0.0694193750474094, 0.26392905618821205, 0.1388387500948188, 0.07929496352090792, 0.07184231452569127, 0.15479484525496962, 0.12495487508533693]
Timestep: 49 State: 2 Beliefs: [0.09123548323210715, 0.0683647861774577, 0.27717164711298387, 0.1367295723549154, 0.07806262161957753, 0.07293600490723352, 0.15244326947630119, 0.12305661511942385]
Timestep: 50 State: 2 Beliefs: [0.09010423869573359, 0.06775669404217986, 0.28822110011114477, 0.13551338808435973, 0.07732926370224813, 0.06802595131375841, 0.1510873147746518, 0.12196204927592375]
Timestep: 51 State: 2 Beliefs: [0.08983756610588371, 0.0677176397782246, 0.29118724893753173, 0.1354352795564492, 0.07725683448788942, 0.06567344993819085, 0.1510002295950262, 0.12189175160080429]
Timestep: 52 State: 2 Beliefs: [0.08985422230968744, 0.06779287011999667, 0.29153225846980235, 0.13558574023999334, 0.07733438021357203, 0.06470538040218532, 0.1511679820287687, 0.12202716621599402]
Timestep: 53 State: 4 Beliefs: [0.08989769772066074, 0.06784656670500318, 0.2914220863586499, 0.13569313341000636, 0.0773942966686436, 0.06433468166911288, 0.15128771739891753, 0.12212382006900573]
Timestep: 54 State: 2 Beliefs: [0.10700782748803608, 0.08076803994942662, 0.18318134558677332, 0.10096004993678326, 0.15499465600475518, 0.1018521259801809, 0.15008389512990467, 0.1211520599241399]
Timestep: 55 State: 0 Beliefs: [0.09185496159358388, 0.06838876920518891, 0.27144045306162745, 0.13677753841037782, 0.09070158886050379, 0.06524015625079267, 0.15249674804858543, 0.12309978456934004]
Timestep: 56 State: 2 Beliefs: [0.0886844806918029, 0.11935944582261317, 0.11904279209513256, 0.14919930727826647, 0.09289389611832233, 0.15058485736685787, 0.10119605189308509, 0.17903916873391973]
Timestep: 57 State: 4 Beliefs: [0.09503229336933436, 0.07612769646509102, 0.19006458673866872, 0.14967586205670164, 0.09297311257964849, 0.0999424677894637, 0.16569733202858297, 0.1304866489725091]
Timestep: 58 State: 0 Beliefs: [0.12539397776770914, 0.08105062281736607, 0.18666383115289525, 0.10131327852170757, 0.1333098231660275, 0.10008353920254277, 0.1506089931457026, 0.12157593422604908]
Timestep: 59 State: 2 Beliefs: [0.136688303701856, 0.0801051774546109, 0.18311340178012653, 0.10013147181826362, 0.13111443549455487, 0.09983728546271566, 0.1488521581059561, 0.12015776618191636]
Timestep: 60 State: 4 Beliefs: [0.11636965246336144, 0.06850695974072973, 0.25528990115013167, 0.13701391948145947, 0.08395226056972621, 0.06279448375881481, 0.15276029530246302, 0.12331252753331352]
Timestep: 61 State: 2 Beliefs: [0.0862498547143819, 0.11909700745187617, 0.11563217736068108, 0.1488712593148452, 0.1053766168544143, 0.14515402332983116, 0.10097354979615589, 0.17864551117781424]
Timestep: 62 State: 4 Beliefs: [0.10583976509841196, 0.0691531578932966, 0.2573721733345421, 0.1383063157865932, 0.08770749313869185, 0.06294418980532863, 0.15420122073520168, 0.12447568420793388]
Timestep: 63 State: 0 Beliefs: [0.07951245783319272, 0.11900482782895125, 0.11693705010353568, 0.14875603478618907, 0.11157771091831988, 0.14480927927923024, 0.10089539750715433, 0.17850724174342686]
Timestep: 64 State: 2 Beliefs: [0.08679812561288713, 0.12007105373053233, 0.1200869934554821, 0.15008881716316538, 0.0954711662527379, 0.14557789154829337, 0.10179937164110349, 0.18010658059579845]
Timestep: 65 State: 5 Beliefs: [0.09498555775962812, 0.07604507173890629, 0.18997111551925625, 0.1496022534714143, 0.10022762699728723, 0.0931300528293335, 0.16561584429883877, 0.13042247738533555]
Timestep: 66 State: 2 Beliefs: [0.07436972287962962, 0.10604982061845257, 0.07117584569582684, 0.09245368976993301, 0.15334510119067515, 0.21318557360917087, 0.10451286669644601, 0.18490737953986602]
Timestep: 67 State: 0 Beliefs: [0.11054993818271344, 0.0685535519622083, 0.26098552966199096, 0.1371071039244166, 0.08460059296380479, 0.061942700770593724, 0.1528641890022973, 0.12339639353197494]
Timestep: 68 State: 0 Beliefs: [0.1432458274782315, 0.0808735493082205, 0.16569015173442342, 0.10109193663527562, 0.13988957381474662, 0.09761868350149616, 0.1502799535652754, 0.12131032396233073]
Timestep: 69 State: 2 Beliefs: [0.11979107084867326, 0.13725984985407813, 0.12856489558854245, 0.17157481231759766, 0.07720156067073496, 0.12391111858601873, 0.08727936104851707, 0.15441733108583786]
Timestep: 70 State: 5 Beliefs: [0.09505259290689298, 0.07591293538232305, 0.19010518581378597, 0.14970783382835645, 0.09842861923952607, 0.09454558493596565, 0.1657327260940698, 0.13051452179908]
Timestep: 71 State: 2 Beliefs: [0.0971406653478405, 0.12048724585614802, 0.11268827110933766, 0.150609057320185, 0.09144233785534292, 0.1447493235445375, 0.10215223018238637, 0.180730868784222]
Timestep: 72 State: 1 Beliefs: [0.09511275491571675, 0.07614001021936226, 0.1902255098314335, 0.14980258899225388, 0.09364676153316592, 0.09863762168741731, 0.16583762395560867, 0.13059712886504185]
Timestep: 73 State: 4 Beliefs: [0.09674409068439797, 0.12050246964659793, 0.11298703264593601, 0.1506280870582474, 0.0914518109670095, 0.14476766721884213, 0.10216513730907216, 0.18075370446989686]
Timestep: 74 State: 4 Beliefs: [0.06943079793106079, 0.12918400722717815, 0.08331695751727293, 0.13886159586212157, 0.09661892433596125, 0.20486452540216218, 0.10414619689659117, 0.17357699482765193]
Timestep: 75 State: 2 Beliefs: [0.12977917135321926, 0.08049147602308868, 0.18171487817019627, 0.10061434502886082, 0.14042441333694433, 0.09666852048776582, 0.14956998156529164, 0.12073721403463301]
Timestep: 76 State: 0 Beliefs: [0.15500362433363266, 0.09084519695725943, 0.20918957061451368, 0.11355649619657428, 0.12070937542275778, 0.08188787100455303, 0.1266070188937925, 0.10220084657691683]
Timestep: 77 State: 0 Beliefs: [0.10025303969205451, 0.11800192453464738, 0.12280008159181786, 0.14750240566830922, 0.09253327834404727, 0.14186127343560379, 0.10004510993154886, 0.17700288680197104]
Timestep: 78 State: 4 Beliefs: [0.1049373196379872, 0.0929642615395546, 0.12592478356558467, 0.09916576705789792, 0.1575002718109472, 0.13814440810867537, 0.15740597945698082, 0.12395720882237239]
Timestep: 79 State: 5 Beliefs: [0.09688035032640885, 0.11882487704355787, 0.12306629454134654, 0.14853109630444736, 0.0910434614142173, 0.14267377426775577, 0.10074283053692952, 0.1782373155653368]
Timestep: 80 State: 4 Beliefs: [0.06933986258659289, 0.13012193024799343, 0.08320783510391146, 0.13867972517318577, 0.10777125221224394, 0.193519944329701, 0.10400979387988933, 0.17334965646648218]
Timestep: 81 State: 2 Beliefs: [0.08721041985710935, 0.11881980411762698, 0.1174315829386746, 0.14852475514703375, 0.0925573233045602, 0.15648787888056645, 0.10073852957798811, 0.1782297061764405]
Timestep: 82 State: 5 Beliefs: [0.09440139239532269, 0.0826399937904191, 0.18880278479064538, 0.14868219302263327, 0.1122757350241336, 0.0789802280114234, 0.16459729956107544, 0.12962037340434693]
Timestep: 83 State: 5 Beliefs: [0.06907145197440934, 0.12628332809769793, 0.08288574236929122, 0.13814290394881867, 0.11418080416821408, 0.1931499615439313, 0.10360717796161402, 0.17267862993602334]
Timestep: 84 State: 2 Beliefs: [0.07672251301750534, 0.10563023634010682, 0.07682767293851261, 0.09208789834778544, 0.13672447679399422, 0.22373204251685425, 0.10409936334967049, 0.18417579669557088]
Timestep: 85 State: 0 Beliefs: [0.10779865885731695, 0.06805735522180077, 0.2628126528652141, 0.13611471044360154, 0.08534357552868846, 0.0656120633537332, 0.15175774433040354, 0.12250323939924142]
Timestep: 86 State: 2 Beliefs: [0.15725434350363468, 0.08054271923377357, 0.15831186548457218, 0.10067839904221695, 0.13177539516091472, 0.1009579965659469, 0.14966520215828072, 0.12081407885066034]
Timestep: 87 State: 2 Beliefs: [0.11793618183162241, 0.0680990937529682, 0.25440347124647256, 0.1361981875059364, 0.0834200022728493, 0.0655138796095329, 0.15185081502527537, 0.12257836875534277]
Timestep: 88 State: 2 Beliefs: [0.14427364480526955, 0.0915128907195684, 0.2234114237463792, 0.11439111339946051, 0.11000265425616253, 0.08591871622350063, 0.12753755479014475, 0.10295200205951444]
Timestep: 89 State: 2 Beliefs: [0.10069601249165368, 0.06625652755021565, 0.2895936340614367, 0.1325130551004313, 0.08084669969109337, 0.06309015411176304, 0.14774216740301815, 0.11926174959038816]
Timestep: 90 State: 2 Beliefs: [0.09521528113307563, 0.06694794129615131, 0.29177280247452475, 0.13389588259230262, 0.07959262114754743, 0.0627852601629525, 0.1492839168603732, 0.12050629433307236]
Timestep: 91 State: 0 Beliefs: [0.09314146813988262, 0.06716457804538671, 0.2920559336557755, 0.13432915609077342, 0.0797071192972985, 0.06293851981186226, 0.14976698447732495, 0.12089624048169606]
Timestep: 92 State: 4 Beliefs: [0.13722586756479632, 0.08038607711397644, 0.18442280267147904, 0.10048259639247055, 0.12709383152941114, 0.10043558068839338, 0.14937412836850844, 0.12057911567096465]
Timestep: 93 State: 2 Beliefs: [0.08519937917210572, 0.11798392226300151, 0.12523894862375853, 0.1474799028287519, 0.09615931003197553, 0.15093280654988164, 0.10002984713602302, 0.17697588339450224]
Timestep: 94 State: 0 Beliefs: [0.09423717339085688, 0.07907809831764791, 0.18847434678171376, 0.14842354809059963, 0.10618991150103926, 0.08989106484997197, 0.16431096898918637, 0.12939488807898428]
Timestep: 95 State: 4 Beliefs: [0.12048633009609455, 0.08512846626795681, 0.12396489125918182, 0.09762235186660569, 0.1657210294438792, 0.13009287715904766, 0.15495611407397727, 0.12202793983325709]
Timestep: 96 State: 0 Beliefs: [0.08082700013413258, 0.11812271523612013, 0.13300915688817327, 0.14765339404515015, 0.09537174846054189, 0.1476843929423827, 0.10014751943931924, 0.17718407285418017]
Timestep: 97 State: 5 Beliefs: [0.07770036203730901, 0.11996907538626997, 0.08347543232395813, 0.1391257205399302, 0.11164519203580996, 0.18983277659686223, 0.10434429040494766, 0.17390715067491272]
Timestep: 98 State: 2 Beliefs: [0.08589589427207163, 0.11964423149774643, 0.1228495594522288, 0.14955528937218307, 0.09588784538939339, 0.1452633321521025, 0.1014375006176546, 0.17946634724661964]
Timestep: 99 State: 5 Beliefs: [0.10435806676017548, 0.07657496216011377, 0.1883942045310899, 0.1483604360682333, 0.0995705791506328, 0.08916078260213971, 0.16424110138607836, 0.1293398673415367]
Timestep: 100 State: 2 Beliefs: [0.09094069922782606, 0.12011639093865586, 0.11623100056123999, 0.1501454886733198, 0.09490026492145023, 0.14565375956066384, 0.1018378097088604, 0.18017458640798378]
Timestep: 101 State: 5 Beliefs: [0.09976313382635077, 0.07566213002870173, 0.18855473477968296, 0.14848685363900035, 0.0997431720618873, 0.09395884729937076, 0.16438105083356977, 0.1294500775314362]
Timestep: 102 State: 2 Beliefs: [0.09084733186234155, 0.1201279114199346, 0.11665340822136672, 0.15015988927491827, 0.0945027811155382, 0.1456692339025758, 0.10184757707342283, 0.1801918671299019]
Timestep: 103 State: 4 Beliefs: [0.09709660302195666, 0.0751918845193197, 0.18885560736356194, 0.14872379079880504, 0.09977709613311626, 0.09605503002168955, 0.16464335000925912, 0.12965663813229156]
Timestep: 104 State: 2 Beliefs: [0.09080941991202632, 0.12014330887220863, 0.11682256975885202, 0.1501791360902608, 0.09428232708615014, 0.14568764353705593, 0.10186063143513341, 0.1802149633083129]
Timestep: 105 State: 5 Beliefs: [0.09553286437773338, 0.07485513568409524, 0.18882341035375483, 0.14869843565358193, 0.1081921657072859, 0.08964817375561435, 0.16461528082122215, 0.12963453364671246]
Timestep: 106 State: 0 Beliefs: [0.10574447193784062, 0.14403396066927251, 0.10199246392550917, 0.12556806827577607, 0.11289038872044455, 0.1739210573618735, 0.08516790717835244, 0.15068168193093126]
Timestep: 107 State: 0 Beliefs: [0.14100386109466032, 0.07976889016266289, 0.16915454737189933, 0.09971111270332861, 0.14612369347456108, 0.09635729390036327, 0.1482272660485303, 0.11965333524399434]
Timestep: 108 State: 2 Beliefs: [0.17135235128066978, 0.09093317967784909, 0.19597781928363883, 0.11366647459731136, 0.11650157323334503, 0.08253913818633482, 0.12672963660327102, 0.10229982713758022]
Timestep: 109 State: 2 Beliefs: [0.16476262251077978, 0.09012416369417152, 0.20976375476975243, 0.11265520461771439, 0.11403625772927324, 0.08166616647843639, 0.12560214604392933, 0.10138968415594295]
Timestep: 110 State: 5 Beliefs: [0.11501561775710624, 0.06677904701856517, 0.2706948001240479, 0.13355809403713034, 0.08433766943374979, 0.06050517916652609, 0.14890730782945727, 0.12020228463341733]
Timestep: 111 State: 2 Beliefs: [0.08360233857131281, 0.11677776850182399, 0.11731044978547903, 0.14597221062728, 0.08672818137747904, 0.175435159871473, 0.09900723851241601, 0.175166652752736]
Timestep: 112 State: 2 Beliefs: [0.10840736940076877, 0.06878521226491711, 0.25235813105555555, 0.13757042452983423, 0.08686912180803333, 0.06881560196286686, 0.15338075690117337, 0.1238133820768508]
Timestep: 113 State: 0 Beliefs: [0.10164465738799137, 0.06761442249910063, 0.27135257032213783, 0.13522884499820126, 0.08256670793837441, 0.06911676588766963, 0.15077007046814378, 0.12170596049838113]
Timestep: 114 State: 5 Beliefs: [0.09585357353451252, 0.11808886788100609, 0.12169579828115715, 0.1476110848512576, 0.08747923971511429, 0.15201931114676426, 0.10011882276867907, 0.1771333018215091]
Timestep: 115 State: 1 Beliefs: [0.06928345969245299, 0.11533134841789008, 0.08257164769391928, 0.1376194128231988, 0.1093785883423848, 0.21057671738375655, 0.10321455961739912, 0.1720242660289985]
Timestep: 116 State: 2 Beliefs: [0.0886339010941044, 0.11818493937754587, 0.12391718020504877, 0.14773117422193233, 0.08966521689563253, 0.15438990444975878, 0.10020027468965846, 0.17727740906631878]
Timestep: 117 State: 5 Beliefs: [0.09490740607472707, 0.08459720719649114, 0.1884940592111634, 0.1484390716287912, 0.10114110727216756, 0.08868457301259665, 0.1643281541840912, 0.12940842141997183]
Timestep: 118 State: 5 Beliefs: [0.06890185074359603, 0.12348821861094772, 0.0822655110260733, 0.13710918504345548, 0.1039572590621798, 0.21005960542683683, 0.10283188878259163, 0.17138648130431935]
Timestep: 119 State: 2 Beliefs: [0.08641580449818531, 0.11778926953441468, 0.13239798081918172, 0.14723658691801836, 0.08579610383654628, 0.15381553461720177, 0.09986481547482984, 0.176683904301622]
Timestep: 120 State: 4 Beliefs: [0.0946177768460566, 0.08006853598677731, 0.18856487180728868, 0.14849483654823986, 0.0970232964334349, 0.0973837571451778, 0.16438988824225167, 0.1294570369907732]
Timestep: 121 State: 4 Beliefs: [0.05820231960952302, 0.10160197945838652, 0.052271660844648106, 0.08711943474108018, 0.15612864944107094, 0.2658937647338345, 0.10454332168929621, 0.17423886948216036]
Timestep: 122 State: 2 Beliefs: [0.08229156682586251, 0.1169229184858384, 0.1451149513446133, 0.14615364810729803, 0.08419149083641962, 0.15081074621582577, 0.09913030045538473, 0.17538437772875762]
Timestep: 123 State: 5 Beliefs: [0.09414471806939886, 0.0796775331744921, 0.18798358893132522, 0.1480370762834186, 0.10886709111085609, 0.08834889967919395, 0.16388312881192457, 0.12905796393939062]
Timestep: 124 State: 5 Beliefs: [0.050527428255445414, 0.08790719222934351, 0.0605668043324831, 0.10094467388747184, 0.13272381963158653, 0.2443071252237598, 0.1211336086649662, 0.2018893477749437]
Timestep: 125 State: 0 Beliefs: [0.07946123666448876, 0.1181076435439178, 0.14242017911965027, 0.14763455442989723, 0.08432173937428397, 0.15075844028638977, 0.10013474126549553, 0.17716146531587668]
Timestep: 126 State: 4 Beliefs: [0.1035462081870598, 0.0844861895130113, 0.12415326543227015, 0.09777069652791275, 0.16107831188094718, 0.15156037600857022, 0.15519158179033768, 0.12221337065989092]
Timestep: 127 State: 0 Beliefs: [0.06759173279044788, 0.08704148555473482, 0.09522150764309752, 0.10880185694341851, 0.10421987328438212, 0.19652642639582646, 0.1229934035012557, 0.21760371388683702]
Timestep: 128 State: 0 Beliefs: [0.09713719549780246, 0.11922578749193176, 0.11429101390599444, 0.1490322343649147, 0.08524703831153956, 0.15514531631632525, 0.10108273287359432, 0.17883868123789762]
Timestep: 129 State: 5 Beliefs: [0.10329363395195171, 0.08437965031092767, 0.12387047870416182, 0.09754800197952744, 0.1681136072687028, 0.14602152693011697, 0.15483809838020227, 0.12193500247440929]
Timestep: 130 State: 4 Beliefs: [0.10523724324568658, 0.11781728511535526, 0.1151172118041292, 0.14727160639419407, 0.08413254391581618, 0.15380961403659327, 0.09988856781519251, 0.17672592767303288]
Timestep: 131 State: 4 Beliefs: [0.06842729523560953, 0.11826940934700388, 0.08205805394134888, 0.13676342323558144, 0.10637585505743188, 0.21457911671186145, 0.1025725674266861, 0.17095427904447683]
Timestep: 132 State: 4 Beliefs: [0.0943155273531619, 0.11835758215127118, 0.1099147308081892, 0.147946977689089, 0.10134390163472602, 0.1502382613997087, 0.1003466457369473, 0.17753637322690677]
Timestep: 133 State: 0 Beliefs: [0.06864479533146058, 0.11854249264684794, 0.08232143205431183, 0.1372023867571864, 0.10892969823683307, 0.20995442145898738, 0.10290179006788981, 0.171502983446483]
Timestep: 134 State: 2 Beliefs: [0.0906454283161044, 0.11819336703285246, 0.10708307987095084, 0.1477417087910656, 0.10885551376801826, 0.14998343179605056, 0.10020741987567928, 0.1772900505492787]
Timestep: 135 State: 0 Beliefs: [0.15086423078916483, 0.09172208503625524, 0.19180397831224366, 0.11465260629531905, 0.13299476331650087, 0.08694589073009731, 0.12782909985463184, 0.10318734566578715]
Timestep: 136 State: 0 Beliefs: [0.09983420683733837, 0.11664854389220157, 0.11414902011719684, 0.14581067986525195, 0.09967833696020173, 0.15000871797220586, 0.09889767851730134, 0.17497281583830232]
Timestep: 137 State: 2 Beliefs: [0.14316045823323617, 0.07973079973793348, 0.15808018360723894, 0.09966349967241686, 0.15292918500812355, 0.09868318805396097, 0.14815648608018983, 0.11959619960690022]
Timestep: 138 State: 2 Beliefs: [0.12475016671580631, 0.06839466309765123, 0.23355951784892945, 0.13678932619530246, 0.0972573794955804, 0.06362866252186697, 0.15250989054909095, 0.12311039357577222]
Timestep: 139 State: 2 Beliefs: [0.11211235367209879, 0.06827181106094858, 0.2549651114031008, 0.13654362212189716, 0.09006294370749449, 0.06291894928138392, 0.15223594884336894, 0.12288925990970745]
Timestep: 140 State: 2 Beliefs: [0.14020238314245909, 0.09057857488608138, 0.22619902456218696, 0.11322321860760173, 0.11877061028743151, 0.0828898525138478, 0.12623543925355, 0.10190089674684154]
Timestep: 141 State: 2 Beliefs: [0.10325272038020372, 0.06663353077903857, 0.2757214524827036, 0.13326706155807713, 0.09177071427711615, 0.060831336786436686, 0.14858282833415465, 0.11994035540226941]
Timestep: 142 State: 0 Beliefs: [0.09838173185519997, 0.0675212996827547, 0.27721227368572277, 0.1350425993655094, 0.08838318665435493, 0.06135814884087963, 0.15056242048662016, 0.12153833942895846]
Timestep: 143 State: 4 Beliefs: [0.0956545035580529, 0.11919063438653765, 0.11739830657588708, 0.1489882929831721, 0.09469881667176257, 0.1442305650909775, 0.10105292915380368, 0.17878595157980648]
Timestep: 144 State: 4 Beliefs: [0.07473418015378075, 0.1187442724496108, 0.08258180324407889, 0.13763633874013148, 0.10152504281568352, 0.2095056851164516, 0.10322725405509861, 0.17204542342516432]
Timestep: 145 State: 5 Beliefs: [0.08730542604845756, 0.11886678978116155, 0.10925208791080993, 0.14858348722645195, 0.11377779945261185, 0.1431358596595192, 0.10077836524924567, 0.1783001846717423]
Timestep: 146 State: 4 Beliefs: [0.0726458944622855, 0.11859028438315161, 0.08249012506463424, 0.1374835417743904, 0.10761096661606055, 0.20621210415069693, 0.10311265633079282, 0.171854427217988]
Timestep: 147 State: 0 Beliefs: [0.08512285472285974, 0.11796684051196844, 0.1072065680627943, 0.14745855063996055, 0.10969460952783482, 0.15558495098474323, 0.10001536478188629, 0.17695026076795264]
Timestep: 148 State: 5 Beliefs: [0.13218365838399776, 0.10028544129159817, 0.15039620422950406, 0.11843701083073446, 0.15063371139379803, 0.1136965556127237, 0.13111463958469585, 0.10325277867294799]
Timestep: 149 State: 2 Beliefs: [0.09507998214556747, 0.11702266368062748, 0.10891476963540522, 0.14627832960078438, 0.10533670641233984, 0.15261868597075887, 0.09921486703357549, 0.17553399552094123]
Timestep: 150 State: 4 Beliefs: [0.09877676476779199, 0.07506726740477078, 0.18768059164271836, 0.14779846591864074, 0.11043405411133538, 0.08777393417817343, 0.16361897732954933, 0.12884994464702013]
Timestep: 151 State: 5 Beliefs: [0.1078969077294667, 0.08125662491438101, 0.12269378016458185, 0.09662135187960821, 0.18601380513864174, 0.13137361511808301, 0.1533672252057273, 0.12077668984951025]
Timestep: 152 State: 2 Beliefs: [0.09345405826149004, 0.11682684738726266, 0.11380352605146485, 0.14603355923407835, 0.10067442943268225, 0.15491845968031817, 0.09904884887180966, 0.175240271080894]
Timestep: 153 State: 4 Beliefs: [0.0961705999303449, 0.07515995022280292, 0.18788606797162796, 0.14796027852765703, 0.11087348651558089, 0.0891604942428661, 0.16379811053936796, 0.12899101204975227]
Timestep: 154 State: 2 Beliefs: [0.09125283089234884, 0.11877355206190049, 0.11576766586518354, 0.14846694007737563, 0.09540745211309619, 0.15147191501867674, 0.10069931587856781, 0.17816032809285073]
Timestep: 155 State: 4 Beliefs: [0.0960856455458597, 0.07516667728061513, 0.18798089299994444, 0.14803495323745627, 0.11337139928236271, 0.08642354006218175, 0.16388077851277208, 0.12905611307880802]
Timestep: 156 State: 4 Beliefs: [0.08781990365357238, 0.1188953541242614, 0.12343591580488035, 0.14861919265532678, 0.09419873512097009, 0.1478852846101145, 0.1008025828444825, 0.1783430311863921]
Timestep: 157 State: 5 Beliefs: [0.1054905100643942, 0.08252260422351401, 0.12387638286562758, 0.09755265150668173, 0.18031414632610654, 0.1334574120482894, 0.15484547858203448, 0.12194081438335215]
Timestep: 158 State: 2 Beliefs: [0.08326847211791298, 0.11712668952077714, 0.1250726482070304, 0.1464083619009714, 0.10771380537786106, 0.1454169257397094, 0.09930306285457192, 0.17569003428116567]
Timestep: 159 State: 4 Beliefs: [0.10372726849278646, 0.06840902472650134, 0.2565458376412083, 0.1368180494530027, 0.09594852573018399, 0.06287313461071461, 0.15254191483790003, 0.12313624450770244]
Timestep: 160 State: 2 Beliefs: [0.11955481801959683, 0.07923881821313283, 0.16642486351880223, 0.09904852276641604, 0.1726344520520666, 0.09699801650528551, 0.14724228160500055, 0.11885822731969924]
Timestep: 161 State: 4 Beliefs: [0.09882452130837939, 0.0673075840731071, 0.25995503274873694, 0.1346151681462142, 0.10619457912804124, 0.061863596688970096, 0.1500858665749582, 0.12115365133159275]
Timestep: 162 State: 2 Beliefs: [0.07642447201064881, 0.11751400167102873, 0.11560037561987742, 0.14689250208878593, 0.1246803669170165, 0.1429858429867491, 0.09963143619935046, 0.1762710025065431]
Timestep: 163 State: 0 Beliefs: [0.09361266476714267, 0.06787696877854701, 0.26572341939538036, 0.13575393755709403, 0.10187164409171752, 0.06162731212343646, 0.15135550948529736, 0.12217854380138463]
Timestep: 164 State: 2 Beliefs: [0.08962525263989299, 0.11846050445942596, 0.11596459825452055, 0.14807563057428244, 0.10640933600560251, 0.14334001542240576, 0.10043390595473072, 0.17769075668913892]
Timestep: 165 State: 5 Beliefs: [0.09532025251891765, 0.07511981859476376, 0.1880200796762184, 0.14806581274502198, 0.11177040331997888, 0.08870567564965906, 0.16391494125619036, 0.12908301623924992]
Timestep: 166 State: 0 Beliefs: [0.10077006003063729, 0.1426280545454256, 0.10557001835803173, 0.12434240652678132, 0.12073162162594814, 0.17241036230635204, 0.08433658877468646, 0.14921088783213757]
Timestep: 167 State: 0 Beliefs: [0.150154987689781, 0.08978190978859646, 0.21636337510145423, 0.11222738723574557, 0.12389371685599995, 0.0814488132265474, 0.1251251615897044, 0.10100464851217102]
Timestep: 168 State: 4 Beliefs: [0.16629368441395595, 0.08961166679446582, 0.19879051330540326, 0.11201458349308228, 0.12632226433847374, 0.0812662612133338, 0.12488790129751112, 0.10081312514377404]
Timestep: 169 State: 0 Beliefs: [0.13741037684478197, 0.07806392186777983, 0.16913661240705202, 0.09757990233472479, 0.16130815618433975, 0.0943460688650461, 0.1450590786946058, 0.11709588280166974]
Timestep: 170 State: 2 Beliefs: [0.1169626290287325, 0.13586864013895633, 0.12433423824085987, 0.16983580017369537, 0.09096241644189215, 0.12278932268770151, 0.08639473313183635, 0.15285222015632582]
Timestep: 171 State: 5 Beliefs: [0.09538872490053277, 0.07516925071324884, 0.18853900020076303, 0.1484744626581009, 0.1025981445612521, 0.09602380831991321, 0.16436733350835753, 0.12943927513783154]
Timestep: 172 State: 2 Beliefs: [0.1157187859825559, 0.1428837372229629, 0.0921835141695661, 0.1245653093738651, 0.11880777231279308, 0.17187473463604083, 0.08448777505357807, 0.14947837124863814]
Timestep: 173 State: 2 Beliefs: [0.11498933302538156, 0.06729733619130905, 0.25981866232559436, 0.1345946723826181, 0.09136247157060373, 0.06073930403205358, 0.15006301532808317, 0.12113520514435631]
Timestep: 174 State: 2 Beliefs: [0.11010273181756541, 0.06769078888920438, 0.2626734970967074, 0.13538157777840876, 0.09030838179778163, 0.06105924649965811, 0.15094035612010648, 0.12184342000056789]
Timestep: 175 State: 0 Beliefs: [0.10356266584558056, 0.06683717396504617, 0.28003595875124293, 0.13367434793009234, 0.08625962140266287, 0.060286396723845996, 0.1490369222444462, 0.12030691313708308]
Timestep: 176 State: 0 Beliefs: [0.14346819218192852, 0.07947734150312359, 0.18208557739650982, 0.09934667687890449, 0.13314883245028977, 0.09557185961606769, 0.14768550771849084, 0.11921601225468538]
Timestep: 177 State: 2 Beliefs: [0.1511324382942411, 0.07888756759864617, 0.1804518767924679, 0.0986094594983077, 0.1310500643083584, 0.09494765754237589, 0.14658958456763355, 0.11833135139796923]
Timestep: 178 State: 1 Beliefs: [0.12282698939837786, 0.06717640702433057, 0.26205191311837184, 0.13435281404866115, 0.08225031213017582, 0.06063067030143718, 0.14979336133485055, 0.12091753264379503]
Timestep: 179 State: 0 Beliefs: [0.08883334942685439, 0.14510738145049337, 0.11781056426948612, 0.14652720346421472, 0.08558659872401121, 0.1409185900712846, 0.0993836684365978, 0.17583264415705763]
Timestep: 180 State: 0 Beliefs: [0.08482896124476927, 0.14183414788305637, 0.10067420278499485, 0.1677903379749914, 0.08906472731757561, 0.18176161290129125, 0.08776725370999552, 0.14627875618332584]
Timestep: 181 State: 0 Beliefs: [0.14107897421863605, 0.0866982912442718, 0.1837588229637285, 0.09928213064299246, 0.12696143976240618, 0.09549222899276136, 0.14758955540361268, 0.11913855677159095]
Timestep: 182 State: 0 Beliefs: [0.11603750625219925, 0.15633491057381757, 0.13164084385139888, 0.1672677327434647, 0.07233311410135047, 0.12075656461306243, 0.08508836839558856, 0.1505409594691182]
Timestep: 183 State: 0 Beliefs: [0.14018789743005405, 0.10042428003478002, 0.1511657134485016, 0.11904299934069502, 0.1305287649367581, 0.12308377468529615, 0.13178549377561677, 0.10378107634829821]
Timestep: 184 State: 4 Beliefs: [0.10542180897726476, 0.13338530946218272, 0.11451529869393327, 0.14641969256356163, 0.08429589737058116, 0.14094761385656926, 0.0993107479996331, 0.17570363107627393]
Timestep: 185 State: 5 Beliefs: [0.11969410325888363, 0.08275831374269609, 0.12431542059534072, 0.0978983937188308, 0.15531894278655298, 0.14224755800498134, 0.15539427574417586, 0.1223729921485385]
Timestep: 186 State: 5 Beliefs: [0.09674050908870267, 0.13096365721045192, 0.11445854049411028, 0.1470469855030938, 0.09297956489892058, 0.14161814394673577, 0.09973621625427233, 0.17645638260371255]
Timestep: 187 State: 5 Beliefs: [0.07869020167189537, 0.11694393600908164, 0.08299878324556276, 0.13833130540927124, 0.10249056802411376, 0.20388259482153265, 0.10374847905695345, 0.17291413176158904]
Timestep: 188 State: 2 Beliefs: [0.090387518846838, 0.1258745376889951, 0.10609274745299355, 0.14636616124451002, 0.08946386241258267, 0.16690133906004456, 0.0992744398006242, 0.17563939349341204]
Timestep: 189 State: 2 Beliefs: [0.116250120464293, 0.0758045315524062, 0.23538160728544233, 0.13832555875124483, 0.0877815560551501, 0.06774094781059699, 0.15422267520474608, 0.12449300287612035]
Timestep: 190 State: 0 Beliefs: [0.1121781060310875, 0.0770103053558128, 0.2458598759742283, 0.13706313988622226, 0.08775663163987744, 0.0639599428345625, 0.152815172380609, 0.12335682589760005]
Timestep: 191 State: 0 Beliefs: [0.10049286129539757, 0.1260832350283265, 0.11087998605898769, 0.14749889216757262, 0.0914428282810983, 0.14656079970604613, 0.10004272686148404, 0.17699867060108712]
Timestep: 192 State: 4 Beliefs: [0.14351063015241583, 0.09966583438702903, 0.15064056836532083, 0.11862944758769015, 0.12344540926741798, 0.1293598912041681, 0.1313276749851515, 0.10342054405080679]
Timestep: 193 State: 2 Beliefs: [0.10494064583751504, 0.12165034806259357, 0.11480090830782896, 0.145847914467729, 0.08889186101239005, 0.14992789165951312, 0.09892293329115533, 0.17501749736127478]
Timestep: 194 State: 5 Beliefs: [0.13417273238470875, 0.09971162149705662, 0.1506808510546006, 0.11866117020549796, 0.13360868543990145, 0.12835394652481544, 0.13136279322708766, 0.10344819966633155]
Timestep: 195 State: 1 Beliefs: [0.1007315371415775, 0.12138412108888923, 0.121834666192583, 0.14551676030952695, 0.0878318731185786, 0.14938260539355933, 0.09869832438385306, 0.17462011237143235]
Timestep: 196 State: 2 Beliefs: [0.09564445743928789, 0.13729538117100232, 0.11111612546462508, 0.14674450203874126, 0.08726701903273967, 0.14630805885040285, 0.09953105355671148, 0.1760934024464895]
Timestep: 197 State: 5 Beliefs: [0.1002071722565441, 0.07487376791589476, 0.18862347350215108, 0.148540985382944, 0.09766094437900881, 0.09615541035593837, 0.1644409768993112, 0.1294972693082076]
Timestep: 198 State: 0 Beliefs: [0.11345368528449051, 0.1606526996210988, 0.09594885742003804, 0.12294892599526326, 0.10257153403605769, 0.17349414099107893, 0.08339144545765681, 0.1475387111943159]
Timestep: 199 State: 4 Beliefs: [0.17244810144919778, 0.09990359143964277, 0.20003123847461773, 0.111551763305173, 0.10883108886600958, 0.0824657381638911, 0.12437189132681228, 0.10039658697465569]
Timestep: 200 State: 2 Beliefs: [0.14646780775297652, 0.08590700434087954, 0.17044224161596194, 0.09754693529389843, 0.14266671951521195, 0.09490289815418028, 0.1450100709742132, 0.11705632235267811]
Timestep: 201 State: 0 Beliefs: [0.10933763976331955, 0.14692579324149163, 0.13769608744164294, 0.16720336702987387, 0.08114196127465946, 0.12215649508519028, 0.08505562583693585, 0.15048303032688648]
Timestep: 202 State: 1 Beliefs: [0.07367829100545606, 0.11549756267616036, 0.08259786458519983, 0.13766310764199968, 0.10151897975894972, 0.213717979048235, 0.10324733073149978, 0.17207888455249962]
Timestep: 203 State: 0 Beliefs: [0.0965706315947694, 0.13200181400334407, 0.11536963570830176, 0.14677771691705468, 0.08823707687348509, 0.14535628269362055, 0.09955358190895883, 0.1761332603004656]
Timestep: 204 State: 4 Beliefs: [0.10787585118323166, 0.08948056825149937, 0.1248346369908566, 0.09830727663029956, 0.14822781428174472, 0.1523464606359229, 0.15604329623857072, 0.12288409578787446]
Timestep: 205 State: 0 Beliefs: [0.10169341564523213, 0.12876342619386544, 0.11360704905427965, 0.1464680147184732, 0.09051064288563947, 0.14385231081389957, 0.09934352302644268, 0.1757616176621678]
Timestep: 206 State: 5 Beliefs: [0.07022421194228455, 0.12105749204581787, 0.082213746900288, 0.13702291150048, 0.10349471044349345, 0.21194110416667625, 0.10276718362536, 0.17127863937559998]
Timestep: 207 State: 0 Beliefs: [0.10724770446987435, 0.13239117249526183, 0.10292448067196987, 0.14737074946864495, 0.08741026848267894, 0.14585491236611522, 0.09995581268308092, 0.1768448993623739]
Timestep: 208 State: 0 Beliefs: [0.06943383850172656, 0.11801703400888008, 0.08205215721260829, 0.13675359535434717, 0.09852517226293349, 0.22171101195081022, 0.10256519651576038, 0.17094199419293393]
Timestep: 209 State: 1 Beliefs: [0.17016796804735917, 0.08620531178146508, 0.1486661777681025, 0.09976727987752831, 0.12956006897310834, 0.09760169537400223, 0.14831076232540033, 0.11972073585303399]
Timestep: 210 State: 2 Beliefs: [0.108918488266508, 0.14145751366508938, 0.09926193626018362, 0.14624684440025587, 0.087816150300345, 0.14160934197322433, 0.09919351185408659, 0.175496213280307]
Timestep: 211 State: 4 Beliefs: [0.10403004227580773, 0.07594356296538453, 0.18837377374009417, 0.14834434682032419, 0.09234719737804746, 0.09741194607536184, 0.1642232899272616, 0.12932584081771853]
Timestep: 212 State: 2 Beliefs: [0.10574855397239388, 0.13645102819481378, 0.10259692133135342, 0.14811683657794245, 0.085497823135702, 0.14338677851965925, 0.10046185437460445, 0.17774020389353093]
Timestep: 213 State: 5 Beliefs: [0.1036250776648775, 0.07583208579369571, 0.18816752429862077, 0.1481819253851639, 0.09954262106450049, 0.09142304042779079, 0.16404348272187452, 0.1291842426434762]
Timestep: 214 State: 4 Beliefs: [0.10221232763843009, 0.13599433775480774, 0.1077566547485951, 0.1478845171076626, 0.0853077140620657, 0.14307874699056825, 0.1003042811686755, 0.1774614205291951]
Timestep: 215 State: 5 Beliefs: [0.07546459415046887, 0.1171416305810993, 0.08244429327888249, 0.13740715546480417, 0.1005607180963016, 0.21216729749883517, 0.10305536659860313, 0.1717589443310052]
Timestep: 216 State: 2 Beliefs: [0.08266839624094352, 0.11605558196378793, 0.06742886542431761, 0.09113838663339222, 0.1466038263964701, 0.21080216779307823, 0.10302600228122598, 0.18227677326678443]
Timestep: 217 State: 0 Beliefs: [0.11254329714129502, 0.07435674559178479, 0.2581763992192726, 0.13483628487475546, 0.08743357699462756, 0.06096864456495132, 0.1503323952260333, 0.12135265638727992]
Timestep: 218 State: 2 Beliefs: [0.10320883171440125, 0.13295676636258577, 0.10779294642526545, 0.1478912772741524, 0.08819319966550412, 0.14217857950403087, 0.1003088663250773, 0.1774695327289829]
Timestep: 219 State: 4 Beliefs: [0.10315113835976193, 0.07580009230887438, 0.188161169265524, 0.14817692079660016, 0.09545007699372247, 0.09604278017007552, 0.16403794243661066, 0.12917987966883093]
Timestep: 220 State: 2 Beliefs: [0.09634045244072395, 0.12741634376595068, 0.11865519426902905, 0.1484434815726214, 0.08751096348132335, 0.14281798169047133, 0.10068340489273453, 0.1781321778871457]
Timestep: 221 State: 5 Beliefs: [0.10241780933525763, 0.07562148763878879, 0.18789502130695054, 0.14796732927922357, 0.10165754500866626, 0.09163773256111518, 0.16380591601118766, 0.12899715885881027]
Timestep: 222 State: 4 Beliefs: [0.09447972921000583, 0.1272949251128618, 0.12104903754729324, 0.14840703493578497, 0.08726056699059727, 0.14276157971537384, 0.10065868456514111, 0.17808844192294193]
Timestep: 223 State: 5 Beliefs: [0.1127288325713766, 0.08334145016361295, 0.12427898757288626, 0.09786970271364794, 0.15192225231884987, 0.15217291180145862, 0.15534873446610784, 0.1223371283920599]
Timestep: 224 State: 2 Beliefs: [0.0882065707649327, 0.1258020172275404, 0.1268458830716136, 0.14635958145302858, 0.09709560185115136, 0.14078887090256684, 0.09926997698553243, 0.1756314977436343]
Timestep: 225 State: 4 Beliefs: [0.11123247970759383, 0.07179802735043378, 0.26168858705133985, 0.13582207181016223, 0.08460991865849099, 0.061177576700010596, 0.15143147409282268, 0.12223986462914602]
Timestep: 226 State: 0 Beliefs: [0.08365744346929191, 0.12612261722115506, 0.11674850598159726, 0.14790363500498882, 0.10571736315131072, 0.14204882507532937, 0.10031724809034025, 0.17748436200598655]
Timestep: 227 State: 2 Beliefs: [0.08591727327081564, 0.12442214224870103, 0.12239991064213972, 0.14817633607328368, 0.0983905134275066, 0.14238001049555962, 0.10050221055405327, 0.17781160328794038]
Timestep: 228 State: 4 Beliefs: [0.10780657454108802, 0.07064799652708119, 0.25455200411461787, 0.1367963184012794, 0.09294774479558957, 0.06161498872224374, 0.15251768633694882, 0.12311668656115145]
Timestep: 229 State: 2 Beliefs: [0.1218144245570564, 0.08223890567746389, 0.16859519649152999, 0.09899125255906906, 0.16734282020363395, 0.09507075184509099, 0.1471571455952728, 0.11878950307088286]
Timestep: 230 State: 2 Beliefs: [0.10115678412142394, 0.06985230553035002, 0.2657194268182321, 0.1339622132579665, 0.09906441100213553, 0.06032099673518328, 0.14935787060253877, 0.12056599193216985]
Timestep: 231 State: 0 Beliefs: [0.12857385491829038, 0.09341355699784101, 0.23320260762409953, 0.11288535423915008, 0.12315956610024643, 0.08130949560865221, 0.12585874569648525, 0.10159681881523507]
Timestep: 232 State: 0 Beliefs: [0.1325527615695955, 0.08102478248948818, 0.20138942942430552, 0.09707251902858524, 0.13392865540972945, 0.09324000991194753, 0.1443048193320461, 0.11648702283430229]
Timestep: 233 State: 0 Beliefs: [0.16130849729121485, 0.09125232577916075, 0.216798412858226, 0.11163454592746717, 0.11364468138618691, 0.08042625765016115, 0.12446418777286263, 0.10047109133472043]
Timestep: 234 State: 2 Beliefs: [0.1733243754814039, 0.09017124120786377, 0.20937963945291757, 0.11099815796736284, 0.11251229035066783, 0.07996129068017241, 0.12375466268898513, 0.09989834217062656]
Timestep: 235 State: 2 Beliefs: [0.11871453965329481, 0.06697629905561436, 0.27055825618235896, 0.1327986861033998, 0.08358177791522098, 0.05979099894146976, 0.14806062465558156, 0.11951881749305981]
Timestep: 236 State: 2 Beliefs: [0.10845459314040432, 0.06706680167509486, 0.28125435714569424, 0.13333129710930477, 0.08121782663022195, 0.06002251072082978, 0.1486544461800756, 0.11999816739837431]
Timestep: 237 State: 2 Beliefs: [0.1013004757497177, 0.0666658051226021, 0.2935954321096792, 0.13261535694581117, 0.07891265484206747, 0.05970022765274163, 0.14785622632615067, 0.11935382125123006]
Timestep: 238 State: 2 Beliefs: [0.09739514791854235, 0.066743618481011, 0.29770911535041766, 0.1328267814451935, 0.0778941275674608, 0.059795157071686256, 0.14809194886501423, 0.11954410330067415]
Timestep: 239 State: 2 Beliefs: [0.09570734818778147, 0.06689852100070484, 0.2984059271006664, 0.13316409790298006, 0.07756142911606195, 0.05994695703654684, 0.14846803154257626, 0.11984768811268205]
Timestep: 240 State: 0 Beliefs: [0.09505240282224522, 0.06699280792520027, 0.2983733397921322, 0.1333639562646481, 0.07746213086839521, 0.0600369429881628, 0.14869085870103302, 0.1200275606381833]
Timestep: 241 State: 2 Beliefs: [0.14130774521753706, 0.0804402642739344, 0.18926891888199052, 0.10008734068555879, 0.12388341130233312, 0.09612095660281654, 0.14878655421315903, 0.12010480882267054]
Timestep: 242 State: 4 Beliefs: [0.11155557806710914, 0.06714264147715629, 0.27897911321677804, 0.1336577754264223, 0.07917083414172195, 0.060183614647424, 0.14901844513960813, 0.12029199788378006]
Timestep: 243 State: 2 Beliefs: [0.12404198835815623, 0.07944256578576882, 0.1841746436694238, 0.09897327314293076, 0.15241775984535477, 0.09505142344123829, 0.14713041798561052, 0.1187679277715169]
Timestep: 244 State: 0 Beliefs: [0.10155554942124553, 0.06698197993197035, 0.2777070020363775, 0.13337889352099486, 0.09157060005604438, 0.06005745823733308, 0.14870751262713905, 0.12004100416889539]
Timestep: 245 State: 2 Beliefs: [0.09559877958669435, 0.11846327385215519, 0.12428544932474661, 0.1476111670187744, 0.09502744554870671, 0.14176160574670316, 0.10011887849969045, 0.17713340042252923]
Timestep: 246 State: 4 Beliefs: [0.10227566062151734, 0.07562368585166293, 0.187923582194544, 0.14798982097820343, 0.09605324135750685, 0.09728642674340106, 0.16383081524652554, 0.1290167670066389]
Timestep: 247 State: 0 Beliefs: [0.12969599682253843, 0.07995895972064897, 0.1898669407734804, 0.09965220061228723, 0.13737835300960743, 0.0957252190582778, 0.14813968926841506, 0.11958264073474469]
Timestep: 248 State: 0 Beliefs: [0.09619074095895734, 0.11816188996720849, 0.127621718354859, 0.14723267434835852, 0.09282135870676102, 0.14143024671389526, 0.09986216173193012, 0.17667920921803018]
Timestep: 249 State: 4 Beliefs: [0.09111144740236714, 0.14251830055752052, 0.1003957445585408, 0.16732624093090134, 0.09126464485206597, 0.17398496768216745, 0.08752449525616378, 0.14587415876027296]
Timestep: 250 State: 2 Beliefs: [0.09393210909385317, 0.11885128790224102, 0.1259649660661804, 0.14793426256248293, 0.09328433784450743, 0.1421738998916366, 0.10033802156411886, 0.17752111507497947]
Timestep: 251 State: 5 Beliefs: [0.09858544505126345, 0.07506621571288608, 0.1876486218204701, 0.14777328968362022, 0.10765278851030313, 0.09085453688455772, 0.1635911062024611, 0.12882799613443813]
Timestep: 252 State: 4 Beliefs: [0.09608115725755935, 0.11938553497607228, 0.11971989755764074, 0.14888043856709351, 0.0932895516359956, 0.14300711800135843, 0.10097977572376778, 0.17865652628051223]
Timestep: 253 State: 4 Beliefs: [0.10860209951923504, 0.08262385289505313, 0.12389768580008034, 0.09756942756756327, 0.16005091265852997, 0.15042212984998385, 0.15487210725010042, 0.12196178445945409]
Timestep: 254 State: 2 Beliefs: [0.0931041349833, 0.1181451369475928, 0.1230204283239144, 0.14738101390647176, 0.0999763464727986, 0.14155294802854956, 0.09996277464960694, 0.17685721668776608]
Timestep: 255 State: 5 Beliefs: [0.09847496420855552, 0.07504158788353123, 0.18760627416922288, 0.14773994090826303, 0.10859498909979902, 0.09018913315025619, 0.16355418773727123, 0.1287989228431011]
Timestep: 256 State: 1 Beliefs: [0.08331424368955176, 0.10602497719274058, 0.07293425803496292, 0.09231143113637301, 0.14460755424216687, 0.21183262084251542, 0.1043520525889434, 0.18462286227274602]
Timestep: 257 State: 0 Beliefs: [0.08420170802565899, 0.13988517205024337, 0.12152735255505431, 0.1463644594633602, 0.09255567659409736, 0.14055499440649186, 0.09927328554906172, 0.17563735135603226]
Timestep: 258 State: 5 Beliefs: [0.07208367714058948, 0.11670352570228774, 0.08278624605320282, 0.13797707675533805, 0.10990685794922637, 0.2045884628886795, 0.10348280756650353, 0.17247134594417252]
Timestep: 259 State: 4 Beliefs: [0.06656440795832626, 0.10432403547986006, 0.08370977949148432, 0.10989262661507138, 0.11561513706273245, 0.17588231268447596, 0.12422644747790676, 0.21978525323014275]
Timestep: 260 State: 4 Beliefs: [0.08847126168656722, 0.12963920290586003, 0.11039114993297186, 0.14851566856002144, 0.10143506103195082, 0.14259648710902303, 0.10073236650157977, 0.17821880227202572]
Timestep: 261 State: 5 Beliefs: [0.07047997772215461, 0.11592683760918791, 0.08248097318736881, 0.13746828864561472, 0.10673802661449774, 0.2119693189299468, 0.10310121648421103, 0.17183536080701836]
Timestep: 262 State: 0 Beliefs: [0.08800109274970845, 0.13109993181448498, 0.10223197465065746, 0.14753788094160958, 0.11235230356891003, 0.14166218772343267, 0.10006917142126563, 0.17704545712993147]
Timestep: 263 State: 0 Beliefs: [0.17136714931016814, 0.09545709218758985, 0.1753166615688969, 0.11516449524156744, 0.12772338606059924, 0.08292335208473646, 0.12839981782903115, 0.1036480457174107]
Timestep: 264 State: 0 Beliefs: [0.1625705768007636, 0.08055835779935884, 0.1505641223420922, 0.09856330467868041, 0.14832256733110047, 0.09462413310528092, 0.146520972328307, 0.11827596561441649]
Timestep: 265 State: 0 Beliefs: [0.18379144136919257, 0.09318195755413583, 0.1688666018682701, 0.11370673739083555, 0.12947052175084584, 0.0818721498016038, 0.12677452661336439, 0.10233606365175198]
Timestep: 266 State: 0 Beliefs: [0.16586999182559986, 0.0808085421287225, 0.14519253735096088, 0.09892293976729627, 0.14847352330026695, 0.09496934386426804, 0.14705559404212998, 0.11870752772075553]
Timestep: 267 State: 0 Beliefs: [0.10920966420149898, 0.12136261309726713, 0.0986306145846761, 0.1481047806424284, 0.10232658946158081, 0.14218632393633512, 0.10045367730529926, 0.17772573677091405]
Timestep: 268 State: 5 Beliefs: [0.07034900038516852, 0.11516737217542311, 0.08186097833956103, 0.13643496389926837, 0.1031098080214886, 0.22020794938055374, 0.10232622292445129, 0.17054370487408546]
Timestep: 269 State: 0 Beliefs: [0.10430274576603672, 0.12547000949588505, 0.0976366115027467, 0.14853373500142367, 0.10246624540309607, 0.1426055505672681, 0.10074462026183517, 0.17824048200170836]
Timestep: 270 State: 5 Beliefs: [0.12793628461007084, 0.10020149991614792, 0.1511006599423205, 0.11899176970457741, 0.12942248687302194, 0.13688210387707866, 0.1317287804625358, 0.10373641461424696]
Timestep: 271 State: 2 Beliefs: [0.11425840939171332, 0.12053625903087761, 0.09813677829319144, 0.14768198738837832, 0.10022179348340517, 0.14177947436121938, 0.10016691318516095, 0.17721838486605396]
Timestep: 272 State: 5 Beliefs: [0.09500103867129231, 0.07491178963202659, 0.18853101132012387, 0.14846817141459756, 0.095434512587664, 0.10385931706710268, 0.1643603688431849, 0.12943379046400813]
Timestep: 273 State: 4 Beliefs: [0.10353105097550232, 0.12046998463955917, 0.10425863346158681, 0.14957565806394704, 0.0976283059451303, 0.14359426133329548, 0.10145131590424233, 0.17949078967673643]
Timestep: 274 State: 5 Beliefs: [0.10451393350201973, 0.08247038684888083, 0.1245365659523308, 0.0980725456874605, 0.14851628053639482, 0.1636288979231741, 0.15567070744041347, 0.12259068210932564]
Timestep: 275 State: 2 Beliefs: [0.08729501037526888, 0.10471774485573665, 0.06413998094813006, 0.09074352217310176, 0.1608586052290378, 0.20817845831162357, 0.10257963376089764, 0.18148704434620352]
Timestep: 276 State: 0 Beliefs: [0.11819620689571078, 0.0686191944376199, 0.2406152285676075, 0.13665064953474543, 0.09908460948253416, 0.061493250078936794, 0.1523552764215744, 0.12298558458127089]
Timestep: 277 State: 0 Beliefs: [0.11087156143768563, 0.11948384978907556, 0.10088097155495628, 0.14916650309733845, 0.09622333697488511, 0.14320017132844934, 0.10117380210080347, 0.1789998037168061]
Timestep: 278 State: 1 Beliefs: [0.10459705490620982, 0.08250928907014785, 0.12458796945368107, 0.09811302594477385, 0.14528249072913665, 0.1665339256479821, 0.15573496181710134, 0.1226412824309673]
Timestep: 279 State: 4 Beliefs: [0.10004287404166204, 0.11868070710107509, 0.11264225384989486, 0.14784314468512036, 0.10117275860704023, 0.14193026821967697, 0.10027621987338599, 0.17741177362214441]
Timestep: 280 State: 0 Beliefs: [0.14147869002205266, 0.08026947072890606, 0.15770151034085866, 0.10004715336257611, 0.1556740315763238, 0.09604574687579473, 0.14872681305839672, 0.12005658403509131]
Timestep: 281 State: 0 Beliefs: [0.18847844024529856, 0.09105240487506416, 0.16966442623503458, 0.11358977872100709, 0.12655509863754344, 0.08178492401238113, 0.12664412642476464, 0.10223080084890639]
Timestep: 282 State: 0 Beliefs: [0.19556978101371833, 0.09068424658827856, 0.16589032699840806, 0.11316309338584062, 0.12519969586601112, 0.08147766798224342, 0.12616840411824318, 0.10184678404725654]
Timestep: 283 State: 2 Beliefs: [0.17120407336246274, 0.07921176117285719, 0.144726498200878, 0.09884750677097737, 0.14555580880992644, 0.09489388573101877, 0.14694345782670665, 0.11861700812517283]
Timestep: 284 State: 0 Beliefs: [0.1298846889447584, 0.0687307862166437, 0.23127509940230145, 0.13719255483865023, 0.0947472505221969, 0.06173686032593008, 0.1529594603947339, 0.1234732993547852]
Timestep: 285 State: 2 Beliefs: [0.15700109921660785, 0.08046167817399807, 0.1560190731872115, 0.1004507431698452, 0.13976681352110062, 0.09643292451374219, 0.14932677641368033, 0.12054089180381423]
Timestep: 286 State: 0 Beliefs: [0.1265888209288715, 0.0683792840629862, 0.23949661256824722, 0.1364865599894445, 0.09261932523558393, 0.061419164400314176, 0.1521723288240523, 0.12283790399050007]
Timestep: 287 State: 0 Beliefs: [0.15416813033100432, 0.08030785860866643, 0.1620965211878086, 0.10025925342831155, 0.13756592537606188, 0.0962490929025342, 0.14904211405163925, 0.12031110411397385]
Timestep: 288 State: 2 Beliefs: [0.18203728698148325, 0.09107324845253785, 0.1804089317012666, 0.11361626645519672, 0.12213197516677832, 0.0818039931613707, 0.12667365827168947, 0.10225463980967704]
Timestep: 289 State: 2 Beliefs: [0.1326521259037796, 0.06828206943381226, 0.23537212169126556, 0.13633280434275968, 0.09131050907696522, 0.061349942890633155, 0.15200090275230072, 0.12269952390848371]
Timestep: 290 State: 4 Beliefs: [0.11475535509554957, 0.06852975817240349, 0.25492673960281637, 0.1368884241707593, 0.08747983913192227, 0.061599924676511486, 0.15262037739635403, 0.12319958175368338]
Timestep: 291 State: 2 Beliefs: [0.0858512660759968, 0.11863373397486594, 0.11646356207900058, 0.14810535262070199, 0.1105841474002078, 0.14218144944860395, 0.10045406525578049, 0.17772642314484238]
Timestep: 292 State: 2 Beliefs: [0.10505487778292073, 0.06857562961521749, 0.2514562680966334, 0.13675300538937518, 0.10107396629141248, 0.06153915241301328, 0.15246939556098996, 0.12307770485043767]
Timestep: 293 State: 2 Beliefs: [0.10086675533118959, 0.06730378448719226, 0.27160940756415475, 0.13443717916707543, 0.09440512882513973, 0.06049686122890225, 0.14988742214597814, 0.1209934612503679]
Timestep: 294 State: 2 Beliefs: [0.09763878824946295, 0.06676007167900368, 0.28476816825790496, 0.13335402531418494, 0.08877109877118085, 0.06000943851311369, 0.1486797864323823, 0.12001862278276645]
Timestep: 295 State: 2 Beliefs: [0.12968470318971745, 0.0902182745631554, 0.24374556078389803, 0.1126342777315119, 0.1156706702948546, 0.08109684935098038, 0.12557881412752148, 0.10137084995836071]
Timestep: 296 State: 2 Beliefs: [0.09844010236457446, 0.06599403661478678, 0.29279487808971816, 0.13176625455228735, 0.08621057491804364, 0.05929498384030908, 0.1469095405232219, 0.11858962909705864]
Timestep: 297 State: 5 Beliefs: [0.0952822197051049, 0.0669553836156122, 0.2906268371517682, 0.13374878141409877, 0.08370588948407032, 0.06018707533228106, 0.1491199100243758, 0.12037390327268889]
Timestep: 298 State: 4 Beliefs: [0.07558914528888559, 0.11679887181791884, 0.12137145007964271, 0.1458196635914901, 0.08861368151925078, 0.17791981956575248, 0.09890377182727156, 0.1749835963097881]
Timestep: 299 State: 0 Beliefs: [0.11564522153480909, 0.0797792995891703, 0.1724523656740659, 0.09954369985159259, 0.15875329192672086, 0.10639528600145208, 0.14797839560027795, 0.1194524398219111]
Timestep: 300 State: 2 Beliefs: [0.12804255467921707, 0.07912825489201013, 0.17440447012917382, 0.09880211137420845, 0.1438969306718507, 0.11028717008402446, 0.1468759745204651, 0.11856253364905014]
Timestep: 301 State: 4 Beliefs: [0.1065710271091663, 0.06834148140693537, 0.2485718717912515, 0.13652795263060616, 0.09334296537165002, 0.07155106579290064, 0.1522184785299445, 0.12287515736754556]
Timestep: 302 State: 1 Beliefs: [0.07851651316732211, 0.11748670017526054, 0.11241578909274456, 0.14675108953219002, 0.11055030798624965, 0.15864277101185886, 0.09953552159574627, 0.176101307438628]
Timestep: 303 State: 0 Beliefs: [0.0895485169207294, 0.14956193071772342, 0.12574022025152856, 0.16977129416159406, 0.09702779982259728, 0.12919415417645122, 0.08636191920394133, 0.15279416474543464]
Timestep: 304 State: 4 Beliefs: [0.12701212208493132, 0.10850831252232927, 0.15203434063089588, 0.1197270432468305, 0.12207674057443677, 0.13372126012409688, 0.1325427584987297, 0.10437742231774967]
Timestep: 305 State: 0 Beliefs: [0.12188155329767604, 0.08746168979309145, 0.1672814151945036, 0.09821648002707226, 0.1596295059892175, 0.10166418547645392, 0.14600539418949846, 0.11785977603248672]
Timestep: 306 State: 0 Beliefs: [0.13128824292557406, 0.08534169199933994, 0.16330515210012927, 0.09825950925289276, 0.15537043865411207, 0.10245419394077734, 0.14606936002370327, 0.1179114111034713]
Timestep: 307 State: 2 Beliefs: [0.09531962369682982, 0.12637340969726485, 0.10200899350698193, 0.1458233710861938, 0.1048385226238319, 0.15174174760961195, 0.0989062864758532, 0.17498804530343254]
Timestep: 308 State: 0 Beliefs: [0.11628944683250447, 0.07353779045985408, 0.22036192890290487, 0.1392189460641706, 0.10417774138549471, 0.06589835950935453, 0.15521873538796332, 0.12529705145775352]
Timestep: 309 State: 0 Beliefs: [0.16806832483559447, 0.0964575993422496, 0.1773916281490811, 0.11425215212375142, 0.12605312103761135, 0.0875676142623621, 0.1273826233379736, 0.10282693691137627]
Timestep: 310 State: 5 Beliefs: [0.12484960680286535, 0.14315490814367077, 0.11579086537853589, 0.16752689011871388, 0.08569440114002137, 0.12698892668374362, 0.08522020062560665, 0.1507742011068425]
Timestep: 311 State: 5 Beliefs: [0.0686004825733092, 0.12196554482780927, 0.08216191278769547, 0.1369365213128258, 0.10350449131157889, 0.21295800456112995, 0.10270239098461935, 0.1711706516410322]
Timestep: 312 State: 5 Beliefs: [0.09353011547304, 0.12391525881365616, 0.09919365666855906, 0.1465969565641413, 0.10842324839056787, 0.15299343697825715, 0.09943097923480888, 0.17591634787696955]
Timestep: 313 State: 4 Beliefs: [0.0683759580588992, 0.11950889737423656, 0.0819292922447722, 0.13654882040795366, 0.09874297115439966, 0.22179641994383142, 0.10241161530596526, 0.17068602550994208]
Timestep: 314 State: 5 Beliefs: [0.09116242917000199, 0.12209416812046862, 0.09290423797606497, 0.14494107465235648, 0.09738539574912494, 0.17927554541973095, 0.0983078593294244, 0.17392928958282777]
Timestep: 315 State: 4 Beliefs: [0.06897301012082528, 0.12018249562716724, 0.08264853957861942, 0.13774756596436571, 0.11133977322777926, 0.20361348355251166, 0.10331067447327429, 0.1721844574554571]
Timestep: 316 State: 4 Beliefs: [0.08731108716148238, 0.11896936240613298, 0.09157560592938487, 0.1444338170990547, 0.09609617638003912, 0.19032956412481183, 0.09796380638022842, 0.17332058051886565]
Timestep: 317 State: 5 Beliefs: [0.10305767161814748, 0.08463841294044969, 0.12349791314544901, 0.0972546066020411, 0.17723110379260756, 0.13837964221694243, 0.15437239143181128, 0.12156825825255138]
Timestep: 318 State: 2 Beliefs: [0.08723663792630369, 0.11789079886111249, 0.09042507584432516, 0.14343053359919825, 0.1053125305142292, 0.18630446449459814, 0.09728331844119534, 0.1721166403190379]
Timestep: 319 State: 2 Beliefs: [0.11371104471107508, 0.0707901243816721, 0.2180681685275608, 0.13930965194091396, 0.09842677199911656, 0.0789956860214021, 0.1553198656714369, 0.1253786867468226]
Timestep: 320 State: 4 Beliefs: [0.14748194855779737, 0.09254723416721987, 0.19066637117497795, 0.11397863934099162, 0.12421641197004564, 0.10145094238547694, 0.12707767699659814, 0.10258077540689245]
Timestep: 321 State: 0 Beliefs: [0.08444791637719645, 0.11648773801859044, 0.10360908733825988, 0.14286272260003047, 0.10894591582778171, 0.17531315825895352, 0.09689819445915111, 0.17143526712003657]
Timestep: 322 State: 2 Beliefs: [0.13181381192156116, 0.07978181237584617, 0.1579063739523034, 0.09870848119230115, 0.15145260392947438, 0.11514995223128684, 0.14673678696646558, 0.11845017743076137]
Timestep: 323 State: 2 Beliefs: [0.11484994539028806, 0.06895400525708906, 0.23168823299775856, 0.13598067473167985, 0.10132541494865266, 0.07321081490174411, 0.15160830451427587, 0.12238260725851188]
Timestep: 324 State: 2 Beliefs: [0.10705735861140658, 0.06847296982670546, 0.25103123231982954, 0.13567691901429402, 0.09455332788123619, 0.06982932567593582, 0.15126963955772782, 0.12210922711286464]
Timestep: 325 State: 2 Beliefs: [0.10400352459165359, 0.06803043581637087, 0.2638086358683782, 0.13488633928751326, 0.0889235120352094, 0.06856164488125832, 0.15038820216085433, 0.12139770535876192]
Timestep: 326 State: 2 Beliefs: [0.10239861365694396, 0.06804686298931657, 0.2687716555563628, 0.13499252052250355, 0.08568143022811585, 0.06810906226260831, 0.1505065863138957, 0.12149326847025319]
Timestep: 327 State: 2 Beliefs: [0.10174899183745338, 0.06816005687459675, 0.2700500686550339, 0.13525982672815526, 0.08425773848994944, 0.06798486057449825, 0.15080461278497312, 0.12173384405533975]
Timestep: 328 State: 4 Beliefs: [0.10152060929306314, 0.06823553037019035, 0.2702781821643243, 0.13542849460222606, 0.08369782958014343, 0.0679610439706421, 0.15099266487740723, 0.12188564514200345]
Timestep: 329 State: 0 Beliefs: [0.11910088456338455, 0.0801565319404952, 0.16718287230715845, 0.09943571259787914, 0.16059742136992933, 0.10638585680894055, 0.14781786529475766, 0.11932285511745495]
Timestep: 330 State: 2 Beliefs: [0.15457836975684797, 0.09117196383206067, 0.19049556648390512, 0.1130482857713673, 0.12960141661293628, 0.09332053815281414, 0.12604040219583787, 0.10174345719423056]
Timestep: 331 State: 2 Beliefs: [0.11205474414813792, 0.06811560491738608, 0.2456617939775533, 0.1353382175482759, 0.09818929384190066, 0.06794393707395141, 0.1508920126993464, 0.12180439579344833]
Timestep: 332 State: 2 Beliefs: [0.10485489919349276, 0.06806610354988751, 0.2610370624448886, 0.1354648684630544, 0.09157004423920985, 0.06605542147495433, 0.1510332190177636, 0.12191838161674895]
Timestep: 333 State: 0 Beliefs: [0.1032662925063384, 0.06763452823353253, 0.2716473090730028, 0.1346499866762373, 0.08609116778886579, 0.06540104107587354, 0.1501246866375362, 0.12118498800861356]
Timestep: 334 State: 2 Beliefs: [0.09875500484450021, 0.11851911273668153, 0.11681109914558688, 0.14751163025702294, 0.08876540514482396, 0.15257242495384568, 0.10005136660911121, 0.1770139563084275]
Timestep: 335 State: 4 Beliefs: [0.09424462218020735, 0.07778511474337581, 0.18820754634963877, 0.14821344275034054, 0.10856984144323058, 0.08968933947168661, 0.16407837374071071, 0.12921171932080971]
Timestep: 336 State: 4 Beliefs: [0.08530752241458751, 0.10572070270050027, 0.07095226436577387, 0.09166910094323753, 0.1330945616128336, 0.2262917058798888, 0.10362594019670329, 0.18333820188647507]
Timestep: 337 State: 0 Beliefs: [0.12631188667993473, 0.07895200217518622, 0.17509498760683745, 0.09834689670643046, 0.1494769735457974, 0.10760170989540364, 0.14619926734269362, 0.11801627604771653]
Timestep: 338 State: 4 Beliefs: [0.09676820879597861, 0.11744970248601373, 0.11888699393782615, 0.1465246708275365, 0.0935303991104735, 0.15162846920088555, 0.09938195064824215, 0.1758296049930438]
Timestep: 339 State: 5 Beliefs: [0.10324691402766753, 0.08513684517577066, 0.12371456645495017, 0.09742522108327326, 0.18303349361679216, 0.13101822521876696, 0.1546432080686877, 0.12178152635409156]
Timestep: 340 State: 2 Beliefs: [0.09659587528469417, 0.11771221939916161, 0.10756641298595328, 0.14678875042088732, 0.10328235706853411, 0.152346818832842, 0.09956106550286271, 0.17614650050506478]
Timestep: 341 State: 5 Beliefs: [0.09415887889095073, 0.07763580319427828, 0.18804605105952793, 0.14808626520937826, 0.1151733803036344, 0.08386119177446602, 0.16393758297497307, 0.1291008465927913]
Timestep: 342 State: 2 Beliefs: [0.11365466303270218, 0.1426444808448919, 0.09181328827947467, 0.12418612812985108, 0.11799836507344272, 0.17644912963052584, 0.08423059125329029, 0.1490233537558213]
Timestep: 343 State: 0 Beliefs: [0.11938929048952236, 0.06828653707462796, 0.24136649692950624, 0.1363793785030429, 0.09644858422637968, 0.06333544265884927, 0.1520528294653329, 0.12274144065273863]
Timestep: 344 State: 2 Beliefs: [0.1755908694672089, 0.09167414999265776, 0.17961490063694577, 0.11446746038807976, 0.12416694399974186, 0.08384228518117537, 0.12762267598491878, 0.10302071434927178]
Timestep: 345 State: 2 Beliefs: [0.12855477813433527, 0.06783443199050007, 0.2405308585808854, 0.1354744346707694, 0.09244595785373773, 0.06218866294060989, 0.15104388462546975, 0.12192699120369246]
Timestep: 346 State: 2 Beliefs: [0.11376312836737262, 0.06815867435708456, 0.2572108105998022, 0.13617440181074486, 0.08813776784258756, 0.06217395964254929, 0.15182429575018866, 0.12255696162967039]
Timestep: 347 State: 2 Beliefs: [0.10656816056032964, 0.06751769510271025, 0.2712409241254852, 0.13489993323798635, 0.08640115406877577, 0.0615588345893672, 0.15040335840115793, 0.12140993991418773]
Timestep: 348 State: 2 Beliefs: [0.10244837739756903, 0.06744627592034262, 0.2765584441095613, 0.1347601667974455, 0.08578245171959917, 0.06147260468749509, 0.15024752925028625, 0.12128415011770097]
Timestep: 349 State: 2 Beliefs: [0.10069082414776369, 0.06754616297007297, 0.27767613949550346, 0.13496098773249826, 0.08563623495257465, 0.061553332136105456, 0.15047142960623314, 0.12146488895924844]
Timestep: 350 State: 4 Beliefs: [0.10002566907930384, 0.06762346047269416, 0.27774098255207813, 0.13511581909974896, 0.08562557002424834, 0.06162020655601465, 0.150644055026138, 0.12160423718977406]
Timestep: 351 State: 4 Beliefs: [0.07995560428079355, 0.11883562198182504, 0.11736839022343155, 0.14840063488620028, 0.11232581348476939, 0.14437882961759532, 0.10065434366194453, 0.17808076186344032]
Timestep: 352 State: 5 Beliefs: [0.11983903124715921, 0.07983823903610807, 0.17442353264495664, 0.09973057686820784, 0.16041354494874116, 0.09782218217605976, 0.14825620083691793, 0.11967669224184939]
Timestep: 353 State: 0 Beliefs: [0.07564576652344276, 0.11666959609622059, 0.11725166018714285, 0.1457683917987184, 0.1080585317011885, 0.16281498735830277, 0.09886899617652205, 0.17492207015846206]
Timestep: 354 State: 2 Beliefs: [0.0885802261009904, 0.11839774430915591, 0.10747658340928443, 0.14795081358387543, 0.10223276093592994, 0.15747164788583273, 0.10034924747428073, 0.17754097630065047]
Timestep: 355 State: 1 Beliefs: [0.1258451198394105, 0.10339049703213467, 0.15081390415309887, 0.11876594952056534, 0.14871247175218252, 0.11745372373069578, 0.13147878823603487, 0.10353954573587748]
Timestep: 356 State: 2 Beliefs: [0.08462086082455396, 0.1168751543432996, 0.11341865882969344, 0.14603440504501997, 0.10422279074586666, 0.16053742160526804, 0.09904942255227442, 0.17524128605402395]
Timestep: 357 State: 4 Beliefs: [0.09405203205346309, 0.08457002981156389, 0.18786529875233088, 0.14794392276746057, 0.10902689011410276, 0.08378506927869639, 0.1637800040404936, 0.1289767531818887]
Timestep: 358 State: 5 Beliefs: [0.06894883513873123, 0.13104659911015507, 0.08262133837181665, 0.13770223061969442, 0.12021546882012935, 0.18406106670008449, 0.10327667296477082, 0.17212778827461803]
Timestep: 359 State: 0 Beliefs: [0.08560943280596216, 0.1181504087061996, 0.11649017816113173, 0.147636382092486, 0.09610655229900286, 0.15870740652672213, 0.10013598089751224, 0.17716365851098317]
Timestep: 360 State: 4 Beliefs: [0.06936735460292813, 0.1272114540445033, 0.0831347400557655, 0.13855790009294247, 0.12275431116380117, 0.18185843985417444, 0.10391842506970686, 0.1731973751161781]
Timestep: 361 State: 4 Beliefs: [0.09123895398681188, 0.1180447022950546, 0.11184983071641098, 0.14750661029664122, 0.09594374775248965, 0.15836026083020469, 0.10004796176641753, 0.17700793235596948]
Timestep: 362 State: 5 Beliefs: [0.06935089105913188, 0.12506545528907853, 0.08315637082775908, 0.13859395137959846, 0.12658321101409098, 0.18006221767114436, 0.10394546353469886, 0.17324243922449808]
Timestep: 363 State: 5 Beliefs: [0.07935661016756963, 0.10399225973147151, 0.06862314033132551, 0.09064116264059942, 0.15078310384290722, 0.22285747501990255, 0.10246392298502542, 0.18128232528119884]
Timestep: 364 State: 2 Beliefs: [0.08030492505565362, 0.11583670239890385, 0.10626315873394193, 0.14476250770593868, 0.10183625527808825, 0.17909469722327573, 0.09818674435707146, 0.17371500924712643]
Timestep: 365 State: 5 Beliefs: [0.09364320025552404, 0.07938379337907775, 0.18715854117494574, 0.14738735117526977, 0.11988391439532162, 0.08088780628890388, 0.16316385640892703, 0.12849153692203008]
Timestep: 366 State: 2 Beliefs: [0.07319186926823033, 0.11821135453011862, 0.11765177464237202, 0.14773881811799927, 0.1090736341469781, 0.15664050830745097, 0.10020545924525169, 0.1772865817415991]
Timestep: 367 State: 0 Beliefs: [0.09481961060265066, 0.06842615282121807, 0.2579485996727939, 0.13683070693618993, 0.098399846425616, 0.06787142031189515, 0.15255602698706547, 0.12314763624257094]
Timestep: 368 State: 0 Beliefs: [0.1285956055484215, 0.07944083865013891, 0.17132862755329342, 0.0992870110697597, 0.15243233999392747, 0.10217435341495545, 0.14759681048579204, 0.11914441328371166]
Timestep: 369 State: 0 Beliefs: [0.1337880337932091, 0.07874951978536976, 0.16654054462381906, 0.09841512686046858, 0.15318199817233943, 0.10492592848293812, 0.1463006960492936, 0.1180981522325623]
Timestep: 370 State: 2 Beliefs: [0.09494108100089794, 0.11668136431702564, 0.10996341706110539, 0.14581916837693795, 0.10306336935644675, 0.15564516189264216, 0.09890343594261879, 0.1749830020523255]
Timestep: 371 State: 4 Beliefs: [0.09377892631369743, 0.07803954872015399, 0.18740659705221993, 0.1475826951786232, 0.11515514290129447, 0.08599514276096815, 0.16338011025065327, 0.12866183682238946]
Timestep: 372 State: 0 Beliefs: [0.12974431632100744, 0.07997241612730666, 0.1684809646736066, 0.09994906453084118, 0.1492922831826496, 0.10404108030561232, 0.14858099742196687, 0.11993887743700941]
Timestep: 373 State: 2 Beliefs: [0.11083658764732537, 0.13491928367897987, 0.13599501709808326, 0.1686310993847906, 0.08232927483053161, 0.12973884083562773, 0.08578190707835, 0.1517679894463115]
Timestep: 374 State: 4 Beliefs: [0.09365699608311767, 0.07747793998624579, 0.18713782504508522, 0.1473710372230046, 0.12176980698965631, 0.08096328397763235, 0.16314579619315123, 0.1284773145021066]
Timestep: 375 State: 0 Beliefs: [0.09254345820598948, 0.11865358478930507, 0.11636753045573633, 0.14830427376542019, 0.0955325543603679, 0.1500444842203049, 0.10058898568437195, 0.1779651285185042]
Timestep: 376 State: 4 Beliefs: [0.0846065888479316, 0.14583957581811022, 0.10144832758153224, 0.1690805459692204, 0.11095649651830003, 0.15222278063091596, 0.08844213173774608, 0.14740355289624343]
Timestep: 377 State: 5 Beliefs: [0.06969470778461943, 0.11826795864797819, 0.08360690407088073, 0.13934484011813456, 0.12927730412148236, 0.18111860502063554, 0.10450863008860092, 0.1741810501476682]
Timestep: 378 State: 2 Beliefs: [0.08240018231844823, 0.10494056719219388, 0.07789636317391463, 0.09148182105596203, 0.13236330575215952, 0.22453988589735352, 0.10341423249804403, 0.18296364211192406]
Timestep: 379 State: 1 Beliefs: [0.11417070376713029, 0.06723482507268327, 0.2665571939047114, 0.13446258535677608, 0.08328494944641325, 0.06335766747967725, 0.14991574815151007, 0.12101632682109849]
Timestep: 380 State: 0 Beliefs: [0.08865964933384965, 0.1448483423116668, 0.11411336458418424, 0.14604428569969097, 0.08905591266651762, 0.14296917835075817, 0.09905612421370345, 0.17525314283962914]
Timestep: 381 State: 5 Beliefs: [0.06995643486770722, 0.1188605100768731, 0.08391982481664126, 0.13986637469440208, 0.13060765594454873, 0.1770564502110235, 0.10489978102080157, 0.17483296836800258]
Timestep: 382 State: 2 Beliefs: [0.09416293148377013, 0.12672655660197668, 0.12120664948674674, 0.14732897703430883, 0.0866828106806052, 0.14716982219597743, 0.09992748007544425, 0.1767947724411706]
Timestep: 383 State: 5 Beliefs: [0.0940736914556234, 0.0751128861574489, 0.1881201673943968, 0.1481446318230875, 0.11775116147951775, 0.08364353416699061, 0.16400219721562798, 0.12915173030730706]
Timestep: 384 State: 2 Beliefs: [0.092740491317633, 0.13781663381515893, 0.11185931233318032, 0.14753411027019553, 0.0883875289782953, 0.14455437703890897, 0.10006661392239348, 0.1770409323242346]
Timestep: 385 State: 5 Beliefs: [0.09449793299032908, 0.07506091320123003, 0.18896905410031853, 0.14881313010400088, 0.10907205667167173, 0.08911013695945336, 0.16474225229258538, 0.12973452368041102]
Timestep: 386 State: 1 Beliefs: [0.09189061412581252, 0.13800418364388334, 0.11267068047507016, 0.1476663192775961, 0.0882503378216365, 0.14416199540416874, 0.10015628611871735, 0.17719958313311532]
Timestep: 387 State: 4 Beliefs: [0.0692338495896352, 0.11620129388056301, 0.0830689286972589, 0.13844821449543152, 0.11168775413883732, 0.20446353020741098, 0.10383616087157364, 0.1730602681192894]
Timestep: 388 State: 4 Beliefs: [0.08105568572902502, 0.13270437560175058, 0.0673617887136431, 0.09145443334648018, 0.12772479304956644, 0.21340678438794444, 0.10338327247862976, 0.18290886669296036]
Timestep: 389 State: 4 Beliefs: [0.08632424855878607, 0.1475289829247071, 0.11023652946333534, 0.1462536261364172, 0.09320042204831291, 0.14175372786438828, 0.09919811164035253, 0.17550435136370063]
Timestep: 390 State: 4 Beliefs: [0.06834104458181078, 0.11467880897725814, 0.08199822070842659, 0.13666370118071097, 0.12243055720479518, 0.2025602649855762, 0.10249777588553326, 0.17082962647588876]
Timestep: 391 State: 2 Beliefs: [0.09840021825753635, 0.176602586116555, 0.08960090540810157, 0.12197551033472294, 0.11550114750529308, 0.16881780427083312, 0.08273121570529034, 0.14637061240166752]
Timestep: 392 State: 2 Beliefs: [0.1107403876867274, 0.08443296296019283, 0.24770857813144329, 0.13610261584612637, 0.08534830777581454, 0.06143053358138138, 0.15174425975680056, 0.12249235426151373]
Timestep: 393 State: 4 Beliefs: [0.10304815490139647, 0.08060149406708879, 0.2634679351207637, 0.1353652925647534, 0.08374679784849182, 0.06101936286703244, 0.1509221993221952, 0.12182876330827808]
Timestep: 394 State: 0 Beliefs: [0.0788172131900432, 0.1332393215743746, 0.12065693395005003, 0.14638650288366123, 0.10517870115228246, 0.14076928705071176, 0.09928823673848328, 0.17566380346039345]
Timestep: 395 State: 5 Beliefs: [0.10161627090587569, 0.08055158264348308, 0.12192458297971838, 0.0960156090965282, 0.1922298411118359, 0.13523687316725064, 0.15240572872464794, 0.12001951137066025]
Timestep: 396 State: 4 Beliefs: [0.08876212385912796, 0.1361127778107018, 0.1192986908927827, 0.1459932653111717, 0.09509812088267158, 0.14052158378951754, 0.0990215190806208, 0.17519191837340603]
Timestep: 397 State: 5 Beliefs: [0.10152781003120333, 0.08035525443732038, 0.12182432456318844, 0.09593665559351089, 0.18881326410163105, 0.13934146607727182, 0.15228040570398554, 0.1199208194918886]
Timestep: 398 State: 4 Beliefs: [0.10570655181479231, 0.15460172064704802, 0.0966997454381021, 0.12151539528254723, 0.12562207005594045, 0.16761690475261154, 0.08241913766990158, 0.14581847433905668]
Timestep: 399 State: 0 Beliefs: [0.13218389932127242, 0.08411075442925706, 0.1682915265399792, 0.09734849323304351, 0.16294078878518248, 0.093591272289059, 0.14471507352255422, 0.1168181918796522]
Timestep: 400 State: 4 Beliefs: [0.09327325502934447, 0.12576400703783155, 0.1155440241202238, 0.14555895073964253, 0.10658275576357343, 0.13987932592014277, 0.09872694050167058, 0.174670740887571]
Timestep: 401 State: 5 Beliefs: [0.06783617601165498, 0.11363776988815352, 0.0813970495210081, 0.13566174920168017, 0.12243888592137173, 0.20770487105277108, 0.10174631190126013, 0.16957718650210019]
Timestep: 402 State: 4 Beliefs: [0.07795797679062952, 0.1116855983194784, 0.06208832432609007, 0.08964475623762524, 0.17212237987041287, 0.20587390145102408, 0.10133755052948941, 0.1792895124752505]
Timestep: 403 State: 0 Beliefs: [0.09356289518237662, 0.12278912286732671, 0.100538014127547, 0.14669975216398048, 0.1198996651683443, 0.14097014642590522, 0.0995007014677433, 0.17603970259677656]
Timestep: 404 State: 2 Beliefs: [0.09143185074461949, 0.12423915022035835, 0.10104817084849921, 0.14807307735355388, 0.1148801984042853, 0.14220768539940004, 0.10043217420501917, 0.17768769282426464]
Timestep: 405 State: 5 Beliefs: [0.0931562820814513, 0.07371562683384096, 0.18629833453156075, 0.1467099384436041, 0.1147968344390884, 0.09500807902543915, 0.16241393266854015, 0.12790097197647537]
Timestep: 406 State: 2 Beliefs: [0.08736461126157495, 0.12633512658095222, 0.10714553824839948, 0.1477560076571327, 0.11198149339955588, 0.1418928954268138, 0.10021711823701175, 0.17730720918855922]
Timestep: 407 State: 0 Beliefs: [0.09325186189809499, 0.07372053057545133, 0.18649012953642535, 0.146860977009935, 0.11342107460383191, 0.09564164118199839, 0.16258113857021697, 0.12803264662404587]
Timestep: 408 State: 2 Beliefs: [0.08728450200191255, 0.12559983895480567, 0.11422435512208552, 0.14791231126240642, 0.10512744911963304, 0.14203363716802847, 0.10032313285624089, 0.17749477351488768]
Timestep: 409 State: 4 Beliefs: [0.10274664472244352, 0.07352765109499476, 0.18607792662174874, 0.14653636721462715, 0.11228503916142753, 0.08885493553253315, 0.162221782183063, 0.12774965346916212]
Timestep: 410 State: 0 Beliefs: [0.08692486098480494, 0.12554789692711882, 0.11681565261362015, 0.1479212821265943, 0.1029150110849117, 0.14204054026865134, 0.1003292174423857, 0.17750553855191312]
Timestep: 411 State: 5 Beliefs: [0.0882939630993887, 0.13949309347230315, 0.10009412365894234, 0.16682353943157058, 0.10807296276634325, 0.1645248676976715, 0.08726154370266768, 0.1454359061711128]
Timestep: 412 State: 4 Beliefs: [0.07157445878253964, 0.11382503362472991, 0.0817767739877064, 0.13629462331284398, 0.12804388182239101, 0.19589598184410112, 0.10222096748463301, 0.17036827914105498]
Timestep: 413 State: 2 Beliefs: [0.0907616935480778, 0.12271110894714043, 0.11797141063227376, 0.14818705125891038, 0.09974812380764561, 0.1422866720500856, 0.10050947824517402, 0.17782446151069245]
Timestep: 414 State: 4 Beliefs: [0.0984842679982781, 0.07335900572383049, 0.1860076260591904, 0.14648100552161247, 0.12009426806942346, 0.08571194268542659, 0.16216049451314038, 0.12770138942909803]
Timestep: 415 State: 2 Beliefs: [0.0802565546093369, 0.1255331306826416, 0.12432337446771306, 0.14795138895431098, 0.10199928011949676, 0.14204496669579494, 0.10034963772553267, 0.17754166674517316]
Timestep: 416 State: 4 Beliefs: [0.09614308336774009, 0.07323506804297578, 0.18572934317291837, 0.14626185774867323, 0.12539420685006583, 0.08380821437316231, 0.1619178889199801, 0.12751033752448435]
Timestep: 417 State: 2 Beliefs: [0.0778805866885802, 0.1251999521113905, 0.12896493471488432, 0.14756103383519537, 0.1015675261209021, 0.14166785080381095, 0.10008487512300208, 0.17707324060223442]
Timestep: 418 State: 5 Beliefs: [0.09450044995772085, 0.0733275453450019, 0.18598018635910962, 0.14645939675779887, 0.12711476943829514, 0.0827985283991278, 0.16213657272332632, 0.12768255101961953]
Timestep: 419 State: 2 Beliefs: [0.06799179449805545, 0.11153390506178962, 0.08080824032373637, 0.09168595253822595, 0.15061360094022416, 0.21034961173569613, 0.10364498982582064, 0.1833719050764519]
Timestep: 420 State: 0 Beliefs: [0.0967323906542183, 0.06843627308096258, 0.2870491335831637, 0.1327920986667304, 0.08766344460391728, 0.05976049045565535, 0.14805328015529493, 0.11951288880005734]
Timestep: 421 State: 0 Beliefs: [0.15438682504722365, 0.09464069533082647, 0.20885840437040393, 0.11250111237200461, 0.1219285407998804, 0.08100307625547265, 0.12543034468938424, 0.10125100113480415]
Timestep: 422 State: 0 Beliefs: [0.16455796509372003, 0.09250114598406953, 0.2105428842587621, 0.11129202463650556, 0.11672789744187079, 0.08013295831748626, 0.12408230209473083, 0.10016282217285499]
Timestep: 423 State: 2 Beliefs: [0.10439304561011672, 0.12128402399155697, 0.12184054699550187, 0.14586239816474295, 0.09262007208232242, 0.1400322783419812, 0.09893275701608652, 0.17503487779769153]
Timestep: 424 State: 4 Beliefs: [0.09382806149583761, 0.07354797368493314, 0.1864859644349021, 0.1468576969924854, 0.11729486419450813, 0.09137814461961104, 0.1625775074560685, 0.12802978712165394]
Timestep: 425 State: 2 Beliefs: [0.09022715688398916, 0.12261603533323219, 0.12632381605707976, 0.14814777514346153, 0.09219874297597322, 0.14222630464115388, 0.10048283879295652, 0.17777733017215383]
Timestep: 426 State: 5 Beliefs: [0.09340546528671041, 0.07340626933714749, 0.18615872949485535, 0.1465999994771986, 0.12374195396227647, 0.08659022897899545, 0.16229222571346363, 0.12780512774935263]
Timestep: 427 State: 2 Beliefs: [0.0800872885031349, 0.10968989786776925, 0.07902397709265059, 0.09245168662594294, 0.13723274849845477, 0.2121004258873565, 0.10451060227280506, 0.18490337325188588]
Timestep: 428 State: 2 Beliefs: [0.10503522779706279, 0.06784900934634562, 0.28312196907405096, 0.1335253238519967, 0.08133687554782679, 0.06008803139735066, 0.14887077151856945, 0.12017279146679703]
Timestep: 429 State: 0 Beliefs: [0.10864221112962755, 0.06872556052184818, 0.2768407621070589, 0.1336339328992447, 0.08275928753461687, 0.06013584369718536, 0.14899186250109817, 0.12027053960932023]
Timestep: 430 State: 0 Beliefs: [0.09929777461319364, 0.11998248304705668, 0.1281507695614722, 0.1477045105604633, 0.08563916919500818, 0.14179769057880529, 0.10018218977144466, 0.17724541267255592]
Timestep: 431 State: 0 Beliefs: [0.10184440660374935, 0.08019113376447529, 0.12200655051795792, 0.09608015853289185, 0.1831123271034363, 0.14415703716392705, 0.15250818814744738, 0.1201001981661148]
Timestep: 432 State: 2 Beliefs: [0.09192410147425348, 0.11878834625964907, 0.1397341661226993, 0.14726791891103289, 0.0842977155434774, 0.14138018225599125, 0.09988606673965708, 0.17672150269323944]
Timestep: 433 State: 5 Beliefs: [0.10099375380658443, 0.07331788772270283, 0.18605489135728512, 0.14651822694386205, 0.11647639820545097, 0.08670330293234517, 0.1622017001576332, 0.12773383887413614]
Timestep: 434 State: 2 Beliefs: [0.11108009236815265, 0.1446485557969637, 0.11107175900998434, 0.124754879208327, 0.10239891045951124, 0.17172359525272504, 0.08461635285434352, 0.14970585504999237]
Timestep: 435 State: 4 Beliefs: [0.11382654585808522, 0.06694556871777273, 0.28055070190465725, 0.13299090866082683, 0.07787297543614057, 0.059846543165627576, 0.14827493846214576, 0.11969181779474418]
Timestep: 436 State: 0 Beliefs: [0.08807134410565344, 0.11911878692207543, 0.12223591281110524, 0.14776698747359737, 0.10340500333001783, 0.14185701497235922, 0.10022456541687474, 0.17732038496831684]
Timestep: 437 State: 5 Beliefs: [0.09015277016093781, 0.1390959664508632, 0.10007089517364175, 0.1667848252894029, 0.10143143224838541, 0.16982066206796081, 0.08724129322830305, 0.14540215538050508]
Timestep: 438 State: 5 Beliefs: [0.059494861519689364, 0.09487194526141855, 0.05119684224303126, 0.08532807040505211, 0.1650373501821562, 0.2710211050924858, 0.10239368448606252, 0.17065614081010422]
Timestep: 439 State: 2 Beliefs: [0.08945771378381556, 0.11848788699174327, 0.13852979171921612, 0.14770979029997694, 0.0865739543859796, 0.14180334364713804, 0.10018577081215828, 0.17725174835997232]
Timestep: 440 State: 5 Beliefs: [0.09763302040167463, 0.07356400228715862, 0.18675771037642053, 0.14707169692143118, 0.1030072491193251, 0.10093555555740141, 0.16281441417431533, 0.12821635116227334]
Timestep: 441 State: 2 Beliefs: [0.09114475768239995, 0.11989801442595537, 0.11992235527608679, 0.14912096493562846, 0.09666927497088373, 0.143156559438648, 0.10114291534764366, 0.17894515792275414]
Timestep: 442 State: 5 Beliefs: [0.09782219465065126, 0.07369441512079437, 0.18708817680873194, 0.14733193923687643, 0.1015097753505262, 0.10100775663881234, 0.16310251311530474, 0.12844322907830252]
Timestep: 443 State: 0 Beliefs: [0.09109361266570859, 0.11991329347286475, 0.11989085640631598, 0.1491568634008709, 0.09659900343711016, 0.14319087066418953, 0.10116726387189504, 0.17898823608104505]
Timestep: 444 State: 5 Beliefs: [0.10719512096910337, 0.08077554964260301, 0.12303916903071165, 0.0968933456116854, 0.1584219555404772, 0.158759215902423, 0.15379896128838952, 0.12111668201460674]
Timestep: 445 State: 5 Beliefs: [0.07673429104991714, 0.08875949829695409, 0.08743646718067036, 0.11058749112956155, 0.11335491693990739, 0.17694040664957933, 0.12501194649428696, 0.2211749822591231]
Timestep: 446 State: 0 Beliefs: [0.09364420188668364, 0.1188224157545108, 0.10778335809600041, 0.14818898696549274, 0.0882677820997606, 0.16495567967975663, 0.10051079115920376, 0.17782678435859128]
Timestep: 447 State: 4 Beliefs: [0.12774751722877903, 0.0984538475994283, 0.14998269514832155, 0.11811137242930322, 0.13557613717652686, 0.13640539714483985, 0.1307541444882803, 0.10296888878452075]
Timestep: 448 State: 5 Beliefs: [0.09285391334956618, 0.1042566875700732, 0.06954056875699936, 0.09052920172765269, 0.13664447804221255, 0.22277938862345267, 0.10233735847473784, 0.18105840345530538]
Timestep: 449 State: 2 Beliefs: [0.10256215871386999, 0.11631757295207364, 0.10457193480822248, 0.1451265598424281, 0.08540633179321383, 0.1734299034035443, 0.09843366667573385, 0.1741518718109137]
Timestep: 450 State: 5 Beliefs: [0.09444091464827209, 0.07364291949823416, 0.1869873995112558, 0.14725257711511394, 0.10908865799679421, 0.09719883365862297, 0.1630146559841717, 0.12837404158753524]
Timestep: 451 State: 2 Beliefs: [0.09110541709696586, 0.11854502423035555, 0.1112194599701215, 0.1474620358079607, 0.09550944628015737, 0.15918644500992166, 0.10001772863496464, 0.1769544429695528]
Timestep: 452 State: 5 Beliefs: [0.09445934325102556, 0.07374336291771633, 0.18724630664631417, 0.1474564664839724, 0.10777030973417687, 0.09753204977628835, 0.1632403698967867, 0.12855179129371955]
Timestep: 453 State: 4 Beliefs: [0.106770282355532, 0.14164667363593694, 0.09566498209759339, 0.12288660634252595, 0.11415331016537732, 0.18806504131620305, 0.08334917647580019, 0.1474639276110311]
Timestep: 454 State: 0 Beliefs: [0.09098175581916025, 0.11687066070343467, 0.11441649865504593, 0.14571844429465022, 0.10199150332321902, 0.15632388531192953, 0.09883511873898015, 0.17486213315358026]
Timestep: 455 State: 2 Beliefs: [0.10820086743353194, 0.13655562167682028, 0.12692830232531452, 0.17018452665319717, 0.0881031629234548, 0.13028931622404707, 0.08657212877575683, 0.15316607398787746]
Timestep: 456 State: 5 Beliefs: [0.09452166281492276, 0.07366977252978894, 0.18706309565158424, 0.1473121878256226, 0.10874587047314968, 0.09718075331454636, 0.16308064749112472, 0.12842600989926073]
Timestep: 457 State: 4 Beliefs: [0.09153513552128215, 0.11893498019594399, 0.10980891080783137, 0.1479467421473642, 0.1029235740186539, 0.15096808075387538, 0.10034648597821223, 0.177536090576837]
Timestep: 458 State: 0 Beliefs: [0.13484947077120232, 0.07966879847291493, 0.1603713521997928, 0.09930014664099036, 0.158041278993164, 0.10099243955808071, 0.14761633739466629, 0.11916017596918843]
Timestep: 459 State: 0 Beliefs: [0.09800316733862337, 0.11767522974022088, 0.11117657281207301, 0.14647065873893386, 0.10458247055278168, 0.14698179396858713, 0.0993453163620595, 0.1757647904867206]
Timestep: 460 State: 2 Beliefs: [0.09904627135772308, 0.1188253476402155, 0.10192899184213468, 0.1481004881577287, 0.1071464469223711, 0.1467811024096583, 0.10045076588089424, 0.1777205857892744]
Timestep: 461 State: 5 Beliefs: [0.09454272482130828, 0.0737544091792441, 0.18727591016653777, 0.1474797792561485, 0.10785127654907933, 0.09725760668482716, 0.16326617809390473, 0.12857211524895]
Timestep: 462 State: 2 Beliefs: [0.08356529028498202, 0.10476520781166464, 0.0643712586207132, 0.09088943594158677, 0.15682691239293708, 0.21505844330488813, 0.10274457976005459, 0.18177887188317354]
Timestep: 463 State: 2 Beliefs: [0.12298837269032777, 0.06831556340381802, 0.24098372861279643, 0.13639921259983848, 0.0923636122976134, 0.06411527605264782, 0.15207494300310348, 0.12275929133985462]
Timestep: 464 State: 5 Beliefs: [0.11505204663956321, 0.06811180402002792, 0.2555923299710125, 0.13575128297400046, 0.08933998233639748, 0.06262384955914688, 0.15135254982325128, 0.12217615467660042]
Timestep: 465 State: 2 Beliefs: [0.08708657294647637, 0.11646585579861844, 0.1148632621365423, 0.14529513216353984, 0.08855278600952707, 0.1748342296642125, 0.09854800268483573, 0.17435415859624778]
Timestep: 466 State: 0 Beliefs: [0.11364443049028547, 0.06831774988770536, 0.2531112854358547, 0.13651459995517937, 0.08410603757755278, 0.06923916540044905, 0.15220359129331193, 0.12286313995966144]
Timestep: 467 State: 0 Beliefs: [0.11585053073318918, 0.13472353202373666, 0.13042539544724902, 0.16820833273587085, 0.07362599250035803, 0.14021186957515208, 0.0855668475221604, 0.15138749946228375]
Timestep: 468 State: 4 Beliefs: [0.06877637665413354, 0.11336647111526935, 0.08160756735348498, 0.1360126122558083, 0.11398998853363901, 0.21422175957604836, 0.10200945919185624, 0.17001576531976037]
Timestep: 469 State: 2 Beliefs: [0.09814046671853016, 0.11780429757869161, 0.12074925808221403, 0.14720018796977585, 0.08772679708104922, 0.1518986395134645, 0.09984012749254363, 0.17664022556373102]
Timestep: 470 State: 4 Beliefs: [0.09396398701196146, 0.07362180270032094, 0.18694259140039868, 0.14721729072781398, 0.1112343698782341, 0.09570108668231625, 0.16297559250291166, 0.12834327909604296]
Timestep: 471 State: 2 Beliefs: [0.097004689845353, 0.1181375133840028, 0.11682853577487147, 0.14754609213046646, 0.08587154744830046, 0.15748157011108635, 0.10007474074935986, 0.17705531055655974]
Timestep: 472 State: 4 Beliefs: [0.09379544623357736, 0.07349482610531965, 0.18661920758108733, 0.14696262597010631, 0.11989050824872508, 0.08842245404732313, 0.1626936681476146, 0.12812126366624652]
Timestep: 473 State: 4 Beliefs: [0.11364386195219862, 0.14123885483026444, 0.10115875714586241, 0.12302639817752624, 0.10244785596593943, 0.1874086023078118, 0.08344399180736561, 0.1476316778130315]
Timestep: 474 State: 2 Beliefs: [0.13859221344074224, 0.07830753649418502, 0.18409700304394414, 0.09783845838853435, 0.1388823148887721, 0.09943288404328209, 0.14544343963429882, 0.11740615006624122]
Timestep: 475 State: 2 Beliefs: [0.12172096319179446, 0.06738871744911556, 0.251924321810496, 0.1346621112097712, 0.08618364202192327, 0.06678613964049478, 0.15013820458761057, 0.12119590008879406]
Timestep: 476 State: 2 Beliefs: [0.11477602146605342, 0.0673274854574469, 0.2643236727458924, 0.1345657889927521, 0.08255190620632358, 0.06531510253419541, 0.15003081250385938, 0.12110921009347687]
Timestep: 477 State: 2 Beliefs: [0.10791042160022636, 0.06672999211651438, 0.27955162851175713, 0.13341020339300014, 0.08085132068744728, 0.06273482983948737, 0.14874242079786731, 0.12006918305370011]
Timestep: 478 State: 0 Beliefs: [0.10359757403158631, 0.06678005048864762, 0.2854210807494379, 0.13353706717503525, 0.0802034886823434, 0.06139351396802783, 0.14888386444739002, 0.12018336045753171]
Timestep: 479 State: 0 Beliefs: [0.14720229146031766, 0.07984304261046121, 0.1810012457721527, 0.09979667450660781, 0.12729086900142839, 0.09675540782530972, 0.14835445941579312, 0.11975600940792937]
Timestep: 480 State: 0 Beliefs: [0.16822221806204732, 0.09004194300383138, 0.20932829063285735, 0.11254726871602894, 0.11140834269669443, 0.08167758947564657, 0.12548180556846808, 0.10129254184442604]
Timestep: 481 State: 0 Beliefs: [0.10605064031339773, 0.11783236580328496, 0.121799444212286, 0.14728262408230458, 0.0878136716572834, 0.14258606435076698, 0.09989604068191094, 0.1767391488987655]
Timestep: 482 State: 5 Beliefs: [0.10192020970691687, 0.07982014257225348, 0.12160973699616608, 0.09576766788448077, 0.1952389109760332, 0.13392157576334093, 0.15201217124520758, 0.11970958485560096]
Timestep: 483 State: 2 Beliefs: [0.08322260099158658, 0.10544007596498708, 0.0813958651237589, 0.09191927685299986, 0.13781989441199477, 0.21245498520180353, 0.10390874774686941, 0.18383855370599972]
Timestep: 484 State: 2 Beliefs: [0.11276636515293775, 0.06734015616393109, 0.26918657953400466, 0.13467753886042577, 0.08374944573301178, 0.06091472431453252, 0.1501554052667732, 0.1212097849743832]
Timestep: 485 State: 2 Beliefs: [0.11784645232461471, 0.06776408315575837, 0.26424463216072197, 0.13552332398104233, 0.08022724030492341, 0.06132488393203304, 0.15109839255796806, 0.12197099158293809]
Timestep: 486 State: 2 Beliefs: [0.11178214949968965, 0.06752562042760712, 0.27280092794682226, 0.13504901255072138, 0.07975700875142003, 0.06097159881855465, 0.15056957070953564, 0.12154411129564927]
Timestep: 487 State: 0 Beliefs: [0.14505895351558473, 0.09084108419728767, 0.23260768930238707, 0.11355055050830777, 0.10721118186640226, 0.08193465525747015, 0.12660038989508343, 0.10219549545747698]
Timestep: 488 State: 2 Beliefs: [0.10533161919993995, 0.11824443828896436, 0.12223089620207511, 0.14780517997451809, 0.08657472025571718, 0.1421964602136036, 0.1002504698957601, 0.17736621596942168]
Timestep: 489 State: 5 Beliefs: [0.09348330815669825, 0.07344702799977999, 0.18650333602898111, 0.14687137712282264, 0.11850606420692024, 0.09055452117296899, 0.16259265192270148, 0.12804171338912743]
Timestep: 490 State: 0 Beliefs: [0.09018896306716694, 0.11951952362332646, 0.12879011836611148, 0.1493991098370413, 0.08774816729492643, 0.14374361585663664, 0.10133157015034105, 0.17927893180444954]
Timestep: 491 State: 4 Beliefs: [0.1024092941040471, 0.08048891060283153, 0.12263091983484004, 0.09657184936993654, 0.17344110717837605, 0.15045445740399807, 0.15328864979355006, 0.12071481171242066]
Timestep: 492 State: 2 Beliefs: [0.09614239442196305, 0.11841458208860989, 0.12784521522305228, 0.14801803270179484, 0.08905487204322957, 0.1425084247075445, 0.10039483957165216, 0.17762163924215377]
Timestep: 493 State: 5 Beliefs: [0.09345311689875299, 0.07352089572007013, 0.18669219965153092, 0.14702010722558062, 0.11528556246756158, 0.09309944024620147, 0.16275730226030902, 0.12817137552999333]
Timestep: 494 State: 4 Beliefs: [0.09581366060236984, 0.11985072956736002, 0.12436496002065399, 0.14981312162892485, 0.08478502922975886, 0.1439843748479083, 0.10161237814831423, 0.17977574595470977]
Timestep: 495 State: 5 Beliefs: [0.0681183052438285, 0.11341785285845543, 0.08164869394369349, 0.13608115657282246, 0.11722873805466527, 0.21134294018089003, 0.10206086742961687, 0.1701014457160281]
Timestep: 496 State: 2 Beliefs: [0.09202399305791313, 0.11873006096797104, 0.11940415759945784, 0.1484124460767211, 0.1000436194501396, 0.14262843282543428, 0.10066235473029779, 0.17809493529206533]
Timestep: 497 State: 4 Beliefs: [0.09354893084414524, 0.0735998994690197, 0.18689284614473306, 0.1471781163389773, 0.11081024768648126, 0.09672860760776782, 0.16293222484412626, 0.12830912706474945]
Timestep: 498 State: 0 Beliefs: [0.13511516037907642, 0.08033719051194581, 0.1879059652905813, 0.10042129425046291, 0.12992841373590347, 0.09650342411436857, 0.14928299861710603, 0.12050555310055547]
Timestep: 499 State: 2 Beliefs: [0.14927153921389774, 0.07955860565439148, 0.18176253662790823, 0.0994480616634979, 0.12725352154035072, 0.09553183829354174, 0.1478362230102148, 0.11933767399619748]
