Timestep: 0 State: 2 Beliefs: [0.125, 0.125, 0.125, 0.125, 0.125, 0.125, 0.125, 0.125]
Timestep: 1 State: 4 Beliefs: [0.099626400996264, 0.07845579078455792, 0.199252801992528, 0.15691158156911583, 0.08685378548392246, 0.06839735606858895, 0.17370757096784492, 0.1367947121371779]
Timestep: 2 State: 5 Beliefs: [0.07448010421101889, 0.12413350701836483, 0.08937612505322268, 0.14896020842203778, 0.10996275467832436, 0.15516688377295604, 0.11172015631652835, 0.1862002605275472]
Timestep: 3 State: 5 Beliefs: [0.07402032272680807, 0.12336720454468014, 0.0888243872721697, 0.14804064545361614, 0.10004262231979717, 0.1696235267756966, 0.11103048409021211, 0.18505080681702019]
Timestep: 4 State: 4 Beliefs: [0.06174128290773229, 0.1029021381795538, 0.05556715461695905, 0.09261192436159842, 0.133636591144964, 0.2571827508320776, 0.1111343092339181, 0.18522384872319683]
Timestep: 5 State: 2 Beliefs: [0.07295173961840629, 0.12906846240179573, 0.09118967452300786, 0.16133557800224466, 0.08754208754208755, 0.15488215488215487, 0.10942760942760943, 0.19360269360269358]
Timestep: 6 State: 4 Beliefs: [0.0966114068358125, 0.07608148288320236, 0.193222813671625, 0.15216296576640473, 0.10265787176710676, 0.07815790777089957, 0.1684506580726987, 0.13265489323225024]
Timestep: 7 State: 4 Beliefs: [0.1059121647446471, 0.08340582973640959, 0.1270945976935765, 0.10008699568369152, 0.17999803588977403, 0.11952538453031614, 0.15886824711697065, 0.12510874460461438]
Timestep: 8 State: 2 Beliefs: [0.07188157079223717, 0.12717508678626577, 0.10452150847670702, 0.1589688584828322, 0.0862578849506846, 0.1526101041435189, 0.10782235618835576, 0.19076263017939862]
Timestep: 9 State: 4 Beliefs: [0.09559013500867745, 0.0752772313193335, 0.1911802700173549, 0.150554462638667, 0.11392209060172147, 0.07555322297053417, 0.16666997898948888, 0.1312526084542225]
Timestep: 10 State: 5 Beliefs: [0.10446568317045057, 0.08226672549672982, 0.1253588198045407, 0.0987200705960758, 0.19379211646078356, 0.11529797147064888, 0.1566985247556759, 0.12340008824509474]
Timestep: 11 State: 2 Beliefs: [0.0711071362838413, 0.12580493342525767, 0.11416917529476173, 0.1572561667815721, 0.08532856354060955, 0.1509659201103092, 0.10666070442576195, 0.18870740013788648]
Timestep: 12 State: 5 Beliefs: [0.09523595590594355, 0.07499831527593057, 0.1904719118118871, 0.14999663055186113, 0.11378353322311996, 0.07869492399106698, 0.16605243593856825, 0.1307662933016225]
Timestep: 13 State: 5 Beliefs: [0.08665464274045405, 0.14442440456742345, 0.07798917846640864, 0.12998196411068108, 0.13976626269994805, 0.24570789586566522, 0.09748647308301081, 0.07798917846640864]
Timestep: 14 State: 2 Beliefs: [0.07014121426433975, 0.12409599446767801, 0.12620233460693675, 0.1551199930845975, 0.0841694571172077, 0.14891519336121362, 0.10521182139650963, 0.18614399170151702]
Timestep: 15 State: 5 Beliefs: [0.09503239951987905, 0.07483801462190476, 0.1900647990397581, 0.14967602924380952, 0.10250531066564607, 0.09169913507204612, 0.165697517111584, 0.13048679472537242]
Timestep: 16 State: 4 Beliefs: [0.06878613151579227, 0.11464355252632046, 0.08254335781895072, 0.13757226303158454, 0.10414316947582718, 0.21716699956835547, 0.10317919727368842, 0.17196532878948068]
Timestep: 17 State: 0 Beliefs: [0.06261214704914658, 0.11077533708695166, 0.08094753779142225, 0.09657337079375274, 0.12522429409829317, 0.2215506741739033, 0.10916989741902482, 0.19314674158750547]
Timestep: 18 State: 2 Beliefs: [0.11547510389256076, 0.08413021827628175, 0.18668357062917695, 0.10516277284535218, 0.12506522000474124, 0.1009562619315381, 0.15633152500592654, 0.12619532741442263]
Timestep: 19 State: 2 Beliefs: [0.09952577000697736, 0.07258324431138555, 0.2439750351766101, 0.1451664886227711, 0.08092490074717165, 0.065324919880247, 0.1618498014943433, 0.130649839760494]
Timestep: 20 State: 5 Beliefs: [0.09437743505410892, 0.07432223010511078, 0.18875487010821784, 0.14864446021022157, 0.10289431637080232, 0.09686368223289904, 0.16455552778665145, 0.12958747813198804]
Timestep: 21 State: 0 Beliefs: [0.08493381842391717, 0.14155636403986196, 0.07644043658152547, 0.1274007276358758, 0.13045357560417314, 0.26722409540621406, 0.09555054572690684, 0.07644043658152547]
Timestep: 22 State: 2 Beliefs: [0.11259383491832195, 0.08145381292345968, 0.21176502280984644, 0.1018172661543246, 0.12108656368920276, 0.09774457550815162, 0.15135820461150346, 0.1221807193851895]
Timestep: 23 State: 4 Beliefs: [0.0948943287222428, 0.0692110837961844, 0.27910691336002963, 0.1384221675923688, 0.07716519342649215, 0.06228997541656596, 0.1543303868529843, 0.12457995083313192]
Timestep: 24 State: 0 Beliefs: [0.07273271507749464, 0.12041424615044766, 0.12679426661851637, 0.15051780768805956, 0.10233216073171991, 0.14449709538053718, 0.10209033912755344, 0.18062136922567146]
Timestep: 25 State: 4 Beliefs: [0.11682952643960957, 0.0819897456026306, 0.12493675520400854, 0.09838769472315674, 0.1554515537464193, 0.1432491618752187, 0.1561709440050107, 0.12298461840394592]
Timestep: 26 State: 0 Beliefs: [0.09976197966723337, 0.1442591163109889, 0.11183583811946035, 0.12576435780958004, 0.10904949645981768, 0.17311093957318666, 0.08530104268823689, 0.15091722937149604]
Timestep: 27 State: 2 Beliefs: [0.13618558498498665, 0.09323120352106566, 0.2208391942612794, 0.11653900440133208, 0.11447953273431993, 0.08390808316895909, 0.12993229296685832, 0.10488510396119886]
Timestep: 28 State: 0 Beliefs: [0.10119859917269843, 0.06859907600922464, 0.2628072773145204, 0.1371981520184493, 0.09201368942769098, 0.061739168408302174, 0.15296570083250988, 0.12347833681660435]
Timestep: 29 State: 2 Beliefs: [0.0935906314225456, 0.11956120681046467, 0.11931667621706155, 0.14945150851308084, 0.09389760852667703, 0.1434734481725576, 0.10136711012191571, 0.179341810215697]
Timestep: 30 State: 4 Beliefs: [0.10524710222240764, 0.07385930840763981, 0.18757919595591058, 0.14771861681527962, 0.10461056776605485, 0.08867429513474692, 0.1635305810897682, 0.12878033260819247]
Timestep: 31 State: 5 Beliefs: [0.07427490941037325, 0.11506010787031742, 0.08284327766662855, 0.1380721294443809, 0.12230076964647132, 0.1913045470730669, 0.1035540970832857, 0.17259016180547615]
Timestep: 32 State: 0 Beliefs: [0.10461253242229994, 0.14540699075657093, 0.10717212917312871, 0.12676506886470287, 0.10345702139910089, 0.17448838890788512, 0.08597978583866803, 0.15211808263764345]
Timestep: 33 State: 2 Beliefs: [0.16334858539923908, 0.09276816285951724, 0.2007454091522318, 0.11596020357439656, 0.11003513598517628, 0.08349134657356551, 0.12928697323891675, 0.10436418321695688]
Timestep: 34 State: 2 Beliefs: [0.12200388760773402, 0.06839817169026165, 0.25006865113369553, 0.1367963433805233, 0.08554016843713735, 0.06155835452123548, 0.1525177141869416, 0.12311670904247096]
Timestep: 35 State: 0 Beliefs: [0.11347102826810734, 0.06783055336488181, 0.2652621342673183, 0.13566110672976361, 0.08338067324425048, 0.06104749802839362, 0.15125201004049763, 0.12209499605678724]
Timestep: 36 State: 2 Beliefs: [0.15032819929831548, 0.07966593478498149, 0.1808147248219257, 0.09958241848122686, 0.12647474525036623, 0.09559912174197778, 0.14803595344373424, 0.11949890217747224]
Timestep: 37 State: 2 Beliefs: [0.12824515541179468, 0.0678757245654437, 0.25431903164094105, 0.1357514491308874, 0.07919144784845478, 0.06108815210889934, 0.15135273507578043, 0.12217630421779868]
Timestep: 38 State: 0 Beliefs: [0.11499695538241818, 0.0674665704219318, 0.2718622707773681, 0.1349331408438636, 0.07814094003167102, 0.06071991337973862, 0.1504403824035315, 0.12143982675947725]
Timestep: 39 State: 2 Beliefs: [0.17312276097112328, 0.0908755760881804, 0.2079763718712539, 0.1135944701102255, 0.10375842240701216, 0.08178801847936236, 0.12664935697363947, 0.10223502309920295]
Timestep: 40 State: 0 Beliefs: [0.12718788654028937, 0.06748780020365307, 0.26100510294627166, 0.13497560040730613, 0.07663882770447072, 0.060739020183287765, 0.15048772164814578, 0.12147804036657553]
Timestep: 41 State: 2 Beliefs: [0.18119883445403745, 0.09120763902600194, 0.19873922724345097, 0.11400954878250243, 0.10303714274914523, 0.08208687512340175, 0.12711213871720795, 0.10260859390425218]
Timestep: 42 State: 0 Beliefs: [0.1321645221190814, 0.06789450246792979, 0.25297597591218235, 0.13578900493585958, 0.07646623090588413, 0.06110505222113682, 0.15139460699565238, 0.12221010444227363]
Timestep: 43 State: 0 Beliefs: [0.16147476095323476, 0.08054701187162502, 0.169600406812699, 0.10068376483953127, 0.12054394469314451, 0.09665641424595003, 0.14967317877637787, 0.12082051780743755]
Timestep: 44 State: 0 Beliefs: [0.1961411657792362, 0.0915032361168226, 0.18267705287185296, 0.11437904514602826, 0.10248134736131048, 0.08235291250514035, 0.12752409958818373, 0.10294114063142541]
Timestep: 45 State: 2 Beliefs: [0.18341636093111913, 0.07982421580736361, 0.15387558132771262, 0.09978026975920451, 0.11924811683775177, 0.09578905896883634, 0.1483300726569667, 0.11973632371104541]
Timestep: 46 State: 2 Beliefs: [0.14513841516858875, 0.06876552551109065, 0.2325760430099778, 0.1375310510221813, 0.07698518802975494, 0.06188897295998159, 0.15333685837846184, 0.12377794591996318]
Timestep: 47 State: 4 Beliefs: [0.09824840497985274, 0.07346898071276585, 0.18658788752448466, 0.1469379614255317, 0.11784370860422652, 0.08614693202748304, 0.16266636348288407, 0.12809976124277123]
Timestep: 48 State: 2 Beliefs: [0.10256211319173147, 0.12015735119777361, 0.1190876800792618, 0.15019668899721703, 0.08169878141495812, 0.14418882143732836, 0.10187253688506895, 0.18023602679666043]
Timestep: 49 State: 5 Beliefs: [0.11551803646305299, 0.08102736362293904, 0.12347026837781189, 0.09723283634752686, 0.18015952259696896, 0.1267130916850269, 0.15433783547226484, 0.12154104543440858]
Timestep: 50 State: 5 Beliefs: [0.11883816492164294, 0.1432129762026194, 0.10943972939335926, 0.12485233822792462, 0.09729595844407807, 0.1718555714431433, 0.08468245549372277, 0.14982280587350952]
Timestep: 51 State: 5 Beliefs: [0.0789687150367794, 0.11467924489699483, 0.08256905632583626, 0.13761509387639376, 0.1167052693461408, 0.19423243276506724, 0.10321132040729535, 0.17201886734549218]
Timestep: 52 State: 2 Beliefs: [0.10775362254229291, 0.14214531797548702, 0.09753322536620666, 0.123921559260681, 0.09651656103339466, 0.19937269816709344, 0.08405114454202711, 0.14870587111281722]
Timestep: 53 State: 2 Beliefs: [0.11224558837970948, 0.06813786147212937, 0.2641008150061053, 0.13627572294425874, 0.07606752883072086, 0.06858707146446524, 0.15193726125277804, 0.12264815064983287]
Timestep: 54 State: 0 Beliefs: [0.10980259703798617, 0.06710024323910012, 0.2806587072371265, 0.13420048647820024, 0.074972802654814, 0.06286119806087698, 0.14962352746151578, 0.12078043783038021]
Timestep: 55 State: 2 Beliefs: [0.11539785444388245, 0.13564085539229953, 0.14482231857527897, 0.16955106924037444, 0.06908579286135996, 0.12665625542645118, 0.08624989174401655, 0.15259596231633696]
Timestep: 56 State: 5 Beliefs: [0.10051743106188642, 0.07384749303138857, 0.18754918865114556, 0.14769498606277714, 0.10700952449557354, 0.09111722438252712, 0.1635044208753577, 0.12875973143934416]
Timestep: 57 State: 2 Beliefs: [0.11239428943352808, 0.14305297181293164, 0.10757846241644363, 0.12471284722153016, 0.09710718187867834, 0.18091098636862282, 0.08458784420242914, 0.14965541666583618]
Timestep: 58 State: 0 Beliefs: [0.10905344157102605, 0.0675219501519967, 0.27618391222214095, 0.1350439003039934, 0.07531771539668713, 0.0647756991446168, 0.15056387093594484, 0.12153951027359405]
Timestep: 59 State: 2 Beliefs: [0.15418069165575551, 0.07962236772647967, 0.1830168583663249, 0.09952795965809957, 0.11844882789358026, 0.09781474636456719, 0.14795499674547338, 0.11943355158971948]
Timestep: 60 State: 1 Beliefs: [0.12050114014982996, 0.06698038257665366, 0.2714673989507782, 0.13396076515330732, 0.07471380041552209, 0.06245556804202083, 0.1493562560739113, 0.12056468863797659]
Timestep: 61 State: 0 Beliefs: [0.10105009025352521, 0.16624668663814215, 0.13755185450490007, 0.16754246180117724, 0.06820796261412795, 0.12338460669429506, 0.08522812187277276, 0.15078821562105948]
Timestep: 62 State: 5 Beliefs: [0.08975052943319496, 0.1398254840373153, 0.10067434850686702, 0.16779058084477835, 0.09078563285589497, 0.17712707565641223, 0.08776738074957638, 0.1462789679159606]
Timestep: 63 State: 0 Beliefs: [0.08143875258620624, 0.11477575857185295, 0.08090834800720337, 0.09184696590611859, 0.11911223387284979, 0.2243970043061804, 0.10382700493735145, 0.18369393181223717]
Timestep: 64 State: 2 Beliefs: [0.15068207545873755, 0.08499440695142259, 0.18184809425865917, 0.09908071928622347, 0.11784535202665172, 0.09936234498069037, 0.14729014389414713, 0.11889686314346815]
Timestep: 65 State: 2 Beliefs: [0.1222065667741146, 0.07850325278522396, 0.2551011296744579, 0.13498566532211426, 0.0752685486333292, 0.06194879474381342, 0.1504989432770438, 0.12148709878990284]
Timestep: 66 State: 2 Beliefs: [0.11328350594693212, 0.07711262893535785, 0.26857997053528876, 0.13431367169038416, 0.0748921099785769, 0.06118608786567119, 0.14974972052644325, 0.12088230452134577]
Timestep: 67 State: 2 Beliefs: [0.10777492860385438, 0.07285826515432657, 0.2863269804292264, 0.1323343912250554, 0.07378307841180387, 0.060278433558084446, 0.1475429705150991, 0.11910095210254987]
Timestep: 68 State: 2 Beliefs: [0.10348467912688977, 0.06977570537398718, 0.29647377942717074, 0.13164984737627783, 0.07339672285120838, 0.05995464799674203, 0.14677975520907394, 0.11848486263865006]
Timestep: 69 State: 2 Beliefs: [0.10100365066442193, 0.06798471659939175, 0.30018849656566726, 0.13179072001817113, 0.0734720289298688, 0.060011921514223875, 0.14693681769190123, 0.11861164801635403]
Timestep: 70 State: 0 Beliefs: [0.0997934776346927, 0.06709047335296321, 0.30108425185442744, 0.13209170770021494, 0.07363800818790013, 0.0601471478439953, 0.14727239649561277, 0.11888253693019345]
Timestep: 71 State: 2 Beliefs: [0.1461355604402323, 0.08012173719438052, 0.19261430845763133, 0.0993851376785832, 0.1181955634099588, 0.09654284532451263, 0.1477426822804013, 0.11926216521429983]
Timestep: 72 State: 2 Beliefs: [0.12192122494526834, 0.06726303608104364, 0.2712196680526375, 0.1338606049184007, 0.07462286894789259, 0.06139346774156166, 0.14924458488663483, 0.12047454442656065]
Timestep: 73 State: 0 Beliefs: [0.11201120319600881, 0.0667594233476852, 0.2857696309559038, 0.1329385665627606, 0.07410879317012639, 0.06055109193210212, 0.14821658092892862, 0.11964470990648456]
Timestep: 74 State: 2 Beliefs: [0.17221076782976732, 0.09013540841852623, 0.21670741877055527, 0.11238132381340053, 0.10023783061923497, 0.08188726973046966, 0.12529678938598537, 0.10114319143206048]
Timestep: 75 State: 2 Beliefs: [0.12603917002418513, 0.06645051708833513, 0.27299749614365376, 0.1326405927642541, 0.07394240681464967, 0.06066892129664878, 0.1478843623804445, 0.1193765334878287]
Timestep: 76 State: 2 Beliefs: [0.11435602714946683, 0.06657066999572364, 0.28356617847134324, 0.13295232008622948, 0.07411612129147709, 0.060549679846938965, 0.14823191508121406, 0.11965708807760654]
Timestep: 77 State: 2 Beliefs: [0.10710455383670474, 0.06612386447428452, 0.29454691191307675, 0.13213779719462113, 0.07366198665676087, 0.06017708560703171, 0.14732378284236117, 0.11892401747515902]
Timestep: 78 State: 0 Beliefs: [0.10258750115803082, 0.06602862509689145, 0.2997276918967286, 0.13199815961824973, 0.0735840998737912, 0.06010748133446175, 0.1471680973654217, 0.11879834365642476]
Timestep: 79 State: 2 Beliefs: [0.09999724403087154, 0.11845764473847305, 0.13131909593822638, 0.14803861420454398, 0.08032706755880643, 0.14380519728402222, 0.10040879919960376, 0.1776463370454528]
Timestep: 80 State: 4 Beliefs: [0.10103419714785865, 0.0735010576984533, 0.18666935288496075, 0.1470021153969066, 0.09940545761988716, 0.10149474433953622, 0.16273738456637604, 0.12815569034602114]
Timestep: 81 State: 4 Beliefs: [0.09735204626624701, 0.11912111578475289, 0.12845956841739403, 0.1488806397293064, 0.08078394723265934, 0.14576600273024748, 0.10097991216422521, 0.17865676767516764]
Timestep: 82 State: 4 Beliefs: [0.07382090570074844, 0.11355507268438934, 0.08175965233276032, 0.13626608722126718, 0.11095020169857517, 0.2111159059197251, 0.1021995654159504, 0.170332609026584]
Timestep: 83 State: 2 Beliefs: [0.14467575406032107, 0.07965312573194842, 0.1791228377755438, 0.09956028403548967, 0.12995485195818315, 0.09955775649242224, 0.14800304910350404, 0.1194723408425876]
Timestep: 84 State: 0 Beliefs: [0.11631600692852176, 0.0665099011917257, 0.2752374408411254, 0.13300163967008918, 0.07990475953281388, 0.061041873395992104, 0.14828690273665165, 0.11970147570308026]
Timestep: 85 State: 2 Beliefs: [0.17501051046713972, 0.08983364377800349, 0.20991458489880807, 0.11227776861978986, 0.10490984909227466, 0.0818223183130643, 0.12518133307310897, 0.10104999175781086]
Timestep: 86 State: 2 Beliefs: [0.12596176296120362, 0.066295973546589, 0.2688034401413472, 0.13257892887418696, 0.07857943834756873, 0.060643808397533694, 0.14781561174480248, 0.11932103598676827]
Timestep: 87 State: 2 Beliefs: [0.11358374761005569, 0.06661757839183609, 0.2797179898815249, 0.13322616438521132, 0.07773914534961927, 0.06067459539662556, 0.1485372310384371, 0.1199035479466902]
Timestep: 88 State: 4 Beliefs: [0.10549794729927703, 0.06598098475438775, 0.29361676464576547, 0.13195654902747656, 0.07696721752385219, 0.06009793796253449, 0.14712170466197758, 0.11876089412472889]
Timestep: 89 State: 2 Beliefs: [0.11954210412792952, 0.07846688892644917, 0.19252610444337087, 0.09808136702220033, 0.15259767647131492, 0.0952836789490926, 0.14580453963300227, 0.11769764042664037]
Timestep: 90 State: 2 Beliefs: [0.10322492764916492, 0.06612688867368154, 0.28067929303352296, 0.1322517743923556, 0.09058772646020338, 0.06065193392587736, 0.14745085891207405, 0.11902659695312003]
Timestep: 91 State: 4 Beliefs: [0.13152059085824455, 0.08879634136656425, 0.24569266370716838, 0.11099383887568526, 0.11846659434173729, 0.08088566863839859, 0.12374984722408491, 0.09989445498811673]
Timestep: 92 State: 2 Beliefs: [0.11678239026121376, 0.07697520117177183, 0.20369380756203012, 0.09621830653846955, 0.15395149295859176, 0.09388185856875102, 0.14303497509300847, 0.11546196784616346]
Timestep: 93 State: 0 Beliefs: [0.09904572002311433, 0.06592591439422438, 0.28305042298729366, 0.131851043697549, 0.09400272272349013, 0.06045416275389407, 0.14700407409264044, 0.1186659393277941]
Timestep: 94 State: 2 Beliefs: [0.136525279068309, 0.07846276165425599, 0.18588556845860862, 0.09807797942468528, 0.1422643419630834, 0.09529099037966447, 0.14579950374177097, 0.11769357530962235]
Timestep: 95 State: 0 Beliefs: [0.11251201337239988, 0.06633866668074724, 0.2744537128556914, 0.13267691107117668, 0.0858379463051181, 0.060846675168465675, 0.14792485458234175, 0.11940921996405902]
Timestep: 96 State: 2 Beliefs: [0.17132131566647815, 0.089417698519728, 0.20665236629323197, 0.11177177939427951, 0.11416877058882512, 0.0814562752355509, 0.1246171928470549, 0.10059460145485155]
Timestep: 97 State: 4 Beliefs: [0.1226187117920299, 0.0660498331326374, 0.2701628693085585, 0.13209935738269596, 0.08247506481863588, 0.06042381660030875, 0.14728092532070727, 0.11888942164442635]
Timestep: 98 State: 2 Beliefs: [0.13258838559922156, 0.07843369948434667, 0.17789690320480517, 0.0980419564541545, 0.15438743272207237, 0.09525532161379074, 0.14574595317662373, 0.11765034774498541]
Timestep: 99 State: 2 Beliefs: [0.11034589370097961, 0.06666977443174484, 0.2692340272778957, 0.13333939787013002, 0.0905937393694179, 0.06114823134285351, 0.1486634779238614, 0.12000545808311704]
Timestep: 100 State: 2 Beliefs: [0.10497776647388485, 0.06668261217705855, 0.27677730731077405, 0.13336508747595105, 0.08873091561060965, 0.06074561230614904, 0.14869211991721704, 0.12002857872835593]
Timestep: 101 State: 0 Beliefs: [0.0997847764439108, 0.06570407175334651, 0.29552939982586546, 0.13140805320731225, 0.08294414707708374, 0.05985213105088192, 0.1465101727550183, 0.11826724788658102]
Timestep: 102 State: 2 Beliefs: [0.09600465465701426, 0.1174503452489363, 0.1351342437894803, 0.1468128709246715, 0.08622043062637344, 0.1426245841471847, 0.09957742549673369, 0.17617544510960575]
Timestep: 103 State: 5 Beliefs: [0.10074024017179106, 0.07333617663330264, 0.18625060732267334, 0.14667235326660527, 0.11132721264444793, 0.0914328802166804, 0.16237232433258703, 0.1278682054119123]
Timestep: 104 State: 2 Beliefs: [0.09147549814305299, 0.11841406217373314, 0.13454238765074256, 0.14801753968983017, 0.08487783554096535, 0.14465712399295153, 0.10039450518092827, 0.17762104762779615]
Timestep: 105 State: 5 Beliefs: [0.10094598720252623, 0.07340525661472264, 0.18642604854532732, 0.14681051322944527, 0.10606380050557504, 0.09583446825260192, 0.16252527309079817, 0.12798865255900357]
Timestep: 106 State: 2 Beliefs: [0.10764927834000523, 0.142649327447242, 0.11635545244028306, 0.12436092012220584, 0.10221075357212159, 0.17319201810947754, 0.08434914582201787, 0.149233104146647]
Timestep: 107 State: 2 Beliefs: [0.10942585366540793, 0.06612379628108474, 0.2889008459015618, 0.1322475711003935, 0.07659896763074257, 0.06023397887524055, 0.14744617255521483, 0.11902281399035416]
Timestep: 108 State: 0 Beliefs: [0.10425869572595307, 0.06558078973332995, 0.29849676706761863, 0.13116154665847662, 0.076948814380688, 0.059272658092227086, 0.14623533634907768, 0.11804539199262895]
Timestep: 109 State: 2 Beliefs: [0.1620073377972231, 0.0891826467917762, 0.2293117329070534, 0.11147829208118781, 0.1028011265446766, 0.08059842461001787, 0.12428997639499596, 0.10033046287306903]
Timestep: 110 State: 2 Beliefs: [0.11475039212941306, 0.06538580612249992, 0.29128977339249523, 0.1307715973191948, 0.07512403916361222, 0.05918338234903387, 0.1458005719364754, 0.11769443758727532]
Timestep: 111 State: 2 Beliefs: [0.10612627096829064, 0.06570195957994218, 0.2977410280687183, 0.13140390819965392, 0.07488042452412785, 0.05937733989877032, 0.14650555138080815, 0.11826351737968853]
Timestep: 112 State: 2 Beliefs: [0.09832762632125866, 0.06532847138217891, 0.3093905418336291, 0.13065693645048554, 0.07399218369646604, 0.05904026388589917, 0.14567273362464578, 0.11759124280543698]
Timestep: 113 State: 0 Beliefs: [0.09363865853706439, 0.065287521127348, 0.31475144006140426, 0.1305750388423901, 0.07364723178125104, 0.059001150789010054, 0.1455814239033812, 0.11751753495815108]
Timestep: 114 State: 0 Beliefs: [0.1379887284534555, 0.07910661947025821, 0.20434595984208792, 0.09888327303142096, 0.11870087524466634, 0.09531798954533827, 0.14699662677506758, 0.11865992763770515]
Timestep: 115 State: 2 Beliefs: [0.09682387563301012, 0.11772345354641438, 0.1388145478942274, 0.14715431566333553, 0.08087816699874167, 0.14221144736617974, 0.09980901410208846, 0.17658517879600263]
Timestep: 116 State: 5 Beliefs: [0.10087484381920583, 0.07344725621532464, 0.18653271419764988, 0.14689451243064927, 0.10294871462752014, 0.09862181241831246, 0.16261826365948961, 0.12806188263184812]
Timestep: 117 State: 0 Beliefs: [0.10992942525207443, 0.14320569340670106, 0.11629592499273013, 0.12484598815334917, 0.09821106405389923, 0.1730185698706077, 0.08467814848661943, 0.149815185784019]
Timestep: 118 State: 2 Beliefs: [0.1486332129213596, 0.07905825615938286, 0.19379733893830797, 0.09882281971537249, 0.11873024885893174, 0.09546398088773415, 0.14690675886046417, 0.118587383658447]
Timestep: 119 State: 2 Beliefs: [0.11780114689607983, 0.06624811142205003, 0.28184178366445156, 0.13249622175692102, 0.0748122658252241, 0.05983047137282063, 0.14772339948122387, 0.11924659958122893]
Timestep: 120 State: 2 Beliefs: [0.11022925786229537, 0.06601985978411425, 0.29188400052120334, 0.13203971861184666, 0.07423008346607385, 0.05954690046193976, 0.14721443254186484, 0.11883574675066198]
Timestep: 121 State: 2 Beliefs: [0.10332398728851765, 0.06561956693262076, 0.3024596196074071, 0.13123913331761952, 0.07373540594079502, 0.05918522724320958, 0.14632183968397278, 0.11811521998585756]
Timestep: 122 State: 2 Beliefs: [0.09918282954858723, 0.06559544695046521, 0.306850864078711, 0.13119089361054587, 0.07367773008746971, 0.05916237546416591, 0.1462680560105638, 0.11807180424949129]
Timestep: 123 State: 2 Beliefs: [0.09704161081789549, 0.06570676915168162, 0.308000841967159, 0.13141353815781875, 0.0737863798499983, 0.05926238764790159, 0.1465162880655084, 0.11827218434203689]
Timestep: 124 State: 0 Beliefs: [0.09602231944158948, 0.06580961490154401, 0.3080965952977184, 0.13161922973190465, 0.07389418932912728, 0.05935512571890516, 0.14674561882049666, 0.11845730675871419]
Timestep: 125 State: 4 Beliefs: [0.1111366106214874, 0.1354926653285022, 0.15380502695120402, 0.1693658316162669, 0.0694110349475983, 0.12220391991028695, 0.08615566217001402, 0.15242924845464018]
Timestep: 126 State: 5 Beliefs: [0.07267134972695717, 0.11320818769235377, 0.08150989513849471, 0.13584982523082453, 0.10457725281252671, 0.220483838937194, 0.1018873689231184, 0.16981228153853065]
Timestep: 127 State: 2 Beliefs: [0.09684181409613271, 0.11884188477354607, 0.12638676944077118, 0.14855235595668143, 0.08661977141606657, 0.14373732704164385, 0.10075725012714044, 0.1782628271480177]
Timestep: 128 State: 5 Beliefs: [0.10112940068363664, 0.0735814986910247, 0.18687364746926904, 0.1471629973820494, 0.09847259980547074, 0.1015684219956053, 0.16291548753731147, 0.1282959464356328]
Timestep: 129 State: 2 Beliefs: [0.0896560397334141, 0.11905451957976045, 0.1310340346692922, 0.1488181494512557, 0.08874196420968324, 0.14317598556119238, 0.1009375274538952, 0.17858177934150687]
Timestep: 130 State: 5 Beliefs: [0.1011842172564382, 0.07364956686086754, 0.18704651901172709, 0.1472991337217351, 0.09729721756918173, 0.10204252012010907, 0.16306619606150566, 0.12841462939843573]
Timestep: 131 State: 0 Beliefs: [0.08774264313171229, 0.11904550950252657, 0.13315141979952866, 0.1488068868547042, 0.08872659942509177, 0.14302878858542714, 0.10092988847536459, 0.178568264225645]
Timestep: 132 State: 5 Beliefs: [0.1350497354253743, 0.09831225293381214, 0.14980914732771375, 0.11797470352057457, 0.12904301424986878, 0.13635855862363586, 0.13060284638826325, 0.10284974153075732]
Timestep: 133 State: 0 Beliefs: [0.0943382614995404, 0.11770429675996939, 0.13256338630525313, 0.14713037093105805, 0.09054860331625285, 0.14136586274350407, 0.09979277332715242, 0.17655644511726964]
Timestep: 134 State: 5 Beliefs: [0.1105187712613548, 0.08049497978952941, 0.12265901682214005, 0.09659397574743529, 0.14943961434318495, 0.16622740132438638, 0.15332377102767505, 0.1207424696842941]
Timestep: 135 State: 0 Beliefs: [0.08831868455647209, 0.10567621173565592, 0.0809110730061836, 0.09212797945216228, 0.1330815570677946, 0.21148386285322363, 0.10414467242418345, 0.18425595890432456]
Timestep: 136 State: 2 Beliefs: [0.15395294010179705, 0.07935201035815738, 0.17695460802444948, 0.0991900129408502, 0.1288070150879479, 0.09526278170540955, 0.14745261625236836, 0.11902801552902023]
Timestep: 137 State: 2 Beliefs: [0.11869377960595623, 0.06676315592642408, 0.2698621039712509, 0.13352631183253635, 0.08201069185538108, 0.060098403116027384, 0.14887187304314128, 0.12017368064928272]
Timestep: 138 State: 2 Beliefs: [0.11075408260350915, 0.06641802731710064, 0.28283201437607813, 0.13283605461504552, 0.07972162406869625, 0.059783460108657524, 0.14810228775737166, 0.11955244915354099]
Timestep: 139 State: 2 Beliefs: [0.10450549339962492, 0.06598443398546378, 0.2933924473430756, 0.1319688679598328, 0.07884819285441919, 0.059393143941502725, 0.14713543935223147, 0.11877198116384952]
Timestep: 140 State: 0 Beliefs: [0.13625909762096208, 0.0892107133812237, 0.25180855509806643, 0.11151339172156496, 0.10621785183771965, 0.08029922791641436, 0.12432910987464035, 0.10036205254940847]
Timestep: 141 State: 2 Beliefs: [0.09949989437454868, 0.11709599379959916, 0.13501708939366147, 0.1463699922467068, 0.08655787468841163, 0.1405381265815186, 0.09927703821950548, 0.1756439906960481]
Timestep: 142 State: 5 Beliefs: [0.1008732509151524, 0.07349843395314422, 0.1866626894048107, 0.14699686790628844, 0.09354120195046392, 0.10754486488097705, 0.1627315753785529, 0.12815111561061043]
Timestep: 143 State: 5 Beliefs: [0.11729312209395555, 0.1431580053241523, 0.10739486308415075, 0.1248044148962546, 0.10110804985762885, 0.17182629589524087, 0.08464995097311181, 0.1497652978755055]
Timestep: 144 State: 2 Beliefs: [0.09338164382625241, 0.11697794514836819, 0.12352390159371987, 0.1462224314342855, 0.0831337687160996, 0.16211643806557274, 0.09917695349455888, 0.17546691772114262]
Timestep: 145 State: 2 Beliefs: [0.11269361941272796, 0.06801451709055854, 0.26357868655894523, 0.13602903417987078, 0.0787110962018573, 0.06688469410406181, 0.15166222169009472, 0.12242613076188372]
Timestep: 146 State: 4 Beliefs: [0.1048017608782056, 0.06624446498823881, 0.2904591149963288, 0.13248892997487463, 0.07712676659850662, 0.0619236558980532, 0.147715269688405, 0.11924003697738716]
Timestep: 147 State: 2 Beliefs: [0.1174359301268391, 0.07830871033958321, 0.1946535868233109, 0.09788588792375162, 0.15139854763991603, 0.09734032481413206, 0.14551394682396507, 0.11746306550850193]
Timestep: 148 State: 2 Beliefs: [0.09936579504059095, 0.06617529816666715, 0.2824501784427097, 0.13235059633267085, 0.09004451012264339, 0.06293704719456042, 0.1475610380007539, 0.11911553669940378]
Timestep: 149 State: 2 Beliefs: [0.09579809883105167, 0.06584483428701308, 0.29154335934671194, 0.1316896685733967, 0.08834725890650634, 0.061431925467132935, 0.14682415287213035, 0.11852070171605701]
Timestep: 150 State: 0 Beliefs: [0.09296492784356099, 0.0654058570587132, 0.303515598744299, 0.13081171411705372, 0.08275772696334097, 0.06096833339538654, 0.14584529917229722, 0.11773054270534837]
Timestep: 151 State: 0 Beliefs: [0.09283047083605671, 0.11735469292848923, 0.1351943018067597, 0.1466933661603854, 0.08660027769060247, 0.14579848109385216, 0.09949637009139184, 0.17603203939246245]
Timestep: 152 State: 0 Beliefs: [0.15967458170181306, 0.09121803822042579, 0.21032656292674812, 0.11402254777545501, 0.1060771747099621, 0.08893417004341046, 0.12712663162427595, 0.10262029299790948]
Timestep: 153 State: 2 Beliefs: [0.1534263363814622, 0.07799407684866914, 0.18780344901322665, 0.0974925960607311, 0.12289578105117045, 0.09846735331740299, 0.14492929205445998, 0.11699111527287732]
Timestep: 154 State: 2 Beliefs: [0.09537057762859098, 0.11662890553000721, 0.13745040371595352, 0.14578613191236892, 0.08294431451281997, 0.14799527980398383, 0.09888102860143283, 0.17494335829484267]
Timestep: 155 State: 0 Beliefs: [0.11399951129046186, 0.06761131835806918, 0.2674429999352227, 0.13522263671607945, 0.07724301049854808, 0.06601700146026471, 0.1507631486968826, 0.12170037304447148]
Timestep: 156 State: 2 Beliefs: [0.10158450264178705, 0.1176258903963493, 0.12909329668564964, 0.14703236299536568, 0.08195453438778186, 0.14654427891916227, 0.09972629837946544, 0.17643883559443882]
Timestep: 157 State: 4 Beliefs: [0.10122766943125827, 0.0735259602139184, 0.18673259736868164, 0.1470519204278368, 0.09332717863378831, 0.10714304302498766, 0.16279252078295323, 0.12819911011657567]
Timestep: 158 State: 2 Beliefs: [0.09406598301332207, 0.1180131717991263, 0.13140473954048143, 0.14751646474885863, 0.08160405680593566, 0.15032118073789796, 0.1000546456557476, 0.17701975769863038]
Timestep: 159 State: 5 Beliefs: [0.10124915990730718, 0.07339793328323654, 0.18640744960821978, 0.1467958665664731, 0.10256765869525893, 0.09909698963336205, 0.16250905863280699, 0.12797588367333554]
Timestep: 160 State: 2 Beliefs: [0.09369711676644579, 0.11808350017131987, 0.13213529561257525, 0.1476043752141007, 0.08148822490799568, 0.14975196518629535, 0.10011427188434655, 0.1771252502569208]
Timestep: 161 State: 4 Beliefs: [0.10112498526311427, 0.0733100302800682, 0.18618420388588747, 0.1466200605601364, 0.09888843487160924, 0.10373523408367637, 0.16231443415692753, 0.12782261689858043]
Timestep: 162 State: 2 Beliefs: [0.11141972892737403, 0.142101360731065, 0.11464454341748363, 0.12388323756037435, 0.09805646999729398, 0.17720962186170586, 0.0840251524322539, 0.1486598850724492]
Timestep: 163 State: 4 Beliefs: [0.11529461693684666, 0.066199098121375, 0.28100045053794687, 0.13239819624272248, 0.07471219290169276, 0.06362296029273666, 0.14761410834822938, 0.11915837661845025]
Timestep: 164 State: 2 Beliefs: [0.1306945479220329, 0.07825796710111914, 0.18721516006047825, 0.09782245887636991, 0.14700986811634387, 0.09619339198714, 0.14541965528487227, 0.11738695065164388]
Timestep: 165 State: 2 Beliefs: [0.10758397189806489, 0.06606198654255398, 0.2795228777585526, 0.13212397308508167, 0.08683166572022555, 0.06165557922707332, 0.14730836999187463, 0.11891157577657349]
Timestep: 166 State: 2 Beliefs: [0.1040813942355724, 0.06587679067924462, 0.2858385433972195, 0.13175358135846355, 0.08628294067818959, 0.06069311557082408, 0.14689541085786906, 0.11857822322261719]
Timestep: 167 State: 2 Beliefs: [0.09888282442815885, 0.06516592000694418, 0.3021699069610574, 0.13033184001387219, 0.08082302604899345, 0.06001755116973902, 0.14531027535875005, 0.11729865601248497]
Timestep: 168 State: 2 Beliefs: [0.1296400039297201, 0.0883094962355655, 0.26297100673538704, 0.110386870294449, 0.10496622026105104, 0.08130509672665404, 0.12307312255216925, 0.0993481832650041]
Timestep: 169 State: 2 Beliefs: [0.09608567769322016, 0.0643137527424474, 0.3180394957187388, 0.12862750548489071, 0.07406079087264456, 0.059697953003577116, 0.14341006954807964, 0.11576475493640163]
Timestep: 170 State: 2 Beliefs: [0.09270250868487939, 0.06529996368967661, 0.31388384389794044, 0.1305999273793508, 0.07426122903275478, 0.060103419909243436, 0.14560917276473886, 0.11753993464141571]
Timestep: 171 State: 4 Beliefs: [0.0924441012240185, 0.06554802377489301, 0.3125120036969538, 0.13109604754978488, 0.07391493975663664, 0.060336131472027474, 0.14616230973087954, 0.1179864427948064]
Timestep: 172 State: 2 Beliefs: [0.11079972554695351, 0.07877769821822084, 0.19937496604697763, 0.09847212277277563, 0.15133288935946673, 0.09669062642725332, 0.14638542430102167, 0.11816654732733073]
Timestep: 173 State: 2 Beliefs: [0.09601137390000275, 0.06618288775499029, 0.2891643161629646, 0.1323657755099802, 0.08780712482530537, 0.06176136223709515, 0.1475779616506794, 0.11912919795898219]
Timestep: 174 State: 2 Beliefs: [0.09295266087724392, 0.06594360223961726, 0.29656644158600237, 0.1318872044792342, 0.08616182914738157, 0.06074538697355622, 0.1470443906656536, 0.11869848403131077]
Timestep: 175 State: 0 Beliefs: [0.09207251416017435, 0.0654797017782124, 0.30704662732875304, 0.13095940355642463, 0.08027279136589235, 0.06029553673416522, 0.1460099618755958, 0.11786346320078217]
Timestep: 176 State: 2 Beliefs: [0.1375684499329949, 0.07878086257734576, 0.2004463366414404, 0.09847607822168215, 0.12346193158901779, 0.09670374283001461, 0.1463913043414857, 0.11817129386601859]
Timestep: 177 State: 2 Beliefs: [0.10880776482126676, 0.06587186090806042, 0.290540075513639, 0.1317437218161208, 0.07610531340875745, 0.061477495693703275, 0.14688441820394363, 0.1185693496345087]
Timestep: 178 State: 0 Beliefs: [0.10456701651700374, 0.06559220615485047, 0.2983479918494451, 0.13118441230970088, 0.07556157744820273, 0.06041999479826528, 0.14626082984380082, 0.11806597107873078]
Timestep: 179 State: 2 Beliefs: [0.1121169715225531, 0.1342039762453305, 0.1563975739955648, 0.16775497030666311, 0.0696408529986421, 0.12356995762968624, 0.08533622402556341, 0.15097947327599678]
Timestep: 180 State: 5 Beliefs: [0.09958716055146793, 0.07321065333204858, 0.1859318179861551, 0.14642130666409717, 0.10647495880284491, 0.09863035296829459, 0.1620944054238275, 0.12764934427126418]
Timestep: 181 State: 2 Beliefs: [0.108324973866861, 0.14249985233969986, 0.11641612503945951, 0.12423064050127679, 0.09783458571004593, 0.17735627168808488, 0.0842607822530399, 0.14907676860153216]
Timestep: 182 State: 4 Beliefs: [0.1095004697833509, 0.0661367375585567, 0.2894312836117063, 0.13227347511711338, 0.07434624708895653, 0.06179060563419222, 0.14747505360072194, 0.11904612760540206]
Timestep: 183 State: 0 Beliefs: [0.1262509591173941, 0.07844411563751189, 0.1907461249696774, 0.09805514454688982, 0.14768961435851533, 0.09538230975150148, 0.14576555816224218, 0.11766617345626777]
Timestep: 184 State: 0 Beliefs: [0.1534587269603217, 0.08919446959144146, 0.2222196999525696, 0.11149308698930183, 0.11705578692106355, 0.0819279796814849, 0.12430647161344548, 0.10034377829037162]
Timestep: 185 State: 0 Beliefs: [0.10097713617381036, 0.11695583988040224, 0.12273282399153963, 0.1461947998505028, 0.0957069091019302, 0.14284051910869644, 0.09915821207251495, 0.17543375982060333]
Timestep: 186 State: 5 Beliefs: [0.13400064628346148, 0.09748775712923476, 0.14855277276835777, 0.11698530855508171, 0.13336987970398362, 0.13810889799585654, 0.12950754549036314, 0.10198719207366098]
Timestep: 187 State: 2 Beliefs: [0.12354960985867705, 0.14010788120722562, 0.10348623884737074, 0.12214533233450436, 0.1081307522910813, 0.17315938733720246, 0.08284639932253338, 0.14657439880140521]
Timestep: 188 State: 2 Beliefs: [0.12699931047323412, 0.06754024301102617, 0.25377233399849314, 0.13508048602205233, 0.08248105613547857, 0.06194947165856536, 0.15060466128130312, 0.1215724374198471]
Timestep: 189 State: 2 Beliefs: [0.12165196718934354, 0.06725328048011134, 0.25807386423789536, 0.13450656096022265, 0.08655033274307934, 0.06094331185755588, 0.1499647776675915, 0.12105590486420037]
Timestep: 190 State: 2 Beliefs: [0.11642834477428539, 0.06656335105595824, 0.273877839659027, 0.1331267021119165, 0.08145165409880871, 0.060311738373008274, 0.14842633802627103, 0.11981403190072483]
Timestep: 191 State: 2 Beliefs: [0.1123313392286801, 0.06638932710867139, 0.28261921882194396, 0.13277865421734278, 0.07819380505966976, 0.06014857617053862, 0.14803829059754484, 0.1195007887956085]
Timestep: 192 State: 0 Beliefs: [0.10993889339298325, 0.06650417764562913, 0.2859549007281992, 0.13300835529125826, 0.07634199324707641, 0.06024976977963197, 0.14829439015308943, 0.11970751976213242]
Timestep: 193 State: 2 Beliefs: [0.17657690778611745, 0.09051492467675024, 0.20736545749611338, 0.11314365584593779, 0.10242150916303909, 0.08200152205888382, 0.1261467327118142, 0.10182929026134399]
Timestep: 194 State: 2 Beliefs: [0.12696118167878157, 0.06664413256649887, 0.2688909362387028, 0.13328826513299774, 0.07512406270203094, 0.060525514323455425, 0.14860646873783478, 0.11995943861969798]
Timestep: 195 State: 2 Beliefs: [0.11579702544011727, 0.06652936778370949, 0.281403947537707, 0.13305873556741898, 0.0748314816403547, 0.060276019618728804, 0.14835056040128652, 0.11975286201067709]
Timestep: 196 State: 0 Beliefs: [0.10891587203540201, 0.06614262800606369, 0.29205535509306635, 0.13228525601212737, 0.07413216737702497, 0.05992380264590989, 0.14748818841949127, 0.11905673041091465]
Timestep: 197 State: 2 Beliefs: [0.17187878880727617, 0.09008801450591751, 0.21617557413043506, 0.11261001813239689, 0.10073357393492462, 0.08161324768496644, 0.12555176648492608, 0.10134901631915719]
Timestep: 198 State: 2 Beliefs: [0.12364126053161525, 0.06610661357595916, 0.27773135494012446, 0.13221322715191833, 0.07387119357592711, 0.060036564172083084, 0.14740788161564622, 0.11899190443672648]
Timestep: 199 State: 2 Beliefs: [0.11300231621884704, 0.06618103043965852, 0.2878831292932744, 0.13236206087931704, 0.07391394323151447, 0.059957845031302026, 0.14757382011470122, 0.11912585479138534]
Timestep: 200 State: 2 Beliefs: [0.1058418828825346, 0.06582420483380348, 0.29832239955329054, 0.13164840966760696, 0.07346764519295838, 0.05963373689776223, 0.14677815227119761, 0.11848356870084628]
Timestep: 201 State: 2 Beliefs: [0.10149206442932907, 0.06579750819970805, 0.30294767160812924, 0.1315950163994161, 0.07340720087236163, 0.05960640096984435, 0.14671862276173703, 0.11843551475947449]
Timestep: 202 State: 2 Beliefs: [0.09921778785704291, 0.06590696847613457, 0.30424984056245663, 0.13181393695226915, 0.07351191699926239, 0.059704303054978605, 0.14696270284081348, 0.11863254325704223]
Timestep: 203 State: 2 Beliefs: [0.09812893706027677, 0.06601092636492668, 0.30440681850269385, 0.13202185272985337, 0.07361891132791433, 0.059798373140749955, 0.14719451341671708, 0.11881966745686802]
Timestep: 204 State: 2 Beliefs: [0.09762108428927782, 0.06607751151358475, 0.3043162378950877, 0.1321550230271695, 0.07368875493326679, 0.05985887925701831, 0.1473429883601427, 0.11893952072445256]
Timestep: 205 State: 2 Beliefs: [0.0973834104200585, 0.06611424360965344, 0.30422342511729356, 0.13222848721930688, 0.07372757459054068, 0.05989232509379713, 0.14742489545197351, 0.1190056384973762]
Timestep: 206 State: 2 Beliefs: [0.0972710069367404, 0.0661331654687118, 0.30416549935871556, 0.1322663309374236, 0.07374763950565358, 0.059909571575558214, 0.14746708837351555, 0.11903969784368124]
Timestep: 207 State: 2 Beliefs: [0.1320191613119842, 0.08982025332386738, 0.2581299242837805, 0.11227531665483423, 0.10016134425794372, 0.08136761586307317, 0.12517859931516592, 0.1010477849893508]
Timestep: 208 State: 2 Beliefs: [0.10155775173174356, 0.0652820190039443, 0.30743366727063987, 0.1305640380078886, 0.07280259964417782, 0.05928313134063628, 0.14556915879386984, 0.11750763420709975]
Timestep: 209 State: 0 Beliefs: [0.09702721911513676, 0.06601828471329131, 0.3054532216123921, 0.13203656942658262, 0.07361889587254623, 0.05980197534081725, 0.14721092143530928, 0.11883291248392436]
Timestep: 210 State: 2 Beliefs: [0.16412563904285934, 0.09051158481031582, 0.22133104756494135, 0.11313948101289477, 0.10093167442015838, 0.08199296215269906, 0.126142078084526, 0.1018255329116053]
Timestep: 211 State: 0 Beliefs: [0.1183394325584939, 0.0663636829030279, 0.2808590157000616, 0.1327273658060558, 0.07400575945897789, 0.060269006501479504, 0.14798110784645324, 0.11945462922545022]
Timestep: 212 State: 0 Beliefs: [0.10578844328322483, 0.11825001979988668, 0.12746052045172498, 0.14781252474985837, 0.08021631725422211, 0.14284169319178375, 0.10025545156946915, 0.17737502969983002]
Timestep: 213 State: 5 Beliefs: [0.11027165499664572, 0.08023923434976668, 0.12226930948535877, 0.09628708121972003, 0.15505795344673232, 0.16267927812042798, 0.15283663685669843, 0.12035885152465002]
Timestep: 214 State: 4 Beliefs: [0.12291257634823413, 0.14169952036744637, 0.11060508525407484, 0.12353291519213273, 0.09613036370041231, 0.17309249842899813, 0.08378754247814219, 0.14823949823055926]
Timestep: 215 State: 2 Beliefs: [0.10226147483413711, 0.11840409891227836, 0.11706697520673866, 0.14800512364034796, 0.09284764534340643, 0.14342244983426405, 0.10038608386040992, 0.17760614836841754]
Timestep: 216 State: 5 Beliefs: [0.10088187163873502, 0.07338842465243454, 0.18638330070459563, 0.1467768493048691, 0.09844696782628998, 0.10367527560841425, 0.162488005742468, 0.12795930452219353]
Timestep: 217 State: 2 Beliefs: [0.1014996124169912, 0.11908049498448901, 0.11903094549019846, 0.14885061873061128, 0.08826209817119955, 0.14369593763423183, 0.10095955009554504, 0.1786207424767335]
Timestep: 218 State: 5 Beliefs: [0.10100517163427152, 0.07347236525959207, 0.18659648319896394, 0.14694473051918414, 0.09552313468867735, 0.10567859504759207, 0.16267385714781474, 0.12810566250390412]
Timestep: 219 State: 0 Beliefs: [0.1011917582683047, 0.11886451905581169, 0.12364521693679269, 0.14858064881976463, 0.08548837191532134, 0.14315626635122966, 0.10077644006905774, 0.17829677858371754]
Timestep: 220 State: 5 Beliefs: [0.11073283301260421, 0.08057781472936873, 0.1227852414923714, 0.09669337767524247, 0.14721747247123934, 0.16764498665965646, 0.15348155186546425, 0.12086672209405308]
Timestep: 221 State: 2 Beliefs: [0.10749130682826087, 0.11767578555707274, 0.1256152787494104, 0.14709473194634096, 0.08416627766416276, 0.14167434012075544, 0.09976860079838779, 0.17651367833560913]
Timestep: 222 State: 5 Beliefs: [0.10096229069460715, 0.07352169821650317, 0.186721773248262, 0.14704339643300635, 0.09336898646990499, 0.10740709162584136, 0.1627830843702797, 0.12819167894159528]
Timestep: 223 State: 2 Beliefs: [0.10515603164848854, 0.11883913875095484, 0.12321559909873456, 0.14854892343869355, 0.08242599567479682, 0.14280068127739406, 0.1007549219845052, 0.17825870812643224]
Timestep: 224 State: 4 Beliefs: [0.10116424903669757, 0.07363792404379234, 0.18701694995248844, 0.14727584808758468, 0.09238591591064048, 0.10708436595950196, 0.16304041790729765, 0.12839432910199688]
Timestep: 225 State: 0 Beliefs: [0.12415060541934923, 0.14277986087273462, 0.1052247624326644, 0.12447475050443532, 0.0981043411734274, 0.17146962647601505, 0.08442635251605177, 0.14936970060532237]
Timestep: 226 State: 0 Beliefs: [0.12235667581011897, 0.13473880142945008, 0.14582125104937627, 0.1684235017868126, 0.06998387206519538, 0.12141844316805842, 0.08567630308285684, 0.1515811516081313]
Timestep: 227 State: 4 Beliefs: [0.10941212580874304, 0.08055853224237101, 0.12275585865504156, 0.0966702386908452, 0.1585764399760879, 0.15774418294455297, 0.1534448233188019, 0.1208377983635565]
Timestep: 228 State: 0 Beliefs: [0.11151720069422416, 0.11746066331829962, 0.12607790732403298, 0.1468258291478745, 0.0812231765591206, 0.14111801342652733, 0.09958621455247141, 0.1761909949774494]
Timestep: 229 State: 5 Beliefs: [0.07363936563952345, 0.11354271293414485, 0.08175075331258429, 0.1362512555209738, 0.11374745146110438, 0.20856595008972148, 0.10218844164073036, 0.17031406940121727]
Timestep: 230 State: 0 Beliefs: [0.10685966585183942, 0.11839915321898935, 0.12411927637892926, 0.1479989415237367, 0.08234584380380192, 0.14229649862159796, 0.10038189077262141, 0.17759872982848401]
Timestep: 231 State: 5 Beliefs: [0.08950814065823957, 0.137903581655125, 0.09929057879169, 0.16548429798615, 0.09342603060049993, 0.18355799055325536, 0.08656101740814, 0.1442683623469]
Timestep: 232 State: 2 Beliefs: [0.11846839936017606, 0.119045510192483, 0.1095421892748238, 0.14880688774060377, 0.0816841675365475, 0.14295469153040577, 0.1009298890762356, 0.1785682652887245]
Timestep: 233 State: 5 Beliefs: [0.10085969172098071, 0.0733997416475531, 0.1864120422794999, 0.1467994832951062, 0.10222232984929426, 0.09981461198867847, 0.16251306250007685, 0.12797903671881053]
Timestep: 234 State: 2 Beliefs: [0.11588369943204559, 0.11907805552275799, 0.11261325509601908, 0.14884756940344748, 0.08107639432525326, 0.1429264610800881, 0.10095748185625135, 0.17861708328413697]
Timestep: 235 State: 5 Beliefs: [0.10079966980991531, 0.07334325164163144, 0.1862685755977941, 0.14668650328326288, 0.09904576386819815, 0.10358770549263562, 0.1623879889826923, 0.1278805413238702]
Timestep: 236 State: 2 Beliefs: [0.1136732118727849, 0.119046595059733, 0.11517024442786017, 0.14880824382466626, 0.0809260609215168, 0.14287494244884835, 0.10093080885499105, 0.17856989258959952]
Timestep: 237 State: 5 Beliefs: [0.10085080125050767, 0.07338282629378884, 0.18636908265089228, 0.14676565258757768, 0.09673776577309719, 0.10546871764649607, 0.16247561051616247, 0.12794954328147798]
Timestep: 238 State: 0 Beliefs: [0.10074447146501386, 0.10689081696164195, 0.07268820289165616, 0.09318686606912374, 0.12097766892246337, 0.21379656686501783, 0.10534167468683554, 0.18637373213824748]
Timestep: 239 State: 4 Beliefs: [0.17472810283494927, 0.07964791821848331, 0.16445955502222964, 0.09955989777310413, 0.11854592038982541, 0.09558425353515818, 0.14800247489852497, 0.11947187732772495]
Timestep: 240 State: 0 Beliefs: [0.1713373164395591, 0.07885981040029831, 0.15608255819827233, 0.09857476300037289, 0.13568304178830945, 0.09463478867964886, 0.14653800589309163, 0.11828971560044746]
Timestep: 241 State: 0 Beliefs: [0.1744420743908333, 0.07892546569553276, 0.1527787248381324, 0.09865683211941592, 0.1354351499876687, 0.09471354727446364, 0.14666000715065414, 0.11838819854329911]
Timestep: 242 State: 2 Beliefs: [0.20980780362487328, 0.08971753442021847, 0.17125835616336277, 0.11214691802527312, 0.11035337646849916, 0.08074834064983472, 0.12503544442519254, 0.10093222622274578]
Timestep: 243 State: 2 Beliefs: [0.15004195658360972, 0.06747034436268963, 0.23431624365627843, 0.13494068872537926, 0.08061039007616358, 0.06072495901489118, 0.15044879772814673, 0.12144661985284133]
Timestep: 244 State: 0 Beliefs: [0.13242771707192275, 0.06770873973030495, 0.25135281183328784, 0.1354174794606099, 0.07929804518865306, 0.060939091384141685, 0.15098038381653073, 0.12187573151454892]
Timestep: 245 State: 2 Beliefs: [0.16838355728526935, 0.07924993620128469, 0.16899891103879297, 0.09906242025160585, 0.1230654849142841, 0.09510184485668763, 0.1472629411501484, 0.11887490430192701]
Timestep: 246 State: 2 Beliefs: [0.142482765427584, 0.06715276870726798, 0.24737348657927863, 0.13430553741453596, 0.07763038853777703, 0.06043941824456596, 0.149740651415908, 0.12087498367308237]
Timestep: 247 State: 2 Beliefs: [0.12659652521721526, 0.06693990658302057, 0.2656456682737643, 0.13387981316604114, 0.07693312815171098, 0.060247126109508026, 0.14926600064930257, 0.12049183184943703]
Timestep: 248 State: 0 Beliefs: [0.11881208430902855, 0.06642511674924058, 0.27835493291382524, 0.13285023349848116, 0.07609052363998937, 0.05978380258652534, 0.14811809615427676, 0.11956521014863306]
Timestep: 249 State: 2 Beliefs: [0.18177110888116835, 0.08981142019757783, 0.20640985085817087, 0.1122642752469723, 0.10270732660724657, 0.08083188151720348, 0.12516628896938553, 0.10103784772227506]
Timestep: 250 State: 2 Beliefs: [0.13528897526803466, 0.06647932089681582, 0.2617548558430646, 0.13295864179363165, 0.07578345238132557, 0.05983301288966103, 0.14823896331319827, 0.11966277761426847]
Timestep: 251 State: 2 Beliefs: [0.12148103062688144, 0.06659279456981827, 0.2749736536767017, 0.13318558913963655, 0.07547320260038143, 0.05993470649328307, 0.1484919926676246, 0.11986703022567287]
Timestep: 252 State: 2 Beliefs: [0.11457387949297587, 0.06625228834976046, 0.28508986872058484, 0.13250457669952093, 0.07496430731614824, 0.05962824577272099, 0.1477327146187196, 0.11925411902956884]
Timestep: 253 State: 0 Beliefs: [0.11025580041264009, 0.066218859707109, 0.2897746122996336, 0.132437719414218, 0.07486273663855839, 0.05959815032008826, 0.1476581737349565, 0.1191939474727962]
Timestep: 254 State: 0 Beliefs: [0.10555338472450226, 0.11844422336254543, 0.1263083040353655, 0.1480552792031818, 0.08141650617679655, 0.1421358650377191, 0.10042010241607113, 0.17766633504381815]
Timestep: 255 State: 5 Beliefs: [0.1344277469241909, 0.09785755478537635, 0.14911627395866872, 0.11742906574245161, 0.1269421151269788, 0.1418543832100751, 0.12999880293832655, 0.10237405731393216]
Timestep: 256 State: 2 Beliefs: [0.14005139890546023, 0.14130668178755654, 0.09777902610551367, 0.12319044053274161, 0.09671264932915377, 0.1695760193824248, 0.08355525531785951, 0.1478285286392899]
Timestep: 257 State: 0 Beliefs: [0.13925104255353898, 0.06774825133372941, 0.24728554779367018, 0.13549650266745883, 0.07622779258068846, 0.060975521875288104, 0.15106848879491305, 0.12194685240071297]
Timestep: 258 State: 0 Beliefs: [0.1961934720515178, 0.09034531955290777, 0.1900597835986949, 0.11293164944113471, 0.10160913931802544, 0.08131179014886598, 0.1259103613918323, 0.10163848449702124]
Timestep: 259 State: 2 Beliefs: [0.18561087444560448, 0.07831666166118154, 0.16387113870726866, 0.0978958270764769, 0.11732021863103832, 0.09398156494461156, 0.14552872204204625, 0.1174749924917723]
Timestep: 260 State: 2 Beliefs: [0.14556409694994066, 0.06728842365218207, 0.2455158780120348, 0.13457684730436414, 0.07533170467361089, 0.060560745137879894, 0.15004314169605973, 0.12111916257392773]
Timestep: 261 State: 4 Beliefs: [0.12974188336649514, 0.06732073840265823, 0.26111910778576536, 0.13464147680531646, 0.07529485888192555, 0.060589406866529964, 0.15011519876652446, 0.12117732912478482]
Timestep: 262 State: 2 Beliefs: [0.14329302801046578, 0.07881878141172106, 0.17548523126126395, 0.09852347676465133, 0.1446058460299444, 0.09458369894527847, 0.14646176545909362, 0.11822817211758159]
Timestep: 263 State: 0 Beliefs: [0.12170442756825403, 0.06688605198404037, 0.2614049036548713, 0.13377210396808073, 0.08649309737881715, 0.06019860894308722, 0.14914591293157656, 0.12039489357127266]
Timestep: 264 State: 2 Beliefs: [0.12133707158766986, 0.13480462149587333, 0.13723779760388216, 0.16850577686984164, 0.07941572946580513, 0.12132564773419435, 0.08571815605987597, 0.15165519918285747]
Timestep: 265 State: 4 Beliefs: [0.13315551200339293, 0.09802221486938145, 0.14936718456286696, 0.11762665784325774, 0.12465761296707598, 0.14440695514355728, 0.13021754551634557, 0.10254631709412214]
Timestep: 266 State: 2 Beliefs: [0.10198940693400085, 0.11689227717564797, 0.13374692258304866, 0.14611534646955995, 0.08653842016616019, 0.14027488895484375, 0.09910432195326677, 0.17533841576347195]
Timestep: 267 State: 5 Beliefs: [0.10063844828164217, 0.07333556130395619, 0.186249044581476, 0.14667112260791237, 0.1027696493727034, 0.1000980793795097, 0.16237096194282524, 0.1278671325299749]
Timestep: 268 State: 2 Beliefs: [0.09729555489766559, 0.11816329169530976, 0.12855011020010187, 0.14770411461913718, 0.08906125362933674, 0.14179881619554777, 0.10018192121993653, 0.1772449375429646]
Timestep: 269 State: 5 Beliefs: [0.10073931415246075, 0.07334208464727719, 0.18626561180260873, 0.14668416929455438, 0.09859688172981712, 0.10410802664755002, 0.16238540516124864, 0.12787850656448332]
Timestep: 270 State: 0 Beliefs: [0.09540239765475712, 0.11812537090477716, 0.13070505722082004, 0.14765671363097144, 0.0890205310503224, 0.14175210219670112, 0.10014977098448498, 0.17718805635716572]
Timestep: 271 State: 2 Beliefs: [0.14950536314766985, 0.07966839884428745, 0.18044695623227427, 0.09958549855535931, 0.12764779799812198, 0.09560285477505331, 0.14804053218080282, 0.11950259826643117]
Timestep: 272 State: 0 Beliefs: [0.12406697325052625, 0.06641067640741233, 0.2671995529150271, 0.13282135281482466, 0.08210638798921893, 0.05976994274237385, 0.14808589634727465, 0.1195392175333422]
Timestep: 273 State: 0 Beliefs: [0.18111969485980212, 0.08929231308388082, 0.20325503076787865, 0.11161539135485103, 0.10945752437958757, 0.08036336148079253, 0.12444283185384136, 0.10045385221936591]
Timestep: 274 State: 2 Beliefs: [0.13282627289593926, 0.13365101626492296, 0.13764931576534156, 0.1670637703311537, 0.07318113506626815, 0.12028648277509682, 0.08498461360323906, 0.15035739329803832]
Timestep: 275 State: 4 Beliefs: [0.09966719200389855, 0.07339939721898753, 0.18641116754028575, 0.14679879443797506, 0.0950116990451946, 0.10822101367004638, 0.1625122999069158, 0.12797843617669621]
Timestep: 276 State: 4 Beliefs: [0.09589205264073386, 0.10620915718268299, 0.0747731318651899, 0.0925925985695185, 0.12825833191106611, 0.2124196366566637, 0.10466989403510787, 0.185185197139037]
Timestep: 277 State: 0 Beliefs: [0.10355125049536869, 0.11805373094953918, 0.12052831374592729, 0.147567163686924, 0.09146369533140118, 0.141666216604965, 0.10008903276156585, 0.17708059642430876]
Timestep: 278 State: 5 Beliefs: [0.08926839335390518, 0.13757025046868818, 0.09905058033745547, 0.1650843005624258, 0.09114034432957213, 0.18761469631728758, 0.08635178798649965, 0.14391964664416607]
Timestep: 279 State: 0 Beliefs: [0.09875249154250108, 0.10597575220410436, 0.07119854731300822, 0.09238911730614227, 0.1305121917611432, 0.21195379352343802, 0.10443987173737822, 0.18477823461228454]
Timestep: 280 State: 4 Beliefs: [0.17075404125571705, 0.07878979855702857, 0.1636224131004523, 0.09848724819628571, 0.12920543637479812, 0.09454845542121919, 0.14640790925895608, 0.11818469783554285]
Timestep: 281 State: 2 Beliefs: [0.1632382590217312, 0.07785277377708963, 0.15718595269906385, 0.09731596722136202, 0.14953752620355487, 0.09342363898995723, 0.14466672142160683, 0.11677916066563442]
Timestep: 282 State: 2 Beliefs: [0.13690841648084656, 0.06726794162744176, 0.23487173774276032, 0.13453588325488353, 0.09479490927809514, 0.060541346848670026, 0.14999746983790746, 0.12108229492939517]
Timestep: 283 State: 2 Beliefs: [0.12362163197506788, 0.06748546231615081, 0.25055003216403754, 0.13497092463230162, 0.09067856438768554, 0.06073704384773113, 0.1504825085079542, 0.12147383216907146]
Timestep: 284 State: 4 Beliefs: [0.11590752038795069, 0.06669519044605675, 0.2677582049703995, 0.1333903808921135, 0.08745124200173025, 0.060025798310177375, 0.14872032018866982, 0.12005134280290213]
Timestep: 285 State: 0 Beliefs: [0.12980888109519878, 0.07820244462689671, 0.17589997880201774, 0.0977530557836209, 0.16187236049707868, 0.09384312932874295, 0.1453164829260991, 0.11730366694034508]
Timestep: 286 State: 2 Beliefs: [0.16902072822756234, 0.08889205706386646, 0.19578448750107372, 0.11111507132983306, 0.13129596426865384, 0.08000311504889919, 0.12388501236326165, 0.10000356419684976]
Timestep: 287 State: 4 Beliefs: [0.1222303625435462, 0.06630158285542825, 0.25422930624286444, 0.1326031657108565, 0.09777850587354427, 0.05967159362501954, 0.14784263400896988, 0.11934284913977088]
Timestep: 288 State: 4 Beliefs: [0.13120127324706723, 0.07765166213744175, 0.16984694073497222, 0.09706457767180218, 0.1702828498124135, 0.09318218921832709, 0.14429301397181338, 0.11647749320616262]
Timestep: 289 State: 2 Beliefs: [0.09317934426766629, 0.1160778687978408, 0.11500815683719595, 0.14509733599730099, 0.1188127447402946, 0.13929390087781418, 0.0984138452851259, 0.17411680319676118]
Timestep: 290 State: 2 Beliefs: [0.12128186010233416, 0.0684338534009947, 0.23682984027094045, 0.1368677068019894, 0.09921775984658235, 0.06159076437912047, 0.15259727907624787, 0.12318093612179046]
Timestep: 291 State: 2 Beliefs: [0.1049946709116197, 0.0669516423128044, 0.26457972535018676, 0.1339032846256088, 0.09950894386697713, 0.06025660719463648, 0.14929216957511904, 0.1205129561630479]
Timestep: 292 State: 2 Beliefs: [0.1024617991518589, 0.06612153964731302, 0.2805018982923067, 0.13224307929462603, 0.09270223692819324, 0.05950951079354523, 0.1474411645269935, 0.11901877136516342]
Timestep: 293 State: 0 Beliefs: [0.10098464342242337, 0.06588657352984972, 0.28878727745331795, 0.13177314705969945, 0.08775726199061945, 0.05929803903574038, 0.1469172251546201, 0.1185958323537295]
Timestep: 294 State: 2 Beliefs: [0.11352976726450692, 0.13482375983438227, 0.14519797581153182, 0.16852969979297783, 0.07917010845803645, 0.121341633478022, 0.08573032554686265, 0.15167672981368005]
Timestep: 295 State: 5 Beliefs: [0.09972084920803678, 0.0734130084467004, 0.1864457357376518, 0.1468260168934008, 0.10298113489944626, 0.10006864995692329, 0.1625424362841067, 0.12800216857373403]
Timestep: 296 State: 0 Beliefs: [0.1172205000661784, 0.1421913804807827, 0.10477343875230119, 0.12396171631657979, 0.10839028021072782, 0.17063024309185426, 0.0840783815016802, 0.14875405957989574]
Timestep: 297 State: 2 Beliefs: [0.12220487591638793, 0.13473458380022918, 0.13909504077353543, 0.16841822975028645, 0.07703572842975923, 0.12126151333374609, 0.0856736212207979, 0.1515764067752578]
Timestep: 298 State: 4 Beliefs: [0.09973627577971216, 0.07341876265694254, 0.1864603496049334, 0.14683752531388508, 0.09769625755671628, 0.1052834509534561, 0.1625551765786599, 0.12801220155569468]
Timestep: 299 State: 2 Beliefs: [0.09905339586699503, 0.11871912848957934, 0.12372196288095112, 0.1483989106119742, 0.08891150398719798, 0.1424632312747248, 0.10065317415420859, 0.178078692734369]
Timestep: 300 State: 5 Beliefs: [0.10073186239820145, 0.07331886137977982, 0.18620663207563126, 0.14663772275955964, 0.10394915073240985, 0.09898376900322596, 0.16233398693772982, 0.12783801471346223]
Timestep: 301 State: 2 Beliefs: [0.08719708277202633, 0.10641354151972791, 0.08004432564328576, 0.09277077978642946, 0.13033392202323668, 0.21282747240212352, 0.10487131628031157, 0.18554155957285892]
Timestep: 302 State: 2 Beliefs: [0.11679960138092807, 0.06680045090755268, 0.2731743228747892, 0.13360090181510537, 0.0803083497362534, 0.06012052634448727, 0.1489550353072891, 0.12024081163359483]
Timestep: 303 State: 2 Beliefs: [0.10706633667998777, 0.06582284884824727, 0.2919870677888424, 0.13164569769649453, 0.0789811947767926, 0.059240597656997296, 0.14677512862579314, 0.11848112792684508]
Timestep: 304 State: 2 Beliefs: [0.10090652403019869, 0.0653593022520682, 0.3032158717453766, 0.1307186045041364, 0.07758805950503059, 0.058823405007094, 0.14574148890237296, 0.11764674405372275]
Timestep: 305 State: 2 Beliefs: [0.09711078070491416, 0.06537367519107888, 0.3074863267683866, 0.13074735038215776, 0.07699937287644253, 0.058836340321926014, 0.145773538411152, 0.11767261534394197]
Timestep: 306 State: 4 Beliefs: [0.09517604948354401, 0.06551815527388714, 0.3084529085850967, 0.1310363105477743, 0.07682181681465146, 0.058966372370426505, 0.14609570743162298, 0.11793267949299686]
Timestep: 307 State: 2 Beliefs: [0.07711654109354245, 0.11769118485903968, 0.13435856861546078, 0.14711398107379958, 0.10617179036640834, 0.1412294999748734, 0.09978165672831625, 0.17653677728855952]
Timestep: 308 State: 0 Beliefs: [0.10674873199292162, 0.06805266091026689, 0.2657309397622192, 0.13610532182053378, 0.08787280410685987, 0.0612474750523919, 0.15174727671632646, 0.1224947896384804]
Timestep: 309 State: 4 Beliefs: [0.15450658069932402, 0.08996907924767139, 0.21593281088722255, 0.11246134905958924, 0.11955673641287541, 0.08097221797623447, 0.12538601156345247, 0.1012152141536303]
Timestep: 310 State: 2 Beliefs: [0.09160174414924167, 0.11672341372881669, 0.12807551278377427, 0.14590426716102087, 0.10358058187593061, 0.14006820459008112, 0.0989611551179098, 0.175085120593225]
Timestep: 311 State: 2 Beliefs: [0.11585488539344473, 0.0685764941521008, 0.2505634029525708, 0.1371529883042016, 0.08978026802985582, 0.06171892503249471, 0.15291534666155013, 0.12343768947378145]
Timestep: 312 State: 2 Beliefs: [0.14299821754240766, 0.08961504226196476, 0.2268769603052209, 0.11201880282745597, 0.12212786402610741, 0.08065358495167098, 0.12489260554046208, 0.10081692254471035]
Timestep: 313 State: 0 Beliefs: [0.10225497029957861, 0.06525364702139003, 0.29207248509604317, 0.13050729404278005, 0.08822081775498264, 0.05872832763932549, 0.14550589350739804, 0.11745656463850204]
Timestep: 314 State: 0 Beliefs: [0.11015195903324947, 0.1348251658369768, 0.14894255296882192, 0.168531457296221, 0.07879661720676244, 0.12134271651024842, 0.08573121958112111, 0.15167831156659886]
Timestep: 315 State: 5 Beliefs: [0.07200828629666604, 0.11217765533507783, 0.08076791184125602, 0.13461318640209338, 0.10258550444654599, 0.22862108287417407, 0.10095988980157003, 0.1682664830026167]
Timestep: 316 State: 0 Beliefs: [0.0985449801097258, 0.11863769664624252, 0.12790570747996324, 0.14829712080780316, 0.08570827597815579, 0.14236553989562717, 0.10058413411311866, 0.17795654496936375]
Timestep: 317 State: 4 Beliefs: [0.08908940208913103, 0.1372448706847346, 0.0988163068930089, 0.1646938448216815, 0.08712280529097373, 0.1933059712897145, 0.08614754959903341, 0.14357924933172234]
Timestep: 318 State: 2 Beliefs: [0.157981906332673, 0.07951496404915198, 0.17344849379754973, 0.09939370506143999, 0.12721500536801936, 0.09541806104699872, 0.14775541827043914, 0.11927244607372799]
Timestep: 319 State: 2 Beliefs: [0.12938603925865452, 0.0671236589695874, 0.254038075579165, 0.1342473179391748, 0.08429525499527261, 0.06041132606727095, 0.14967574104561726, 0.1208225861452573]
Timestep: 320 State: 2 Beliefs: [0.11947381633478132, 0.06688781065199556, 0.2678335998742613, 0.13377562130399112, 0.08228220786938667, 0.060199050293363164, 0.1491498344986289, 0.12039805917359202]
Timestep: 321 State: 0 Beliefs: [0.11233728697351532, 0.066488208318973, 0.27968750267941717, 0.132976416637946, 0.08073362150391082, 0.05983940797395856, 0.14825878093812783, 0.11967877497415139]
Timestep: 322 State: 0 Beliefs: [0.15286659289717416, 0.07909954456337313, 0.18172410702754413, 0.09887443070421642, 0.12688304022100275, 0.09491948567983938, 0.14698348206179038, 0.11864931684505971]
Timestep: 323 State: 2 Beliefs: [0.1249802147873758, 0.13421698310466584, 0.14256718345743874, 0.1677712288808323, 0.07333043855427808, 0.12079535053110646, 0.08534449469155382, 0.15099410599274904]
Timestep: 324 State: 4 Beliefs: [0.0995336980150086, 0.0732897439583438, 0.18613268306880965, 0.1465794879166876, 0.10680586832830544, 0.09760175426394994, 0.1622695185728084, 0.12778724587608664]
Timestep: 325 State: 0 Beliefs: [0.14782834463905348, 0.07971594431716444, 0.18705186631933193, 0.09964493039645554, 0.12239693058192548, 0.09565918566603925, 0.14812888160428314, 0.11957391647574664]
Timestep: 326 State: 0 Beliefs: [0.1263113886477202, 0.13452851864437718, 0.1417232418980733, 0.16816064830547148, 0.07131329540728726, 0.1210757329624065, 0.08554259065973985, 0.15134458347492433]
Timestep: 327 State: 5 Beliefs: [0.10859985227932684, 0.07995584094858081, 0.12183747192164694, 0.09594700913829697, 0.17705476106239385, 0.14437446332482473, 0.15229683990205867, 0.11993376142287118]
Timestep: 328 State: 2 Beliefs: [0.1157421617054846, 0.11792824827353302, 0.11869310444623768, 0.1474103103419163, 0.08183714300029249, 0.1415140145468497, 0.09998264527538671, 0.17689237241029954]
Timestep: 329 State: 4 Beliefs: [0.10044549447045228, 0.07313132721190321, 0.18573035482388117, 0.14626265442380643, 0.10798697949719138, 0.097013386638884, 0.16191877087210152, 0.12751103206177997]
Timestep: 330 State: 0 Beliefs: [0.15696913439222052, 0.07989634666854979, 0.1777895937757467, 0.09987043333568722, 0.12129021984852911, 0.09587564510727094, 0.14846410686917086, 0.11984452000282467]
Timestep: 331 State: 2 Beliefs: [0.1933782467943792, 0.08906295534583902, 0.19960233243699646, 0.11132869418229878, 0.10215207622485918, 0.08015668434980143, 0.12412318590175699, 0.1001958247640689]
Timestep: 332 State: 2 Beliefs: [0.13843749585819506, 0.06635988455209899, 0.2597020962214508, 0.13271976910419797, 0.07563641250210808, 0.059723911477371244, 0.1479726380907998, 0.11944779219377814]
Timestep: 333 State: 2 Beliefs: [0.12409341694879496, 0.0665340520966044, 0.27292668322784186, 0.1330681041932088, 0.07537478579723053, 0.059880658242540574, 0.148361005719891, 0.1197612937738879]
Timestep: 334 State: 0 Beliefs: [0.11674013662717163, 0.06619487143470398, 0.2835487763062188, 0.13238974286940797, 0.07479562510761167, 0.05957539560458623, 0.14760468346783245, 0.11915076858246716]
Timestep: 335 State: 2 Beliefs: [0.10843698952953913, 0.11812553347871318, 0.1256213165510912, 0.14765691684839147, 0.08107036767207958, 0.14175066688320673, 0.100149908818909, 0.17718830021806978]
Timestep: 336 State: 5 Beliefs: [0.1335616591868021, 0.09723072834802644, 0.14816110986365935, 0.11667687401763174, 0.1483843859496619, 0.1251008464300159, 0.1291660957785748, 0.10171830042562767]
Timestep: 337 State: 4 Beliefs: [0.10893652757091539, 0.11721814419930526, 0.13119451277549513, 0.1465226802491316, 0.08025848910740636, 0.1406618292819859, 0.0993806005168023, 0.1758272162989579]
Timestep: 338 State: 5 Beliefs: [0.07296066803021811, 0.11247869184740317, 0.08098465813013027, 0.13497443021688377, 0.10860311502103433, 0.2200495763205628, 0.10123082266266284, 0.16871803777110472]
Timestep: 339 State: 2 Beliefs: [0.09989155922161942, 0.11841384258754292, 0.1172269284061875, 0.14801730323442863, 0.09633859006798119, 0.1420966677984438, 0.10039434480248205, 0.17762076388131434]
Timestep: 340 State: 4 Beliefs: [0.10070145814221276, 0.0733046605023849, 0.18617056635526322, 0.1466093210047698, 0.10178085773895362, 0.10131733701946392, 0.16230254502766536, 0.1278132542092865]
Timestep: 341 State: 0 Beliefs: [0.10047327327843268, 0.11855193571863563, 0.1264311566638401, 0.14818991964829456, 0.08575204713140476, 0.14226234021998682, 0.10051142376145196, 0.17782790357795347]
Timestep: 342 State: 4 Beliefs: [0.07321296788705929, 0.1127742226580502, 0.08119744031379615, 0.13532906718966026, 0.11210397627392972, 0.21472419129818382, 0.10149680039224519, 0.1691613339870753]
Timestep: 343 State: 0 Beliefs: [0.09946660213955055, 0.11801497011592148, 0.1257508625956909, 0.14751871264490185, 0.0905522260324946, 0.14161800098188573, 0.10005617031567257, 0.1770224551738822]
Timestep: 344 State: 5 Beliefs: [0.10955641323478113, 0.07976127265720984, 0.12154098690622452, 0.0957135271886518, 0.1755912665284072, 0.14626839086613008, 0.15192623363278063, 0.11964190898581474]
Timestep: 345 State: 2 Beliefs: [0.1290212853851322, 0.14061579649198006, 0.10448546489954554, 0.12258813027505955, 0.10429784877701305, 0.1687389860024622, 0.08314673183873603, 0.14710575633007145]
Timestep: 346 State: 2 Beliefs: [0.12682026653463008, 0.06678572166900686, 0.2642002573137422, 0.1335714433380137, 0.07937866403736434, 0.06010715679930472, 0.14892219130372572, 0.12021429900421234]
Timestep: 347 State: 0 Beliefs: [0.11927544030690931, 0.06643874212218491, 0.27773152744640695, 0.13287748424436982, 0.07614372087084824, 0.05979487048704322, 0.14814847870230485, 0.11958973581993285]
Timestep: 348 State: 4 Beliefs: [0.15773220603739216, 0.07879079715942539, 0.18552958942904132, 0.09848849644928173, 0.12031398967000509, 0.09454896064484383, 0.14640976487087254, 0.11818619573913808]
Timestep: 349 State: 2 Beliefs: [0.1535839457369022, 0.07822415249901642, 0.17665187020097253, 0.09778019062377052, 0.1371978020989346, 0.09386898940340825, 0.1453568206884708, 0.11733622874852463]
Timestep: 350 State: 2 Beliefs: [0.12247122118409262, 0.06690646188074434, 0.2592917274261295, 0.13381292376148868, 0.08767879063825443, 0.060215819768977406, 0.14919142395497317, 0.12043163138533981]
Timestep: 351 State: 4 Beliefs: [0.11363402868386112, 0.06690271734802923, 0.27128224003627216, 0.13380543469605846, 0.08455516559698073, 0.060212448206441734, 0.149183074205904, 0.12042489122645263]
Timestep: 352 State: 0 Beliefs: [0.08575260545184028, 0.11761901638134696, 0.12334442371344347, 0.14702377047668372, 0.10896836325918144, 0.14114282573521136, 0.09972047041027243, 0.17642852457202043]
Timestep: 353 State: 0 Beliefs: [0.134411626247138, 0.07934927070072352, 0.17965198980058839, 0.0991865883759044, 0.14570995904533152, 0.0952191343726605, 0.1474475254065683, 0.11902390605108526]
Timestep: 354 State: 2 Beliefs: [0.1154818667148168, 0.13418223365216445, 0.13850325224191426, 0.16772779206520555, 0.08706342527752908, 0.12076401861738459, 0.08532239857230021, 0.15095501285868498]
Timestep: 355 State: 5 Beliefs: [0.09928160899026924, 0.07308794743860778, 0.18562018397106733, 0.14617589487721555, 0.10963739453973627, 0.09693885016152384, 0.16182272448759719, 0.12743539553398278]
Timestep: 356 State: 2 Beliefs: [0.11101783989933157, 0.14157057558038408, 0.10365118422514566, 0.12342050178802715, 0.11863929706332409, 0.16988470243323228, 0.08371129686492275, 0.14810460214563256]
Timestep: 357 State: 2 Beliefs: [0.11986654624189888, 0.06685269627520812, 0.26303972920747004, 0.13370539255041625, 0.08696181721907278, 0.06016743053121479, 0.14907153467934467, 0.12033485329537462]
Timestep: 358 State: 2 Beliefs: [0.11089510449058025, 0.06625312709482487, 0.2740892111169802, 0.13250625418964973, 0.08963827368905175, 0.05962781575320092, 0.1477345848950274, 0.11925562877068475]
Timestep: 359 State: 2 Beliefs: [0.10757349598933234, 0.06577854196762059, 0.28656382552086773, 0.13155708393524118, 0.08424865703456245, 0.059200689115695725, 0.1466763308949629, 0.11840137554171705]
Timestep: 360 State: 0 Beliefs: [0.1415793365960928, 0.08867431947841536, 0.24659520052294845, 0.11084289934801919, 0.10916118440339008, 0.07980688932303578, 0.1235815609148811, 0.09975860941321726]
Timestep: 361 State: 2 Beliefs: [0.1527587486318796, 0.07759945612384697, 0.19291409590286346, 0.0969993201548087, 0.12601384051285427, 0.09311935019814162, 0.14419600428983503, 0.11639918418577043]
Timestep: 362 State: 2 Beliefs: [0.12426608859688579, 0.06612124957382493, 0.2724525587729603, 0.13224249914764985, 0.07894971023634018, 0.05950912673304449, 0.1474405177064096, 0.11901824923288487]
Timestep: 363 State: 2 Beliefs: [0.1142733210999631, 0.06591696696277592, 0.28543420691321597, 0.13183393392555184, 0.07758076098386883, 0.059325271607915446, 0.14698499797371228, 0.11865054053299666]
Timestep: 364 State: 0 Beliefs: [0.10766846753107862, 0.06556713437590261, 0.29587011939004315, 0.13113426875180523, 0.07652382228857081, 0.05901042226717133, 0.14620492351880374, 0.1180208418766247]
Timestep: 365 State: 2 Beliefs: [0.10264047688426765, 0.11775264157670595, 0.1315218952883289, 0.14719080197088247, 0.08312828753105758, 0.14130317304692597, 0.09983376133677246, 0.17662896236505896]
Timestep: 366 State: 5 Beliefs: [0.10053287675303973, 0.0732010573780957, 0.18590744730944936, 0.1464021147561914, 0.1025833769554855, 0.10166735479051323, 0.16207315919285328, 0.12763261286437197]
Timestep: 367 State: 2 Beliefs: [0.11672743947348727, 0.14279573898890968, 0.11065564139022249, 0.12448859296469049, 0.10015564101152793, 0.1713548932983521, 0.08443574131518136, 0.14938631155762858]
Timestep: 368 State: 0 Beliefs: [0.11893251642858538, 0.06670374085460197, 0.2753440080884592, 0.13340748170920394, 0.07677276434607302, 0.06003336871124769, 0.14873938632354528, 0.12006673353828354]
Timestep: 369 State: 0 Beliefs: [0.1590273709787128, 0.07888531452844173, 0.1839077415270121, 0.09860664316055216, 0.11999718161103198, 0.09466237850918387, 0.14658539789240294, 0.11832797179266258]
Timestep: 370 State: 2 Beliefs: [0.1131560197323047, 0.11766997725129004, 0.12313508333473629, 0.14708747156411256, 0.08147883063217318, 0.14120397524322406, 0.09976367636522417, 0.17650496587693504]
Timestep: 371 State: 5 Beliefs: [0.10057605037873836, 0.07323416251212861, 0.18599152384032663, 0.14646832502425722, 0.09943047932611172, 0.10446266760059511, 0.1621464566813104, 0.12769033463653195]
Timestep: 372 State: 2 Beliefs: [0.1259177202940592, 0.1426306200370093, 0.1041758617369146, 0.12434464310918761, 0.09822272993974829, 0.17115674739104178, 0.08433810576101419, 0.1492135717310251]
Timestep: 373 State: 2 Beliefs: [0.12673477298925512, 0.06707111697214567, 0.26559393301444645, 0.13414223394429134, 0.07580734606622101, 0.060364006230366786, 0.1495585802334114, 0.12072801054986222]
Timestep: 374 State: 0 Beliefs: [0.12210467950691747, 0.06686032336504664, 0.27247731266904723, 0.1337206467300933, 0.07522562235638475, 0.06017429136411367, 0.14908854195131294, 0.12034858205708396]
Timestep: 375 State: 2 Beliefs: [0.12391972449187354, 0.13491274178938187, 0.14433457787414272, 0.16864092723672733, 0.0692068193440354, 0.1214214682868839, 0.08578690646390043, 0.15177683451305457]
Timestep: 376 State: 5 Beliefs: [0.09968414934909418, 0.07336791707652245, 0.1863312179721205, 0.1467358341530449, 0.09741243249650017, 0.1061023009461633, 0.16244260028338708, 0.12792354772316736]
Timestep: 377 State: 2 Beliefs: [0.1211206594306817, 0.14289385414463437, 0.10830304723192376, 0.12457412925429664, 0.0976529709608535, 0.17147262663910512, 0.08449375723334902, 0.14948895510515597]
Timestep: 378 State: 2 Beliefs: [0.1222576494097634, 0.06690378033207074, 0.2721026095435127, 0.13380756066414148, 0.07510274818916678, 0.060213402761955456, 0.1491854445016622, 0.12042680459772734]
Timestep: 379 State: 2 Beliefs: [0.11748902653039722, 0.06649394639812181, 0.28075109258902897, 0.13298789279624362, 0.07447281025125471, 0.05984455192013443, 0.14827157599819996, 0.11968910351661924]
Timestep: 380 State: 0 Beliefs: [0.10925176811368209, 0.06590310212972401, 0.29435743186303315, 0.13180620425944803, 0.07378903625889088, 0.05931279207633399, 0.14695408146538458, 0.11862558383350323]
Timestep: 381 State: 2 Beliefs: [0.15079526502993504, 0.07898750378743245, 0.19356052139559415, 0.09873437973429057, 0.11788078268582662, 0.09478500479718535, 0.14677528688858715, 0.11848125568114867]
Timestep: 382 State: 2 Beliefs: [0.12313935324700462, 0.06646546753221928, 0.2753961282610766, 0.13293093506443857, 0.07440328092479719, 0.05981892103465461, 0.14820807237781433, 0.11963784155799471]
Timestep: 383 State: 2 Beliefs: [0.1131776167421672, 0.06626380692313158, 0.28726901748123185, 0.13252761384626316, 0.07409126683645921, 0.059637426390963075, 0.14775839931814713, 0.11927485246163685]
Timestep: 384 State: 2 Beliefs: [0.10604628495618942, 0.06585023230872734, 0.29815345159001905, 0.1317004646174547, 0.07361774947982444, 0.05926520923649589, 0.14683618965558007, 0.11853041815570924]
Timestep: 385 State: 4 Beliefs: [0.10169331195580408, 0.06580524468956828, 0.3029220837920994, 0.13161048937913655, 0.07355883538497046, 0.05922472037777304, 0.14673587397942536, 0.11844944044122288]
Timestep: 386 State: 2 Beliefs: [0.08121473262615803, 0.11800026034899888, 0.13252114920639635, 0.14750032543624858, 0.10211913007388242, 0.14160031279327484, 0.10004369899154253, 0.17700039052349828]
Timestep: 387 State: 2 Beliefs: [0.10307077062087186, 0.0679181125512632, 0.2733754300298398, 0.1358362251025264, 0.08497330346773656, 0.06112630167789562, 0.15144725395759287, 0.12225260259227376]
Timestep: 388 State: 0 Beliefs: [0.09610237952171997, 0.06623198787441857, 0.29303205851225983, 0.13246397574883714, 0.08565578332989719, 0.05960878925028492, 0.14768744758862887, 0.11921757817395341]
Timestep: 389 State: 0 Beliefs: [0.13869053915635046, 0.07871686574239524, 0.19700632160544604, 0.09839608217799406, 0.12838226871079222, 0.09446023914375436, 0.14627238484967475, 0.11807529861359287]
Timestep: 390 State: 2 Beliefs: [0.1461775341533396, 0.07844619656181724, 0.19532755710973038, 0.09805774570227155, 0.12441681040025854, 0.09413543627543515, 0.1457694249544216, 0.11766929484272586]
Timestep: 391 State: 2 Beliefs: [0.11902961106794932, 0.06620280274451994, 0.2772888143030202, 0.13240560548903987, 0.07870322962642157, 0.05958252272396889, 0.14762236910494442, 0.11916504494013587]
Timestep: 392 State: 2 Beliefs: [0.150581616056852, 0.08866984361942797, 0.24194630040241594, 0.11083730452428496, 0.10483317874883838, 0.07980285947238266, 0.12357532310394159, 0.09975357407185646]
Timestep: 393 State: 2 Beliefs: [0.10843202338529491, 0.06459961485941963, 0.3049612102067671, 0.12919922971883926, 0.07434146209434665, 0.05813965358543241, 0.14404749940294465, 0.11627930674695534]
Timestep: 394 State: 0 Beliefs: [0.1009723367096486, 0.06539010146459502, 0.30605718452118547, 0.13078020292919004, 0.07443673371754271, 0.058851091472156725, 0.1458101665494104, 0.11770218263627104]
Timestep: 395 State: 4 Beliefs: [0.11376601195558837, 0.13508547169212237, 0.15335429866367906, 0.16885683961515296, 0.06949255742448346, 0.12157692484328021, 0.08589674015205608, 0.15197115565363764]
Timestep: 396 State: 4 Beliefs: [0.10924187591942908, 0.08040509016576304, 0.12252204215735321, 0.09648610819891566, 0.15018528469277626, 0.16739941092042673, 0.1531525526966915, 0.12060763524864457]
Timestep: 397 State: 0 Beliefs: [0.10907066728162565, 0.14175208557973645, 0.11713484983767744, 0.12357874127464205, 0.10624803800440666, 0.17010250397562737, 0.08381862451671374, 0.14829448952957044]
Timestep: 398 State: 2 Beliefs: [0.1606375373476073, 0.09001222849000111, 0.21828208944757677, 0.11251528561250138, 0.11083194899800675, 0.08101100625822188, 0.12544614679483362, 0.10126375705125124]
Timestep: 399 State: 0 Beliefs: [0.12308566457116446, 0.06624251534153955, 0.27007603075194975, 0.1324850306830791, 0.08154504474144869, 0.059618264027002384, 0.14771092226904492, 0.1192365276147712]
Timestep: 400 State: 2 Beliefs: [0.15710034488771307, 0.07871935619462354, 0.18069475153707595, 0.09839919524327942, 0.12626707752757038, 0.09446322768749435, 0.14627701263030793, 0.11807903429193531]
Timestep: 401 State: 2 Beliefs: [0.12727125119649307, 0.06643181649975545, 0.2674644293207131, 0.1328636329995109, 0.07846992957992613, 0.05978863510607939, 0.14813303559796215, 0.1195772696995598]
Timestep: 402 State: 0 Beliefs: [0.11606779708408381, 0.06649368561628072, 0.2790006053027429, 0.13298737123256144, 0.07764659494581082, 0.059844317215598165, 0.14827099449361697, 0.11968863410930528]
Timestep: 403 State: 2 Beliefs: [0.11945390143473088, 0.13470313261052214, 0.14760061452593046, 0.16837891576315264, 0.0714359694360927, 0.1212328196762605, 0.08565362236647331, 0.15154102418683738]
Timestep: 404 State: 5 Beliefs: [0.09972335450984321, 0.07341401692275057, 0.1864482969466681, 0.14682803384550114, 0.10004134447680636, 0.10299635722320605, 0.1625446691329927, 0.12800392694223178]
Timestep: 405 State: 0 Beliefs: [0.11842009136909787, 0.1429454399767947, 0.10943703290422718, 0.12461910151823129, 0.09897662349224115, 0.17153452875733857, 0.08452426016019164, 0.14954292182187753]
Timestep: 406 State: 0 Beliefs: [0.12172999116288165, 0.13527207251106643, 0.14354209131462817, 0.16909009063883304, 0.07042441315091796, 0.1217448657130559, 0.08601539393366725, 0.15218108157494972]
Timestep: 407 State: 4 Beliefs: [0.0882469291670749, 0.13746761008598027, 0.09897667926190579, 0.16496113210317634, 0.08790838636116319, 0.19233963259985876, 0.08628736140781532, 0.14381226901302552]
Timestep: 408 State: 2 Beliefs: [0.1109240269924193, 0.1193253696462664, 0.11547858898891912, 0.14915671205783299, 0.08176964245633882, 0.1431904441669892, 0.10116716122183457, 0.1789880544693996]
Timestep: 409 State: 5 Beliefs: [0.100847353082023, 0.07338658100939274, 0.18637861843655296, 0.14677316201878549, 0.10544239790270139, 0.09673187382024924, 0.16248392376520002, 0.12795608996509503]
Timestep: 410 State: 0 Beliefs: [0.09585971101594344, 0.10701030206390881, 0.07548422640757153, 0.09329103256853588, 0.12229263011346352, 0.2140206045725514, 0.1054594281209536, 0.18658206513707176]
Timestep: 411 State: 2 Beliefs: [0.19069400616677146, 0.09015012172564307, 0.1967250741853057, 0.11268765215705384, 0.10155082640537384, 0.08113510978966908, 0.12563832262883465, 0.10141888694134846]
Timestep: 412 State: 2 Beliefs: [0.1378345162121853, 0.06628227471673105, 0.2617311647754612, 0.1325645494334621, 0.07482577331841435, 0.059654047312143264, 0.14779957974148686, 0.11930809449011591]
Timestep: 413 State: 2 Beliefs: [0.12323354721533802, 0.066557088443302, 0.274106261080455, 0.133114176886604, 0.0748724141937263, 0.059901379647864995, 0.14841237333476598, 0.11980275919794361]
Timestep: 414 State: 2 Beliefs: [0.1151034417731797, 0.06608572496656248, 0.2865910580634351, 0.13217144993312496, 0.07425556467084536, 0.05947715251864531, 0.14736130313439455, 0.11895430493981247]
Timestep: 415 State: 0 Beliefs: [0.10986728725710812, 0.06596147192487098, 0.29300473657820064, 0.13192294384974196, 0.0740633487480743, 0.05936532478058346, 0.14708423739665258, 0.11873064946476776]
Timestep: 416 State: 2 Beliefs: [0.1541892271400402, 0.07913857910138171, 0.18859377089571774, 0.09892322387672714, 0.1184250189457822, 0.09496629499839743, 0.14705601638988094, 0.11870786865207256]
Timestep: 417 State: 2 Beliefs: [0.12832669437243338, 0.06656702192393849, 0.2691765457579246, 0.13313404384787697, 0.07463021131113168, 0.05991031980962948, 0.14843452351397624, 0.11982063946308925]
Timestep: 418 State: 2 Beliefs: [0.11671492720414017, 0.06626296641571006, 0.283620346227382, 0.1325259328314201, 0.07420929283806198, 0.05963666982296158, 0.147756525112046, 0.1192733395482781]
Timestep: 419 State: 2 Beliefs: [0.10997031191362379, 0.06586100819275728, 0.29403175010963395, 0.13172201638551456, 0.07372997296109518, 0.05927490742178606, 0.14686021826862594, 0.11854981474696309]
Timestep: 420 State: 2 Beliefs: [0.10583839714808953, 0.06583173801164702, 0.29844647546946634, 0.13166347602329403, 0.07367927053474986, 0.05924856425835483, 0.1467949501334338, 0.11849712842096465]
Timestep: 421 State: 5 Beliefs: [0.10371884622453825, 0.06593898273729298, 0.2996066555526484, 0.13187796547458597, 0.07378820670749162, 0.05934508451136646, 0.1470340898649488, 0.11869016892712737]
Timestep: 422 State: 0 Beliefs: [0.08236206509787397, 0.11605228295607407, 0.1278411793055994, 0.1450653536950926, 0.07899791228806616, 0.17721062928216338, 0.09839215294101931, 0.1740784244341111]
Timestep: 423 State: 0 Beliefs: [0.07451517907572344, 0.11268815180550139, 0.081135469299961, 0.13522578216660167, 0.10759988471601972, 0.21838396860298953, 0.10141933662495126, 0.16903222770825208]
Timestep: 424 State: 0 Beliefs: [0.10636536743319876, 0.1183133202691714, 0.11673242281148648, 0.14789165033646426, 0.08049670757810941, 0.15242143180916726, 0.10030911935864531, 0.17746998040375708]
Timestep: 425 State: 1 Beliefs: [0.14597171720891186, 0.09747142866551099, 0.14852789129982627, 0.11696571439861318, 0.1332640475118163, 0.12634323697309216, 0.1294858539536947, 0.10197010998853456]
Timestep: 426 State: 2 Beliefs: [0.10419129806874493, 0.11666844825685395, 0.12091865757108101, 0.14583556032106745, 0.07935588330629283, 0.159112926133781, 0.09891455395689792, 0.17500267238528092]
Timestep: 427 State: 4 Beliefs: [0.1068675453650794, 0.07950491841718921, 0.18557657190951074, 0.14614155037873972, 0.09799121668067402, 0.09472803935648587, 0.16178470371598372, 0.1274054541763372]
Timestep: 428 State: 5 Beliefs: [0.0935090249612913, 0.1522383444937289, 0.075389141605738, 0.12564856934289664, 0.1433163764601722, 0.24027297452326246, 0.0942364270071725, 0.075389141605738]
Timestep: 429 State: 2 Beliefs: [0.11386889047955788, 0.11561368578918967, 0.12740318070092843, 0.14451710723648706, 0.07860951753179339, 0.14854679075698968, 0.09802029882126949, 0.17342052868378446]
Timestep: 430 State: 5 Beliefs: [0.10658514077432656, 0.07992134874211347, 0.18512821979620664, 0.14578847308951273, 0.10409192133460886, 0.08999342041414307, 0.1613938326428468, 0.12709764320624187]
Timestep: 431 State: 4 Beliefs: [0.06262960895048435, 0.10219556525647987, 0.05059256400062355, 0.08432094000103926, 0.14234603906130203, 0.28808827472674536, 0.1011851280012471, 0.16864188000207853]
Timestep: 432 State: 4 Beliefs: [0.09894190954664034, 0.11662470542674688, 0.1391173262519477, 0.14578088178343362, 0.07922740764855209, 0.14649324355814303, 0.09887746764441584, 0.17493705814012034]
Timestep: 433 State: 4 Beliefs: [0.07506458141957639, 0.12216340137676872, 0.0811453634136392, 0.13524227235606537, 0.11359117384893656, 0.20230866287288304, 0.10143170426704902, 0.16905284044508168]
Timestep: 434 State: 5 Beliefs: [0.13608822004454227, 0.07905709807842043, 0.189158006281535, 0.09882137259802552, 0.12949993204490293, 0.10188511621160978, 0.14690460762333346, 0.11858564711763063]
Timestep: 435 State: 0 Beliefs: [0.08665962101314474, 0.11476952801506804, 0.12425948324530928, 0.14346191001883504, 0.08402179722139015, 0.1773687686247888, 0.09730459983886203, 0.17215429202260205]
Timestep: 436 State: 4 Beliefs: [0.11225379255322444, 0.08517075923697205, 0.12087356567638134, 0.09518793297015031, 0.17859553132536196, 0.13784154492974537, 0.15109195709547665, 0.11898491621268788]
Timestep: 437 State: 0 Beliefs: [0.0930137865744363, 0.11471759320600262, 0.11861266531112581, 0.1433969915075033, 0.08625828190915932, 0.1746637235298534, 0.09726056815291528, 0.17207638980900392]
Timestep: 438 State: 0 Beliefs: [0.07450029724490928, 0.11902335836842697, 0.08117635574722915, 0.1352939262453819, 0.12538236133478972, 0.19403584856849923, 0.10147044468403643, 0.16911740780672738]
Timestep: 439 State: 2 Beliefs: [0.10347470660881243, 0.11652884286843153, 0.11650947114122752, 0.1456610535855394, 0.08326526107097602, 0.16097120755565208, 0.09879619286671368, 0.17479326430264727]
Timestep: 440 State: 5 Beliefs: [0.1078607249602341, 0.07537969367155269, 0.1841916930498746, 0.14505095827677628, 0.1147773742152894, 0.08570750082355184, 0.1605773734280958, 0.12645468157462547]
Timestep: 441 State: 4 Beliefs: [0.0772820394629626, 0.11667565533354628, 0.08068002631282381, 0.134466710521373, 0.11593957995936269, 0.20602256736718555, 0.10085003289102977, 0.16808338815171625]
Timestep: 442 State: 4 Beliefs: [0.12161771257722644, 0.13908677536493844, 0.10018569544967902, 0.12125513749763864, 0.09897898399675202, 0.1911269151182008, 0.08224261499839837, 0.14550616499716634]
Timestep: 443 State: 2 Beliefs: [0.09944817720535769, 0.11539057604051789, 0.12577332865711122, 0.14423822005064738, 0.08716351441114592, 0.15706917901835193, 0.09783114055609125, 0.1730858640607768]
Timestep: 444 State: 4 Beliefs: [0.10528838468749924, 0.0752490421734293, 0.184137852678809, 0.1450085589845621, 0.11757501551902921, 0.08579299219886037, 0.16053043566870526, 0.1264177180891054]
Timestep: 445 State: 5 Beliefs: [0.07710865803305464, 0.11784135429182233, 0.08156919786395812, 0.13594866310659687, 0.13176058338331464, 0.18387421710805943, 0.10196149732994766, 0.1699358288832461]
Timestep: 446 State: 0 Beliefs: [0.09575406072497507, 0.116508756319278, 0.12678791996736832, 0.1456359453990975, 0.08661384811651293, 0.15515717202750684, 0.09877916296634438, 0.17476313447891698]
Timestep: 447 State: 4 Beliefs: [0.07769211763073904, 0.11784148509250085, 0.08186917252902558, 0.13644862088170928, 0.128346997136964, 0.18490436496564255, 0.10233646566128198, 0.1705607761021366]
Timestep: 448 State: 2 Beliefs: [0.14631830481904454, 0.07856888030555698, 0.18077839540962132, 0.0982111003819462, 0.1277089805061386, 0.10456362113365787, 0.14599739698569913, 0.11785332045833544]
Timestep: 449 State: 2 Beliefs: [0.1124591626071838, 0.06603370736391212, 0.2742503139127306, 0.13206741472782424, 0.0783047028688198, 0.07077871362018225, 0.14724531164430552, 0.1188606732550418]
Timestep: 450 State: 0 Beliefs: [0.10352308115987986, 0.06583563963518399, 0.28784305181157116, 0.13167127927036798, 0.07626246960681994, 0.06955667700125649, 0.14680365017158936, 0.11850415134333118]
Timestep: 451 State: 2 Beliefs: [0.1466535367719789, 0.078067620503633, 0.19136047248550728, 0.09758452562954123, 0.12044962269711268, 0.10371683962390711, 0.14506595153287025, 0.11710143075544947]
Timestep: 452 State: 2 Beliefs: [0.12165211572047331, 0.06550250987802402, 0.27655437030573665, 0.13100501975604803, 0.07739049652110656, 0.06393014950418642, 0.14606082053398192, 0.11790451778044322]
Timestep: 453 State: 2 Beliefs: [0.11214104520326958, 0.0651968140927349, 0.2911015893113153, 0.1303936281854698, 0.07547503918288129, 0.06295845409838252, 0.14537916455902378, 0.11735426536692281]
Timestep: 454 State: 0 Beliefs: [0.10567306557885124, 0.06478441544243828, 0.3028002091204365, 0.12956883088487656, 0.07492305486387373, 0.06117889919223504, 0.14445957712089968, 0.11661194779638889]
Timestep: 455 State: 2 Beliefs: [0.11585364644846155, 0.13337653607269312, 0.1548916101046165, 0.16672067009086639, 0.07034653032501795, 0.1239523238738197, 0.08481008000274508, 0.15004860308177972]
Timestep: 456 State: 4 Beliefs: [0.1020939111607305, 0.07462204272769807, 0.18438091920798844, 0.1451999738762909, 0.1249311346761136, 0.08144508591872994, 0.16074233982234887, 0.12658459261009974]
Timestep: 457 State: 5 Beliefs: [0.090970384140403, 0.14264680562655982, 0.07517009794893287, 0.1252834965815548, 0.16999377414158975, 0.2268027211758609, 0.0939626224361661, 0.07517009794893287]
Timestep: 458 State: 0 Beliefs: [0.10679772392675953, 0.11462970006368445, 0.13935577840107213, 0.14328712507960556, 0.08433455501612921, 0.1424645173632293, 0.09718605005399335, 0.17194455009552667]
Timestep: 459 State: 0 Beliefs: [0.07529956834960815, 0.11642479028329072, 0.08171885606856927, 0.1361980934476154, 0.13657262227473002, 0.18138988268095566, 0.10214857008571158, 0.17024761680951928]
Timestep: 460 State: 2 Beliefs: [0.1500277188244489, 0.0784576167280813, 0.18875864213673116, 0.09807202091010161, 0.12431523220742251, 0.09689169809144892, 0.14579064600964362, 0.11768642509212195]
Timestep: 461 State: 2 Beliefs: [0.12064189194920681, 0.06557807783694322, 0.279765069655856, 0.13115615567388644, 0.07755034595424633, 0.06103859301979166, 0.1462293258035719, 0.1180405401064978]
Timestep: 462 State: 1 Beliefs: [0.11110650733160697, 0.0654397890831787, 0.2928202762251886, 0.1308795781663574, 0.07570570327367876, 0.060335563047478336, 0.14592096252278952, 0.11779162034972165]
Timestep: 463 State: 2 Beliefs: [0.08430758037982154, 0.14569137959193457, 0.1321601026387341, 0.14432023393056834, 0.08118249498052592, 0.14126716040013068, 0.09788676736160287, 0.173184280716682]
Timestep: 464 State: 5 Beliefs: [0.10512241626547142, 0.07372995670005768, 0.18504982211649834, 0.14572673491674248, 0.12184310650521916, 0.08015865736446784, 0.1613254859477165, 0.12704382018382676]
Timestep: 465 State: 2 Beliefs: [0.10166042464030826, 0.16265029701258432, 0.11312740210076916, 0.12175698593771578, 0.10028064266875887, 0.17183286535684958, 0.08258299915775504, 0.14610838312525892]
Timestep: 466 State: 0 Beliefs: [0.10498825938120827, 0.07140526829163661, 0.2977604853841205, 0.12955402697786764, 0.07576690476792572, 0.05948335904780665, 0.1444430718693539, 0.11659862428008087]
Timestep: 467 State: 2 Beliefs: [0.15857886404614474, 0.1037692358121612, 0.22304339560249786, 0.11013096903866053, 0.101870481603229, 0.08070137001343852, 0.12278781174907377, 0.09911787213479449]
Timestep: 468 State: 0 Beliefs: [0.1129139854250983, 0.07321698526151021, 0.289945123194245, 0.1290403795900685, 0.0755563748964902, 0.059320416637673755, 0.14387039336385252, 0.11613634163106167]
Timestep: 469 State: 0 Beliefs: [0.17171698087114476, 0.09765947189090556, 0.21689465152715967, 0.1099735269019338, 0.10171200540999437, 0.08045491367108493, 0.12261227551603664, 0.0989761742117404]
Timestep: 470 State: 2 Beliefs: [0.17909451390638192, 0.09410967857063145, 0.2178832426999535, 0.10859608636181557, 0.1017268204266908, 0.07977664820101786, 0.12107653210787496, 0.09773647772563401]
Timestep: 471 State: 0 Beliefs: [0.12873830394706284, 0.07003147136175498, 0.27673352990339134, 0.12919453770150358, 0.07565927849263746, 0.05932552650853076, 0.14404226815376595, 0.11627508393135323]
Timestep: 472 State: 2 Beliefs: [0.11001035737459634, 0.12303712955768122, 0.12506724536740838, 0.14538500484516897, 0.08179222787459907, 0.14163706935831558, 0.09860895980802767, 0.1744620058142028]
Timestep: 473 State: 5 Beliefs: [0.10790036715926175, 0.07381772859454097, 0.18459496409587203, 0.14536853422549922, 0.11560475735621883, 0.08505316285253997, 0.16092894305793973, 0.12673154265812753]
Timestep: 474 State: 2 Beliefs: [0.09923082914046405, 0.1214466534338341, 0.13133605202276477, 0.14622571500319234, 0.0837575915331802, 0.14335312025187272, 0.0991791806108609, 0.17547085800383078]
Timestep: 475 State: 5 Beliefs: [0.10679170084692924, 0.0737724400977608, 0.1847585564134915, 0.14549736317562456, 0.11219084593317614, 0.08907367645532664, 0.1610715620015054, 0.12684385507618554]
Timestep: 476 State: 0 Beliefs: [0.11690248997182606, 0.14573934690296997, 0.11286914673727569, 0.12237195208899844, 0.10035342843006365, 0.17191718672779094, 0.08300010663427718, 0.1468463425067981]
Timestep: 477 State: 0 Beliefs: [0.16656198593910676, 0.08901656843254072, 0.23533278554112874, 0.10868375582979924, 0.10171315799859754, 0.07970208898982854, 0.12117427702217914, 0.09781538024681931]
Timestep: 478 State: 0 Beliefs: [0.1318360701226008, 0.13785230504914733, 0.14440280542065353, 0.16411235691179274, 0.07014332156829703, 0.12046877727785271, 0.0834832424290424, 0.14770112122061343]
Timestep: 479 State: 5 Beliefs: [0.09836959166856794, 0.1401148946021667, 0.09902865314952136, 0.1650477552492023, 0.09727164485440416, 0.169947001872122, 0.08633267197650582, 0.14388778662750967]
Timestep: 480 State: 2 Beliefs: [0.12829977405902376, 0.1426522758179092, 0.10838080446198854, 0.12184668451826487, 0.0992719543212718, 0.17068864720462698, 0.08264383819499703, 0.1462160214219178]
Timestep: 481 State: 0 Beliefs: [0.13007989541962287, 0.06662202758498346, 0.27471942483030976, 0.13026082576939066, 0.07615912675519794, 0.059692856672320174, 0.1452310997757236, 0.11723474319245158]
Timestep: 482 State: 0 Beliefs: [0.11855930300860679, 0.12043905416701434, 0.1152643463905387, 0.1462772606139971, 0.08229913669530532, 0.14241404440607364, 0.0992141419816676, 0.17553271273679652]
Timestep: 483 State: 5 Beliefs: [0.13776100540492728, 0.09796347246572104, 0.14782485426447903, 0.11641207273327722, 0.14332808729132718, 0.12635010994478846, 0.12887294987159706, 0.10148744802388271]
Timestep: 484 State: 2 Beliefs: [0.0994230674587931, 0.10553604907842293, 0.08210233453679824, 0.0905608158194282, 0.12570507982322215, 0.21317792550077755, 0.10237309614370144, 0.1811216316388564]
Timestep: 485 State: 4 Beliefs: [0.12075582912456793, 0.06579615630411101, 0.2829600447322644, 0.13044511267698033, 0.07717953110288085, 0.06002615872498146, 0.1454365659249318, 0.11740060140928228]
Timestep: 486 State: 0 Beliefs: [0.10170179972753277, 0.11881495202631454, 0.11284219621379572, 0.14635473637365137, 0.10293643383713437, 0.1424575074154085, 0.09926669075778094, 0.17562568364838163]
Timestep: 487 State: 4 Beliefs: [0.13328835733606503, 0.09761061469896226, 0.14790578207835814, 0.11647580338670703, 0.1418446677253537, 0.13238826436911263, 0.12894350232472246, 0.10154300808071895]
Timestep: 488 State: 2 Beliefs: [0.10577296651218136, 0.1168360172151946, 0.1265659902536261, 0.144908853615954, 0.09257199720156997, 0.14116754580107332, 0.09828600506125575, 0.17389062433914476]
Timestep: 489 State: 5 Beliefs: [0.09827727290225412, 0.07317829869688108, 0.18522356664410808, 0.14586355873223514, 0.11265001702445673, 0.0961672279796631, 0.1614769555358891, 0.12716310248451268]
Timestep: 490 State: 0 Beliefs: [0.08754569743454746, 0.10602197353003409, 0.07572381533218876, 0.09155129394382042, 0.14098327902735922, 0.21157858577748176, 0.10349276706692742, 0.18310258788764083]
Timestep: 491 State: 2 Beliefs: [0.1537648217319132, 0.0780179189272713, 0.18956589264702903, 0.09713577427723577, 0.12644816074903661, 0.09410565002717916, 0.14439885250765197, 0.11656292913268292]
Timestep: 492 State: 0 Beliefs: [0.12608902243314937, 0.06720555541505067, 0.25625880485080216, 0.13308231758364011, 0.08882338760094623, 0.06038997370161415, 0.14837685258952113, 0.1197740858252761]
Timestep: 493 State: 2 Beliefs: [0.15885007384193114, 0.07886449213187224, 0.17212023539167295, 0.09774719792666614, 0.1354227098979917, 0.0943908784695689, 0.14530777482829774, 0.11729663751199935]
Timestep: 494 State: 2 Beliefs: [0.12778879065739804, 0.066010459823673, 0.2684947283217688, 0.13125922986017147, 0.08237475651374174, 0.059594482119916393, 0.14634424582917624, 0.11813330687415431]
Timestep: 495 State: 5 Beliefs: [0.11723772726256242, 0.06616019211140302, 0.2791842809228914, 0.1316607416930001, 0.08090242804861987, 0.05956806087861261, 0.14679190155921054, 0.11849466752370007]
Timestep: 496 State: 4 Beliefs: [0.08809238781004405, 0.11472826089557611, 0.1307621979797059, 0.14291958627938126, 0.08332493021916569, 0.17173237041311523, 0.09693676286775425, 0.17150350353525748]
Timestep: 497 State: 2 Beliefs: [0.08745750837713945, 0.11595378257970458, 0.13050867035488628, 0.144711021769965, 0.09396815726759392, 0.1555958100653851, 0.09815182346136758, 0.173653226123958]
Timestep: 498 State: 5 Beliefs: [0.10785634642287024, 0.06677250722777504, 0.2688664788707832, 0.13333287941168545, 0.08745717251436141, 0.06705881375285998, 0.1486562103291478, 0.1199995914705169]
Timestep: 499 State: 2 Beliefs: [0.08087859211725602, 0.11311916422512472, 0.1251119639137314, 0.14107188769702977, 0.08499589915240173, 0.18985268643742664, 0.0956835412205941, 0.1692862652364357]
