0.0,0.5,1
5508.0,0.5342465753424657,0
4928.0,0.47568062100671366,0
1479.0,0.4545454545454545,1
4875.0,0.5275920644204339,0
5126.0,0.4226952012765161,0
5375.0,0.4521056270450855,0
1800.0,0.4639121450765882,1
3980.0,0.5159354992911194,0
3960.0,0.4096449773158993,0
2352.0,0.46972229064429466,1
4026.0,0.5007663632177357,0
5704.0,0.40506572739858737,0
2856.0,0.47002954429357147,1
4756.0,0.5037804787472495,0
2132.0,0.46467058320773047,1
4137.0,0.5114591180545436,0
4914.0,0.4048679877057498,0
4536.0,0.47525260344718046,0
3300.0,0.4007584492163941,1
3640.0,0.4546207874743335,0
6699.0,0.4261398637595235,0
2184.0,0.3303640372974164,1
1508.0,0.5543704465396396,1
4140.0,0.5071427732317175,0
5688.0,0.43252789378807066,0
576.0,0.46243540236976793,1
4292.0,0.562850915620075,0
780.0,0.4575181871103048,1
4347.0,0.5126102849943943,0
4669.0,0.43146552731965016,0
792.0,0.4751910982509988,1
6328.0,0.5109558444456606,0
2730.0,0.33669788676918,1
3683.0,0.56048643581038,0
3159.0,0.46224923682566066,1
2604.0,0.4653000253386206,1
4620.0,0.5120360776453284,0
4698.0,0.4646852699476165,0
888.0,0.46051670878414475,1
5424.0,0.5128715815118452,0
3712.0,0.45938308748436585,0
800.0,0.46704006142449594,1
4347.0,0.5559260950138663,0
3300.0,0.45511047167951707,1
1188.0,0.4672720315783182,1
2116.0,0.5529292883280988,1
3150.0,0.5626509763158891,1
2280.0,0.4775875771995838,1
4806.0,0.5051987203114231,0
3480.0,0.47636625834420526,1
3423.0,0.4051044292307269,1
840.0,0.46870706809463153,1
5936.0,0.5175769382485026,0
6156.0,0.4338897314553385,0
819.0,0.3494603087626151,1
1960.0,0.5708467026979239,1
3408.0,0.5803057042136027,1
2324.0,0.4974620728386073,1
4452.0,0.5186577689870209,0
1624.0,0.4961042281451012,1
1900.0,0.5894917065610059,1
792.0,0.5937272030458747,1
748.0,0.5968595191048918,1
1155.0,0.5972129885010133,1
1323.0,0.5965566691646106,1
4320.0,0.5959659389932568,0
1750.0,0.468428353771924,1
5068.0,0.5167112577499313,0
3772.0,0.4055341515156708,0
1188.0,0.504843328327587,1
1826.0,0.58185293632773,1
2001.0,0.5869077368852729,1
2950.0,0.5946285263310214,1
902.0,0.566138500209867,1
5908.0,0.5135908685979138,0
1892.0,0.4924383391021563,1
1725.0,0.596953305817732,1
3058.0,0.5989582012789095,1
840.0,0.4998708322176454,1
4260.0,0.5143477577524442,0
1900.0,0.4955786516151242,1
2834.0,0.598342046725691,1
4704.0,0.59012337237938,0
1876.0,0.4918618760234108,1
4401.0,0.5146924081392619,0
3050.0,0.4891301501418296,1
3806.0,0.4201833010985893,0
4872.0,0.4935962350197617,0
4048.0,0.41974190229003716,0
1225.0,0.4807041892617223,1
5148.0,0.5139470151380453,0
1680.0,0.48183835304938394,1
3276.0,0.5826408324744726,1
1480.0,0.501339191249718,1
810.0,0.5845787430848678,1
1840.0,0.5866020738742501,1
2415.0,0.5928880209446423,1
1449.0,0.582003343535377,1
3950.0,0.594744268807256,0
3255.0,0.4857115631916723,1
4080.0,0.49813740633035114,0
1846.0,0.4727187432201857,1
6426.0,0.5142998023311011,0
1856.0,0.34367714308319436,1
1850.0,0.5819114258425843,1
1846.0,0.5738235059895501,1
4238.0,0.5828346339857913,0
1102.0,0.4750533314696111,1
3979.0,0.5735439891994053,0
4563.0,0.4518308774515195,0
546.0,0.46980797969586907,1
1326.0,0.5569500756760325,1
3360.0,0.5648853601672756,1
3330.0,0.47829381988394515,1
5700.0,0.42251920827768824,0
2952.0,0.4764673919085695,1
2121.0,0.5655247129349931,1
1403.0,0.5749144318646039,1
3267.0,0.5914188645545436,1
1632.0,0.5098331001267407,1
3432.0,0.5905132037536697,1
1416.0,0.515367044091486,1
1248.0,0.5927411106661566,1
2736.0,0.5943429272503629,1
780.0,0.5689060524246285,1
5772.0,0.5155195668784807,0
2120.0,0.4920069093694143,1
4176.0,0.5659866239630202,0
4914.0,0.4127874604963153,0
2668.0,0.48359609595074304,1
3171.0,0.5080400679585563,1
3024.0,0.48743341055604567,1
5610.0,0.42080819502262434,0
2660.0,0.48641390164353393,1
4485.0,0.5177487286636037,0
2070.0,0.4892795769005723,1
3540.0,0.5173622763220865,1
6810.0,0.4282202991595557,0
1305.0,0.3671195764794315,1
4147.0,0.5912245906105323,0
3280.0,0.47651644966770074,1
5727.0,0.4190513924825444,0
1488.0,0.48796704872105373,1
3799.0,0.5827274185560272,0
4292.0,0.46795043420676175,0
6150.0,0.41999793712918077,0
1150.0,0.34690947040459247,1
1176.0,0.5712629339339418,1
3596.0,0.5646961268104029,1
2940.0,0.4928086218162085,1
2856.0,0.5701486468800493,1
1541.0,0.5766566530585472,1
3936.0,0.5897471318838122,0
4592.0,0.4741732457564587,0
1344.0,0.4770156394351266,1
3366.0,0.5749051811349215,1
3475.0,0.4962670235709248,1
2938.0,0.5030605347313651,1
4524.0,0.5745122149672808,0
1512.0,0.48820360120263034,1
3828.0,0.5728607252680775,0
2520.0,0.4602674310700651,1
3654.0,0.5472096504074263,0
5516.0,0.4175742884311793,0
2204.0,0.47777309569108917,1
3080.0,0.5174449577460036,1
4900.0,0.4284627323851521,0
3277.0,0.48056346685295315,1
5520.0,0.42388771725431945,0
4379.0,0.4693559402906942,0
2688.0,0.46481672579534317,1
1100.0,0.5443250345799968,1
1638.0,0.5584904244745157,1
3000.0,0.5659758876478034,1
1440.0,0.49412740519749987,1
4988.0,0.5769306382220094,0
3161.0,0.46383411412861975,1
3509.0,0.49166746470030437,1
2448.0,0.4953175299048147,1
4410.0,0.5706943210932904,0
1560.0,0.4687302924936383,1
3381.0,0.5719163079073609,1
3240.0,0.4758080354937144,1
4775.0,0.4137045344908595,0
480.0,0.5055715826216924,1
3186.0,0.5789853487193103,1
2530.0,0.5056030023149326,1
1416.0,0.5854092984353616,1
2408.0,0.589884363943354,1
870.0,0.5898509561436724,1
1863.0,0.5969736643557573,1
1525.0,0.5998878791724629,1
696.0,0.5999824872831604,1
4704.0,0.5994432072123468,0
4200.0,0.47866556396627774,0
3040.0,0.41572161232809846,1
3614.0,0.48436329054120963,0
6076.0,0.4262418546337454,0
3278.0,0.34971781310791394,1
3591.0,0.4834946539275806,1
5040.0,0.42327100962888975,0
4843.0,0.4834014772409331,0
2816.0,0.4768011189498257,1
2304.0,0.5531352360606462,1
3700.0,0.5679069959788869,0
1458.0,0.4659226922328439,1
1917.0,0.5578939574286766,1
2580.0,0.5724949343582459,1
972.0,0.5830843920547388,1
4000.0,0.5885969897394772,0
2760.0,0.47331654984293603,1
1364.0,0.5643326217965249,1
2461.0,0.5800383139244003,1
3654.0,0.5759250198103376,0
1827.0,0.479547629771617,1
1800.0,0.571578683013359,1
945.0,0.5820982828673306,1
3400.0,0.5871845519111579,1
2436.0,0.4935513316427341,1
4785.0,0.5179272483825634,0
1120.0,0.489530183944085,1
5925.0,0.5131129916602449,0
2350.0,0.4883561796824228,1
2125.0,0.5917240346892279,1
1464.0,0.5931789427768431,1
3840.0,0.5955504851256483,0
2187.0,0.4819794954196705,1
3900.0,0.577805904964424,0
1248.0,0.4686523589434119,1
4263.0,0.570614354716231,0
2625.0,0.4578211452688316,1
4890.0,0.5467921763261284,0
3910.0,0.40490984262239493,0
2040.0,0.4778555611552395,1
528.0,0.5633949738962027,1
2784.0,0.5672607500647706,1
3197.0,0.5657154075806885,1
1540.0,0.48575204522205867,1
4700.0,0.5046581414169398,0
1738.0,0.5043726912903672,1
3432.0,0.588633689349466,1
2793.0,0.49168350625041196,1
5250.0,0.4920068074059428,0
1323.0,0.4995712385736121,1
4320.0,0.5020507678598901,0
638.0,0.49160236805101076,1
2300.0,0.5956722601485248,1
1170.0,0.5858444716144509,1
1628.0,0.5978216127407749,1
1825.0,0.5955258545627198,1
3339.0,0.6013662893567285,1
3752.0,0.4995343745040769,0
6075.0,0.4022238186071891,0
567.0,0.3655533345630026,1
768.0,0.5946232481714198,1
1092.0,0.5924970035652997,1
2860.0,0.594393435138276,1
3068.0,0.5644484877134717,1
6318.0,0.39885122999694467,0
2782.0,0.37057273393720896,1
1680.0,0.5866419184073984,1
1479.0,0.5970096992326706,1
882.0,0.5969815248445286,1
2919.0,0.5993762716373348,1
2884.0,0.5885569566109513,1
1584.0,0.596408845091098,1
3975.0,0.6067829637834725,0
3358.0,0.480341406159753,1
7134.0,0.40011505259022623,0
4212.0,0.365353350179369,0
2133.0,0.48013476455042964,1
4401.0,0.5012276033123417,0
2596.0,0.4790194471689936,1
5267.0,0.4891776440630916,0
1452.0,0.4772198998282473,1
4080.0,0.5845464181291795,0
2688.0,0.4771922187653056,1
1431.0,0.5765798268891458,1
1200.0,0.5807603081080404,1
3800.0,0.5913441142949631,0
1386.0,0.4742069614737053,1
756.0,0.5769139110649089,1
1550.0,0.5852614938950167,1
3750.0,0.5942844581739946,0
4408.0,0.4741997642789012,0
925.0,0.47407848873060193,1
3726.0,0.5717318064554697,0
4212.0,0.4636782039017017,0
2856.0,0.4681372757948809,1
2125.0,0.5528320919891138,1
2565.0,0.5620534603558043,1
2520.0,0.5717252417275316,1
3528.0,0.5830747999209425,1
3645.0,0.5046346300057566,0
2475.0,0.47947344895894195,1
4446.0,0.50123758344034,0
1239.0,0.4815602976665244,1
1900.0,0.5776170562904797,1
2500.0,0.5847291841676097,1
2678.0,0.5763319020312243,1
2028.0,0.5846555185011435,1
2304.0,0.5973579701255799,1
2700.0,0.5968563433443517,1
1150.0,0.5965433739306601,1
800.0,0.5959599650417582,1
3016.0,0.5954470404950091,1
2492.0,0.5099987057908638,1
1364.0,0.5922101235495969,1
3978.0,0.596319913616427,0
3146.0,0.4767683897657702,1
4620.0,0.4983111263443128,0
3460.0,0.4769714779237314,1
2772.0,0.4822739402167311,1
3640.0,0.5638341987072245,0
2450.0,0.48011476038450696,1
2400.0,0.5686706305372149,1
2430.0,0.5735962947612991,1
3672.0,0.5815116370709612,0
2486.0,0.4731005183501492,1
4770.0,0.5578592990622819,0
2704.0,0.47174328396355547,1
1800.0,0.5603543133676044,1
1540.0,0.5732728171445252,1
3825.0,0.5795628334955603,0
2001.0,0.46629717321902264,1
3870.0,0.5697419119154246,0
3150.0,0.4581439076141809,1
4172.0,0.48270030544063475,0
3724.0,0.465379839453575,0
980.0,0.46446369040716556,1
713.0,0.5566639366843675,1
1650.0,0.558150048369244,1
2100.0,0.570390826045208,1
3186.0,0.5650019186555282,1
2860.0,0.49243608607551675,1
987.0,0.5582274958438094,1
3864.0,0.5008008015131016,0
598.0,0.4881196873232658,1
6266.0,0.5018436302559337,0
1260.0,0.36223133486864734,1
1050.0,0.589438300321923,1
728.0,0.5914227417308513,1
567.0,0.594058455914311,1
3864.0,0.5945480904847167,0
1760.0,0.4653167342215217,1
1352.0,0.5783203749284651,1
2842.0,0.5812950880959699,1
1426.0,0.5891838813257655,1
4669.0,0.592223212514439,0
3250.0,0.4713053409518513,1
2782.0,0.4971347322315981,1
4560.0,0.5550331455480377,0
6060.0,0.39253214837097383,0
1080.0,0.35921076763627163,1
1326.0,0.5839300931776248,1
1596.0,0.5760020042228828,1
2020.0,0.5846499206778382,1
1500.0,0.5790331679913489,1
837.0,0.5921997861440363,1
1978.0,0.5898154817814254,1
3330.0,0.5897165167121589,1
1890.0,0.5067927481244198,1
3045.0,0.5908539961588083,1
1342.0,0.4953228083993655,1
4732.0,0.5009616349957577,0
2538.0,0.4956024412322004,1
3260.0,0.5005026865134081,1
3278.0,0.5157666216754134,1
2310.0,0.5015220189478388,1
4752.0,0.5012151554945181,0
2616.0,0.5266372836151116,1
1900.0,0.5943823084357585,1
4830.0,0.5975794049914701,0
1404.0,0.4935313941113217,1
1760.0,0.5842868534929129,1
3633.0,0.5860630047014317,0
3384.0,0.47103018400519303,1
3926.0,0.41061716629457046,0
480.0,0.4901417249447421,1
5070.0,0.5072904218184111,0
6240.0,0.4035311387345907,0
920.0,0.36389570414700856,1
528.0,0.5871558060551039,1
609.0,0.5851283111687565,1
792.0,0.5939933212585544,1
4212.0,0.5977656349468121,0
3864.0,0.4766282925105053,0
5760.0,0.40204747974919974,0
2530.0,0.4820825751268335,1
6075.0,0.4893003195629334,0
2730.0,0.35442716909843286,1
3300.0,0.5686622262278247,1
1539.0,0.4798166320754454,1
3600.0,0.5003634404019507,1
2212.0,0.474688544189933,1
6699.0,0.5058902421170224,0
2604.0,0.3488616650680618,1
2025.0,0.5689489238043677,1
648.0,0.5748080580110585,1
1700.0,0.5788041533339859,1
1200.0,0.5868260243601173,1
3336.0,0.5907138316183389,1
680.0,0.49182573269151364,1
3654.0,0.5023072404271129,0
2460.0,0.4877461250444976,1
3465.0,0.48747160255607946,1
2241.0,0.516206105976322,1
1704.0,0.5886370344723463,1
1380.0,0.5935174810948007,1
4704.0,0.5964508352695398,0
2808.0,0.46940436166367405,1
3680.0,0.4941694692233787,0
2244.0,0.5044983685158388,1
3220.0,0.576700547566483,1
3683.0,0.4907358935097008,0
4851.0,0.40395029893933965,0
1541.0,0.4859482684358464,1
2158.0,0.5819636949981454,1
1452.0,0.580987364209718,1
3507.0,0.5877075290841405,1
3278.0,0.489239940708966,1
6025.0,0.40258593419581157,0
4050.0,0.3684219912163206,0
648.0,0.49495916215554664,1
2280.0,0.5833831346740921,1
3584.0,0.5871477147367995,1
1372.0,0.49135611491086156,1
5575.0,0.5004637525132897,0
1512.0,0.4879565293060043,1
1824.0,0.5858263763847403,1
861.0,0.5937641676538375,1
2562.0,0.5966291346380617,1
2185.0,0.585017246862408,1
2790.0,0.597270645142573,1
2996.0,0.5975927883950853,1
1764.0,0.587972016857045,1
4263.0,0.5985588772058037,0
1482.0,0.47824589248631,1
4347.0,0.49784956685940945,0
1474.0,0.48046755285310483,1
4608.0,0.49727017435435505,0
2100.0,0.48045293314878335,1
4800.0,0.49829613281511786,0
2904.0,0.4833489079830709,1
6612.0,0.48470448140257716,0
1248.0,0.3629585443493409,1
2772.0,0.5900235489063008,1
2975.0,0.5760064822905084,1
1925.0,0.5846015860020812,1
1410.0,0.590814158612174,1
690.0,0.5913507372333686,1
4710.0,0.5984397150608294,0
1975.0,0.4798901004604761,1
6048.0,0.49597382902333764,0
1998.0,0.35740012698773793,1
1760.0,0.595942136153313,1
2472.0,0.5907177493130228,1
4620.0,0.589069665279822,0
1624.0,0.48642758719084206,1
672.0,0.5852644534201724,1
1224.0,0.5895827125855002,1
3703.0,0.5985236004636949,0
912.0,0.4875132945659043,1
1276.0,0.5866998534083357,1
3192.0,0.5895304786579826,1
3108.0,0.5016735880766088,1
3738.0,0.39595230383800517,0
1606.0,0.5046707042625426,1
5497.0,0.4958002334514501,0
1232.0,0.49650125849880355,1
1460.0,0.5984852961273682,1
2646.0,0.5978062021757676,1
3212.0,0.5912598260313618,1
2262.0,0.5064002453020611,1
4248.0,0.4949818317770895,0
1334.0,0.49942617284975466,1
4500.0,0.4950863468167769,0
1100.0,0.49933215788579227,1
6006.0,0.4954163326230736,0
3979.0,0.37243257099766036,0
1886.0,0.48897913180145613,1
4941.0,0.4952634061471122,0
2780.0,0.4856007678497968,1
5350.0,0.4873990519082628,0
2709.0,0.492475979682833,1
3910.0,0.5903862218309803,0
4830.0,0.48810333436137365,0
4760.0,0.3960283449151487,0
814.0,0.4802271995181767,1
4500.0,0.5775320913096467,0
2940.0,0.4695484496010402,1
3080.0,0.4960592583460034,1
2850.0,0.47556172658254814,1
5104.0,0.5046537629177149,0
1782.0,0.47239230853898734,1
2016.0,0.583166271120672,1
832.0,0.57702845598026,1
900.0,0.5855705875261294,1
4844.0,0.5895851084292978,0
