Timestep: 0, Trans probs: [0.125, 0.125, 0.125, 0.125, 0.125, 0.125, 0.125, 0.125]
Timestep: 1, Trans probs: [0.125, 0.125, 0.125, 0.125, 0.125, 0.125, 0.125, 0.125]
Timestep: 2, Trans probs: [0.125, 0.125, 0.125, 0.125, 0.125, 0.125, 0.125, 0.125]
Timestep: 3, Trans probs: [0.125, 0.125, 0.125, 0.125, 0.125, 0.125, 0.125, 0.125]
Timestep: 4, Trans probs: [0.125, 0.125, 0.125, 0.125, 0.125, 0.125, 0.125, 0.125]
Timestep: 5, Trans probs: [0.1111111111111111, 0.1111111111111111, 0.1111111111111111, 0.1111111111111111, 0.2222222222222222, 0.1111111111111111, 0.1111111111111111, 0.1111111111111111]
Timestep: 6, Trans probs: [0.10249202660095894, 0.10249202660095894, 0.10249202660095894, 0.10249202660095894, 0.1800637871923285, 0.20498405320191787, 0.10249202660095894, 0.10249202660095894]
Timestep: 7, Trans probs: [0.0975061345364022, 0.0975061345364022, 0.0975061345364022, 0.0975061345364022, 0.15025554084093243, 0.2647076519406545, 0.0975061345364022, 0.0975061345364022]
Timestep: 8, Trans probs: [0.09695999287497706, 0.09695999287497706, 0.09695999287497706, 0.09695999287497706, 0.1275039326604106, 0.290736110089727, 0.09695999287497706, 0.09695999287497706]
Timestep: 9, Trans probs: [0.125, 0.125, 0.125, 0.125, 0.125, 0.125, 0.125, 0.125]
Timestep: 10, Trans probs: [0.09695999287497706, 0.09695999287497706, 0.09695999287497706, 0.09695999287497706, 0.1275039326604106, 0.290736110089727, 0.09695999287497706, 0.09695999287497706]
Timestep: 11, Trans probs: [0.1111111111111111, 0.1111111111111111, 0.1111111111111111, 0.1111111111111111, 0.1111111111111111, 0.2222222222222222, 0.1111111111111111, 0.1111111111111111]
Timestep: 12, Trans probs: [0.10249202660095894, 0.10249202660095894, 0.1800637871923285, 0.10249202660095894, 0.20498405320191787, 0.10249202660095894, 0.10249202660095894, 0.10249202660095894]
Timestep: 13, Trans probs: [0.10249202660095894, 0.10249202660095894, 0.10249202660095894, 0.10249202660095894, 0.20498405320191787, 0.18006378719232846, 0.10249202660095894, 0.10249202660095894]
Timestep: 14, Trans probs: [0.125, 0.125, 0.125, 0.125, 0.125, 0.125, 0.125, 0.125]
Timestep: 15, Trans probs: [0.10249202660095894, 0.10249202660095894, 0.10249202660095894, 0.10249202660095894, 0.20498405320191787, 0.18006378719232846, 0.10249202660095894, 0.10249202660095894]
Timestep: 16, Trans probs: [0.0977938142748522, 0.0977938142748522, 0.0977938142748522, 0.0977938142748522, 0.2119074550645485, 0.20132965928633825, 0.0977938142748522, 0.0977938142748522]
Timestep: 17, Trans probs: [0.125, 0.125, 0.125, 0.125, 0.125, 0.125, 0.125, 0.125]
Timestep: 18, Trans probs: [0.0975061345364022, 0.0975061345364022, 0.24776167537733462, 0.0975061345364022, 0.16720151740425226, 0.0975061345364022, 0.0975061345364022, 0.0975061345364022]
Timestep: 19, Trans probs: [0.09642287183754787, 0.09642287183754787, 0.09642287183754787, 0.09642287183754787, 0.2347338248119078, 0.18672894416280503, 0.09642287183754787, 0.09642287183754787]
Timestep: 20, Trans probs: [0.09576655792187048, 0.09576655792187048, 0.09576655792187048, 0.09576655792187048, 0.2750827900033697, 0.1503178624654073, 0.09576655792187048, 0.09576655792187048]
Timestep: 21, Trans probs: [0.125, 0.125, 0.125, 0.125, 0.125, 0.125, 0.125, 0.125]
Timestep: 22, Trans probs: [0.19190518190521313, 0.09595259095260657, 0.09595259095260657, 0.09595259095260657, 0.16748110966760024, 0.16085075366415383, 0.09595259095260657, 0.09595259095260657]
Timestep: 23, Trans probs: [0.15981609147673373, 0.09317997255420556, 0.09317997255420556, 0.09317997255420556, 0.14285432560840125, 0.23142972014383728, 0.09317997255420556, 0.09317997255420556]
Timestep: 24, Trans probs: [0.13555469574307918, 0.09308388656137098, 0.09308388656137098, 0.09308388656137098, 0.12474404330372746, 0.2742818281463385, 0.09308388656137098, 0.09308388656137098]
Timestep: 25, Trans probs: [0.125, 0.125, 0.125, 0.125, 0.125, 0.125, 0.125, 0.125]
Timestep: 26, Trans probs: [0.09576655792187048, 0.09576655792187048, 0.09576655792187048, 0.09576655792187048, 0.2750827900033697, 0.1503178624654073, 0.09576655792187048, 0.09576655792187048]
Timestep: 27, Trans probs: [0.13555469574307918, 0.09308388656137098, 0.09308388656137098, 0.09308388656137098, 0.12474404330372746, 0.2742818281463385, 0.09308388656137098, 0.09308388656137098]
Timestep: 28, Trans probs: [0.1111111111111111, 0.1111111111111111, 0.1111111111111111, 0.1111111111111111, 0.2222222222222222, 0.1111111111111111, 0.1111111111111111, 0.1111111111111111]
Timestep: 29, Trans probs: [0.125, 0.125, 0.125, 0.125, 0.125, 0.125, 0.125, 0.125]
Timestep: 30, Trans probs: [0.1111111111111111, 0.1111111111111111, 0.2222222222222222, 0.1111111111111111, 0.1111111111111111, 0.1111111111111111, 0.1111111111111111, 0.1111111111111111]
Timestep: 31, Trans probs: [0.13555469574307918, 0.09308388656137098, 0.09308388656137098, 0.09308388656137098, 0.12474404330372746, 0.2742818281463385, 0.09308388656137098, 0.09308388656137098]
Timestep: 32, Trans probs: [0.09642287183754787, 0.09642287183754787, 0.2831518160003529, 0.09642287183754787, 0.13831095297435994, 0.09642287183754787, 0.09642287183754787, 0.09642287183754787]
Timestep: 33, Trans probs: [0.1111111111111111, 0.1111111111111111, 0.2222222222222222, 0.1111111111111111, 0.1111111111111111, 0.1111111111111111, 0.1111111111111111, 0.1111111111111111]
Timestep: 34, Trans probs: [0.10249202660095894, 0.10249202660095894, 0.2825558137932874, 0.10249202660095894, 0.10249202660095894, 0.10249202660095894, 0.10249202660095894, 0.10249202660095894]
Timestep: 35, Trans probs: [0.10012994391763372, 0.10012994391763372, 0.299090392576564, 0.10012994391763372, 0.10012994391763372, 0.10012994391763372, 0.10012994391763372, 0.10012994391763372]
Timestep: 36, Trans probs: [0.09722823602477375, 0.09722823602477375, 0.29650928911672, 0.09722823602477375, 0.12012129473463747, 0.09722823602477375, 0.09722823602477375, 0.09722823602477375]
Timestep: 37, Trans probs: [0.0981839969379405, 0.0981839969379405, 0.20253981114506853, 0.0981839969379405, 0.20835620722728848, 0.0981839969379405, 0.0981839969379405, 0.0981839969379405]
Timestep: 38, Trans probs: [0.09605687017482369, 0.09605687017482369, 0.16196424132027146, 0.09605687017482369, 0.2616945376307863, 0.09605687017482369, 0.09605687017482369, 0.09605687017482369]
Timestep: 39, Trans probs: [0.09629100844641234, 0.09629100844641234, 0.13425678008946723, 0.09629100844641234, 0.28799716923205876, 0.09629100844641234, 0.09629100844641234, 0.09629100844641234]
Timestep: 40, Trans probs: [0.09737809515047914, 0.09737809515047914, 0.11780924179414987, 0.09737809515047914, 0.2979221873029753, 0.09737809515047914, 0.09737809515047914, 0.09737809515047914]
Timestep: 41, Trans probs: [0.10249202660095894, 0.10249202660095894, 0.20498405320191787, 0.10249202660095894, 0.1800637871923285, 0.10249202660095894, 0.10249202660095894, 0.10249202660095894]
Timestep: 42, Trans probs: [0.09972903309104106, 0.09972903309104106, 0.20216773527167145, 0.09972903309104106, 0.19945806618208212, 0.09972903309104106, 0.09972903309104106, 0.09972903309104106]
Timestep: 43, Trans probs: [0.09651773954814089, 0.09651773954814089, 0.2595858332963408, 0.09651773954814089, 0.16130772941481394, 0.09651773954814089, 0.09651773954814089, 0.09651773954814089]
Timestep: 44, Trans probs: [0.0975061345364022, 0.0975061345364022, 0.2647076519406545, 0.0975061345364022, 0.15025554084093243, 0.0975061345364022, 0.0975061345364022, 0.0975061345364022]
Timestep: 45, Trans probs: [0.19279544186006697, 0.09639772093003349, 0.19116530635883852, 0.09639772093003349, 0.134050647130927, 0.09639772093003349, 0.09639772093003349, 0.09639772093003349]
Timestep: 46, Trans probs: [0.13555469574307918, 0.09308388656137098, 0.09308388656137098, 0.09308388656137098, 0.12474404330372746, 0.2742818281463385, 0.09308388656137098, 0.09308388656137098]
Timestep: 47, Trans probs: [0.19279544186006697, 0.09639772093003349, 0.19116530635883852, 0.09639772093003349, 0.134050647130927, 0.09639772093003349, 0.09639772093003349, 0.09639772093003349]
Timestep: 48, Trans probs: [0.15931745497451516, 0.09384254589891232, 0.25205278617276755, 0.09384254589891232, 0.11941702935815551, 0.09384254589891232, 0.09384254589891232, 0.09384254589891232]
Timestep: 49, Trans probs: [0.09695999287497706, 0.09695999287497706, 0.290736110089727, 0.09695999287497706, 0.1275039326604106, 0.09695999287497706, 0.09695999287497706, 0.09695999287497706]
Timestep: 50, Trans probs: [0.13930166877052372, 0.09348945517609533, 0.23219659465028492, 0.09348945517609533, 0.1610544606987147, 0.09348945517609533, 0.09348945517609533, 0.09348945517609533]
Timestep: 51, Trans probs: [0.09779381427485222, 0.09779381427485222, 0.20132965928633825, 0.09779381427485222, 0.11411364078969628, 0.19558762854970443, 0.09779381427485222, 0.09779381427485222]
Timestep: 52, Trans probs: [0.19023440676313685, 0.09511720338156843, 0.16359191036957127, 0.09511720338156843, 0.10591052175913145, 0.15979434758188663, 0.09511720338156843, 0.09511720338156843]
Timestep: 53, Trans probs: [0.22830228641948502, 0.09441213065907, 0.18980482268418028, 0.09441213065907, 0.10983223760098468, 0.09441213065907, 0.09441213065907, 0.09441213065907]
Timestep: 54, Trans probs: [0.09663972771518538, 0.09663972771518538, 0.09663972771518538, 0.09663972771518538, 0.19650217903745837, 0.22365945467142934, 0.09663972771518538, 0.09663972771518538]
Timestep: 55, Trans probs: [0.16007841683769622, 0.09554620838902306, 0.10253166198300766, 0.09554620838902306, 0.25965887923418085, 0.09554620838902306, 0.09554620838902306, 0.09554620838902306]
Timestep: 56, Trans probs: [0.13555469574307918, 0.09308388656137098, 0.09308388656137098, 0.09308388656137098, 0.12474404330372746, 0.2742818281463385, 0.09308388656137098, 0.09308388656137098]
Timestep: 57, Trans probs: [0.16007841683769622, 0.09554620838902306, 0.10253166198300766, 0.09554620838902306, 0.25965887923418085, 0.09554620838902306, 0.09554620838902306, 0.09554620838902306]
Timestep: 58, Trans probs: [0.13555469574307918, 0.09308388656137098, 0.09308388656137098, 0.09308388656137098, 0.12474404330372746, 0.2742818281463385, 0.09308388656137098, 0.09308388656137098]
Timestep: 59, Trans probs: [0.22830228641948502, 0.09441213065907, 0.18980482268418028, 0.09441213065907, 0.10983223760098468, 0.09441213065907, 0.09441213065907, 0.09441213065907]
Timestep: 60, Trans probs: [0.17688027423079275, 0.09435200772754163, 0.24750291269438582, 0.09435200772754163, 0.10385677443711337, 0.09435200772754163, 0.09435200772754163, 0.09435200772754163]
Timestep: 61, Trans probs: [0.14391432216753744, 0.09494692711573784, 0.28076454840456416, 0.09494692711573784, 0.10058649384920919, 0.09494692711573784, 0.09494692711573784, 0.09494692711573784]
Timestep: 62, Trans probs: [0.12337278498591317, 0.09639182412821475, 0.295168877476014, 0.09639182412821475, 0.0994992168969991, 0.09639182412821475, 0.09639182412821475, 0.09639182412821475]
Timestep: 63, Trans probs: [0.16007841683769622, 0.09554620838902306, 0.10253166198300766, 0.09554620838902306, 0.25965887923418085, 0.09554620838902306, 0.09554620838902306, 0.09554620838902306]
Timestep: 64, Trans probs: [0.13352784958942587, 0.0958078588768097, 0.09989095553540435, 0.0958078588768097, 0.2875419004911214, 0.0958078588768097, 0.0958078588768097, 0.0958078588768097]
Timestep: 65, Trans probs: [0.11747805720309829, 0.09707600455193663, 0.09928447680854745, 0.09707600455193663, 0.29785744322867114, 0.09707600455193663, 0.09707600455193663, 0.09707600455193663]
Timestep: 66, Trans probs: [0.125, 0.125, 0.125, 0.125, 0.125, 0.125, 0.125, 0.125]
Timestep: 67, Trans probs: [0.11192926813698731, 0.0977010550850394, 0.2025246853399985, 0.0977010550850394, 0.19704077109781706, 0.0977010550850394, 0.0977010550850394, 0.0977010550850394]
Timestep: 68, Trans probs: [0.1596940757996081, 0.09228696069837218, 0.23310018469474758, 0.09228696069837218, 0.09993590776930401, 0.13812198894285158, 0.09228696069837218, 0.09228696069837218]
Timestep: 69, Trans probs: [0.19970949046772202, 0.09518585825602238, 0.16398011660459944, 0.09518585825602238, 0.16038110164756667, 0.09518585825602238, 0.09518585825602238, 0.09518585825602238]
Timestep: 70, Trans probs: [0.13565153925425552, 0.09249347107269575, 0.275143993266385, 0.09249347107269575, 0.09739078463831316, 0.12183979855026332, 0.09249347107269575, 0.09249347107269575]
Timestep: 71, Trans probs: [0.2574513709730899, 0.0929897810994371, 0.14003033999902664, 0.0929897810994371, 0.13756938353069798, 0.0929897810994371, 0.0929897810994371, 0.0929897810994371]
Timestep: 72, Trans probs: [0.19264205351839603, 0.09405445349846815, 0.21630768465115593, 0.09405445349846815, 0.12077799433810732, 0.09405445349846815, 0.09405445349846815, 0.09405445349846815]
Timestep: 73, Trans probs: [0.15625927720273697, 0.09363939378637295, 0.26493036931839825, 0.09363939378637295, 0.11061338454699997, 0.09363939378637295, 0.09363939378637295, 0.09363939378637295]
Timestep: 74, Trans probs: [0.1312022216491277, 0.09499134667973545, 0.28903423673482176, 0.09499134667973545, 0.10480680821737325, 0.09499134667973545, 0.09499134667973545, 0.09499134667973545]
Timestep: 75, Trans probs: [0.11925485273673604, 0.09461355033979545, 0.2935122770086104, 0.09461355033979545, 0.09740969459711833, 0.11136897429835352, 0.09461355033979545, 0.09461355033979545]
Timestep: 76, Trans probs: [0.20648783441070442, 0.0966454095207586, 0.2031685758078626, 0.0966454095207586, 0.09814292609451471, 0.10561902560388384, 0.0966454095207586, 0.0966454095207586]
Timestep: 77, Trans probs: [0.13555469574307918, 0.09308388656137098, 0.09308388656137098, 0.09308388656137098, 0.12474404330372746, 0.2742818281463385, 0.09308388656137098, 0.09308388656137098]
Timestep: 78, Trans probs: [0.20648783441070442, 0.0966454095207586, 0.2031685758078626, 0.0966454095207586, 0.09814292609451471, 0.10561902560388384, 0.0966454095207586, 0.0966454095207586]
Timestep: 79, Trans probs: [0.26009133058257916, 0.09505209080986808, 0.16292434248674859, 0.09505209080986808, 0.0960062477817922, 0.1007697159094077, 0.09505209080986808, 0.09505209080986808]
Timestep: 80, Trans probs: [0.21296326907108476, 0.0966999247370024, 0.20153424539858414, 0.0966999247370024, 0.10200286184531912, 0.0966999247370024, 0.0966999247370024, 0.0966999247370024]
Timestep: 81, Trans probs: [0.13555469574307918, 0.09308388656137098, 0.09308388656137098, 0.09308388656137098, 0.12474404330372746, 0.2742818281463385, 0.09308388656137098, 0.09308388656137098]
Timestep: 82, Trans probs: [0.19154174212449937, 0.09564289815273089, 0.230724117049896, 0.09564289815273089, 0.09619732721276013, 0.09896522100192083, 0.09564289815273089, 0.09564289815273089]
Timestep: 83, Trans probs: [0.09639549647663026, 0.09639549647663026, 0.09639549647663026, 0.09639549647663026, 0.13089965957873825, 0.29072736156148027, 0.09639549647663026, 0.09639549647663026]
Timestep: 84, Trans probs: [0.19154174212449937, 0.09564289815273089, 0.230724117049896, 0.09564289815273089, 0.09619732721276013, 0.09896522100192083, 0.09564289815273089, 0.09564289815273089]
Timestep: 85, Trans probs: [0.24874004713168968, 0.09527920365268654, 0.17723271320164793, 0.09527920365268654, 0.09561557467181334, 0.09729485038410299, 0.09527920365268654, 0.09527920365268654]
Timestep: 86, Trans probs: [0.09639549647663026, 0.09639549647663026, 0.09639549647663026, 0.09639549647663026, 0.13089965957873825, 0.29072736156148027, 0.09639549647663026, 0.09639549647663026]
Timestep: 87, Trans probs: [0.2661123544486621, 0.0924922483871348, 0.14623764134115563, 0.0924922483871348, 0.12518876227450826, 0.0924922483871348, 0.0924922483871348, 0.0924922483871348]
Timestep: 88, Trans probs: [0.09639549647663026, 0.09639549647663026, 0.09639549647663026, 0.09639549647663026, 0.13089965957873825, 0.29072736156148027, 0.09639549647663026, 0.09639549647663026]
Timestep: 89, Trans probs: [0.14176638417886592, 0.12274649063604363, 0.09077989043961995, 0.09040003350441247, 0.21533444782977093, 0.15817268640246207, 0.09040003350441247, 0.09040003350441247]
Timestep: 90, Trans probs: [0.11914891354377656, 0.09493973304514192, 0.09493973304514192, 0.09493973304514192, 0.2079263661602002, 0.19822605507031368, 0.09493973304514192, 0.09493973304514192]
Timestep: 91, Trans probs: [0.21296326907108476, 0.0966999247370024, 0.20153424539858414, 0.0966999247370024, 0.10200286184531912, 0.0966999247370024, 0.0966999247370024, 0.0966999247370024]
Timestep: 92, Trans probs: [0.11914891354377656, 0.09493973304514192, 0.09493973304514192, 0.09493973304514192, 0.2079263661602002, 0.19822605507031368, 0.09493973304514192, 0.09493973304514192]
Timestep: 93, Trans probs: [0.21296326907108476, 0.0966999247370024, 0.20153424539858414, 0.0966999247370024, 0.10200286184531912, 0.0966999247370024, 0.0966999247370024, 0.0966999247370024]
Timestep: 94, Trans probs: [0.11914891354377656, 0.09493973304514192, 0.09493973304514192, 0.09493973304514192, 0.2079263661602002, 0.19822605507031368, 0.09493973304514192, 0.09493973304514192]
Timestep: 95, Trans probs: [0.21296326907108476, 0.0966999247370024, 0.20153424539858414, 0.0966999247370024, 0.10200286184531912, 0.0966999247370024, 0.0966999247370024, 0.0966999247370024]
Timestep: 96, Trans probs: [0.0975061345364022, 0.0975061345364022, 0.0975061345364022, 0.0975061345364022, 0.2647076519406545, 0.15025554084093243, 0.0975061345364022, 0.0975061345364022]
Timestep: 97, Trans probs: [0.14176638417886592, 0.12274649063604363, 0.09077989043961995, 0.09040003350441247, 0.21533444782977093, 0.15817268640246207, 0.09040003350441247, 0.09040003350441247]
Timestep: 98, Trans probs: [0.21296326907108476, 0.0966999247370024, 0.20153424539858414, 0.0966999247370024, 0.10200286184531912, 0.0966999247370024, 0.0966999247370024, 0.0966999247370024]
Timestep: 99, Trans probs: [0.16815746252788527, 0.09536012481542873, 0.25636139808369723, 0.09536012481542873, 0.09868051531127381, 0.09536012481542873, 0.09536012481542873, 0.09536012481542873]
Timestep: 100, Trans probs: [0.13817627999763604, 0.09575993833129276, 0.28532942011920887, 0.09575993833129276, 0.09769460822669122, 0.09575993833129276, 0.09575993833129276, 0.09575993833129276]
Timestep: 101, Trans probs: [0.12510574538004995, 0.11219134456156413, 0.18071448465464454, 0.09022828196527014, 0.17505804712603987, 0.1362455323818912, 0.09022828196527014, 0.09022828196527014]
Timestep: 102, Trans probs: [0.11403642248578033, 0.10451864028398682, 0.15501949838460988, 0.08833208628012924, 0.2391828476716726, 0.12224633233356265, 0.08833208628012924, 0.08833208628012924]
Timestep: 103, Trans probs: [0.12002918574461893, 0.09699916727292754, 0.19992621132559418, 0.09699916727292754, 0.1950487665651493, 0.09699916727292754, 0.09699916727292754, 0.09699916727292754]
Timestep: 104, Trans probs: [0.10987593119000892, 0.09457906414289795, 0.25752374033952097, 0.09457906414289795, 0.15970500775598048, 0.09457906414289795, 0.09457906414289795, 0.09457906414289795]
Timestep: 105, Trans probs: [0.10417094536131645, 0.0951311709466592, 0.28655546586114666, 0.0951311709466592, 0.1336177340442409, 0.0951311709466592, 0.0951311709466592, 0.0951311709466592]
Timestep: 106, Trans probs: [0.1315251946893895, 0.095342449120425, 0.289606097684741, 0.095342449120425, 0.1021564620237445, 0.095342449120425, 0.095342449120425, 0.095342449120425]
Timestep: 107, Trans probs: [0.10157901955263708, 0.09665803146071043, 0.2008638039247086, 0.09665803146071043, 0.11760898775839186, 0.19331606292142087, 0.09665803146071043, 0.09665803146071043]
Timestep: 108, Trans probs: [0.10664899033169092, 0.10048448975950396, 0.2231937523446404, 0.09000074267399985, 0.1877041346194237, 0.11196640492274143, 0.09000074267399985, 0.09000074267399985]
Timestep: 109, Trans probs: [0.09756751922998906, 0.094279818339123, 0.16389945662382777, 0.094279818339123, 0.20255692266993292, 0.15885682811975838, 0.094279818339123, 0.094279818339123]
Timestep: 110, Trans probs: [0.10185480231994748, 0.09790930939188267, 0.2676468184192698, 0.09119934976074874, 0.1537328895754519, 0.10525813101120193, 0.09119934976074874, 0.09119934976074874]
Timestep: 111, Trans probs: [0.09475108942781038, 0.09251175502992989, 0.13993141270379686, 0.09251175502992989, 0.2587737240481535, 0.13649675370051978, 0.09251175502992989, 0.09251175502992989]
Timestep: 112, Trans probs: [0.09517381822583842, 0.09383409876469069, 0.2160378051622446, 0.09383409876469069, 0.1933031176630219, 0.12014886389013214, 0.09383409876469069, 0.09383409876469069]
Timestep: 113, Trans probs: [0.18584593334846336, 0.09556998874959795, 0.14378053106123914, 0.09556998874959795, 0.191337853457642, 0.09675572713426367, 0.09556998874959795, 0.09556998874959795]
Timestep: 114, Trans probs: [0.1878682855088778, 0.09350851149758296, 0.1711571814689564, 0.09350851149758296, 0.15671148011856928, 0.11022900691326465, 0.09350851149758296, 0.09350851149758296]
Timestep: 115, Trans probs: [0.15500879608890464, 0.09320037043170538, 0.2194086227925663, 0.09320037043170538, 0.15876890003787747, 0.09401219935383022, 0.09320037043170538, 0.09320037043170538]
Timestep: 116, Trans probs: [0.09983884119388331, 0.09754509968611433, 0.28986747150979525, 0.09364421500529067, 0.12999855108340927, 0.10181739151092575, 0.09364421500529067, 0.09364421500529067]
Timestep: 117, Trans probs: [0.24930964354420393, 0.09135229089910027, 0.1461616046361097, 0.09135229089910027, 0.13596492029165919, 0.10315466793162623, 0.09135229089910027, 0.09135229089910027]
Timestep: 118, Trans probs: [0.13305732693673036, 0.09261676048564019, 0.17519341831191607, 0.09261676048564019, 0.22813428167573657, 0.09314793113305632, 0.09261676048564019, 0.09261676048564019]
Timestep: 119, Trans probs: [0.28295113327737353, 0.09260326223271474, 0.12651947341733644, 0.09260326223271474, 0.120209726477816, 0.09990661789661508, 0.09260326223271474, 0.09260326223271474]
Timestep: 120, Trans probs: [0.11847948850615607, 0.09291368187730105, 0.23803085770409857, 0.09291368187730105, 0.17858544777004534, 0.09324947851049578, 0.09291368187730105, 0.09291368187730105]
Timestep: 121, Trans probs: [0.29636671325358815, 0.09502759092567457, 0.1139701949622226, 0.09502759092567457, 0.11044612686406338, 0.0991066012174277, 0.09502759092567457, 0.09502759092567457]
Timestep: 122, Trans probs: [0.11914891354377656, 0.09493973304514192, 0.09493973304514192, 0.09493973304514192, 0.2079263661602002, 0.19822605507031368, 0.09493973304514192, 0.09493973304514192]
Timestep: 123, Trans probs: [0.09934573798952938, 0.09810080108687333, 0.29846807893364746, 0.09598358113174131, 0.11571503491671097, 0.10041960367801482, 0.09598358113174131, 0.09598358113174131]
Timestep: 124, Trans probs: [0.0975061345364022, 0.0975061345364022, 0.0975061345364022, 0.0975061345364022, 0.2647076519406545, 0.15025554084093243, 0.0975061345364022, 0.0975061345364022]
Timestep: 125, Trans probs: [0.09934573798952938, 0.09810080108687333, 0.29846807893364746, 0.09598358113174131, 0.11571503491671097, 0.10041960367801482, 0.09598358113174131, 0.09598358113174131]
Timestep: 126, Trans probs: [0.29636671325358815, 0.09502759092567457, 0.1139701949622226, 0.09502759092567457, 0.11044612686406338, 0.0991066012174277, 0.09502759092567457, 0.09502759092567457]
Timestep: 127, Trans probs: [0.19688020418173077, 0.09844010209086539, 0.09844010209086539, 0.09844010209086539, 0.1079991632813671, 0.20292012208257512, 0.09844010209086539, 0.09844010209086539]
Timestep: 128, Trans probs: [0.09946596328908036, 0.09912985027333368, 0.20352994620883355, 0.0985582348102526, 0.2024436459798719, 0.09975588981812267, 0.0985582348102526, 0.0985582348102526]
Timestep: 129, Trans probs: [0.09660004379593415, 0.09638419386490976, 0.16342936156409998, 0.09601710555681664, 0.2587488510855118, 0.09678623301909438, 0.09601710555681664, 0.09601710555681664]
Timestep: 130, Trans probs: [0.29636671325358815, 0.09502759092567457, 0.1139701949622226, 0.09502759092567457, 0.11044612686406338, 0.0991066012174277, 0.09502759092567457, 0.09502759092567457]
Timestep: 131, Trans probs: [0.10424887704464725, 0.09546259982353986, 0.19795444796351375, 0.09546259982353986, 0.2203682716409781, 0.09557800405670155, 0.09546259982353986, 0.09546259982353986]
Timestep: 132, Trans probs: [0.3006987733007366, 0.09698942905721294, 0.10702996699546742, 0.09698942905721294, 0.10516203271524434, 0.09915151075969998, 0.09698942905721294, 0.09698942905721294]
Timestep: 133, Trans probs: [0.10030461500427482, 0.09486939604195, 0.2531405744856498, 0.09486939604195, 0.1721364408755862, 0.09494078546668909, 0.09486939604195, 0.09486939604195]
Timestep: 134, Trans probs: [0.19402013142399646, 0.09541767441921277, 0.18815713834868003, 0.09541767441921277, 0.14069252728722573, 0.09545950526324665, 0.09541767441921277, 0.09541767441921277]
Timestep: 135, Trans probs: [0.11914891354377656, 0.09493973304514192, 0.09493973304514192, 0.09493973304514192, 0.2079263661602002, 0.19822605507031368, 0.09493973304514192, 0.09493973304514192]
Timestep: 136, Trans probs: [0.19402013142399646, 0.09541767441921277, 0.18815713834868003, 0.09541767441921277, 0.14069252728722573, 0.09545950526324665, 0.09541767441921277, 0.09541767441921277]
Timestep: 137, Trans probs: [0.19688020418173077, 0.09844010209086539, 0.09844010209086539, 0.09844010209086539, 0.1079991632813671, 0.20292012208257512, 0.09844010209086539, 0.09844010209086539]
Timestep: 138, Trans probs: [0.19402013142399646, 0.09541767441921277, 0.18815713834868003, 0.09541767441921277, 0.14069252728722573, 0.09545950526324665, 0.09541767441921277, 0.09541767441921277]
Timestep: 139, Trans probs: [0.25338346471940665, 0.0933026376986046, 0.15611013426657167, 0.0933026376986046, 0.1239648827196199, 0.09333096749998333, 0.0933026376986046, 0.0933026376986046]
Timestep: 140, Trans probs: [0.2846727021824078, 0.09414813038951787, 0.13196129718361857, 0.09414813038951787, 0.11260829276848727, 0.09416518630741487, 0.09414813038951787, 0.09414813038951787]
Timestep: 141, Trans probs: [0.19688020418173077, 0.09844010209086539, 0.09844010209086539, 0.09844010209086539, 0.1079991632813671, 0.20292012208257512, 0.09844010209086539, 0.09844010209086539]
Timestep: 142, Trans probs: [0.3019419833925323, 0.09821494070998134, 0.1034154790884963, 0.09821494070998134, 0.10244797476028372, 0.0993347999187623, 0.09821494070998134, 0.09821494070998134]
Timestep: 143, Trans probs: [0.11914891354377656, 0.09493973304514192, 0.09493973304514192, 0.09493973304514192, 0.2079263661602002, 0.19822605507031368, 0.09493973304514192, 0.09493973304514192]
Timestep: 144, Trans probs: [0.3019419833925323, 0.09821494070998134, 0.1034154790884963, 0.09821494070998134, 0.10244797476028372, 0.0993347999187623, 0.09821494070998134, 0.09821494070998134]
Timestep: 145, Trans probs: [0.11914891354377656, 0.09493973304514192, 0.09493973304514192, 0.09493973304514192, 0.2079263661602002, 0.19822605507031368, 0.09493973304514192, 0.09493973304514192]
Timestep: 146, Trans probs: [0.3019419833925323, 0.09821494070998134, 0.1034154790884963, 0.09821494070998134, 0.10244797476028372, 0.0993347999187623, 0.09821494070998134, 0.09821494070998134]
Timestep: 147, Trans probs: [0.20337691102010352, 0.09890138330959534, 0.20046971247144416, 0.09890138330959534, 0.10107217252048574, 0.09947567074958519, 0.09890138330959534, 0.09890138330959534]
Timestep: 148, Trans probs: [0.2846727021824078, 0.09414813038951787, 0.13196129718361857, 0.09414813038951787, 0.11260829276848727, 0.09416518630741487, 0.09414813038951787, 0.09414813038951787]
Timestep: 149, Trans probs: [0.15912303696850752, 0.09316516954188692, 0.24263743380752653, 0.09307604925361042, 0.13258343685902851, 0.09326277506221929, 0.09307604925361042, 0.09307604925361042]
Timestep: 150, Trans probs: [0.25975743463412876, 0.09611798169316299, 0.1617605600794826, 0.09611798169316299, 0.09752094068748672, 0.09648913782624992, 0.09611798169316299, 0.09611798169316299]
Timestep: 151, Trans probs: [0.191282923279052, 0.09619268803281682, 0.23053001727985478, 0.09619268803281682, 0.09700794192430467, 0.09640836538552132, 0.09619268803281682, 0.09619268803281682]
Timestep: 152, Trans probs: [0.15324798726168945, 0.09558261529817098, 0.2726311354766519, 0.09558261529817098, 0.09607700800606173, 0.09571340806291288, 0.09558261529817098, 0.09558261529817098]
Timestep: 153, Trans probs: [0.12876981065786647, 0.09645998205172128, 0.2921200064712838, 0.09645998205172128, 0.09673698960603279, 0.0965332650579318, 0.09645998205172128, 0.09645998205172128]
Timestep: 154, Trans probs: [0.11480000795944732, 0.09762828428386355, 0.29924411720646177, 0.09762828428386355, 0.09777550565221774, 0.09766723204641911, 0.09762828428386355, 0.09762828428386355]
Timestep: 155, Trans probs: [0.10740085313690263, 0.09850096753229251, 0.3014968525806807, 0.09850096753229251, 0.09857727049183579, 0.09852115366141086, 0.09850096753229251, 0.09850096753229251]
Timestep: 156, Trans probs: [0.20087069902803345, 0.09601885999599409, 0.11682866967396373, 0.09601885999599409, 0.20219694489432302, 0.0960282464197034, 0.09601885999599409, 0.09601885999599409]
Timestep: 157, Trans probs: [0.1344580433816639, 0.09357914680871988, 0.27974191298908724, 0.09352391247217832, 0.11800951934213716, 0.09363964006185689, 0.09352391247217832, 0.09352391247217832]
Timestep: 158, Trans probs: [0.1624618560083352, 0.09438543891676913, 0.1078964778867264, 0.09438543891676913, 0.2577083772636974, 0.09439153317416445, 0.09438543891676913, 0.09438543891676913]
Timestep: 159, Trans probs: [0.2026307801014667, 0.09903373798988198, 0.20311731839569797, 0.09903373798988198, 0.0990728613702546, 0.09904408817305278, 0.09903373798988198, 0.09903373798988198]
Timestep: 160, Trans probs: [0.11914891354377656, 0.09493973304514192, 0.09493973304514192, 0.09493973304514192, 0.2079263661602002, 0.19822605507031368, 0.09493973304514192, 0.09493973304514192]
Timestep: 161, Trans probs: [0.2026307801014667, 0.09903373798988198, 0.20311731839569797, 0.09903373798988198, 0.0990728613702546, 0.09904408817305278, 0.09903373798988198, 0.09903373798988198]
Timestep: 162, Trans probs: [0.16277335269423127, 0.09630133827429571, 0.2593868734387095, 0.09630133827429571, 0.09632644140321986, 0.09630797936665662, 0.09630133827429571, 0.09630133827429571]
Timestep: 163, Trans probs: [0.13487885627802845, 0.09630929627379403, 0.28724694688944274, 0.09630929627379403, 0.09632386205227664, 0.09631314968507612, 0.09630929627379403, 0.09630929627379403]
Timestep: 164, Trans probs: [0.11816015285104407, 0.09735320208877482, 0.2977106980970813, 0.09735320208877482, 0.09736105982517805, 0.09735528087159745, 0.09735320208877482, 0.09735320208877482]
Timestep: 165, Trans probs: [0.10914670729980717, 0.09829918538360471, 0.30105300008111663, 0.09829918538360471, 0.0983032819457978, 0.09830026913885963, 0.09829918538360471, 0.09829918538360471]
Timestep: 166, Trans probs: [0.10448830918164721, 0.09891342142677144, 0.302028499927237, 0.09891342142677144, 0.09891552678084067, 0.09891397840318933, 0.09891342142677144, 0.09891342142677144]
Timestep: 167, Trans probs: [0.12027307528156408, 0.09503309595849363, 0.2933938852092933, 0.09503309595849363, 0.11116755971667444, 0.09503309595849363, 0.09503309595849363, 0.09503309595849363]
Timestep: 168, Trans probs: [0.11036443322770274, 0.09687659502466857, 0.2028774041772918, 0.09687659502466857, 0.10549859244699403, 0.19375319004933714, 0.09687659502466857, 0.09687659502466857]
Timestep: 169, Trans probs: [0.10949758669426837, 0.09394154513808801, 0.09394154513808801, 0.09394154513808801, 0.16654312535803303, 0.2542515622572585, 0.09394154513808801, 0.09394154513808801]
Timestep: 170, Trans probs: [0.13513278123076483, 0.09511393119260018, 0.1981703520974785, 0.09511393119260018, 0.1911236281880649, 0.09511751371329114, 0.09511393119260018, 0.09511393119260018]
Timestep: 171, Trans probs: [0.10211266750413375, 0.09926449885256039, 0.20303448036311744, 0.09926449885256039, 0.09926557446228101, 0.19852928226022626, 0.09926449885256039, 0.09926449885256039]
Timestep: 172, Trans probs: [0.10949758669426837, 0.09394154513808801, 0.09394154513808801, 0.09394154513808801, 0.16654312535803303, 0.2542515622572585, 0.09394154513808801, 0.09394154513808801]
Timestep: 173, Trans probs: [0.1111111111111111, 0.1111111111111111, 0.2222222222222222, 0.1111111111111111, 0.1111111111111111, 0.1111111111111111, 0.1111111111111111, 0.1111111111111111]
Timestep: 174, Trans probs: [0.10211266750413375, 0.09926449885256039, 0.20303448036311744, 0.09926449885256039, 0.09926557446228101, 0.19852928226022626, 0.09926449885256039, 0.09926449885256039]
Timestep: 175, Trans probs: [0.10949758669426837, 0.09394154513808801, 0.09394154513808801, 0.09394154513808801, 0.16654312535803303, 0.2542515622572585, 0.09394154513808801, 0.09394154513808801]
Timestep: 176, Trans probs: [0.12009402946870933, 0.0933733061930517, 0.2555577376971206, 0.0933733061930517, 0.15747930980757252, 0.09337569825439082, 0.0933733061930517, 0.0933733061930517]
Timestep: 177, Trans probs: [0.20461074688421516, 0.09433046797090576, 0.19113963715412458, 0.09433046797090576, 0.13259584826680973, 0.09433189581122758, 0.09433046797090576, 0.09433046797090576]
Timestep: 178, Trans probs: [0.10211266750413375, 0.09926449885256039, 0.20303448036311744, 0.09926449885256039, 0.09926557446228101, 0.19852928226022626, 0.09926449885256039, 0.09926449885256039]
Timestep: 179, Trans probs: [0.2138104279629858, 0.09547633613070185, 0.19971154671617372, 0.0954454096311709, 0.10915525312334606, 0.09551020717327988, 0.0954454096311709, 0.0954454096311709]
Timestep: 180, Trans probs: [0.09807898580692141, 0.09622568036317385, 0.1637488839223662, 0.09622568036317385, 0.1924520606263868, 0.16081734819163024, 0.09622568036317385, 0.09622568036317385]
Timestep: 181, Trans probs: [0.0945040506397907, 0.0932067092392148, 0.23368066618030653, 0.0932067092392148, 0.16056660793491426, 0.13842183828812932, 0.0932067092392148, 0.0932067092392148]
Timestep: 182, Trans probs: [0.16905431408361735, 0.09460173194099576, 0.2547659564857077, 0.09458227383124006, 0.10320813331905657, 0.09462304267690244, 0.09458227383124006, 0.09458227383124006]
Timestep: 183, Trans probs: [0.23207479552739618, 0.1575460539321459, 0.1255018393061478, 0.08988605360945225, 0.09278300519808459, 0.12243614520786882, 0.08988605360945225, 0.08988605360945225]
Timestep: 184, Trans probs: [0.09398046233115524, 0.0931562216339153, 0.18240362571874794, 0.0931562216339153, 0.22910824847554967, 0.12188277693888588, 0.0931562216339153, 0.0931562216339153]
Timestep: 185, Trans probs: [0.16559937132412192, 0.09321812482705374, 0.24997588164338844, 0.09321812482705374, 0.11833318574995115, 0.0932190619743235, 0.09321812482705374, 0.09321812482705374]
Timestep: 186, Trans probs: [0.2317727917121455, 0.094120771035489, 0.18839741554502634, 0.094120771035489, 0.10922537394989254, 0.09412133465097955, 0.094120771035489, 0.094120771035489]
Timestep: 187, Trans probs: [0.18736851975731153, 0.09342678160608542, 0.14918541500552118, 0.09342678160608542, 0.17836481764540174, 0.11137412116742383, 0.09342678160608542, 0.09342678160608542]
Timestep: 188, Trans probs: [0.15746421223341453, 0.0913635445652712, 0.2219607989649589, 0.0913635445652712, 0.1511288949102004, 0.10399191563034146, 0.0913635445652712, 0.0913635445652712]
Timestep: 189, Trans probs: [0.17848776189299298, 0.09432976840257672, 0.24629859793865577, 0.09432976840257672, 0.10356445357099622, 0.09433011298704813, 0.09432976840257672, 0.09432976840257672]
Timestep: 190, Trans probs: [0.22636907176209833, 0.0914385263432848, 0.17736713311740823, 0.0914385263432848, 0.13076211941661225, 0.09974757033074197, 0.0914385263432848, 0.0914385263432848]
Timestep: 191, Trans probs: [0.13894045028991933, 0.095259472982216, 0.18922706492471777, 0.09524805700138324, 0.10030880790757718, 0.19052003289142003, 0.09524805700138324, 0.09524805700138324]
Timestep: 192, Trans probs: [0.14489825029447775, 0.09492145826733046, 0.2800888251327374, 0.09492145826733046, 0.10040542860641466, 0.09492166289704831, 0.09492145826733046, 0.09492145826733046]
Timestep: 193, Trans probs: [0.21591435206406898, 0.09298633770685659, 0.15741444662453752, 0.09297851043320522, 0.09644837279584857, 0.15830095950907264, 0.09297851043320522, 0.09297851043320522]
Timestep: 194, Trans probs: [0.1735553541536757, 0.09230246644852813, 0.1348881205511904, 0.0922972927817252, 0.18688809317746674, 0.13547408732396346, 0.0922972927817252, 0.0922972927817252]
Timestep: 195, Trans probs: [0.12393565962994964, 0.09635729338881593, 0.19853699024784313, 0.09635729338881593, 0.19574077025864894, 0.09635740630829465, 0.09635729338881593, 0.09635729338881593]
Timestep: 196, Trans probs: [0.1780820338204859, 0.09210121179562156, 0.1468568805210243, 0.09210121179562156, 0.2092603142780507, 0.09739592419795291, 0.09210121179562156, 0.09210121179562156]
Timestep: 197, Trans probs: [0.1485385815286579, 0.0918204102957801, 0.2197609846188362, 0.0918204102957801, 0.16910566856147854, 0.09531312410790704, 0.0918204102957801, 0.0918204102957801]
Timestep: 198, Trans probs: [0.11251836022407284, 0.09419622327866646, 0.2562771929749382, 0.09419622327866646, 0.16022325538776117, 0.09419629829856191, 0.09419622327866646, 0.09419622327866646]
Timestep: 199, Trans probs: [0.18362770544769064, 0.1349275025844097, 0.20470409304561102, 0.09071562310119527, 0.0926086126651099, 0.11198521695359284, 0.09071562310119527, 0.09071562310119527]
Timestep: 200, Trans probs: [0.2207523669163915, 0.09199520759413843, 0.174920046584805, 0.09199520759413843, 0.1420877418190703, 0.09425901430317951, 0.09199520759413843, 0.09199520759413843]
Timestep: 201, Trans probs: [0.17504399635934176, 0.0922452373522193, 0.2378162376789715, 0.0922452373522193, 0.12445781249117191, 0.09370100406163756, 0.0922452373522193, 0.0922452373522193]
Timestep: 202, Trans probs: [0.10249202660095894, 0.10249202660095894, 0.2825558137932874, 0.10249202660095894, 0.10249202660095894, 0.10249202660095894, 0.10249202660095894, 0.10249202660095894]
Timestep: 203, Trans probs: [0.14417313119738698, 0.18635967072912832, 0.18283268974736322, 0.09317983536456416, 0.11301860340040325, 0.09407639883202573, 0.09317983536456416, 0.09317983536456416]
Timestep: 204, Trans probs: [0.1057358135923241, 0.09486408824775647, 0.19103735621150442, 0.09486408824775647, 0.13404225619540924, 0.18972822100973644, 0.09486408824775647, 0.09486408824775647]
Timestep: 205, Trans probs: [0.23877779734160876, 0.09029920216785853, 0.12079369097627536, 0.09029549743846679, 0.1580295305260742, 0.12121328667278283, 0.09029549743846679, 0.09029549743846679]
Timestep: 206, Trans probs: [0.21830168847957324, 0.15674045287106986, 0.15426055127511212, 0.09122356360334906, 0.1051726585285196, 0.09185395803567815, 0.09122356360334906, 0.09122356360334906]
Timestep: 207, Trans probs: [0.10014890463018346, 0.09266084501702235, 0.15890158794242246, 0.09266084501702235, 0.21230622540708474, 0.1579999019522199, 0.09266084501702235, 0.09266084501702235]
Timestep: 208, Trans probs: [0.18615393189795726, 0.09143415262584295, 0.20231946138917029, 0.09143178924713614, 0.13464173917803712, 0.11115534716758385, 0.09143178924713614, 0.09143178924713614]
Timestep: 209, Trans probs: [0.09689280073811486, 0.09188441437799862, 0.13618951482998182, 0.09188441437799862, 0.2637936044860535, 0.13558642243385544, 0.09188441437799862, 0.09188441437799862]
Timestep: 210, Trans probs: [0.26674205132587114, 0.134684631991887, 0.13303756442112738, 0.09117050875981748, 0.10043503035621687, 0.0915891956254452, 0.09117050875981748, 0.09117050875981748]
Timestep: 211, Trans probs: [0.19669135651103498, 0.11901824506876493, 0.2114737250631782, 0.09342424694156228, 0.09887342368638802, 0.09367050884594696, 0.09342424694156228, 0.09342424694156228]
Timestep: 212, Trans probs: [0.09667565921788707, 0.09371597203055974, 0.21361387746490362, 0.09371597203055974, 0.19530506495645317, 0.11954151023851713, 0.09371597203055974, 0.09371597203055974]
Timestep: 213, Trans probs: [0.25242249983421144, 0.10952631100375379, 0.16876748996081234, 0.09312686530976298, 0.09661844476755574, 0.09328465850437775, 0.09312686530976298, 0.09312686530976298]
Timestep: 214, Trans probs: [0.189010116544686, 0.10401367130602593, 0.23351014285344968, 0.09425907533476818, 0.09633591058565666, 0.09435293270587707, 0.09425907533476818, 0.09425907533476818]
Timestep: 215, Trans probs: [0.15205180655493175, 0.10044226129514913, 0.27359137203190936, 0.09451930462495019, 0.0957803517496491, 0.09457629449351007, 0.09451930462495019, 0.09451930462495019]
Timestep: 216, Trans probs: [0.12820669041093694, 0.09922058366327594, 0.29236245898636065, 0.09589400030665134, 0.09660225778860282, 0.09592600823086955, 0.09589400030665134, 0.09589400030665134]
Timestep: 217, Trans probs: [0.11454145141555656, 0.0991033222046528, 0.29930311207549526, 0.09733156913213793, 0.0977087902131249, 0.09734861669475664, 0.09733156913213793, 0.09733156913213793]
Timestep: 218, Trans probs: [0.10012994391763372, 0.10012994391763372, 0.299090392576564, 0.10012994391763372, 0.10012994391763372, 0.10012994391763372, 0.10012994391763372, 0.10012994391763372]
Timestep: 219, Trans probs: [0.09526501039544952, 0.09337758026343047, 0.26321557852363786, 0.09337758026343047, 0.1581622358492675, 0.1098468541779232, 0.09337758026343047, 0.09337758026343047]
Timestep: 220, Trans probs: [0.10949758669426837, 0.09394154513808801, 0.09394154513808801, 0.09394154513808801, 0.16654312535803303, 0.2542515622572585, 0.09394154513808801, 0.09394154513808801]
Timestep: 221, Trans probs: [0.10727889737461363, 0.19761447952608846, 0.20316452453620495, 0.09834749704930493, 0.09854326320446836, 0.0983563442107097, 0.09834749704930493, 0.09834749704930493]
Timestep: 222, Trans probs: [0.10146377695953826, 0.1605094726762206, 0.25976310749358456, 0.09562598045264493, 0.09575393832432856, 0.09563176318839336, 0.09562598045264493, 0.09562598045264493]
Timestep: 223, Trans probs: [0.09927928599158475, 0.13374076370559188, 0.2875413452970866, 0.09587210970583943, 0.09594679114179906, 0.09587548474641946, 0.09587210970583943, 0.09587210970583943]
Timestep: 224, Trans probs: [0.09526501039544952, 0.09337758026343047, 0.26321557852363786, 0.09337758026343047, 0.1581622358492675, 0.1098468541779232, 0.09337758026343047, 0.09337758026343047]
Timestep: 225, Trans probs: [0.19606978189791727, 0.11758611085171063, 0.2007323438425855, 0.09711391304899201, 0.0971542866289235, 0.09711573763188706, 0.09711391304899201, 0.09711391304899201]
Timestep: 226, Trans probs: [0.16015198936737754, 0.10825769655049228, 0.25795617550469135, 0.09472124733478217, 0.09474794280342044, 0.0947224537696719, 0.09472124733478217, 0.09472124733478217]
Timestep: 227, Trans probs: [0.13381415951239567, 0.10322558304440495, 0.2867105247313733, 0.09524665724227714, 0.09526239262163132, 0.09524736836336338, 0.09524665724227714, 0.09524665724227714]
Timestep: 228, Trans probs: [0.11770101376414052, 0.10106947062619664, 0.2975646266291513, 0.09673118934620942, 0.09673974494672241, 0.09673157599516102, 0.09673118934620942, 0.09673118934620942]
Timestep: 229, Trans probs: [0.0958710701685387, 0.09477408349744089, 0.2882591164370621, 0.09477408349744089, 0.1324273467699211, 0.10434613263471458, 0.09477408349744089, 0.09477408349744089]
Timestep: 230, Trans probs: [0.193695666021756, 0.0965505832465238, 0.201407610159731, 0.0965505832465238, 0.11695634373531885, 0.10173804709709906, 0.0965505832465238, 0.0965505832465238]
Timestep: 231, Trans probs: [0.2068968754235464, 0.10023189162827054, 0.20305825809982972, 0.09796165906973375, 0.09796613623513381, 0.09796186140401825, 0.09796165906973375, 0.09796165906973375]
Timestep: 232, Trans probs: [0.2458007833950477, 0.09103736177616292, 0.16564121108179325, 0.09103577169041702, 0.12010750922806732, 0.10430581944767772, 0.09103577169041702, 0.09103577169041702]
Timestep: 233, Trans probs: [0.1590020385377901, 0.09425696520587155, 0.2583988458692803, 0.09425696520587155, 0.10785695834497303, 0.09771429642447034, 0.09425696520587155, 0.09425696520587155]
Timestep: 234, Trans probs: [0.16496105159442914, 0.09730703267722439, 0.16252634547256745, 0.0958671003677001, 0.19173704045113343, 0.09586722870154522, 0.0958671003677001, 0.0958671003677001]
Timestep: 235, Trans probs: [0.13322666677956246, 0.09495963212365091, 0.28693395142870615, 0.09495963212365091, 0.10299779444229006, 0.0970030588548376, 0.09495963212365091, 0.09495963212365091]
Timestep: 236, Trans probs: [0.21398167754907074, 0.09657533211046694, 0.20107832378624949, 0.09657533211046694, 0.10095097992062285, 0.09768769030218917, 0.09657533211046694, 0.09657533211046694]
Timestep: 237, Trans probs: [0.10949758669426837, 0.09394154513808801, 0.09394154513808801, 0.09394154513808801, 0.16654312535803303, 0.2542515622572585, 0.09394154513808801, 0.09394154513808801]
Timestep: 238, Trans probs: [0.23428081710034282, 0.09406669273020617, 0.13952082391318057, 0.09306314225893542, 0.15987900777917796, 0.09306323170028617, 0.09306314225893542, 0.09306314225893542]
Timestep: 239, Trans probs: [0.28025915209442454, 0.09254796154435614, 0.13842195467204235, 0.09254698379879396, 0.11042322879720612, 0.10070675149558898, 0.09254698379879396, 0.09254698379879396]
Timestep: 240, Trans probs: [0.21398167754907074, 0.09657533211046694, 0.20107832378624949, 0.09657533211046694, 0.10095097992062285, 0.09768769030218917, 0.09657533211046694, 0.09657533211046694]
Timestep: 241, Trans probs: [0.29510356605768934, 0.09494144728453603, 0.12065604367565728, 0.09494089921076285, 0.10496140088899017, 0.09951484446083872, 0.09494089921076285, 0.09494089921076285]
Timestep: 242, Trans probs: [0.18262804911887667, 0.09375326404161012, 0.12256438530280829, 0.09311716312917327, 0.2285855923275718, 0.09311721982161322, 0.09311716312917327, 0.09311716312917327]
Timestep: 243, Trans probs: [0.14935838553604924, 0.09378889558867966, 0.20519439085381702, 0.09339116969568939, 0.17809361379141003, 0.09339120514297593, 0.09339116969568939, 0.09339116969568939]
Timestep: 244, Trans probs: [0.1687129672533992, 0.09531568778897162, 0.16064635842897731, 0.09531568778897162, 0.193366837992348, 0.09601108516938898, 0.09531568778897162, 0.09531568778897162]
Timestep: 245, Trans probs: [0.11603295269682105, 0.10515298859452668, 0.29726064065143615, 0.09527574715833091, 0.09569865419547875, 0.10002752238674474, 0.09527574715833091, 0.09527574715833091]
Timestep: 246, Trans probs: [0.19688020418173077, 0.09844010209086539, 0.09844010209086539, 0.09844010209086539, 0.1079991632813671, 0.20292012208257512, 0.09844010209086539, 0.09844010209086539]
Timestep: 247, Trans probs: [0.14354860393225954, 0.0929048743130154, 0.13798268705864808, 0.0929048743130154, 0.16055964266396405, 0.18628956909306674, 0.0929048743130154, 0.0929048743130154]
Timestep: 248, Trans probs: [0.22207206031734106, 0.09272813701499794, 0.1666645042089762, 0.09246417869232547, 0.14867856016411987, 0.09246420221758861, 0.09246417869232547, 0.09246417869232547]
Timestep: 249, Trans probs: [0.25806216035794227, 0.09526533915173722, 0.16542278396286436, 0.09526515423994796, 0.09864591972303012, 0.09680833408458221, 0.09526515423994796, 0.09526515423994796]
Timestep: 250, Trans probs: [0.17603419304532694, 0.09263322282222768, 0.14030739723500743, 0.09246302247846752, 0.22117308181447665, 0.09246303764755874, 0.09246302247846752, 0.09246302247846752]
Timestep: 251, Trans probs: [0.190540308165223, 0.09571595497857883, 0.2322964473726366, 0.09571584727290816, 0.09768504358665522, 0.09661470407818178, 0.09571584727290816, 0.09571584727290816]
Timestep: 252, Trans probs: [0.12722254956474394, 0.09032662682900096, 0.2134941899133593, 0.09032662682900096, 0.13961575155477282, 0.1583610016511201, 0.09032662682900096, 0.09032662682900096]
Timestep: 253, Trans probs: [0.24807948872218608, 0.09537181794470101, 0.1779557496386913, 0.09537175282004379, 0.096562435113071, 0.0959152501212193, 0.09537175282004379, 0.09537175282004379]
Timestep: 254, Trans probs: [0.11525718143759914, 0.09007703338448188, 0.17413449133230385, 0.09007703338448188, 0.21379213206123449, 0.13650806163093498, 0.09007703338448188, 0.09007703338448188]
Timestep: 255, Trans probs: [0.1461398339671031, 0.09268217863667598, 0.12323997163481049, 0.09257308504592383, 0.2676456658547581, 0.09257309476888087, 0.09257308504592383, 0.09257308504592383]
Timestep: 256, Trans probs: [0.12543775430804796, 0.09448458832974813, 0.20659964774459116, 0.09442142072539196, 0.19579232108623756, 0.09442142635519936, 0.09442142072539196, 0.09442142072539196]
Timestep: 257, Trans probs: [0.2810971494496707, 0.09561119018634541, 0.14421526434975307, 0.0956111518577795, 0.09631191784564495, 0.0959310225952473, 0.0956111518577795, 0.0956111518577795]
Timestep: 258, Trans probs: [0.1985179710109456, 0.0967830119146419, 0.12344127497976264, 0.09678299089226858, 0.19395033647852433, 0.09695843293931966, 0.09678299089226858, 0.09678299089226858]
Timestep: 259, Trans probs: [0.16232666715893, 0.09435282013363408, 0.11216444272281, 0.09435280608761094, 0.2536276246614311, 0.09447002706036198, 0.09435280608761094, 0.09435280608761094]
Timestep: 260, Trans probs: [0.11359504122682341, 0.09354862682483633, 0.16615848338390338, 0.0935077171494063, 0.2526669763207402, 0.09350772079547767, 0.0935077171494063, 0.0935077171494063]
Timestep: 261, Trans probs: [0.10720329629520685, 0.09041872635202203, 0.23686842913815087, 0.09041872635202203, 0.17288467223874202, 0.12136869691981234, 0.09041872635202203, 0.09041872635202203]
Timestep: 262, Trans probs: [0.2008463494596981, 0.09446708067125632, 0.13770229429449776, 0.09444272118839414, 0.1892133886499343, 0.09444272335943099, 0.09444272118839414, 0.09444272118839414]
Timestep: 263, Trans probs: [0.16372173602091417, 0.0930936868590161, 0.2148762185024767, 0.09307751394513218, 0.15599830139565474, 0.09307751538654177, 0.09307751394513218, 0.09307751394513218]
Timestep: 264, Trans probs: [0.13886261421392523, 0.09249176526068648, 0.2649292389932582, 0.09248114693332583, 0.1337917928524692, 0.09248114787968337, 0.09248114693332583, 0.09248114693332583]
Timestep: 265, Trans probs: [0.12134572677575775, 0.09418890013835299, 0.2893586174403978, 0.09418268157471178, 0.1183760287924153, 0.09418268212894075, 0.09418268157471178, 0.09418268157471178]
Timestep: 266, Trans probs: [0.11098616728994468, 0.09624177991117655, 0.29844462316807185, 0.09623840363630871, 0.10937381478466195, 0.09623840393721894, 0.09623840363630871, 0.09623840363630871]
Timestep: 267, Trans probs: [0.1054492041451373, 0.09773238221700499, 0.3012906112854332, 0.09773061516414168, 0.10460534153836928, 0.09773061532163013, 0.09773061516414168, 0.09773061516414168]
Timestep: 268, Trans probs: [0.10260165561154194, 0.09862692693058298, 0.30210034575936884, 0.09862601676889181, 0.10216700454182089, 0.09862601685000989, 0.09862601676889181, 0.09862601676889181]
Timestep: 269, Trans probs: [0.10115291061724846, 0.09911976161610606, 0.3023195651576486, 0.09911929605116268, 0.10093057836285275, 0.09911929609265611, 0.09911929605116268, 0.09911929605116268]
Timestep: 270, Trans probs: [0.1023753808107433, 0.09186786296416488, 0.27541652983693243, 0.09186786296416488, 0.14349339767091007, 0.11124323982475463, 0.09186786296416488, 0.09186786296416488]
Timestep: 271, Trans probs: [0.13543394541433643, 0.09484374032640848, 0.20032358373292378, 0.0948437319389038, 0.18995380491811856, 0.09491372979150144, 0.0948437319389038, 0.0948437319389038]
Timestep: 272, Trans probs: [0.10033030887070517, 0.09435037678000392, 0.19880973428614546, 0.09435037678000392, 0.2180813547828747, 0.10537709494025904, 0.09435037678000392, 0.09435037678000392]
Timestep: 273, Trans probs: [0.19193613943189547, 0.09410128849460242, 0.15932034584459784, 0.09410128849460242, 0.17135255581036976, 0.10098580493472731, 0.09410128849460242, 0.09410128849460242]
Timestep: 274, Trans probs: [0.19979746925276354, 0.09938047604290211, 0.20299724240344313, 0.09938023863945425, 0.10030385772191562, 0.09938023866061282, 0.09938023863945425, 0.09938023863945425]
Timestep: 275, Trans probs: [0.15985095204318484, 0.09208769354038389, 0.22934799990919, 0.09208769354038389, 0.14559416435968886, 0.09685610952640075, 0.09208769354038389, 0.09208769354038389]
Timestep: 276, Trans probs: [0.22816046765377826, 0.09233501731846394, 0.18042862869280735, 0.09233501731846394, 0.12667544953128107, 0.09539538484827764, 0.09233501731846394, 0.09233501731846394]
Timestep: 277, Trans probs: [0.2577617122074503, 0.09636130064504603, 0.16347303220918008, 0.09636114688077577, 0.09695936740151637, 0.09636114689448, 0.09636114688077577, 0.09636114688077577]
Timestep: 278, Trans probs: [0.19040654899364706, 0.0962623831663217, 0.2316706609940145, 0.09626229347628423, 0.09661123293288616, 0.09626229348427787, 0.09626229347628423, 0.09626229347628423]
Timestep: 279, Trans probs: [0.1526233386967644, 0.09565314541259211, 0.2732469037423017, 0.09565309113776026, 0.09586424759246344, 0.0956530911425975, 0.09565309113776026, 0.09565309113776026]
Timestep: 280, Trans probs: [0.11603295269682105, 0.10515298859452668, 0.29726064065143615, 0.09527574715833091, 0.09569865419547875, 0.10002752238674474, 0.09527574715833091, 0.09527574715833091]
Timestep: 281, Trans probs: [0.1283838671227304, 0.09652177477528381, 0.19584579672490549, 0.09652174442064387, 0.0966398392711555, 0.19304348884399308, 0.09652174442064387, 0.09652174442064387]
Timestep: 282, Trans probs: [0.11551800520821133, 0.09407476423340719, 0.25499473948200685, 0.09407474380468417, 0.09415422183487095, 0.15903403782745118, 0.09407474380468417, 0.09407474380468417]
Timestep: 283, Trans probs: [0.10750036105872415, 0.0946938712031576, 0.2854935396307388, 0.0946938590025656, 0.09474132545544571, 0.1334893256442368, 0.0946938590025656, 0.0946938590025656]
Timestep: 284, Trans probs: [0.17828322854049772, 0.09284741269458507, 0.24110674959041067, 0.09284741269458507, 0.11444795099841783, 0.09477242009233339, 0.09284741269458507, 0.09284741269458507]
Timestep: 285, Trans probs: [0.19973839778633956, 0.09636382988849893, 0.20081460266562157, 0.09636382320944505, 0.09638980809571437, 0.11760189193549045, 0.09636382320944505, 0.09636382320944505]
Timestep: 286, Trans probs: [0.14561698313534163, 0.09376579943663566, 0.2775105150493444, 0.09376579943663566, 0.10687521342763635, 0.09493409064113512, 0.09376579943663566, 0.09376579943663566]
Timestep: 287, Trans probs: [0.10812190990942913, 0.10238031781713187, 0.30092755996954956, 0.09716788413715191, 0.09739106131654655, 0.09967549857588717, 0.09716788413715191, 0.09716788413715191]
Timestep: 288, Trans probs: [0.12458093964037859, 0.09558548526945193, 0.1983364957074287, 0.09558548526945193, 0.10291633845526134, 0.19182428511912364, 0.09558548526945193, 0.09558548526945193]
Timestep: 289, Trans probs: [0.2065042737950763, 0.09347086166222571, 0.16279454950262376, 0.09347086166222571, 0.09841681572818212, 0.15840091432521494, 0.09347086166222571, 0.09347086166222571]
Timestep: 290, Trans probs: [0.25653415369135074, 0.09446429684951992, 0.1627736845941683, 0.09446429248150934, 0.09448128624445122, 0.1083537011759817, 0.09446429248150934, 0.09446429248150934]
Timestep: 291, Trans probs: [0.10398297214364682, 0.09478197091083267, 0.09478197091083267, 0.09478197091083267, 0.23250592206101311, 0.1896012512411766, 0.09478197091083267, 0.09478197091083267]
Timestep: 292, Trans probs: [0.16851038227839532, 0.09218729778823612, 0.23118374328222757, 0.09218729778823612, 0.09552693394481579, 0.1360297493416168, 0.09218729778823612, 0.09218729778823612]
Timestep: 293, Trans probs: [0.10398297214364682, 0.09478197091083267, 0.09478197091083267, 0.09478197091083267, 0.23250592206101311, 0.1896012512411766, 0.09478197091083267, 0.09478197091083267]
Timestep: 294, Trans probs: [0.25653415369135074, 0.09446429684951992, 0.1627736845941683, 0.09446429248150934, 0.09448128624445122, 0.1083537011759817, 0.09446429248150934, 0.09446429248150934]
Timestep: 295, Trans probs: [0.16851038227839532, 0.09218729778823612, 0.23118374328222757, 0.09218729778823612, 0.09552693394481579, 0.1360297493416168, 0.09218729778823612, 0.09218729778823612]
Timestep: 296, Trans probs: [0.2135587531117278, 0.09327604299179527, 0.1634570041887165, 0.09327603741117321, 0.15655747702675685, 0.09332261044748395, 0.09327603741117321, 0.09327603741117321]
Timestep: 297, Trans probs: [0.28582761163162057, 0.09509362436201661, 0.13540423447347205, 0.09509362178437424, 0.09510365011246931, 0.10329001406729875, 0.09509362178437424, 0.09509362178437424]
Timestep: 298, Trans probs: [0.20058163963493117, 0.09662175997846183, 0.21521488420136117, 0.09662175857351352, 0.09662722453056106, 0.10108921593414429, 0.09662175857351352, 0.09662175857351352]
Timestep: 299, Trans probs: [0.17180775639762755, 0.0925237797737563, 0.2313071195372699, 0.09252377609530651, 0.13423554143717698, 0.09255447456824982, 0.09252377609530651, 0.09252377609530651]
Timestep: 300, Trans probs: [0.14100175667462073, 0.09262329478473745, 0.18072814911655266, 0.09262329478473745, 0.18736346497625953, 0.12041345009361726, 0.09262329478473745, 0.09262329478473745]
Timestep: 301, Trans probs: [0.19077069575015923, 0.09704162520766056, 0.2314942620470294, 0.0960329997119623, 0.09607618533445952, 0.09651823252480439, 0.0960329997119623, 0.0960329997119623]
Timestep: 302, Trans probs: [0.16017701129177608, 0.0953913443302476, 0.16929614948412525, 0.0953913434547126, 0.1907860931818649, 0.09817537134784841, 0.0953913434547126, 0.0953913434547126]
Timestep: 303, Trans probs: [0.23577468822577505, 0.09295533522308794, 0.18024025125831084, 0.0929553329096029, 0.11918908648369911, 0.09297464008031829, 0.0929553329096029, 0.0929553329096029]
Timestep: 304, Trans probs: [0.18131347922203656, 0.09362170803248894, 0.14721506722601244, 0.09362170661199797, 0.20335106437558279, 0.09363356130788546, 0.09362170661199797, 0.09362170661199797]
Timestep: 305, Trans probs: [0.15082960620899985, 0.09258566421222028, 0.12818180352993336, 0.09258566326874529, 0.25805239921090795, 0.09259353703170267, 0.09258566326874529, 0.09258566326874529]
Timestep: 306, Trans probs: [0.12494432546336573, 0.09079850759574516, 0.1529834591577648, 0.09079850759574516, 0.157666706164571, 0.20121147883131787, 0.09079850759574516, 0.09079850759574516]
Timestep: 307, Trans probs: [0.22259018673265538, 0.09396829613019744, 0.11514705145455283, 0.09396829556885493, 0.19241659872781475, 0.09397298024821489, 0.09396829556885493, 0.09396829556885493]
Timestep: 308, Trans probs: [0.17414238950178385, 0.09390337204714633, 0.10711545056798541, 0.09390337169696042, 0.24922237862172608, 0.09390629417047698, 0.09390337169696042, 0.09390337169696042]
Timestep: 309, Trans probs: [0.15287947970425184, 0.0961328084416932, 0.2730570234325732, 0.09552215329382771, 0.09554829929430476, 0.09581592924569392, 0.09552215329382771, 0.09552215329382771]
Timestep: 310, Trans probs: [0.1378823621048173, 0.09279437571893265, 0.1442288828392847, 0.09279437510959866, 0.2519793174342707, 0.09473193657389865, 0.09279437510959866, 0.09279437510959866]
Timestep: 311, Trans probs: [0.11372566002580592, 0.089883726842654, 0.1333036696856434, 0.089883726842654, 0.22645742106393316, 0.16697834185400154, 0.089883726842654, 0.089883726842654]
Timestep: 312, Trans probs: [0.2148044725354287, 0.09365742192368456, 0.12501645200985853, 0.09365742155218058, 0.1907106582818474, 0.094838730592639, 0.09365742155218058, 0.09365742155218058]
Timestep: 313, Trans probs: [0.12855156940482756, 0.09678477647493518, 0.2922699035017222, 0.09644293165475074, 0.09645756818874682, 0.09660738746551602, 0.09644293165475074, 0.09644293165475074]
Timestep: 314, Trans probs: [0.17087639168463803, 0.09326226618390178, 0.11335275690901173, 0.09326226594589387, 0.15544043749651681, 0.18728134988825001, 0.09326226594589387, 0.09326226594589387]
Timestep: 315, Trans probs: [0.14613308912960332, 0.09111191957651392, 0.1964661214227042, 0.09111191940778854, 0.13519043858604624, 0.15776267306176675, 0.09111191940778854, 0.09111191940778854]
Timestep: 316, Trans probs: [0.12878285742712606, 0.08973139534729845, 0.25423829338158077, 0.08973139522754503, 0.12101627401522308, 0.13703699414613646, 0.08973139522754503, 0.08973139522754503]
Timestep: 317, Trans probs: [0.14233348674521265, 0.09470290755175975, 0.10254571236492577, 0.09470290734388635, 0.18690162181295214, 0.18940754949349053, 0.09470290734388635, 0.09470290734388635]
Timestep: 318, Trans probs: [0.12539465086860954, 0.09252803992054356, 0.09793982409156995, 0.09252803977710432, 0.248676117976566, 0.15787724781139797, 0.09252803977710432, 0.09252803977710432]
Timestep: 319, Trans probs: [0.10630999803649208, 0.09078374199215385, 0.20984325947751212, 0.09078374199215385, 0.17972276086748512, 0.14098901364989533, 0.09078374199215385, 0.09078374199215385]
Timestep: 320, Trans probs: [0.11468381012031291, 0.09780643781163972, 0.29929050636824955, 0.09762481915360342, 0.09763259539447562, 0.09771219284451191, 0.09762481915360342, 0.09762481915360342]
Timestep: 321, Trans probs: [0.20698765352887435, 0.09342379274370187, 0.09674003676040717, 0.09342379265580487, 0.18910852687364915, 0.1334686121259529, 0.09342379265580487, 0.09342379265580487]
Timestep: 322, Trans probs: [0.11586632991864372, 0.0917546574170003, 0.19332669181498555, 0.09175465734306056, 0.20282564015532192, 0.12096270866486677, 0.09175465734306056, 0.09175465734306056]
Timestep: 323, Trans probs: [0.16719720896971632, 0.092698462899859, 0.1875724067374905, 0.0926984628421979, 0.15546836752817603, 0.1189681653381644, 0.0926984628421979, 0.0926984628421979]
Timestep: 324, Trans probs: [0.10749257645959397, 0.09145341421664137, 0.159019458792977, 0.09145341416745642, 0.2567916040048144, 0.1108827040236041, 0.09145341416745642, 0.09145341416745642]
Timestep: 325, Trans probs: [0.10123630317717212, 0.09093829250263062, 0.1699062148703079, 0.09093829250263062, 0.14992836474837326, 0.2151759471936242, 0.09093829250263062, 0.09093829250263062]
Timestep: 326, Trans probs: [0.14375186087147948, 0.09064216227804689, 0.24891937647763476, 0.09064216223694065, 0.1353904418319394, 0.10936967183007758, 0.09064216223694065, 0.09064216223694065]
Timestep: 327, Trans probs: [0.1961174486256317, 0.09325704701711926, 0.13371182118584485, 0.09325704698767007, 0.19225232151168525, 0.10489022069670877, 0.09325704698767007, 0.09325704698767007]
Timestep: 328, Trans probs: [0.16143735589014296, 0.09208754881410731, 0.211450227201802, 0.09208754879425228, 0.15883143742701342, 0.09993078428417748, 0.09208754879425228, 0.09208754879425228]
Timestep: 329, Trans probs: [0.12516794166737885, 0.09208978775438376, 0.2827588969794745, 0.09208978772878167, 0.11996022418364315, 0.10375378622877464, 0.09208978772878167, 0.09208978772878167]
Timestep: 330, Trans probs: [0.13783638493636066, 0.09161054188670102, 0.17117299014393977, 0.09161054187346644, 0.2277099244596293, 0.09683853295296993, 0.09161054187346644, 0.09161054187346644]
Timestep: 331, Trans probs: [0.11325530449276522, 0.09471078565120657, 0.296315894889922, 0.09471078563685333, 0.1103357154717857, 0.10124994258376063, 0.09471078563685333, 0.09471078563685333]
Timestep: 332, Trans probs: [0.12166067542929931, 0.09218811808344966, 0.14291534476309226, 0.0921881180750116, 0.27115013995305937, 0.09552136754606459, 0.0921881180750116, 0.0921881180750116]
Timestep: 333, Trans probs: [0.11128741794198282, 0.09433071614915954, 0.2178467671624379, 0.09433071614430479, 0.19729448686894155, 0.09624846344456378, 0.09433071614430479, 0.09433071614430479]
Timestep: 334, Trans probs: [0.10465643103954386, 0.09403524532649761, 0.26543735906474025, 0.09403524532345674, 0.15852876204288935, 0.09523646655595873, 0.09403524532345674, 0.09403524532345674]
Timestep: 335, Trans probs: [0.0979708966225873, 0.09119790274417461, 0.14313504591586387, 0.09119790274417461, 0.22119353165455619, 0.17290891483029414, 0.09119790274417461, 0.09119790274417461]
Timestep: 336, Trans probs: [0.18778621914740065, 0.09170597074127163, 0.1252491112535534, 0.09170597074127163, 0.17566248779706994, 0.14447829883688945, 0.09170597074127163, 0.09170597074127163]
Timestep: 337, Trans probs: [0.2483536746277399, 0.09014786333138525, 0.11390797375404842, 0.09014786333138525, 0.14961802878049016, 0.1275288695121805, 0.09014786333138525, 0.09014786333138525]
Timestep: 338, Trans probs: [0.28221485575542676, 0.09180076488882427, 0.10661098895821076, 0.09180076488882427, 0.12886988873029542, 0.11510120700076988, 0.09180076488882427, 0.09180076488882427]
Timestep: 339, Trans probs: [0.19667611324331188, 0.09528441427882128, 0.19384229029249556, 0.09528441427707275, 0.13236881123046612, 0.09597512812368682, 0.09528441427707275, 0.09528441427707275]
Timestep: 340, Trans probs: [0.10666117793283493, 0.09681279129064409, 0.30069145372339173, 0.09681279128302156, 0.10511067981743141, 0.10028552338663319, 0.09681279128302156, 0.09681279128302156]
Timestep: 341, Trans probs: [0.10322720268348995, 0.09812138049406036, 0.20382074389443736, 0.09812138049010852, 0.20054473905476772, 0.09992179240291905, 0.09812138049010852, 0.09812138049010852]
Timestep: 342, Trans probs: [0.1611728241603458, 0.09347493100549285, 0.1592807181467034, 0.09347493100432537, 0.211710622192206, 0.09393611148227587, 0.09347493100432537, 0.09347493100432537]
Timestep: 343, Trans probs: [0.2015255108657255, 0.0945287168384185, 0.19737954096962426, 0.0945287168384185, 0.11535846420841361, 0.10762161660256252, 0.0945287168384185, 0.0945287168384185]
Timestep: 344, Trans probs: [0.10734127062546765, 0.0985949685922001, 0.2030093576486108, 0.09850084898584135, 0.19700572782598158, 0.09854612835021577, 0.09850084898584135, 0.09850084898584135]
Timestep: 345, Trans probs: [0.2299491714290133, 0.09253042773573633, 0.1361641484827536, 0.0925304277349622, 0.17092874733186764, 0.09283622181574246, 0.0925304277349622, 0.0925304277349622]
Timestep: 346, Trans probs: [0.16395563065593477, 0.09319967233251449, 0.16121394034786976, 0.09319967233251449, 0.10697418539336945, 0.19505755427276789, 0.09319967233251449, 0.09319967233251449]
Timestep: 347, Trans probs: [0.09896404238768992, 0.0956626564989038, 0.25966971940762384, 0.09566265649634857, 0.16188882303765198, 0.09682678917908485, 0.09566265649634857, 0.09566265649634857]
Timestep: 348, Trans probs: [0.14068803424299556, 0.09143426218640742, 0.13877952232848034, 0.09143426218640742, 0.19245706988284406, 0.16233832480005042, 0.09143426218640742, 0.09143426218640742]
Timestep: 349, Trans probs: [0.2725889245851427, 0.09287063532299844, 0.12044683182784995, 0.09287063532250919, 0.14241780732255463, 0.0930638949739267, 0.09287063532250919, 0.09287063532250919]
Timestep: 350, Trans probs: [0.1937791689012728, 0.09592854028392846, 0.191414518923811, 0.0959285402824408, 0.13448584514243764, 0.09660630590122765, 0.0959285402824408, 0.0959285402824408]
Timestep: 351, Trans probs: [0.19745290713251948, 0.09479798839762466, 0.11054948604900645, 0.0947979883973452, 0.21789727509933593, 0.09490837812947792, 0.0947979883973452, 0.0947979883973452]
Timestep: 352, Trans probs: [0.15850176178002887, 0.09432859591866298, 0.19850400174947005, 0.0943285959184883, 0.17128224841071318, 0.09439760438566012, 0.0943285959184883, 0.0943285959184883]
Timestep: 353, Trans probs: [0.12498378081286697, 0.0897949472083751, 0.21341521198200536, 0.0897949472083751, 0.16196961773318808, 0.14045160063843912, 0.0897949472083751, 0.0897949472083751]
Timestep: 354, Trans probs: [0.20363697063545314, 0.08988339753465438, 0.17374060794537777, 0.08988339753465438, 0.13884273719960974, 0.1242460940809419, 0.08988339753465438, 0.08988339753465438]
Timestep: 355, Trans probs: [0.22875972178030388, 0.09263394310260545, 0.16323634459799496, 0.09263394310248706, 0.14478744926320938, 0.09268071194842523, 0.09263394310248706, 0.09263394310248706]
Timestep: 356, Trans probs: [0.17957888745413914, 0.0927627460026799, 0.23055317254145186, 0.0927627460026044, 0.12602438249806275, 0.09279257349585314, 0.0927627460026044, 0.0927627460026044]
Timestep: 357, Trans probs: [0.16758519117291018, 0.08975358713217535, 0.23688331655804873, 0.08975358713217535, 0.12325217390203472, 0.113264969838305, 0.08975358713217535, 0.08975358713217535]
Timestep: 358, Trans probs: [0.24063329858758514, 0.09323050669422281, 0.1792101662296497, 0.0932305066941757, 0.11398538969517963, 0.09324911871083563, 0.0932305066941757, 0.0932305066941757]
Timestep: 359, Trans probs: [0.18330005585897233, 0.09400362689867009, 0.2400936251686937, 0.09400362689864156, 0.10657690934243215, 0.0940149020353071, 0.09400362689864156, 0.09400362689864156]
Timestep: 360, Trans probs: [0.14822887562912754, 0.0945478928858539, 0.276918499035895, 0.09454789288583675, 0.10210638280251061, 0.09455467098910268, 0.09454789288583675, 0.09454789288583675]
Timestep: 361, Trans probs: [0.14050838435084834, 0.09130483318011468, 0.2756220777034842, 0.09130483318011468, 0.11248195587458452, 0.1061682493506242, 0.09130483318011468, 0.09130483318011468]
Timestep: 362, Trans probs: [0.21610849499173537, 0.09399601770638977, 0.19932069919865378, 0.09399601770638977, 0.10609729292068384, 0.10248944206336792, 0.09399601770638977, 0.09399601770638977]
Timestep: 363, Trans probs: [0.22196813083485215, 0.09603122839282328, 0.19762988819687288, 0.09603122839281374, 0.10024206292304876, 0.09603500447396172, 0.09603122839281374, 0.09603122839281374]
Timestep: 364, Trans probs: [0.17051337679595413, 0.09379737074348155, 0.2537639740048996, 0.09379737074348155, 0.10139988215935494, 0.09913328406586525, 0.09379737074348155, 0.09379737074348155]
Timestep: 365, Trans probs: [0.2679827160831868, 0.09528113746592959, 0.15773950280514817, 0.09528113746592373, 0.09786977241425532, 0.09528345883370895, 0.09528113746592373, 0.09528113746592373]
Timestep: 366, Trans probs: [0.1598428031952372, 0.09362323648493216, 0.2518657832562693, 0.09362323648392538, 0.11971655910662295, 0.09408190850516218, 0.09362323648392538, 0.09362323648392538]
Timestep: 367, Trans probs: [0.1342255575292975, 0.09429171569278155, 0.18972019927406505, 0.09429171569217443, 0.20431906165753563, 0.09456831876979702, 0.09429171569217443, 0.09429171569217443]
Timestep: 368, Trans probs: [0.19411493336674296, 0.09612190902855489, 0.13156156258478416, 0.09612190902855156, 0.19371264173274957, 0.0961232262015137, 0.09612190902855156, 0.09612190902855156]
Timestep: 369, Trans probs: [0.13996666139389644, 0.09477132855422882, 0.2837830151464636, 0.09477132855422882, 0.09925015965529989, 0.09791484958742493, 0.09477132855422882, 0.09477132855422882]
Timestep: 370, Trans probs: [0.11943384201190274, 0.09313463127566018, 0.24911555242752706, 0.09313463127526037, 0.16559528682998165, 0.09331679362914733, 0.09313463127526037, 0.09313463127526037]
Timestep: 371, Trans probs: [0.25363111269971783, 0.09382975403683994, 0.11768870551104471, 0.09382975403683767, 0.15953052484790795, 0.09383064079397645, 0.09382975403683767, 0.09382975403683767]
Timestep: 372, Trans probs: [0.10147236841462956, 0.09574305062662312, 0.2598217216258848, 0.09568139701200289, 0.16020761076469583, 0.09571105753215793, 0.09568139701200289, 0.09568139701200289]
Timestep: 373, Trans probs: [0.19030658446608587, 0.0944998188994089, 0.10880413389198766, 0.09449981889940755, 0.133889836602107, 0.18900016944218795, 0.09449981889940755, 0.09449981889940755]
Timestep: 374, Trans probs: [0.15865231465210144, 0.09234856295233536, 0.19459652856056175, 0.09234856295233443, 0.11960870411002282, 0.15774820086797534, 0.09234856295233443, 0.09234856295233443]
Timestep: 375, Trans probs: [0.13749180617872045, 0.09057315738171869, 0.25350023540285077, 0.09057315738171803, 0.10986330245413913, 0.13685202643741676, 0.09057315738171803, 0.09057315738171803]
Timestep: 376, Trans probs: [0.12115871627314849, 0.0922673917327183, 0.2848611826313329, 0.09226739173271792, 0.10414577817412182, 0.12076475599052462, 0.09226739173271792, 0.09226739173271792]
Timestep: 377, Trans probs: [0.12114649550939154, 0.096396559787407, 0.19990342211005435, 0.096396559787407, 0.19524582375677857, 0.09811801947414757, 0.096396559787407, 0.096396559787407]
Timestep: 378, Trans probs: [0.20488315207541266, 0.094220683295307, 0.1629819780974535, 0.094220683295307, 0.15988785963754618, 0.0953642770083596, 0.094220683295307, 0.094220683295307]
Timestep: 379, Trans probs: [0.20590823479598044, 0.09491089141918492, 0.20214553067185043, 0.09491089141918468, 0.10152467932483034, 0.1107779895305999, 0.09491089141918468, 0.09491089141918468]
Timestep: 380, Trans probs: [0.16735019357836575, 0.09264039899322257, 0.23170251861771637, 0.09264039899322257, 0.13697323658121818, 0.09341245524980936, 0.09264039899322257, 0.09264039899322257]
Timestep: 381, Trans probs: [0.2591820179940543, 0.09392109585642029, 0.16284257003661298, 0.09392109585642015, 0.09817188660415793, 0.10411914193949405, 0.09392109585642015, 0.09392109585642015]
Timestep: 382, Trans probs: [0.10988929467771448, 0.09402563986009667, 0.28213879877531695, 0.09402563985985549, 0.137733827117137, 0.09413551999016852, 0.09402563985985549, 0.09402563985985549]
Timestep: 383, Trans probs: [0.1917106518074683, 0.09493343523731156, 0.135294025912922, 0.09493343523731147, 0.19235614435417706, 0.10090543697618676, 0.09493343523731147, 0.09493343523731147]
Timestep: 384, Trans probs: [0.15876788582436685, 0.0929292124567376, 0.21331620723654648, 0.09292921245673755, 0.15920702196043449, 0.09699203515170202, 0.09292921245673755, 0.09292921245673755]
Timestep: 385, Trans probs: [0.14016788421494986, 0.09292025662318538, 0.27378554477301437, 0.09292025662318538, 0.1209570275991336, 0.09340851692016068, 0.09292025662318538, 0.09292025662318538]
Timestep: 386, Trans probs: [0.22808295676373588, 0.0921769264336103, 0.1721362441604443, 0.09217692643361027, 0.13619769826230874, 0.09487539507907014, 0.09217692643361027, 0.09217692643361027]
Timestep: 387, Trans probs: [0.12178674848470937, 0.09486007450398692, 0.29279623762175966, 0.09486007450398692, 0.1108383792363314, 0.0951383366412519, 0.09486007450398692, 0.09486007450398692]
Timestep: 388, Trans probs: [0.20794525577757147, 0.09676150006549518, 0.2027785279476482, 0.09676150006549518, 0.10531967534603036, 0.09691054066676931, 0.09676150006549518, 0.09676150006549518]
Timestep: 389, Trans probs: [0.26091124054716863, 0.09518626283652196, 0.16244703176527883, 0.09518626283652196, 0.10061585713372992, 0.09528081920773476, 0.09518626283652196, 0.09518626283652196]
Timestep: 390, Trans probs: [0.2715114449557846, 0.0925683222372919, 0.1433863035917021, 0.09256832223729189, 0.12054563402026627, 0.09428332848307953, 0.09256832223729189, 0.09256832223729189]
Timestep: 391, Trans probs: [0.19723199323496282, 0.0945724109036988, 0.2182990729543883, 0.0945724109036988, 0.11062298104441359, 0.09555630915144005, 0.0945724109036988, 0.0945724109036988]
Timestep: 392, Trans probs: [0.15837955354003747, 0.094203167837803, 0.2657525492983446, 0.094203167837803, 0.10423698598414453, 0.09481823982626135, 0.094203167837803, 0.094203167837803]
Timestep: 393, Trans probs: [0.1322378538828221, 0.09539585557199355, 0.2892737610886119, 0.09539585557199355, 0.10115601029485145, 0.09574895244574023, 0.09539585557199355, 0.09539585557199355]
Timestep: 394, Trans probs: [0.1167800915243769, 0.09694039036370805, 0.29828553300643523, 0.09694039036370805, 0.10004227825199687, 0.09713053576235875, 0.09694039036370805, 0.09694039036370805]
Timestep: 395, Trans probs: [0.10845028902040012, 0.09810373588820673, 0.301210475571245, 0.09810373588820673, 0.0997213937141175, 0.0982028981414105, 0.09810373588820673, 0.09810373588820673]
Timestep: 396, Trans probs: [0.19176358327925547, 0.09575900889557387, 0.2304822197052303, 0.09575900889557387, 0.09890437597771423, 0.0958137854555044, 0.09575900889557387, 0.09575900889557387]
Timestep: 397, Trans probs: [0.20295611398266314, 0.09881802248025846, 0.20325298358964783, 0.09881802248025846, 0.09964980202829775, 0.09886901047835749, 0.09881802248025846, 0.09881802248025846]
Timestep: 398, Trans probs: [0.1535795154882127, 0.09534482461451131, 0.2724103858228656, 0.09534482461451131, 0.09725274911590773, 0.09537805111496879, 0.09534482461451131, 0.09534482461451131]
Timestep: 399, Trans probs: [0.2591423057826811, 0.09619183433785693, 0.1631407823106645, 0.09619183433785693, 0.09672505391389717, 0.09622452064132953, 0.09619183433785693, 0.09619183433785693]
Timestep: 400, Trans probs: [0.19688020418173077, 0.09844010209086539, 0.09844010209086539, 0.09844010209086539, 0.1079991632813671, 0.20292012208257512, 0.09844010209086539, 0.09844010209086539]
Timestep: 401, Trans probs: [0.12899449441605945, 0.09632160054198673, 0.2919868088771469, 0.09632160054198673, 0.09739205208587944, 0.09634024245296739, 0.09632160054198673, 0.09632160054198673]
Timestep: 402, Trans probs: [0.2591423057826811, 0.09619183433785693, 0.1631407823106645, 0.09619183433785693, 0.09672505391389717, 0.09622452064132953, 0.09619183433785693, 0.09619183433785693]
Timestep: 403, Trans probs: [0.11493137568373393, 0.09754948037798596, 0.2991923471381919, 0.09754948037798596, 0.0981189578395641, 0.09755939782656622, 0.09754948037798596, 0.09754948037798596]
Timestep: 404, Trans probs: [0.2871003748224722, 0.09624256123165355, 0.13511567127216462, 0.09624256123165355, 0.09655216883390573, 0.0962615401448431, 0.09624256123165355, 0.09624256123165355]
Timestep: 405, Trans probs: [0.19951630084763447, 0.09744045966885839, 0.2030372422626669, 0.09744045966878792, 0.1102120514221899, 0.09747256679228648, 0.09744045966878792, 0.09744045966878792]
Timestep: 406, Trans probs: [0.2003403699150882, 0.09731224015661531, 0.11829657268153654, 0.09731224015661531, 0.19479161149648647, 0.09732248528042754, 0.09731224015661531, 0.09731224015661531]
Timestep: 407, Trans probs: [0.1632029067955136, 0.09476194607501055, 0.2034636567701393, 0.09476194607501055, 0.1595169002857832, 0.09476875184852167, 0.09476194607501055, 0.09476194607501055]
Timestep: 408, Trans probs: [0.13928649385659805, 0.09289030926033713, 0.25946959924577523, 0.09289030926033713, 0.1367877469563775, 0.0928949228999006, 0.09289030926033713, 0.09289030926033713]
Timestep: 409, Trans probs: [0.12174966983911772, 0.09410421363396136, 0.28746573702415645, 0.09410421363396136, 0.12026077590098591, 0.09410696269989445, 0.09410421363396136, 0.09410421363396136]
Timestep: 410, Trans probs: [0.11121089186393705, 0.09609880612755935, 0.29789657044573115, 0.09609880612755935, 0.11039700430576306, 0.09610030887433145, 0.09609880612755935, 0.09609880612755935]
Timestep: 411, Trans probs: [0.10747154333851408, 0.09845793845837497, 0.30148037324494925, 0.09845793845837497, 0.0987532483044257, 0.09846308127861116, 0.09845793845837497, 0.09845793845837497]
Timestep: 412, Trans probs: [0.20319300081274058, 0.09763194906037012, 0.20351244922476325, 0.09763194906037012, 0.10513401619016684, 0.09763273753084892, 0.09763194906037012, 0.09763194906037012]
Timestep: 413, Trans probs: [0.16325845592528235, 0.09549451896061031, 0.25895804182769, 0.09549451896061031, 0.10031040129267381, 0.09549502511191267, 0.09549451896061031, 0.09549451896061031]
Timestep: 414, Trans probs: [0.10363378732312664, 0.0990109684480594, 0.3021463084515531, 0.0990109684480594, 0.09916242438033845, 0.0990136060527442, 0.0990109684480594, 0.0990109684480594]
Timestep: 415, Trans probs: [0.2311396310463387, 0.09583471891426042, 0.1910466726558571, 0.09583471891426042, 0.09863980691054845, 0.09583501373021411, 0.09583471891426042, 0.09583471891426042]
Timestep: 416, Trans probs: [0.17741591948729776, 0.09539591213168234, 0.2485080226125068, 0.09539591213168234, 0.09709631852834079, 0.09539609084512526, 0.09539591213168234, 0.09539591213168234]
Timestep: 417, Trans probs: [0.14388071404677627, 0.09563099850541944, 0.2813328957441928, 0.09563099850541944, 0.09663129255059984, 0.0956311036367534, 0.09563099850541944, 0.09563099850541944]
Timestep: 418, Trans probs: [0.10167848816201995, 0.09931870749208975, 0.30233060774699905, 0.09931870749208975, 0.09939602022940375, 0.0993200538932182, 0.09931870749208975, 0.09931870749208975]
Timestep: 419, Trans probs: [0.2001671360600003, 0.0994825269896693, 0.20289763270994873, 0.0994825269896693, 0.09952191041937375, 0.09948321285199987, 0.0994825269896693, 0.0994825269896693]
Timestep: 420, Trans probs: [0.22005052856493326, 0.09680116505610759, 0.19859410986647658, 0.09680116505610759, 0.09734947866005675, 0.09680122268410297, 0.09680116505610759, 0.09680116505610759]
Timestep: 421, Trans probs: [0.1615667647495808, 0.0964391910330747, 0.2597721703361427, 0.0964391910330747, 0.09646466610066416, 0.09643963468131354, 0.0964391910330747, 0.0964391910330747]
Timestep: 422, Trans probs: [0.267239516964433, 0.09567872323466801, 0.15835052286185888, 0.09567872323466801, 0.09601630852000956, 0.09567875871502657, 0.09567872323466801, 0.09567872323466801]
Timestep: 423, Trans probs: [0.10398297214364682, 0.09478197091083267, 0.09478197091083267, 0.09478197091083267, 0.23250592206101311, 0.1896012512411766, 0.09478197091083267, 0.09478197091083267]
Timestep: 424, Trans probs: [0.16157992738230187, 0.09517430296532953, 0.2590447851987703, 0.09517430296528367, 0.10348288524478638, 0.09519519031296098, 0.09517430296528367, 0.09517430296528367]
Timestep: 425, Trans probs: [0.13444215847788404, 0.0956063211042184, 0.19144229063597257, 0.09560632110419157, 0.19607172986918703, 0.09561853660016326, 0.09560632110419157, 0.09560632110419157]
Timestep: 426, Trans probs: [0.267239516964433, 0.09567872323466801, 0.15835052286185888, 0.09567872323466801, 0.09601630852000956, 0.09567875871502657, 0.09567872323466801, 0.09567872323466801]
Timestep: 427, Trans probs: [0.19369295224352573, 0.09631799813486308, 0.22820743121084483, 0.09631799813486308, 0.09650960573327318, 0.09631801827290401, 0.09631799813486308, 0.09631799813486308]
Timestep: 428, Trans probs: [0.15474968228190225, 0.09563291482766895, 0.2713364907015325, 0.09563291482766895, 0.09574924065232643, 0.09563292705356312, 0.09563291482766895, 0.09563291482766895]
Timestep: 429, Trans probs: [0.12965441105564804, 0.09644839565083348, 0.29158986770618067, 0.09644839565083348, 0.09651373611669276, 0.09644840251814452, 0.09644839565083348, 0.09644839565083348]
Timestep: 430, Trans probs: [0.11527666451278462, 0.09760389575653232, 0.29906518205950144, 0.09760389575653232, 0.0976386709901603, 0.09760389941142433, 0.09760389575653232, 0.09760389575653232]
Timestep: 431, Trans probs: [0.09895640554470292, 0.09714871078189341, 0.20075088664194443, 0.0971292580441712, 0.21461760646884948, 0.0971386164300961, 0.0971292580441712, 0.0971292580441712]
Timestep: 432, Trans probs: [0.10764717710568351, 0.09848198231364638, 0.20296091017648268, 0.09848198231364638, 0.09850001694050849, 0.19696396652273981, 0.09848198231364638, 0.09848198231364638]
Timestep: 433, Trans probs: [0.10167169243071672, 0.09566642726073042, 0.2597900647312557, 0.09566642726073042, 0.09567824399992757, 0.1601942897951784, 0.09566642726073042, 0.09566642726073042]
Timestep: 434, Trans probs: [0.13418134358239284, 0.09637306076462267, 0.2875652453283299, 0.09637306076462267, 0.09638784971660198, 0.09637331831418466, 0.09637306076462267, 0.09637306076462267]
Timestep: 435, Trans probs: [0.19528103241728842, 0.09588740190321351, 0.191712478253524, 0.09588740190321351, 0.09589430121371643, 0.13356258050261716, 0.09588740190321351, 0.09588740190321351]
Timestep: 436, Trans probs: [0.1606239489330028, 0.09368237970522385, 0.2519029088782161, 0.09368237970522385, 0.0936870263880069, 0.11905659697987885, 0.09368237970522385, 0.09368237970522385]
Timestep: 437, Trans probs: [0.13465546051727506, 0.0943499058108694, 0.2839644770280606, 0.0943499058108694, 0.09435270358106325, 0.10962773563012358, 0.0943499058108694, 0.0943499058108694]
Timestep: 438, Trans probs: [0.1183021692054083, 0.09611098962492534, 0.29661878092166183, 0.09611098962492534, 0.0961125300036957, 0.10452256136953267, 0.09611098962492534, 0.09611098962492534]
Timestep: 439, Trans probs: [0.11964867099705073, 0.09355801287816148, 0.2515004625456301, 0.09355801287814346, 0.16105259546282033, 0.09356621948190696, 0.09355801287814346, 0.09355801287814346]
Timestep: 440, Trans probs: [0.1099918405529862, 0.09427276402993574, 0.18942979078057717, 0.09427276402992489, 0.22920960420945716, 0.09427770833726912, 0.09427276402992489, 0.09427276402992489]
Timestep: 441, Trans probs: [0.10927493286397803, 0.0975926927944376, 0.20314725086767765, 0.0975926927944376, 0.19518619650000893, 0.10202084859058509, 0.0975926927944376, 0.0975926927944376]
Timestep: 442, Trans probs: [0.10274048990280016, 0.09502841847015024, 0.25973904575101575, 0.09502841847015024, 0.15945510953793268, 0.09795168092765046, 0.09502841847015024, 0.09502841847015024]
Timestep: 443, Trans probs: [0.10001232938354265, 0.0954905329052396, 0.28755537024761935, 0.0954905329052396, 0.13326564784331746, 0.09720452090456212, 0.0954905329052396, 0.0954905329052396]
Timestep: 444, Trans probs: [0.11777483655729226, 0.09739450323510959, 0.29785003330355664, 0.09739450323510959, 0.09740247513302087, 0.09739464206569194, 0.09739450323510959, 0.09739450323510959]
Timestep: 445, Trans probs: [0.20726975009605086, 0.0983251585902923, 0.20277507216354734, 0.0983251585902923, 0.0983293124494927, 0.09832523092973997, 0.0983251585902923, 0.0983251585902923]
Timestep: 446, Trans probs: [0.10397937354299279, 0.09431022443802972, 0.24715362534400212, 0.09431022443802303, 0.17731283757087618, 0.09431326579003006, 0.09431022443802303, 0.09431022443802303]
Timestep: 447, Trans probs: [0.19624729386918632, 0.09689863006356367, 0.20096464329742258, 0.09689863006356367, 0.11736622665985716, 0.09782731591927919, 0.09689863006356367, 0.09689863006356367]
Timestep: 448, Trans probs: [0.16508503760206877, 0.09609621277645973, 0.16223879673552122, 0.09609621277645973, 0.1921950559713805, 0.09609625858519072, 0.09609621277645973, 0.09609621277645973]
Timestep: 449, Trans probs: [0.25486182345373753, 0.09460385567382688, 0.16337540666978795, 0.09460385567382688, 0.108129773688228, 0.09521757349293894, 0.09460385567382688, 0.09460385567382688]
Timestep: 450, Trans probs: [0.19017020151563682, 0.0950791791512235, 0.2309647979721013, 0.0950791791512235, 0.10310494779302373, 0.09544333611434416, 0.0950791791512235, 0.0950791791512235]
Timestep: 451, Trans probs: [0.1528602273715409, 0.09490006411954444, 0.27262553546075025, 0.09490006411954444, 0.09979195453290884, 0.09512202615662232, 0.09490006411954444, 0.09490006411954444]
Timestep: 452, Trans probs: [0.141228422923186, 0.09323944892229032, 0.23248801236402689, 0.09323944892229032, 0.16008628823655155, 0.09323948078707431, 0.09323944892229032, 0.09323944892229032]
Timestep: 453, Trans probs: [0.22472386768902436, 0.09606721980381659, 0.19599743292836397, 0.09606721980381659, 0.09881779712906068, 0.09619202303828471, 0.09606721980381659, 0.09606721980381659]
Timestep: 454, Trans probs: [0.12367528758153831, 0.09315797454240901, 0.2748673734332781, 0.09315797454240901, 0.13566744600957584, 0.0931579948059718, 0.09315797454240901, 0.09315797454240901]
Timestep: 455, Trans probs: [0.20737819742035815, 0.09500785994999414, 0.19838935193906274, 0.09500785994999414, 0.11919313936188526, 0.09500787147871727, 0.09500785994999414, 0.09500785994999414]
Timestep: 456, Trans probs: [0.2602119664170978, 0.0939599229324075, 0.1604691766197489, 0.0939599229324075, 0.1095192348842488, 0.09395993034927447, 0.0939599229324075, 0.0939599229324075]
Timestep: 457, Trans probs: [0.2694417101889171, 0.09538483923402453, 0.15649099290765367, 0.09538483923402453, 0.09706678501871013, 0.09546115494862097, 0.09538483923402453, 0.09538483923402453]
Timestep: 458, Trans probs: [0.10398297214364682, 0.09478197091083267, 0.09478197091083267, 0.09478197091083267, 0.23250592206101311, 0.1896012512411766, 0.09478197091083267, 0.09478197091083267]
Timestep: 459, Trans probs: [0.2694417101889171, 0.09538483923402453, 0.15649099290765367, 0.09538483923402453, 0.09706678501871013, 0.09546115494862097, 0.09538483923402453, 0.09538483923402453]
Timestep: 460, Trans probs: [0.19458329786714476, 0.09623710512072783, 0.22700061264206126, 0.09623710512072783, 0.09718744372800166, 0.09628022527988102, 0.09623710512072783, 0.09623710512072783]
Timestep: 461, Trans probs: [0.1006576665956446, 0.09491819044476828, 0.2805621567355558, 0.09491819044476431, 0.14418741913955163, 0.09491999575018688, 0.09491819044476431, 0.09491819044476431]
Timestep: 462, Trans probs: [0.1553948703906443, 0.09555441299200175, 0.17511975134021676, 0.09555441299200175, 0.19168707609572352, 0.0955806502054085, 0.09555441299200175, 0.09555441299200175]
Timestep: 463, Trans probs: [0.1343299423889127, 0.09305979958232637, 0.2409933922275995, 0.09305979958232637, 0.15935957246404314, 0.09307789459013904, 0.09305979958232637, 0.09305979958232637]
Timestep: 464, Trans probs: [0.11912359229191549, 0.09344768555264725, 0.2789311352209145, 0.09344768555264725, 0.13469558705188686, 0.09345894322469414, 0.09344768555264725, 0.09344768555264725]
Timestep: 465, Trans probs: [0.1921699030970651, 0.09498177492564518, 0.2288437328341002, 0.09498177492564518, 0.1040774851048341, 0.09498177926141993, 0.09498177492564518, 0.09498177492564518]
Timestep: 466, Trans probs: [0.24899228839181675, 0.09481117787322534, 0.1765842871441875, 0.09481117787322534, 0.10036753244924668, 0.09481118052184775, 0.09481117787322534, 0.09481117787322534]
Timestep: 467, Trans probs: [0.10398297214364682, 0.09478197091083267, 0.09478197091083267, 0.09478197091083267, 0.23250592206101311, 0.1896012512411766, 0.09478197091083267, 0.09478197091083267]
Timestep: 468, Trans probs: [0.20514690855447965, 0.09536658365980794, 0.19949184295510958, 0.09536658365980794, 0.1185220104468167, 0.09537290340436219, 0.09536658365980794, 0.09536658365980794]
Timestep: 469, Trans probs: [0.24899228839181675, 0.09481117787322534, 0.1765842871441875, 0.09481117787322534, 0.10036753244924668, 0.09481118052184775, 0.09481117787322534, 0.09481117787322534]
Timestep: 470, Trans probs: [0.2814809770221492, 0.09529033264650441, 0.14350117442076452, 0.09529033264650441, 0.09856618376302022, 0.0952903342080485, 0.09529033264650441, 0.09529033264650441]
Timestep: 471, Trans probs: [0.1967952443948116, 0.0983976221974058, 0.0983976221974058, 0.0983976221974058, 0.1083371214946172, 0.20287952312354218, 0.0983976221974058, 0.0983976221974058]
Timestep: 472, Trans probs: [0.09953372352633635, 0.09636951284394928, 0.2950857566118207, 0.09636951284394708, 0.12353196036543664, 0.09637050812061569, 0.09636951284394708, 0.09636951284394708]
Timestep: 473, Trans probs: [0.2590979305114243, 0.0940995808453593, 0.1613461725662036, 0.0940995808453593, 0.10905391125285284, 0.09410366228808219, 0.0940995808453593, 0.0940995808453593]
Timestep: 474, Trans probs: [0.19171813140655705, 0.09501269553254768, 0.22943857899435185, 0.09501269553254768, 0.10377741980516896, 0.09501508766373147, 0.09501269553254768, 0.09501269553254768]
Timestep: 475, Trans probs: [0.09745215559390845, 0.09709633307898885, 0.29686101042310475, 0.09709250404645482, 0.1202186426348336, 0.09709434612979981, 0.09709250404645482, 0.09709250404645482]
Timestep: 476, Trans probs: [0.15386218541791472, 0.0948435118914866, 0.1768827194895999, 0.0948435118914866, 0.10019256384208144, 0.18968848368445745, 0.0948435118914866, 0.0948435118914866]
Timestep: 477, Trans probs: [0.13348647985596798, 0.09249158886679448, 0.24196833465713144, 0.09249158886679448, 0.09620708751336893, 0.15837174250635375, 0.09249158886679448, 0.09249158886679448]
Timestep: 478, Trans probs: [0.099355431789156, 0.0976862704509651, 0.30019788430087874, 0.09768627045096395, 0.11201480663405602, 0.09768679547205224, 0.09768627045096395, 0.09768627045096395]
Timestep: 479, Trans probs: [0.11865018276569962, 0.09310463841956255, 0.1862495339459769, 0.09310463841956255, 0.18852455157590015, 0.13415717803417307, 0.09310463841956255, 0.09310463841956255]
Timestep: 480, Trans probs: [0.10914854945377739, 0.0912808716222374, 0.24771138195906695, 0.0912808716222374, 0.15802175777793914, 0.11999482432026687, 0.0912808716222374, 0.0912808716222374]
Timestep: 481, Trans probs: [0.09832210558040144, 0.09813596356025737, 0.3007731497562132, 0.09813396047214128, 0.110231975562459, 0.09813492412424515, 0.09813396047214128, 0.09813396047214128]
Timestep: 482, Trans probs: [0.10361727424370608, 0.09255583003004275, 0.18939814942486194, 0.09255583003004275, 0.1338734873071732, 0.20288776890408775, 0.09255583003004275, 0.09255583003004275]
Timestep: 483, Trans probs: [0.0992746916067226, 0.09191001422218935, 0.2482973630253184, 0.09191001422218935, 0.1194191902622322, 0.16536869821696942, 0.09191001422218935, 0.09191001422218935]
Timestep: 484, Trans probs: [0.19881977535533743, 0.09661472420522195, 0.12307895158921033, 0.09661472420522195, 0.19502765117216903, 0.09661472506239549, 0.09661472420522195, 0.09661472420522195]
Timestep: 485, Trans probs: [0.19091919802155158, 0.09321972458229445, 0.18834623324858585, 0.09321972458229445, 0.10995286759547988, 0.13790280280520495, 0.09321972458229445, 0.09321972458229445]
Timestep: 486, Trans probs: [0.19945806618208212, 0.09972903309104106, 0.20216773527167145, 0.09972903309104106, 0.09972903309104106, 0.09972903309104106, 0.09972903309104106, 0.09972903309104106]
Timestep: 487, Trans probs: [0.15897090893337476, 0.1832879899946035, 0.15719782079142366, 0.09164399499730175, 0.10317518180793665, 0.12243611348075617, 0.09164399499730175, 0.09164399499730175]
Timestep: 488, Trans probs: [0.1967952443948116, 0.0983976221974058, 0.0983976221974058, 0.0983976221974058, 0.1083371214946172, 0.20287952312354218, 0.0983976221974058, 0.0983976221974058]
Timestep: 489, Trans probs: [0.2312855393268662, 0.09276829052261093, 0.1680531870237038, 0.09276829052261093, 0.13681982065268797, 0.09276829090629839, 0.09276829052261093, 0.09276829052261093]
Timestep: 490, Trans probs: [0.19688020418173077, 0.09844010209086539, 0.09844010209086539, 0.09844010209086539, 0.1079991632813671, 0.20292012208257512, 0.09844010209086539, 0.09844010209086539]
Timestep: 491, Trans probs: [0.15897090893337476, 0.1832879899946035, 0.15719782079142366, 0.09164399499730175, 0.10317518180793665, 0.12243611348075617, 0.09164399499730175, 0.09164399499730175]
Timestep: 492, Trans probs: [0.09951843184552722, 0.09907668265403494, 0.3022292377368329, 0.09907668265403463, 0.10286877819886027, 0.09907682160264071, 0.09907668265403463, 0.09907668265403463]
Timestep: 493, Trans probs: [0.1388132506690688, 0.15669240289220818, 0.1375095862730352, 0.08931108632844345, 0.187100486471842, 0.1119510147085155, 0.08931108632844345, 0.08931108632844345]
Timestep: 494, Trans probs: [0.1243137719554015, 0.13759104055327206, 0.21089853830387012, 0.08755288285262912, 0.16017244084532709, 0.10436555978424192, 0.08755288285262912, 0.08755288285262912]
Timestep: 495, Trans probs: [0.09891518224851985, 0.09881936508650536, 0.30194579718911213, 0.09881833399090212, 0.10504582346944942, 0.09881883003370691, 0.09881833399090212, 0.09881833399090212]
Timestep: 496, Trans probs: [0.11352725699488248, 0.12276002099506961, 0.17373668243611867, 0.08796442296609872, 0.1384627039794101, 0.18762006669622314, 0.08796442296609872, 0.08796442296609872]
Timestep: 497, Trans probs: [0.1057809565565501, 0.11246948697774953, 0.23666109041779007, 0.08726236417726621, 0.12384504827587035, 0.1594563252402414, 0.08726236417726621, 0.08726236417726621]
Timestep: 498, Trans probs: [0.2312855393268662, 0.09276829052261093, 0.1680531870237038, 0.09276829052261093, 0.13681982065268797, 0.09276829090629839, 0.09276829052261093, 0.09276829052261093]
Timestep: 499, Trans probs: [0.1906919083089982, 0.10569873179021026, 0.18631962678809794, 0.08933513921063803, 0.11308335287210661, 0.13620096260867284, 0.08933513921063803, 0.08933513921063803]
