0.0,0.5,1
2160.0,0.5594405594405594,1
3492.0,0.42261135147540363,0
815.6105836825251,0.3611111111111111,1
2120.0,0.5595655606995148,1
2180.0,0.4213213482767743,1
1706.2271831297107,0.37017406694160454,1
2490.0,0.5654492507744963,1
3262.0,0.39925375116540107,0
1615.7317309281864,0.37818855967621223,1
2850.0,0.5638123111444839,0
1432.2983848939643,0.37749655836637375,1
2712.0,0.5601854919936172,0
2660.0,0.35788006901362246,1
719.3004897343571,0.39111098530322896,1
2120.0,0.558134523315438,1
3195.0,0.4103139574812232,0
2818.3282105634535,0.38892740972819084,0
2254.0,0.3770184282257482,1
3240.0,0.38185111878191114,0
2416.0,0.3794783962758085,1
4484.0,0.38443258022518256,0
2712.0,0.3829303093522513,0
637.4722616130664,0.3683393903666091,1
2873.0,0.5573673939218695,0
4427.0,0.3806953547683071,0
1713.7011854029793,0.3738770798517026,1
556.7091444413138,0.5769931791607267,1
2056.385705137844,0.5837427772229011,1
2992.0,0.35334839375910165,0
1992.6238191629525,0.3903674442530889,1
2232.0,0.5381944268051342,1
315.90300272736494,0.39700918799088447,1
1970.0,0.5539004320206061,1
3618.0,0.5570961502386698,0
1707.8805612823153,0.39740094653537045,1
1144.9135419138356,0.5954723538112273,1
2632.405335640635,0.5995256010235355,1
3090.039103193335,0.399474700479977,0
3618.0,0.36569685395623214,0
1506.4919280963522,0.3909967292958277,1
1257.274467509293,0.5864729754544167,1
1627.3071799081895,0.5940415935727362,1
2557.3201726964817,0.5860412564897705,1
2635.3949059772694,0.39980287150419536,1
3249.0,0.3626022279355053,0
1854.163185202897,0.3973784964330252,1
3135.0,0.545809674469206,0
1752.4637076573665,0.40351155966410424,1
2534.696895448832,0.5891688155192372,1
847.6683008880674,0.3984586512029573,1
3706.0,0.5494157475552248,0
735.8329297093287,0.397542630581882,1
1740.2673542333184,0.5970460310299175,1
1129.9687078834265,0.5933967519759772,1
1688.0893561241592,0.5998317679391041,1
1425.0733587238815,0.5959258059480879,1
1565.81314254103,0.6028641139612111,1
1188.9954659679493,0.5958914895048738,1
3054.8657448484173,0.5986088006123093,0
1090.2291417101492,0.37862194566132756,1
3318.0,0.545485586701152,0
3211.0,0.33362338201500125,0
951.0727349404779,0.39102104527289033,1
1578.7028647385475,0.5995418111831688,1
2687.299166853867,0.5815367060871639,1
954.8618175672548,0.40169018013841135,1
4220.0,0.5436174552210272,0
503.5846657616449,0.39046666842278993,1
856.5571336361916,0.6009273234898843,1
684.9917886558895,0.6031880873359643,1
1333.8555633273445,0.6110466150478563,1
1595.7973664792846,0.6123569539850768,1
439.01891716172736,0.6117259496460062,1
1397.1168328061156,0.6111925934061946,1
1214.8826401540055,0.6109371486197103,1
2448.6309566178907,0.610832881898468,1
2385.993591182171,0.4029749017582999,1
1459.8468821521321,0.3969906374757536,1
2652.0,0.5370750089605454,1
1025.3338350265255,0.4053250269046007,1
1739.4123121939365,0.6040582127396263,1
995.875828092848,0.608363283753957,1
2154.9563987148476,0.6112277511816049,1
1900.4377433892175,0.4049603647914919,1
3444.0,0.5377863757391605,0
2672.2068159078563,0.39900532660664223,1
924.9486040745758,0.4026951091755987,1
2394.0,0.5446145729550047,1
1626.4597339731697,0.4014363359024963,1
2739.0,0.5526122116568717,0
3424.0,0.3784327018831973,0
2713.971001134168,0.4081488976602129,0
1484.2341856486162,0.38879682128200516,1
2960.0,0.5453110814062936,0
1837.2251743567444,0.40202652992324267,1
914.3474753445108,0.5930835317683025,1
1572.3602763126526,0.6067576190693484,1
1828.1412826101373,0.6100579611792478,1
388.2976025706155,0.5984433230021367,1
1129.2789260288498,0.6077643921868517,1
2108.4866938686605,0.6113756764188588,1
1381.4832100264734,0.4069864998926215,1
1042.2303358899508,0.5923133913587093,1
989.6589679509997,0.604317601002824,1
844.6971534611334,0.6084927702310641,1
531.416857434753,0.6108961819522785,1
775.0032659780092,0.6105542411869258,1
1166.5624112467735,0.6098998011603779,1
2908.6383937606483,0.6095304500811377,0
1892.8084876961552,0.37567337735785333,1
1760.0,0.5331299526886454,1
1300.8066058154518,0.5868850742977559,1
2801.702863121223,0.5935913221957172,0
2491.763893697906,0.3700185142724016,1
3325.0,0.3545294560074057,0
2121.079539063993,0.39212333309046027,1
3360.0,0.3551021833215996,0
2382.197936479626,0.39503469087731885,1
1067.081948535543,0.40015547356168685,1
2314.0,0.5508906973945878,1
2652.0,0.3707315556243227,1
593.3419157234877,0.392092723087604,1
2520.0,0.5618114625240509,1
3728.0,0.38403501834910214,0
1268.9971898482784,0.40144282622892213,1
2083.544084813078,0.60180533416724,1
439.57043676858143,0.3895030044405822,1
2170.0,0.5608707826231525,1
2405.0,0.3813282412533009,1
2944.0,0.37175461358110484,0
2822.119319415816,0.40053686301826247,0
3258.0,0.3757118411874413,0
2340.0,0.36810654251868064,1
2415.0,0.38707971389390317,1
3008.641991792671,0.384946216833789,0
4446.0,0.3982968907038866,0
4100.0,0.3893636459796862,0
2656.0495897744986,0.36686442870958397,1
2411.294240972308,0.3860435584350098,1
2826.0,0.3797667026032303,0
906.3321780578908,0.38135652430273104,1
3276.0,0.5594373376373755,0
2236.0,0.36817345158329184,1
3621.0,0.3785223868573162,0
542.3945917396777,0.3825402307770195,1
2873.0299717166617,0.5994767395533283,0
2295.0,0.36758403187145394,1
3468.0,0.3768571237770399,0
2035.0,0.4023671466231188,1
542.6984050210355,0.3935446769297092,1
2119.0,0.5612113921224744,1
2288.0,0.37763533901505575,1
2976.0,0.38991955043341076,0
2623.1849492779925,0.37575999090879897,1
396.75516171803855,0.3946871512059462,1
2280.0,0.5651024366000015,1
2567.0,0.3826233302092835,1
1520.0236686617343,0.3932717689220723,1
2460.0,0.5707721197923251,1
3248.0,0.3923308619525084,0
882.2021803368145,0.39507883424111523,1
4410.0,0.5677564227264783,0
2016.0,0.3944337278934114,1
1576.3599824814203,0.40533778502968193,1
2184.0,0.5572261944555612,1
1561.5430428764191,0.3922372795144149,1
3094.0,0.564279714192251,0
2882.44983376298,0.38342027808382584,0
386.189036646004,0.3786491410200593,1
2828.0,0.565723587170923,0
3680.0,0.390551208896852,0
1679.8613649504807,0.39650429562160255,1
2595.0,0.5417332462232178,1
1159.8708962525488,0.392604494146352,1
3145.0,0.5574267302389517,0
3030.0,0.360208635411291,0
714.6770428921003,0.39072658842713437,1
945.1405373428807,0.60563579511227,1
1354.6178120461327,0.6011031953348371,1
784.3316036231793,0.6034649981816113,1
2662.829679286122,0.6195335789751698,1
2125.951630364222,0.41103928426124403,1
3960.0,0.35398660471144405,0
1637.1489210131933,0.4070356418545442,1
3825.0,0.5472665689782802,0
476.9126935474541,0.4026090303341421,1
1782.5105891663611,0.6151186037606742,1
1104.7160985929847,0.6008298492269843,1
1227.5019699656748,0.6148959815130166,1
497.01649245026874,0.6142864015296954,1
879.8402409137271,0.6183721414143948,1
2875.4624503838754,0.6185867177258273,0
1234.7664239444923,0.38037063781483893,1
2090.0,0.5444526466626993,1
3066.0,0.3614413522212032,0
935.1860242916573,0.40134597097929103,1
2655.8918068243743,0.6099071032306564,1
1618.0237354902786,0.39712588672406124,1
916.5728364926279,0.5957513620912569,1
2807.0002453114275,0.606145568793391,0
1046.7291937007947,0.3810338993275203,1
1326.0736154027588,0.601701458852695,1
656.5190426722755,0.6039883553361604,1
3432.5318190311627,0.6136384465632627,0
1656.1181398671001,0.3798941731893325,1
2955.0,0.5483656441300985,0
1883.2029344425996,0.3881764759485035,1
3328.0,0.5433918321986189,0
792.0940014332994,0.382589961090802,1
2529.2966280824317,0.6110574335896977,1
1853.3136278523875,0.3967945570590944,1
1593.2030902516922,0.5963946657912185,1
1133.0221248530986,0.6039465453874346,1
768.0065097404107,0.6202128492725018,1
860.7726015041229,0.6192302732282844,1
959.1596644742748,0.6195944752602464,1
1816.8096452940654,0.6191845788784404,1
1646.834569827337,0.6044456694843989,1
679.2554492885516,0.62228760407378,1
1440.1093031961736,0.6190723221725702,1
1922.0211581643039,0.6186974133354189,1
2991.033217453589,0.6036594749662991,0
1764.848274263658,0.3994597732796187,1
1568.2902502401257,0.5917567383164141,1
1494.844074135782,0.6012852994483195,1
305.4856921360739,0.5937863480211283,1
2644.533959646845,0.6015115131527387,1
1076.1272363375408,0.40285528627722555,1
2512.7896304920278,0.604063045739482,1
1195.0691304065417,0.4064810857244262,1
1613.4408040424055,0.6057939872186764,1
2135.611413886489,0.6059468135251538,1
902.3419958064609,0.4189921374709328,1
1992.0,0.5397442412706009,1
869.6023993147085,0.5982393693928657,1
2228.852888220583,0.6139713229975431,1
1631.3773546677385,0.41463814086584827,1
3553.0,0.5484283519368593,0
2927.5567363728173,0.4051764892775394,0
3330.0,0.3495326993357732,0
1897.8325448131602,0.38672121747971194,1
1905.2764252533502,0.5924378365166989,1
1723.012905562631,0.5997291076868289,1
1689.2450117650853,0.6057014238931238,1
527.0043098396138,0.6119227545734642,1
2471.248241014913,0.6119792675040654,1
1061.179943030075,0.4057414784110941,1
1352.2153318356256,0.5948865819014486,1
527.5992972378233,0.6053663699899329,1
1516.6897140878975,0.6113275708110177,1
2184.309725672921,0.5992757318804229,1
1124.106951174212,0.406355828486116,1
615.7427557864577,0.5993590969923112,1
2043.7428812936582,0.607578080186497,1
2416.6458122347976,0.412397208695338,1
3914.0,0.3476888413889417,0
1014.8475250158222,0.39768781240621676,1
1736.404653610424,0.6122339714944331,1
1787.3840535239965,0.6048233010987814,1
1603.1009841505443,0.6145764987076826,1
1191.7775720138202,0.6053109525773483,1
3383.1092790042103,0.6142402878726894,0
2712.957203168256,0.3856195073534205,0
1240.965335283898,0.38319492823657975,1
3456.0,0.5398234740006681,0
502.87878691143555,0.37784407809599535,1
2319.7759512495536,0.6068637547024398,1
435.3652455643861,0.3970839672673172,1
530.1219151363932,0.6023569041798658,1
1438.4019593453831,0.6082066359198499,1
963.1445621601742,0.604788647764928,1
1983.0678669361498,0.6165849322143153,1
501.0205442190007,0.61719335028017,1
1023.4723920968105,0.6193713620793264,1
985.5085660121804,0.6186141320702465,1
1638.4623727764047,0.6176574586354667,1
2527.709401435606,0.6008410835696143,1
1748.5794038426682,0.40848157932852924,1
1145.0245740336165,0.5965743050581248,1
1218.9772978684182,0.6108050205217394,1
856.4763996688891,0.613990984500161,1
2003.0907381509442,0.6165947712660381,1
1451.3530254412535,0.4082249945031257,1
998.4684753226215,0.5969450773653804,1
3429.626008241816,0.6122224078138749,0
1019.2919508301434,0.3855393642109686,1
3540.0,0.5380683374224315,0
1623.41507990038,0.3885727930689442,1
3020.0,0.5371569076458768,0
1555.4897211298,0.39126706064050165,1
1366.6263845391964,0.6023280575092715,1
579.8941439399109,0.6063661817024772,1
514.4887229196797,0.6153658627537164,1
832.539239333451,0.6178909318650245,1
1107.325456473906,0.6182090603202222,1
2587.4230755337694,0.6181588354941139,1
789.9414693392264,0.4090965382429509,1
803.6634006971553,0.6118393395535215,1
1774.0108634229907,0.6173099404581097,1
2656.913068724064,0.6202595869172396,1
574.776970342816,0.41072910795489165,1
1227.7563711984928,0.612174679097301,1
418.8359578345515,0.6171982383408423,1
1820.3059277984637,0.6201325644855127,1
2224.960263463023,0.6199546706864466,1
1699.1745888043874,0.409493509078375,1
1735.326058964435,0.6116229386977527,1
1101.3591952157483,0.6170112902232361,1
1777.4628704192348,0.619948156308335,1
1072.776883243071,0.607556987266096,1
586.8407135490609,0.6187860050431361,1
807.54529401774,0.6186519564815625,1
1407.6841665667134,0.6204822656675995,1
2696.9364078778212,0.6198882237341763,1
2091.105633410205,0.40884444749444127,1
2090.263395892274,0.4052550885708242,1
611.9794765765092,0.41460079726375776,1
4360.0,0.5383676509362811,0
1149.4704622877678,0.4021535939124605,1
1556.3260736688007,0.6190507464680766,1
2702.855088858377,0.6075068516108623,0
1830.6762957690214,0.3968830682632433,1
1296.9563781356278,0.5957742205383836,1
912.6406188864564,0.6030628917269246,1
666.9218562755274,0.6072610924190766,1
1296.8965874416867,0.6076837621872554,1
1191.577844010224,0.6072978835150891,1
1570.6879739152314,0.6070324441444005,1
1354.3012454285317,0.6069101798172222,1
1865.7848153060106,0.6068607028193848,1
2374.6998493921105,0.589133424421848,1
928.7848557682685,0.40221289440453456,1
2157.093356492154,0.605977810147053,1
2112.2998946687594,0.40480738375748493,1
1781.4801190328933,0.41334900717633005,1
2528.0,0.5246881584929011,1
768.0490390458812,0.40829116693018785,1
1801.7279437242114,0.6068565297841253,1
744.0194154138736,0.5973033239247109,1
1124.7503724541225,0.6124442847803773,1
439.3396742841633,0.613437775480512,1
1250.3381557985817,0.6187368970444629,1
2149.9858336612183,0.6187852150353508,1
1322.7634445087642,0.4088784482655467,1
815.056892037477,0.6148002557448878,1
2236.3004379191734,0.6166055358027147,1
977.4567349583517,0.40715028559603844,1
856.6688201750676,0.610049860418121,1
714.0235192685959,0.6148044572710867,1
1112.4301979016284,0.617770774742019,1
1554.9493968355512,0.6176167740813652,1
2129.5132089770573,0.6170820527739016,1
1701.1908591244255,0.4048953396014954,1
1914.0,0.5409726617630242,1
1133.0215896605905,0.5979754171033282,1
2641.9720027906533,0.6098082972063291,1
1473.0936356520494,0.4147857621703091,1
1892.6344688873821,0.6010060036996682,1
926.8234062722099,0.6069278052506246,1
421.42545327106296,0.6141013833349381,1
1227.0510347248173,0.6158980237405082,1
1319.2712808092977,0.6196320302489426,1
937.2754584322666,0.6192152727426,1
3220.7136281244325,0.6182299174959007,0
929.5519643103767,0.38177088929047803,1
2520.0,0.5505912259043284,1
2150.0,0.40084282470553767,1
413.43915681842566,0.3960499586155191,1
1967.985619823256,0.6115170920511432,1
2334.6571711926563,0.6076134420378969,1
722.8336342068318,0.4055022877042099,1
2685.0,0.5571649095646343,1
855.9367278076062,0.40420869616126964,1
4400.0,0.5582741575277212,0
455.13508720114925,0.3999364698194811,1
1228.7644334584948,0.6180611372930771,1
2262.663864441557,0.6162721564057723,1
978.357063578452,0.4105527665761897,1
2006.3164872347984,0.6122022612010876,1
1346.0812744163857,0.4127172485676135,1
1908.0,0.543996635790912,1
404.98085915222356,0.6056660138160044,1
514.4048007471379,0.6117508173233656,1
563.6488647151076,0.6137088202150948,1
1021.0322636920669,0.6177172080499806,1
1492.580828014009,0.6174425515864689,1
642.1064248115232,0.6089868666850982,1
1399.3424151447218,0.621377556849936,1
1936.3568998214787,0.6162969129469501,1
2471.6901909684107,0.6156890526779876,1
339.33774685586957,0.4111315683736649,1
2184.0,0.5539867366272908,1
2250.0,0.3793491292527331,1
887.1610026908861,0.40769118382964586,1
1650.0,0.561966582516796,1
2436.0,0.5758517460493278,1
760.0539668703325,0.411278873279168,1
2296.0,0.5655764820338713,1
1782.0,0.3957636705623957,1
307.1577742760535,0.6012106839821942,1
735.2805949895145,0.6151077054200067,1
2034.8537890949247,0.6173419970255756,1
684.3081764366079,0.4106998456564158,1
3401.0,0.5668878493635165,0
1362.8678010628832,0.4076577704859697,1
2898.0,0.5576619853764821,0
3325.0,0.37164292267301213,0
757.5635466780213,0.4089668464128663,1
2280.0,0.5491102999653247,1
3933.0,0.38068409745207643,0
583.1163757612073,0.40387617010691085,1
1465.119928092962,0.6191432949277936,1
1396.4031608459325,0.618492728348187,1
1179.5396915638194,0.6203791506621835,1
1029.7916467149832,0.6197288640204118,1
431.6584385918505,0.6189402481851994,1
1540.915732358412,0.6185273576208467,1
1110.972514395421,0.6183532968291279,1
2467.2157646269097,0.6182855452544557,1
778.5275598102729,0.41270049557366795,1
4158.0,0.5526531504712415,0
2017.0533090949775,0.3910612199470581,1
334.9602642890229,0.4088548341766809,1
2756.0,0.5458833805206791,0
1516.868969582927,0.40261739200513974,1
1509.3690344732677,0.6111163950939749,1
2907.8784071799755,0.6121359097203066,0
3182.3457283946173,0.392480385517582,0
4484.0,0.3501576617430622,0
2813.741066514901,0.3660349772023639,0
959.7260915174373,0.3731470274020686,1
3572.0,0.541545861923659,0
2594.464563236481,0.3760736056001877,1
2197.0,0.347851929404849,1
2379.6693695603153,0.386020309746832,1
3723.0,0.3503902506725109,0
278.8902557077869,0.3838429251910543,1
421.52031021218846,0.6055948517816019,1
1517.991249352837,0.6034186046686237,1
875.2431763139762,0.5972287499796487,1
1981.3747835221336,0.6148890518999534,1
2038.9714279159928,0.6000313218903931,1
1743.4197990433631,0.41249633660598034,1
3094.0,0.5352124432982543,0
429.3196933951918,0.407262513848176,1
2041.5308775365947,0.6157406140576769,1
860.4667559900312,0.40856531330913026,1
3420.0,0.5417794860825917,0
2601.8622785709617,0.40552985624817434,1
3458.0,0.3479093247396697,0
1595.7335601036057,0.39774850869588324,1
2283.8268286717293,0.6028308229546268,1
2823.9169475536146,0.40954682708358014,0
3237.0,0.3408861143181605,0
1670.2625464431571,0.4028937580696097,1
2187.8512367619464,0.5988895424501819,1
1164.952869623218,0.40548931436326563,1
2001.6206763193156,0.5993670916442312,1
2470.267114417403,0.4050010149957206,1
2975.9324204649056,0.40418109734382407,0
745.8675178551551,0.39388173913821883,1
1456.9649168359988,0.5942247370832079,1
1975.4407255856831,0.5888893008143187,1
2174.9830798856015,0.5898263641410983,1
1487.8741216821318,0.3982239956637197,1
1183.144012210899,0.5995741360771013,1
1400.3821484609382,0.5981577812005181,1
1833.203084689807,0.5978369990766769,1
1522.4734599044996,0.6004410130556462,1
781.3457248380994,0.6026092923270446,1
1857.5793480144955,0.6050927054112789,1
1002.0415612506379,0.6086225021836615,1
1458.246199809551,0.6185782648465894,1
1859.5534970284496,0.6138582088888479,1
1138.9451436028332,0.6011768474898442,1
825.8175082947284,0.6120895710712078,1
521.0291753319166,0.6137023410492768,1
1161.4921451669077,0.6161314627813375,1
2980.9814941828295,0.6159233606783405,0
1689.4742611564157,0.383202969211003,1
2400.0,0.5350265320564696,1
1880.0222847815794,0.3828540365847063,1
519.1219000409333,0.6009205897719578,1
1892.224263841219,0.5987535978636404,1
1755.2428069737625,0.5949056941853959,1
2027.1968812662294,0.5986475115746018,1
1218.460669464893,0.40461375870650307,1
3088.0,0.5435338404673871,0
2191.3702996019583,0.3978341694849026,1
2148.0,0.3447013400506633,1
2903.544756822261,0.4053277435621851,0
3388.0,0.35078003314364914,0
550.7674996658776,0.38825281258444316,1
977.6155696308645,0.6009015583295391,1
2001.0946905267065,0.6029138099400789,1
576.9315138588378,0.4023414681969606,1
1998.5039509383444,0.6069572793650215,1
765.8989963550819,0.6026337163593664,1
358.63535988328175,0.6142887884192143,1
