0,0.5,0
178,0.3333333333333333,1
189,0.4697046966995677,1
243,0.47501620358819086,1
219,0.5594675341112902,1
121,0.5342465753424658,1
195,0.474198897721675,1
157,0.44964045222965,1
157,0.4766579230474367,1
36,0.4581002841450082,0
92,0.33335477164350247,0
204,0.35539657181859396,1
242,0.6130048957599052,1
92,0.5443509596880584,0
57,0.3342745413171989,0
212,0.3659838182294568,1
237,0.6205143965676474,1
35,0.5427165360025952,0
22,0.31325398856126174,0
113,0.3031943137575394,1
54,0.4418611645312632,0
42,0.3186122666415463,0
72,0.30966789329013555,0
25,0.3018904020983935,0
128,0.2986714587397964,1
55,0.4395456272760757,0
163,0.36237920815333247,1
182,0.4981244019024697,1
129,0.43526212342556014,1
169,0.4933183263979063,1
23,0.4375320808012254,0
206,0.36590166296281434,1
168,0.6179526493456957,1
72,0.4419033099894465,0
236,0.3666718280995896,1
35,0.524188425724322,0
52,0.3070245603994189,0
96,0.30351455443741565,0
43,0.295301157964368,0
74,0.29215140218133195,0
132,0.29114540287315704,1
129,0.43521971186729663,1
227,0.4874625022632888,1
32,0.5255643780571556,0
125,0.31503257124409323,1
62,0.45092900773893013,0
103,0.31972587611988,0
112,0.4192112767721343,1
141,0.4308852781579756,1
101,0.44442712849949095,0
59,0.4344400589243089,0
89,0.31350554479802895,0
98,0.3055033302643385,0
22,0.3016331719667008,0
34,0.3000836941460327,0
59,0.2995448354692941,0
101,0.29935618329431324,0
92,0.405960524613614,0
102,0.29960635159266935,0
148,0.4223523692222536,1
179,0.49588797218018954,1
97,0.43347722651710496,0
213,0.36660469319595873,1
129,0.5299801787700469,1
134,0.445220698500048,1
47,0.4502093139706251,0
243,0.3654341392469448,1
37,0.5451182210622588,0
89,0.32561352052523135,0
72,0.3177073407254273,0
25,0.3101408827164758,0
107,0.3067191255478861,1
64,0.44530623639566214,0
219,0.36495113504264554,1
118,0.531456881756131,1
48,0.44680185224302515,0
228,0.36463751621112367,1
112,0.5352371240321001,1
125,0.4493661213661682,1
200,0.49413850984313035,1
107,0.4568816420795112,1
249,0.49451258564673595,1
123,0.5480733717888666,1
99,0.46524607310347255,0
101,0.34076899520428133,0
22,0.43686886281526055,0
98,0.3252132384860525,0
104,0.31445572077108813,0
52,0.4216933468697468,0
147,0.3171888347307306,1
47,0.4511234435990614,0
231,0.365125409372203,1
41,0.5386314172998378,0
115,0.3371822070694883,1
106,0.4508897101050724,1
211,0.4958724553903107,1
66,0.543384521483123,0
121,0.34934560059043884,1
181,0.49666687830517475,1
86,0.4543814253274431,0
158,0.36740766431369676,1
189,0.504262777734548,1
47,0.4419113601979969,0
155,0.36889376648895045,1
96,0.45031691157550413,0
204,0.3676498118857313,1
39,0.5378174186929848,0
61,0.32293115455347277,0
138,0.32175605508087607,1
33,0.4485808045809592,0
241,0.3683631534080364,1
123,0.5368904550845863,1
120,0.4430998218137556,1
130,0.449439534618898,1
233,0.5055087565203331,1
38,0.5385899638061588,0
73,0.32811357381970013,0
149,0.3233098518775127,1
51,0.4530328242770005,0
77,0.3224767229353333,0
147,0.3146513794574978,1
59,0.44760875341089934,0
150,0.32042800591350673,1
92,0.4538078614359749,0
42,0.3214559440042826,0
115,0.3140046925601607,1
57,0.44053062419761135,0
91,0.31795015672153887,0
106,0.3080020297545234,1
131,0.43715243705369655,1
67,0.44376575542127605,0
162,0.36598547951210647,1
26,0.4386071932616048,0
203,0.3650863570636074,1
76,0.5263460195656394,0
140,0.3105683546779197,1
156,0.4501996721363781,1
73,0.44820752851864465,0
96,0.3216095682118595,0
50,0.3167927776775707,0
96,0.3054187858263074,0
109,0.29982557726926695,1
91,0.4396003538141985,0
110,0.31460305991811766,1
146,0.44582439621509656,1
149,0.4519353086846568,1
59,0.4565191105073359,0
234,0.3644640521732785,1
105,0.5403673858319435,1
59,0.44995370780252913,0
21,0.3381425267448487,0
109,0.32117528468822887,1
73,0.45039077626390217,0
76,0.3301553368970327,0
144,0.3157468451644018,1
118,0.4501459858446968,1
89,0.44694683714314276,0
214,0.36458211529972995,1
67,0.5390615071553609,0
77,0.32002028329239635,0
49,0.3149286097920755,0
114,0.3063949496757279,1
90,0.4431315493919853,0
66,0.3252391275908863,0
140,0.3123179918714252,1
114,0.44537331122376667,1
171,0.49533587308817995,1
129,0.449812576278242,1
162,0.49481336993781067,1
40,0.45763368615097155,0
233,0.3640110743055012,1
80,0.5397712076043741,0
73,0.3247508755677281,0
87,0.3228845614221132,0
72,0.3142803072755619,0
138,0.3100847839629005,1
112,0.44910087813727606,1
149,0.454134859029073,1
34,0.456271618584949,0
76,0.32982336316541394,0
87,0.3171011884382295,0
21,0.30888204014498855,0
143,0.3053353458300879,1
38,0.4481352764998506,0
91,0.3156091522085881,0
51,0.31070110167511616,0
53,0.3027287370404501,0
58,0.2992952779701252,0
73,0.2981342509034797,0
100,0.29775995543322414,0
140,0.4040576668736482,1
31,0.43322274255598336,0
27,0.31590073322536155,0
110,0.30644813039194907,1
153,0.4377436942052756,1
130,0.4449054722743298,1
178,0.506904763620176,1
71,0.4292054667685773,0
23,0.3285779748016473,0
144,0.3179528181699761,1
42,0.45486110338803465,0
225,0.36356538239404396,1
123,0.5379938903727712,1
81,0.4302970118857732,0
151,0.3258275109575651,1
130,0.45444399565628507,1
81,0.4543897366697298,0
37,0.3174636329301035,0
97,0.31634948398950186,0
117,0.30459208074820154,1
45,0.4388480807666117,0
119,0.31526119745730385,1
65,0.44728384471315796,0
70,0.3193825652562937,0
76,0.3079466131055947,0
89,0.2974590177006831,0
40,0.29270209372819866,0
154,0.29107043750314254,1
122,0.4371340018728472,1
118,0.44039484081052693,1
61,0.4326420572793312,0
52,0.3231439745106161,0
124,0.3105179081987649,1
84,0.44152183979597887,0
129,0.32145145963699917,1
28,0.4535998031734581,0
98,0.31925675636647727,0
63,0.3097610492029862,0
43,0.29840905362678083,0
142,0.29286918163613695,1
148,0.4368765026105501,1
22,0.43766753558166294,0
130,0.3099880399807413,1
137,0.4477315272649767,1
57,0.44554725371976794,0
94,0.31107884773971284,0
133,0.30517066806933646,1
151,0.43363925652889096,1
100,0.44733238850068013,0
73,0.42153279791250226,0
119,0.30862764466530435,1
98,0.4411922532013308,0
130,0.3152086285552949,1
151,0.4496794094060209,1
150,0.44707127085612475,1
115,0.45356864566236094,1
29,0.4541094470969945,0
116,0.33248198151631225,1
104,0.4565566254882565,0
87,0.44309617229451737,0
58,0.3139967932198545,0
111,0.3056232549465806,1
72,0.43956152092744305,0
94,0.31992021363032574,0
24,0.30967817930752695,0
66,0.30129904141243197,0
126,0.2978261919564506,1
36,0.4409814876691801,0
173,0.36632861852317855,1
215,0.5043409896090745,1
64,0.5262264565614855,0
27,0.3118331979562806,0
57,0.3090027606671694,0
23,0.3005275553466945,0
107,0.29733669438562266,1
37,0.4369848490421844,0
44,0.31789029148314635,0
52,0.30839594993494446,0
43,0.3004583299482796,0
29,0.2973004974892415,0
54,0.29630052104896704,0
74,0.29600305129034504,0
142,0.2959094742459315,1
82,0.4384405387442711,0
64,0.3199004438319762,0
98,0.30850717743406764,0
28,0.3004243312551111,0
59,0.29727151139203806,0
76,0.2962839913349241,0
73,0.29599152062780065,0
138,0.2958996137020265,1
56,0.4424607329122874,0
71,0.30611131345193043,0
76,0.3020867652394103,0
49,0.29425188267437336,0
155,0.29087603386142996,1
153,0.436468541450474,1
207,0.503770901891589,1
32,0.5203391356204785,0
58,0.30776019628316764,0
103,0.3104785798249811,0
72,0.4095844122355645,0
29,0.298331280565982,0
48,0.29698494679458187,0
123,0.29694193531744884,1
64,0.44286644091400984,0
216,0.367683870611229,1
69,0.5261945637190858,0
105,0.30252858497460955,1
93,0.447493588242426,0
213,0.3662013002051643,1
101,0.5281768058926011,0
154,0.4119150218173111,1
102,0.44190858144843376,0
116,0.43208896651161754,1
64,0.42373337364717834,0
147,0.32230201811652154,1
73,0.4468338985596065,0
226,0.36613097060899613,1
147,0.528045929506802,1
82,0.43636421969521033,0
74,0.326509198086935,0
34,0.31141213088797265,0
155,0.3001469462213373,1
58,0.4499603851647163,0
29,0.30727832507839203,0
28,0.30063881949153537,0
147,0.29284478491455745,1
33,0.43761250050823886,0
70,0.3083496799486062,0
101,0.301733684635612,0
32,0.39884949078125265,0
125,0.2865133391576351,1
121,0.4381883321278348,1
49,0.42530362593603876,0
27,0.3171321345246836,0
100,0.30767828045807016,0
125,0.4063235220848815,1
81,0.43199586027067205,0
149,0.3188685768898082,1
25,0.4461593599051805,0
120,0.32471601846107273,1
63,0.4497279262655559,0
131,0.32631101160283965,1
25,0.44839462819365006,0
185,0.36504756708652775,1
89,0.4440309635285283,0
98,0.32095793257437605,0
22,0.30750957688445496,0
116,0.2968718493374476,1
127,0.4368344489787635,1
245,0.490458954468009,1
99,0.5281251213820648,0
87,0.3089416803834471,0
60,0.3119227710911814,0
143,0.3036556566643884,1
60,0.441800565841834,0
222,0.36566537778784614,1
64,0.5233150673138813,0
69,0.3023968326142636,0
24,0.30483741225842537,0
97,0.29638202885925913,0
146,0.2928239180579223,1
92,0.4491157651832556,0
157,0.3035142722993881,1
102,0.45225823608188387,0
96,0.4140968421632153,0
137,0.3009042973690499,1
94,0.45334226187102766,0
98,0.30293124744253913,0
75,0.30254254440312495,0
56,0.29357028368346527,0
25,0.29001157063047833,0
71,0.2888774268047131,0
36,0.28854137946359043,0
153,0.28843561871401835,1
60,0.4437392266891468,0
201,0.36410097481898823,1
150,0.5272783016331571,1
131,0.43600469956555643,1
156,0.5070932330123448,1
91,0.44171706400988925,0
181,0.3654863775581175,1
34,0.4464864364358689,0
218,0.3652326804375908,1
220,0.623064541851395,1
25,0.5261931308093641,0
86,0.30847253522894436,0
118,0.3069128437333844,1
138,0.4385881129393871,1
70,0.4408198510458161,0
74,0.3155144552022496,0
23,0.307633979531722,0
107,0.29828479397733254,1
150,0.4344437225215747,1
34,0.4383918359724465,0
146,0.3204998731230198,1
113,0.454562301612527,1
119,0.44990892907785895,1
228,0.4989397924251163,1
74,0.5390360589264171,0
123,0.3250139583041009,1
21,0.4611287942431605,0
248,0.36714477846596805,1
102,0.5378125656582626,0
46,0.42531142719164916,0
113,0.3171220647633179,1
72,0.44701263526761054,0
86,0.32106667922759924,0
75,0.3098876528112466,0
109,0.30021267706411514,1
110,0.4360681007886782,1
27,0.4416873287882653,0
57,0.32024523924719495,0
76,0.30943242428660545,0
68,0.30092465629170456,0
78,0.2972907079557811,0
92,0.29605191424419186,0
154,0.29565221390683677,1
32,0.43971896821322376,0
168,0.36532370779690226,1
45,0.43384467006586364,0
215,0.3665744218544862,1
120,0.5199014357682612,1
65,0.4324829111139027,0
237,0.3661021419068625,1
132,0.5281245821112034,1
40,0.43963290507270447,0
142,0.31682075256055614,1
105,0.44730683076801325,1
100,0.4405331106526871,0
74,0.4410551196317958,0
83,0.3152215572018664,0
46,0.30632722730804046,0
138,0.3014112581124766,1
125,0.4411962652245045,1
122,0.4496660580733618,1
153,0.49734694130515805,1
89,0.4468023896145207,0
31,0.3312559625990843,0
128,0.3182767435228935,1
127,0.44736747429858803,1
191,0.49235056032027646,1
106,0.44735745115897924,1
161,0.49959372287162157,1
148,0.45122571215488716,1
190,0.5030408563302077,1
72,0.45494425594008425,0
229,0.36820795886566693,1
105,0.5419813338862474,1
94,0.44709299193982566,0
67,0.33548616254178176,0
32,0.32063375736935706,0
54,0.31151457402407334,0
67,0.30746082192533053,0
50,0.30603745610008437,0
62,0.3055764748546238,0
149,0.30542372292306824,1
45,0.4475513332361831,0
145,0.3278213131363577,1
223,0.5070080199957796,1
150,0.5352855410873103,1
70,0.44675577698490676,0
164,0.3701651125798078,1
153,0.5031736715055947,1
104,0.45742008737257966,0
198,0.4950525632745758,1
86,0.446296700265583,0
202,0.3709438050693791,1
247,0.6275642692321687,1
86,0.5271566591754685,0
68,0.3064517793942912,0
87,0.3097542663805638,0
68,0.2988072447368172,0
73,0.2940353443952101,0
117,0.2924260275404719,1
29,0.43489210823623015,0
96,0.31184913717368296,0
144,0.30311869615691833,1
54,0.4388764097476348,0
132,0.3081350376449846,1
49,0.44720210014744,0
93,0.3061212243424072,0
82,0.3028609000907473,0
70,0.29213526622488195,0
91,0.2874773216875494,0
142,0.2859015887507173,1
118,0.4362852178786838,1
54,0.41917007310878907,0
129,0.3141089536765248,1
79,0.44684945683623273,0
55,0.3211508987263855,0
147,0.3108839024661885,1
112,0.4423659107980573,1
124,0.43599089548464953,1
65,0.4524361908308354,0
79,0.3293424828242396,0
68,0.3157305136369223,0
120,0.30602162322563653,1
156,0.4414815390438884,1
107,0.4526975419451924,1
239,0.5030965150866209,1
120,0.5479097807882369,1
98,0.4623757587828879,0
89,0.33470694868453127,0
85,0.32167696887682035,0
47,0.31320655938532094,0
47,0.3095066283328048,0
124,0.30824346059653074,1
141,0.44999584406347015,1
