0.0,0.5,1
2175.582729661841,0.5594405594405594,1
4182.849025876333,0.3855391402590943,0
2425.588677932833,0.40769784297409795,1
1506.331029164623,0.36111111111111105,1
4066.194473979932,0.5665071683222419,0
2298.205446987224,0.3656909605940223,1
1488.4494504071167,0.3781748024259449,1
1926.3280852975995,0.564688664326749,1
419.60255019684354,0.5724829916819048,1
2482.8375287086037,0.5662272279037609,1
3945.7621979168707,0.3898725381644005,0
2608.331485865139,0.38120774225947784,1
1647.2247225486044,0.4236131438935227,1
662.9296980439087,0.5814245072741022,1
961.4822086584362,0.5864806212500002,1
2612.3032145514117,0.5773978338363168,1
3773.9010169187504,0.4381465216248085,0
1464.0534486764357,0.38356319271716044,1
2080.127225507887,0.6006998213572016,1
3410.0783571545776,0.4002016921943646,0
2079.2927293626512,0.3866792778187306,1
1318.8475616537971,0.39627113150881704,1
3502.912424275985,0.5723492198565658,0
4581.699834692502,0.37184682855909246,0
668.145119040284,0.38702495644365426,1
952.7967127505538,0.6010997099710109,1
2839.1904717049424,0.602620058488298,0
805.9314118748874,0.37826119135531105,1
2680.020012349592,0.5540439011391831,1
3504.272388871317,0.3745601413200053,0
569.1939010421708,0.3901655047910759,1
669.3468579349537,0.6008878423384356,1
1634.4594490636503,0.599191131488091,1
979.2529976317791,0.6061098799331246,1
3013.3380083485026,0.6082308688875846,0
1541.5569933092738,0.3741861153647972,1
2349.6351840440097,0.5561909143606297,1
3519.359193704148,0.37523689544116345,0
2895.6862306000507,0.39350234046200605,0
3792.7646217084366,0.37254815262026764,0
1379.0959278538057,0.36791230912460726,1
1513.6063077009192,0.5777930319107719,1
2616.7523638537077,0.5913306139475029,1
1261.8486569061906,0.38790089597739663,1
3078.2682845458708,0.5526987510485604,0
2078.999761375106,0.38977314153463277,1
2592.214781304198,0.35508134028974514,1
1102.2529274189937,0.38433368903174336,1
1400.0438152186257,0.5941379373434307,1
915.3558960651891,0.5918632061573644,1
579.9051848233139,0.605616187474507,1
1812.5298212387581,0.6078369032331129,1
1388.6171180825015,0.5994585793595395,1
996.9884048103072,0.6093714378233015,1
1942.9981119817542,0.6125136911986768,1
764.1882795858248,0.615008109871745,1
2342.502236200915,0.6144346497140178,1
1433.8391677450174,0.4032376087366922,1
3510.4170927945665,0.5510250721685543,0
1061.4104548383007,0.39814689029661426,1
1163.8967656418938,0.6116346098439847,1
2033.7958359628728,0.6141223791280332,1
2987.664621691362,0.40770689018312356,0
4183.843426418406,0.35481326779473993,0
2647.566170426352,0.3936702987631481,1
3501.8329879883822,0.35284157441830577,0
2052.2373484951886,0.38528654697834025,1
1479.057713172926,0.40229127456237584,1
2388.5273005013037,0.5441179752062977,1
3430.2422702197246,0.36289634060825804,0
990.7660453953048,0.3958771367920494,1
2628.3532167845256,0.5484010461488119,1
3100.01224912532,0.36750491050334555,0
1583.37627774504,0.3937340758148532,1
2171.7333011026453,0.5468947950058323,1
2675.1993926240552,0.3934281800689532,1
4567.23011594284,0.36727097772737627,0
1985.3266469088999,0.3987120098061516,1
1864.1819980903022,0.6101140712466896,1
879.078635054864,0.602338594104429,1
1361.474931202457,0.6083488022060887,1
2500.1822657440907,0.6033685815663075,1
1082.384677068865,0.40227181938773715,1
2171.4378618918795,0.6058852384734821,1
1495.3584789272213,0.41111689333913004,1
2927.2568448910797,0.5571601090929479,0
2358.0467159738264,0.40357964807838675,1
3385.098261272791,0.3598595243082886,0
950.0029185518408,0.40329155528529137,1
646.1079319748175,0.6119567957476993,1
3141.1085282129343,0.6127151949437472,0
846.4435913480114,0.3830143477599767,1
669.0746105034789,0.6013202099999243,1
727.5068639942155,0.6055094276912854,1
820.1984326327838,0.6126031728696353,1
3139.256699237455,0.6143688288531302,0
525.412404346133,0.37632225301622857,1
956.8366480664156,0.5991797118435361,1
2805.004652518802,0.6034651853982549,0
950.3887911291307,0.37397717880217374,1
1646.615312765995,0.5981061346907448,1
2167.9842287464326,0.5854826534927606,1
788.6323091858495,0.40579398939420713,1
1990.0634847428641,0.6096025020926854,1
1660.5430177233102,0.5981051953277132,1
1821.3335412103181,0.6016429128552043,1
625.5400863139166,0.6016432295723382,1
1684.7912791496913,0.6095939683877426,1
553.3143126853522,0.604858053895478,1
940.0274749585832,0.6144873907779518,1
2904.97476228945,0.6126599841318547,0
1321.1638552364957,0.38351167356032345,1
2371.162986380401,0.6009934179550148,1
1346.5312297908472,0.40073197671550215,1
1608.607302909224,0.5444268781641888,1
3265.495730796984,0.5479910984286014,0
792.2975678902972,0.39510447403581517,1
1394.788063891991,0.6034619710672391,1
697.3136429110393,0.6094966000723044,1
2665.789013330747,0.6159811513924672,1
1841.4877648524257,0.41204352275784334,1
3449.161983364014,0.546171169504974,0
1176.7582265149626,0.4092001543712481,1
2232.264188193138,0.6052186904099278,1
682.4311624439983,0.41701489144757187,1
4621.7496038714435,0.5551121738714601,0
317.00955804649504,0.40185691630063536,1
1946.9602779967033,0.6150961250749853,1
483.1386426545329,0.613707608827933,1
1524.6754519629826,0.6129820086009512,1
2100.4573583190413,0.6126701588078192,1
452.15746380158487,0.40437941870195326,1
2273.3036268980554,0.5432137941796917,1
628.2941178162653,0.403003898045707,1
3480.6343500217786,0.5497387006547345,0
2412.3830078606234,0.35299332711188885,1
1314.8921170256267,0.4049843164683695,1
3390.1541888633146,0.5475284681658985,0
2306.8754755919895,0.3506766314103635,1
502.9739586918827,0.40077104791041673,1
2430.5616523162744,0.6143817265060091,1
2602.900478035328,0.40639314350351186,1
3493.79086851347,0.36716670216594366,0
785.2449283202533,0.4050526633970492,1
2414.404970401117,0.5534537169908145,1
2621.313852969085,0.3726291574422472,1
864.1486874008447,0.3959500438673249,1
2833.9922200045344,0.5664678373816774,0
1695.0389024274753,0.3948537138007047,1
1245.6826292406863,0.6116765873122182,1
1560.597726446006,0.609597564190516,1
1845.3657708421813,0.5995664764308279,1
477.4737443055448,0.6025061122053789,1
841.7570182171141,0.6142126117328498,1
482.5377319580328,0.6141265204945469,1
1506.5175921064133,0.6168699625906942,1
2458.4617751374153,0.6167205891373854,1
603.2894625129438,0.40761244365205207,1
3018.987824472636,0.5622919569701849,0
1798.9702147535531,0.39853568801047956,1
1087.210640575905,0.6060922978561325,1
517.4953947265744,0.6136189304155361,1
2327.4654035464205,0.6167141251830576,1
930.5629340817582,0.4083600203059344,1
2426.9695745014537,0.5600099497717166,1
1099.6440267980188,0.39919085676000304,1
1635.9539628634225,0.6062776375624384,1
1872.872562249826,0.6075015114481783,1
2536.514254950702,0.6039317913575428,1
1216.386418211287,0.4112482721144541,1
2165.9961312772584,0.5668868116405481,1
1874.9088880189433,0.39131696048013653,1
2599.5234755791976,0.5987504451550647,1
2765.0004346868786,0.40945790896846246,0
3925.0072543313254,0.39501123366209573,0
2368.890223197511,0.3927479416454651,1
2245.4151412545652,0.38565916870621736,1
1035.5038061675777,0.3933042115820952,1
2121.28523441118,0.5675132106844797,1
2327.9235091756445,0.39535414361325394,1
2792.95637961738,0.39964078085328975,0
4665.968627202279,0.3897726243668363,0
2105.5265586292503,0.3898677588663791,1
1048.48983339611,0.3972384499562158,1
1600.6209295602669,0.5623319490005199,1
599.8614533155788,0.5865514232036593,1
2466.538357649725,0.6060152548893938,1
2600.4332833955605,0.4059818913620381,1
2244.994283772599,0.3813124287159059,1
1366.039917451354,0.4034193082102408,1
3064.3260506554598,0.567249530535821,0
1379.1095872112737,0.40342679554417393,1
2144.0652783853548,0.5585618126989292,1
1858.3787536508175,0.4083371895774356,1
3852.4916321405685,0.5590584133238862,0
1836.4679271023394,0.4119387559937868,1
2633.090033107791,0.5995225464512167,1
1129.4164493484702,0.40832207812089755,1
2776.0947825462017,0.5540085784783876,0
1393.421716863194,0.405725435941223,1
2341.4892382119456,0.5475865589480021,1
1981.0165504429388,0.4050459970655275,1
1838.392957203593,0.6156066882254397,1
1765.859649790855,0.6020554976881446,1
1357.601331729814,0.6043784575075304,1
2424.7811768888164,0.6120607285735757,1
990.5157645918257,0.4143588827067156,1
1814.2237155982023,0.5570658523666742,1
2234.4667994145143,0.6041780876828342,1
1656.1031491241192,0.4141499326835741,1
2032.4498410712044,0.5602679069182721,1
2491.404473591277,0.3843267256045658,1
1646.0004187646155,0.40902049620345754,1
2196.0186638558102,0.5674012980215926,1
1666.6838235513505,0.4108660913439389,1
2944.753091166467,0.5700699131712018,0
2042.6328995738043,0.4129570347470439,1
2258.8503735426243,0.377387037193038,1
2094.863115702878,0.37976296712997637,1
1042.5547149658216,0.4070586983273757,1
3490.062539116714,0.5672266459522779,0
492.3222233536013,0.4067443612985383,1
1976.390440214596,0.5590425894306494,1
1247.6732476250133,0.5997847035963194,1
1594.0443470990358,0.6094541313671232,1
2083.4574639270363,0.6104057545080175,1
541.5041281992076,0.41442113652017465,1
3503.605665460918,0.5647897380490103,0
2885.3989681040202,0.40880203365261625,0
4387.865512827815,0.3710012989890033,0
1013.208717093549,0.3740387086635773,1
1120.3304413158469,0.6086407481155466,1
1627.622056083013,0.6032248032620016,1
553.1376261889671,0.6189817950426599,1
1707.6302071375328,0.6164293855873562,1
571.2553127028141,0.6003673869184466,1
1830.9546588443154,0.6108122790906201,1
1010.8567577452427,0.6040277681951214,1
2949.914025473424,0.6132312498649024,0
977.4154437932021,0.3850128662943094,1
4124.111675607733,0.5539885041121178,0
1525.9805199814466,0.3897211494762157,1
3624.2265009002203,0.5508853407041987,0
1272.1075768074109,0.3873757833982348,1
1576.2816767054944,0.6130326984609161,1
2506.1502990816157,0.5920751362944163,1
1781.162687625825,0.4098478785971307,1
2638.942630966375,0.5451922287401899,1
1315.1512640758415,0.4078837251578484,1
2553.322878071014,0.5473026565152512,1
699.325061469513,0.406729498348623,1
3666.805692252658,0.5540002758818849,0
2365.5502817812303,0.3991137660577136,1
2291.553173967743,0.40934634782712465,1
1496.5368115198,0.4017655458231347,1
4256.62419363153,0.5544289110956492,0
3405.222790190169,0.39603532662218655,0
1495.122535118313,0.3915914030867148,1
3106.096032193548,0.5535247417974056,0
355.80692172350575,0.3920082720542551,1
2870.4748517872563,0.5540938858719141,0
280.8049771570573,0.3967929008269403,1
4314.709849577919,0.5537421950181355,0
690.8791686764264,0.3991608397832512,1
4299.798403894998,0.5535645550812103,0
1334.2244045644563,0.39904848944633026,1
432.68938148462735,0.6135690589188822,1
597.1933194178781,0.6093234196049557,1
1252.753867313312,0.6159198259037241,1
1386.3306673901716,0.6170396385681434,1
1449.3887907439519,0.616547022668318,1
336.9505054696727,0.616124999220693,1
2502.1039924758365,0.6159231825513068,1
573.9332810444569,0.4089800591927058,1
4334.608749534893,0.5535910144688811,0
902.2924171418977,0.4078762839760019,1
3130.472240626957,0.5526896854525143,0
1553.8754632887892,0.4078706766573088,1
2041.557538762437,0.5526860896034251,1
1652.58227313778,0.4078745828310558,1
2108.045787769341,0.5622643038461759,1
3448.1392226042585,0.41609867278537094,0
3151.7368164919926,0.38331747991720144,0
3176.5697747756335,0.39678068792385646,0
3329.644305065358,0.37941316071819053,0
753.5691192436321,0.3774502676400874,1
4140.735240920356,0.5605517086249008,0
2162.5772907377677,0.39217905675078096,1
3537.921451518605,0.368080269823542,0
1008.480740471365,0.395010061299502,1
1039.6955090048807,0.6011321279285695,1
1207.480109574308,0.6069516529353993,1
441.5565137674712,0.6100590635830683,1
1387.1395172952596,0.6104761170587549,1
1308.5967879932705,0.6102460396324889,1
1262.0683673210217,0.6100671334597982,1
2211.6021134509256,0.6099822272456693,1
1030.3954460012449,0.4019440432350989,1
1828.4246658080062,0.5491695268842026,1
3494.5392991721424,0.5603126623793452,0
775.8973285391347,0.39644353701174,1
1416.0329112929892,0.6090038017485679,1
1022.2426820494828,0.6106439792210907,1
2282.7112184549346,0.6108408102933244,1
1798.8667251908882,0.3995758844076294,1
2593.5423548124886,0.5514062935536254,1
1191.88213738749,0.39971018289673066,1
2047.616921880234,0.5538892513728597,1
1302.7319036555257,0.4010101601701259,1
4343.999374487859,0.5567991131796806,0
2046.5815523473393,0.3917277386767249,1
1369.1835825119952,0.4067943652912613,1
4367.560877181714,0.5496782085217576,0
1816.8938077183925,0.40135109351730436,1
621.575839581465,0.6131247631566474,1
2651.652459700288,0.623829536912596,1
1906.00481601961,0.41142894701514954,1
2548.3695791747105,0.6024301342599077,1
2464.8262848679024,0.415319611817308,1
1635.690169379575,0.40893755752395833,1
2286.048933940871,0.5458392344206331,1
534.089229758462,0.40806918444607454,1
2955.547851053716,0.5528337436208629,0
1566.1705348197845,0.40943966948928534,1
3404.284687805558,0.5474466015300079,0
1859.0828879445362,0.4094787576470085,1
2750.7955048612416,0.6027516749128548,0
2168.565838122272,0.4012011347602945,1
2427.405553039759,0.40057491189754335,1
1857.7585392617668,0.4000483206995531,1
2220.070307859014,0.5972515407912301,1
1228.8676169251412,0.40642232869139827,1
3220.8650865916497,0.5461475113565679,0
948.0572073917441,0.40388726427770205,1
2189.51780836952,0.544941101305447,1
549.3619947705826,0.40491792475633975,1
2212.1889545769122,0.5529585123090792,1
2389.303586707805,0.3766324662656853,1
2536.894683616327,0.40511459328700106,1
2246.984794250139,0.3781885665542335,1
1493.5752203441707,0.37013618633361495,1
922.8486571110792,0.5984184962436605,1
1895.139575259365,0.6113494264452802,1
1280.1050477244762,0.613511039372058,1
1670.212984562565,0.6080487473020172,1
370.2814710478262,0.608139003299522,1
677.877897081063,0.6142747474842587,1
2068.5854096046264,0.6148002382264364,1
2164.332148564892,0.4121677854501554,1
2395.3382709856173,0.3814573752930801,1
3959.8185538282573,0.3773835116619787,0
1888.067487090315,0.40314842108788085,1
1955.030691577591,0.6068670731924926,1
1935.7303751246768,0.6053715082881249,1
683.1968673878715,0.6136067582322011,1
1970.593412675827,0.6121874143018267,1
3083.859733984381,0.6060114166474513,0
1354.7625097231448,0.39992489901182304,1
2460.0825586092,0.6024307763537221,1
1056.37513896705,0.40011449500645935,1
3651.1728472810187,0.5582622495799542,0
1556.7786092470494,0.38969963900750776,1
399.0238334082934,0.587294473640156,1
1754.014889383312,0.6018804935028914,1
1954.3349044368156,0.595352118422161,1
557.1357797903584,0.5989798540979518,1
1475.312628345724,0.6060406478018849,1
630.3344383927434,0.5952056912800912,1
1765.0181571547212,0.6068541376789347,1
770.5159649150619,0.6003973917731973,1
1014.0808715442129,0.610749303459678,1
2749.8275382411844,0.6113130704147269,0
1199.7855278525458,0.38432835232083284,1
4844.1183907865,0.5481452717263484,0
449.6353904792943,0.3856643898855154,1
1645.592134293989,0.6140823716415234,1
444.9474205402515,0.5968746121218975,1
272.58906240002557,0.6126681999634833,1
2948.3057335612125,0.6140346875189884,0
2224.3230058336158,0.38245842846833356,1
3131.338387752398,0.40105786827395906,0
2473.2285139548176,0.35909817729818005,1
933.2353173574795,0.39201347840731393,1
2328.700049051802,0.5591502626074007,1
2652.8616258179227,0.41916593749942477,1
1261.9942563529858,0.3997899599455169,1
2118.0087659517562,0.5741446192139562,1
1780.9023967222377,0.3877432807762773,1
3400.7424843591616,0.5742859649686187,0
1713.6864563932138,0.38887974706454215,1
1414.3691717405238,0.6022263995630258,1
2653.6298063125378,0.5802145605803418,1
446.8035158346038,0.3988995434390861,1
2433.7921463395473,0.5646436169459983,1
3153.8933117131023,0.3903097108459627,0
840.9749056474891,0.4039860058644892,1
2916.3707474577523,0.5657662550588469,0
2278.892588527287,0.39556313879860294,1
2719.8962403232663,0.37365904316611787,0
1846.517878527803,0.40188842625947924,1
2403.9401976831787,0.5528920580353809,1
1653.332839833758,0.39505016082608035,1
4249.193238330833,0.5569865901610449,0
1350.620494680537,0.4043937166436146,1
2862.773529778162,0.6057073733395072,0
612.3088695844185,0.38959438096231963,1
3564.8122209930284,0.5567709366491829,0
849.2280752423903,0.3810448138019102,1
826.1056371399538,0.6066725516598803,1
2138.491068602696,0.5966569709014719,1
1046.753803498587,0.4063346007398376,1
2340.240716092509,0.5505820911273311,1
834.25500842953,0.40308092177066507,1
2573.857728843727,0.5577371795626856,1
2080.114854249462,0.3768395011632454,1
923.6635626589137,0.409242466895824,1
3301.206452486794,0.5668430114837057,0
2177.6965364696835,0.40592430687075065,1
3304.3171930984076,0.37343546552573603,0
2286.4413383711585,0.4084077005773549,1
1670.1485919207662,0.4078546548309124,1
1574.561485789037,0.6097674217808238,1
487.59974530214043,0.6142129196278143,1
1296.272787512529,0.6147565003369736,1
653.7357900940566,0.6147699346369383,1
968.4421193658462,0.6147485975582059,1
514.7264765602954,0.6147373102134713,1
1588.5810382628847,0.6147327048215789,1
2114.215449040883,0.5997698914062022,1
2092.36939985466,0.4119586818559946,1
2488.649387669361,0.36772375169802723,1
1539.3289629376436,0.40974874515983534,1
2248.109145527003,0.5603010619673985,1
2285.2071554221834,0.4060296667638005,1
3102.2365728412497,0.38176591710909996,0
1295.5777769518845,0.4098469553912986,1
3266.4089764447026,0.5591519605516273,0
941.4405427497026,0.4054556536304403,1
3240.6396582839307,0.5539180574888234,0
541.1957376208311,0.4058269409451521,1
3300.1767362425007,0.5512368842939933,0
1423.7672346824727,0.40532643205931806,1
3935.613432138861,0.5450457084996843,0
1575.0688699999753,0.41279115463936644,1
1546.9898178210626,0.6052362801992621,1
1847.2237426170377,0.6084803255453795,1
2764.658857095634,0.6018608722131117,0
1755.0260514142233,0.3992211963266783,1
2389.680294856174,0.5455130112185357,1
1378.5660413428984,0.40251477036427535,1
3406.6721012930984,0.5530399624929748,0
1373.3122659487335,0.402396188639545,1
2125.358247932477,0.5527756631865146,1
689.6126669323877,0.39397827301284905,1
925.3607445530405,0.6052080902209007,1
778.9263255932539,0.6098625918513928,1
1307.2189267075426,0.6148317676845492,1
629.4157400537313,0.6153572095506985,1
601.9782322155297,0.614891954851439,1
2289.1339221199914,0.6145583870521987,1
963.4548041149945,0.4093957731546678,1
1991.1160067314859,0.5611769591832246,1
3341.546870000183,0.5667907716604463,0
831.8921160037962,0.4111531450948053,1
2008.1051012821363,0.5632703274831052,1
3275.759884463512,0.3830255346920374,0
1689.569072534026,0.3957725111783162,1
3302.3020110536454,0.6174685328101808,0
1861.7995326971059,0.38146569995966,1
2923.063245993399,0.5642211758881797,0
2568.71511924407,0.3934440915439379,1
2133.5228178080356,0.39239980801483165,1
1267.792861013412,0.40132804685849344,1
2038.1325995783088,0.55891241785611,1
2608.3003380755185,0.377957684033172,1
3719.494063789579,0.3919092783125838,0
2269.4820812610105,0.4005331163633867,1
2288.74979286076,0.38567768351378273,1
1146.5920107359393,0.3999730798198473,1
2751.1280706366874,0.5723131316320504,0
2804.0931552588672,0.41405902297351793,0
2488.8751027081803,0.40255017791646086,1
2822.5789582354873,0.3967534853569013,0
1792.6774775181484,0.3698293762314294,1
1863.9476024391022,0.5889603360989452,1
665.8485452219452,0.576662117294868,1
1464.472394964338,0.5939886839212039,1
931.9075777160741,0.5997604430017591,1
522.7292395682363,0.6077724821057506,1
373.3651988382739,0.6102475306873595,1
1614.079786244619,0.6106366409534303,1
1211.0939379922766,0.5977543137161576,1
2194.82226971094,0.6080605727363763,1
2711.0369033473326,0.4049088113601133,0
4112.514538865889,0.37768444013311686,0
950.5979150180693,0.40055779286707394,1
1772.8215801157714,0.60823792208793,1
1176.912910886671,0.5984092482895216,1
2656.6681916797775,0.6112187946079574,1
