Timestep: 0, Trans probs: [0.125, 0.125, 0.125, 0.125, 0.125, 0.125, 0.125, 0.125]
Timestep: 1, Trans probs: [0.125, 0.125, 0.125, 0.125, 0.125, 0.125, 0.125, 0.125]
Timestep: 2, Trans probs: [0.1111111111111111, 0.1111111111111111, 0.1111111111111111, 0.1111111111111111, 0.2222222222222222, 0.1111111111111111, 0.1111111111111111, 0.1111111111111111]
Timestep: 3, Trans probs: [0.1111111111111111, 0.1111111111111111, 0.2222222222222222, 0.1111111111111111, 0.1111111111111111, 0.1111111111111111, 0.1111111111111111, 0.1111111111111111]
Timestep: 4, Trans probs: [0.10002745683595833, 0.10002745683595833, 0.10002745683595833, 0.10002745683595833, 0.19978034531233335, 0.20005491367191666, 0.10002745683595833, 0.10002745683595833]
Timestep: 5, Trans probs: [0.09099927125783355, 0.09099927125783355, 0.1819985425156671, 0.09099927125783355, 0.18137816730599107, 0.18162693388917397, 0.09099927125783355, 0.09099927125783355]
Timestep: 6, Trans probs: [0.125, 0.125, 0.125, 0.125, 0.125, 0.125, 0.125, 0.125]
Timestep: 7, Trans probs: [0.08350244762955635, 0.08350244762955635, 0.16663049793725646, 0.08350244762955635, 0.24956623134012978, 0.16629103257483208, 0.08350244762955635, 0.08350244762955635]
Timestep: 8, Trans probs: [0.07724458091630221, 0.07724458091630221, 0.23081091511894464, 0.07724458091630221, 0.22971151696545117, 0.15325466333409313, 0.07724458091630221, 0.07724458091630221]
Timestep: 9, Trans probs: [0.125, 0.125, 0.125, 0.125, 0.125, 0.125, 0.125, 0.125]
Timestep: 10, Trans probs: [0.1111111111111111, 0.1111111111111111, 0.2222222222222222, 0.1111111111111111, 0.1111111111111111, 0.1111111111111111, 0.1111111111111111, 0.1111111111111111]
Timestep: 11, Trans probs: [0.1438975514192567, 0.07194877570962835, 0.21362418034516653, 0.07194877570962835, 0.21260991065473936, 0.142073254742324, 0.07194877570962835, 0.07194877570962835]
Timestep: 12, Trans probs: [0.1341263630751181, 0.06733423691155686, 0.2661898431217455, 0.06733423691155686, 0.19791403036739322, 0.13243281578951577, 0.06733423691155686, 0.06733423691155686]
Timestep: 13, Trans probs: [0.10002745683595833, 0.10002745683595833, 0.29980780214829167, 0.10002745683595833, 0.10002745683595833, 0.10002745683595833, 0.10002745683595833, 0.10002745683595833]
Timestep: 14, Trans probs: [0.10002745683595833, 0.10002745683595833, 0.29980780214829167, 0.10002745683595833, 0.10002745683595833, 0.10002745683595833, 0.10002745683595833, 0.10002745683595833]
Timestep: 15, Trans probs: [0.09106411605889692, 0.09106411605889692, 0.2714870715288247, 0.09106411605889692, 0.09106411605889692, 0.18212823211779383, 0.09106411605889692, 0.09106411605889692]
Timestep: 16, Trans probs: [0.12557587076480245, 0.0633798767446066, 0.2485517346436106, 0.0633798767446066, 0.24835402693769568, 0.12399886067546488, 0.0633798767446066, 0.0633798767446066]
Timestep: 17, Trans probs: [0.11804361370211697, 0.059953897330198874, 0.29285431436585435, 0.059953897330198874, 0.23271576230439722, 0.11657072030683614, 0.059953897330198874, 0.059953897330198874]
Timestep: 18, Trans probs: [0.1111111111111111, 0.1111111111111111, 0.1111111111111111, 0.1111111111111111, 0.2222222222222222, 0.1111111111111111, 0.1111111111111111, 0.1111111111111111]
Timestep: 19, Trans probs: [0.125, 0.125, 0.125, 0.125, 0.125, 0.125, 0.125, 0.125]
Timestep: 20, Trans probs: [0.10002745683595833, 0.20005491367191666, 0.10002745683595833, 0.10002745683595833, 0.19978034531233335, 0.10002745683595833, 0.10002745683595833, 0.10002745683595833]
Timestep: 21, Trans probs: [0.18199854251566713, 0.181626933889174, 0.09099927125783357, 0.09099927125783357, 0.1813781673059911, 0.09099927125783357, 0.09099927125783357, 0.09099927125783357]
Timestep: 22, Trans probs: [0.1683518985340736, 0.05698714403134647, 0.27500453070788616, 0.05698714403134647, 0.21870901125013148, 0.10998598338252301, 0.05698714403134647, 0.05698714403134647]
Timestep: 23, Trans probs: [0.16663049793725646, 0.16629103257483208, 0.16700489525911272, 0.08350244762955636, 0.16606378371057345, 0.08350244762955636, 0.08350244762955636, 0.08350244762955636]
Timestep: 24, Trans probs: [0.08362980997192135, 0.08362980997192135, 0.331629576472279, 0.08362980997192135, 0.08362980997192135, 0.1665915636961929, 0.08362980997192135, 0.08362980997192135]
Timestep: 25, Trans probs: [0.15366288804110387, 0.15335050835473418, 0.15400741249315356, 0.07716755992223912, 0.23030895142205182, 0.07716755992223912, 0.07716755992223912, 0.07716755992223912]
Timestep: 26, Trans probs: [0.2222222222222222, 0.1111111111111111, 0.1111111111111111, 0.1111111111111111, 0.1111111111111111, 0.1111111111111111, 0.1111111111111111, 0.1111111111111111]
Timestep: 27, Trans probs: [0.15495349373297637, 0.07747674686648819, 0.30430622922001865, 0.07747674686648819, 0.07747674686648819, 0.15335654271456398, 0.07747674686648819, 0.07747674686648819]
Timestep: 28, Trans probs: [0.14252069172042434, 0.21403879250624824, 0.1428391770578319, 0.07180687085488816, 0.21337385529594288, 0.07180687085488816, 0.07180687085488816, 0.07180687085488816]
Timestep: 29, Trans probs: [0.20007769524009883, 0.19926416054603738, 0.1331607370934827, 0.0672126475402946, 0.19864681695920272, 0.0672126475402946, 0.0672126475402946, 0.0672126475402946]
Timestep: 30, Trans probs: [0.2157648002133021, 0.07219275491207656, 0.2811706501460364, 0.07219275491207656, 0.07219275491207656, 0.14210077508027866, 0.07219275491207656, 0.07219275491207656]
Timestep: 31, Trans probs: [0.18708233847556802, 0.18632397826066174, 0.12470373418077857, 0.06322828914900702, 0.24897679248696364, 0.06322828914900702, 0.06322828914900702, 0.06322828914900702]
Timestep: 32, Trans probs: [0.2353457951923406, 0.1748583974093017, 0.11725072380561673, 0.05977842026458401, 0.23343140253440492, 0.05977842026458401, 0.05977842026458401, 0.05977842026458401]
Timestep: 33, Trans probs: [0.21325477583276764, 0.05432516888741434, 0.2591079686340016, 0.05432516888741434, 0.2062298277504423, 0.10410675223313116, 0.05432516888741434, 0.05432516888741434]
Timestep: 34, Trans probs: [0.20161041677731803, 0.05195493865572464, 0.2967428452913658, 0.05195493865572464, 0.19499540032917909, 0.0988315829792386, 0.05195493865572464, 0.05195493865572464]
Timestep: 35, Trans probs: [0.19102206583095943, 0.04987251713919154, 0.33061999442351386, 0.04987251713919154, 0.18478302534969615, 0.0940848458390644, 0.04987251713919154, 0.04987251713919154]
Timestep: 36, Trans probs: [0.18134417216491347, 0.04804548991407945, 0.36122302675356804, 0.04804548991407945, 0.17545215279701518, 0.08979868862818557, 0.04804548991407945, 0.04804548991407945]
Timestep: 37, Trans probs: [0.268217988193335, 0.06766328903155104, 0.261094866365582, 0.06766328903155104, 0.06766328903155104, 0.1323707002833279, 0.06766328903155104, 0.06766328903155104]
Timestep: 38, Trans probs: [0.2500341705716822, 0.06377901833890898, 0.24341892721939112, 0.06377901833890898, 0.12755803667781795, 0.1238727921754729, 0.06377901833890898, 0.06377901833890898]
Timestep: 39, Trans probs: [0.22135043216751432, 0.16464543930108136, 0.1674017518962515, 0.05676165652591441, 0.21955575053149531, 0.05676165652591441, 0.05676165652591441, 0.05676165652591441]
Timestep: 40, Trans probs: [0.1724603295166889, 0.04644428603349628, 0.34251168470485277, 0.04644428603349628, 0.21333450070485077, 0.0859163409396224, 0.04644428603349628, 0.04644428603349628]
Timestep: 41, Trans probs: [0.09106411605889692, 0.09106411605889692, 0.2714870715288247, 0.09106411605889692, 0.18212823211779383, 0.09106411605889692, 0.09106411605889692, 0.09106411605889692]
Timestep: 42, Trans probs: [0.16432401854663173, 0.04498196180822302, 0.3253692150022393, 0.04498196180822302, 0.20303343619093067, 0.12734548302730608, 0.04498196180822302, 0.04498196180822302]
Timestep: 43, Trans probs: [0.156882776549654, 0.04358826861526724, 0.35335542462243247, 0.04358826861526724, 0.19363063010852502, 0.12177809425831958, 0.04358826861526724, 0.04358826861526724]
Timestep: 44, Trans probs: [0.14999638456079484, 0.04235781275276878, 0.3790184551268589, 0.04235781275276878, 0.18490969630206777, 0.1166442129992035, 0.04235781275276878, 0.04235781275276878]
Timestep: 45, Trans probs: [0.143604396539377, 0.04127412924711941, 0.4026061424130867, 0.04127412924711941, 0.17679592316901563, 0.11189702089004318, 0.04127412924711941, 0.04127412924711941]
Timestep: 46, Trans probs: [0.08362980997192135, 0.08362980997192135, 0.331629576472279, 0.08362980997192135, 0.1665915636961929, 0.08362980997192135, 0.08362980997192135, 0.08362980997192135]
Timestep: 47, Trans probs: [0.07747674686648819, 0.07747674686648819, 0.30430622922001865, 0.07747674686648819, 0.15335654271456398, 0.15495349373297637, 0.07747674686648819, 0.07747674686648819]
Timestep: 48, Trans probs: [0.13765564384241405, 0.04032225990190775, 0.3840100904734218, 0.04032225990190775, 0.1692263969587659, 0.14781882911776728, 0.04032225990190775, 0.04032225990190775]
Timestep: 49, Trans probs: [0.13213209037445262, 0.03940108377956119, 0.40623883104542835, 0.03940108377956119, 0.1622100307163558, 0.14181471274551838, 0.03940108377956119, 0.03940108377956119]
Timestep: 50, Trans probs: [0.12697357743416823, 0.03859195726325678, 0.42681577590426767, 0.03859195726325678, 0.15564076434862442, 0.13620205325991266, 0.03859195726325678, 0.03859195726325678]
Timestep: 51, Trans probs: [0.12214606931728095, 0.03788412086643884, 0.4458960503254205, 0.03788412086643884, 0.14947701234984126, 0.1309443845417019, 0.03788412086643884, 0.03788412086643884]
Timestep: 52, Trans probs: [0.11762000946820717, 0.03726787363410452, 0.46361564134339467, 0.03726787363410452, 0.14368277786368996, 0.12601007678829015, 0.03726787363410452, 0.03726787363410452]
Timestep: 53, Trans probs: [0.19978034531233335, 0.10002745683595833, 0.10002745683595833, 0.10002745683595833, 0.20005491367191666, 0.10002745683595833, 0.10002745683595833, 0.10002745683595833]
Timestep: 54, Trans probs: [0.1133695913247691, 0.07346899067101796, 0.44335968039177526, 0.03673449533550898, 0.13822671225877153, 0.12137153934713925, 0.03673449533550898, 0.03673449533550898]
Timestep: 55, Trans probs: [0.20886839131496326, 0.15553254873438113, 0.21218381881976517, 0.05405872492758552, 0.2071803414205485, 0.05405872492758552, 0.05405872492758552, 0.05405872492758552]
Timestep: 56, Trans probs: [0.14550360606156082, 0.07123900336922216, 0.42471461708240094, 0.036134718119529737, 0.13312289506214095, 0.1170157240660859, 0.036134718119529737, 0.036134718119529737]
Timestep: 57, Trans probs: [0.1401745888801904, 0.06912246929156583, 0.4428443962452211, 0.0355366991775402, 0.12832943349482762, 0.11291901455557446, 0.0355366991775402, 0.0355366991775402]
Timestep: 58, Trans probs: [0.19761989172574126, 0.14733127345721625, 0.25240082974907635, 0.051654930068477135, 0.1960282847940575, 0.051654930068477135, 0.051654930068477135, 0.051654930068477135]
Timestep: 59, Trans probs: [0.1813781673059911, 0.09099927125783357, 0.18199854251566713, 0.09099927125783357, 0.181626933889174, 0.09099927125783357, 0.09099927125783357, 0.09099927125783357]
Timestep: 60, Trans probs: [0.1874069377885165, 0.18943006052592196, 0.23915376088690027, 0.04952643917012189, 0.18590348411817378, 0.04952643917012189, 0.04952643917012189, 0.04952643917012189]
Timestep: 61, Trans probs: [0.17016128308244494, 0.06715557433408817, 0.4247559678266926, 0.035018619710023256, 0.1238084816686223, 0.10906283395808215, 0.035018619710023256, 0.035018619710023256]
Timestep: 62, Trans probs: [0.1781306837519709, 0.1800459724651714, 0.27471868425501683, 0.04759932354742991, 0.17670736533812115, 0.04759932354742991, 0.04759932354742991, 0.04759932354742991]
Timestep: 63, Trans probs: [0.21551990571556257, 0.17144851791530466, 0.26119966724096294, 0.04588711019851122, 0.168283468334125, 0.04588711019851122, 0.04588711019851122, 0.04588711019851122]
Timestep: 64, Trans probs: [0.2497481218138132, 0.16356442524758846, 0.2487896999735317, 0.044334693394108365, 0.16055897938863326, 0.044334693394108365, 0.044334693394108365, 0.044334693394108365]
Timestep: 65, Trans probs: [0.2811801111172938, 0.15630021139799746, 0.2373327670893241, 0.042936072443358925, 0.15344262062194894, 0.042936072443358925, 0.042936072443358925, 0.042936072443358925]
Timestep: 66, Trans probs: [0.1984470981310039, 0.06528668396440396, 0.4077743278920468, 0.03450788709366397, 0.11954535120229932, 0.10542287752925406, 0.03450788709366397, 0.03450788709366397]
Timestep: 67, Trans probs: [0.19114351879361463, 0.06351571381888808, 0.42578925435422244, 0.03401572833926323, 0.11552001737837372, 0.10198431063711139, 0.03401572833926323, 0.03401572833926323]
Timestep: 68, Trans probs: [0.18420259047943416, 0.061866164742372394, 0.44270927430795537, 0.03358923258337162, 0.11171439821839643, 0.09873987450172672, 0.03358923258337162, 0.03358923258337162]
Timestep: 69, Trans probs: [0.1775970310065577, 0.06032876520858712, 0.45861757751183224, 0.03322329129601794, 0.10811188342220641, 0.09567486896276273, 0.03322329129601794, 0.03322329129601794]
Timestep: 70, Trans probs: [0.29450868365371885, 0.06029942369693891, 0.22803248645857277, 0.06029942369693891, 0.11985105758823142, 0.11641007751172142, 0.06029942369693891, 0.06029942369693891]
Timestep: 71, Trans probs: [0.17130278731098442, 0.058895173887254584, 0.4406753131238191, 0.03291319476870777, 0.137610924392485, 0.09277621697933361, 0.03291319476870777, 0.03291319476870777]
Timestep: 72, Trans probs: [0.1653497876109497, 0.057507257605640294, 0.4563630465934179, 0.032580455253499105, 0.13302621425985844, 0.09001232816963624, 0.032580455253499105, 0.032580455253499105]
Timestep: 73, Trans probs: [0.24956623134012978, 0.08350244762955635, 0.16663049793725643, 0.08350244762955635, 0.16629103257483205, 0.08350244762955635, 0.08350244762955635, 0.08350244762955635]
Timestep: 74, Trans probs: [0.27647254410108046, 0.05728920019000437, 0.2715503902463601, 0.05728920019000437, 0.11302024282286337, 0.10980002206967868, 0.05728920019000437, 0.05728920019000437]
Timestep: 75, Trans probs: [0.1596719966345092, 0.0885134463645552, 0.4388550305370393, 0.03229998222399235, 0.12866243608636838, 0.08739714370555103, 0.03229998222399235, 0.03229998222399235]
Timestep: 76, Trans probs: [0.15430561037378146, 0.08595957190106275, 0.45442197348804997, 0.03196792130868224, 0.12452168967549511, 0.08488739063556398, 0.03196792130868224, 0.03196792130868224]
Timestep: 77, Trans probs: [0.1491848568188638, 0.08354345772930895, 0.46911320007303153, 0.03168840419240316, 0.12057956719716528, 0.0825137056044211, 0.03168840419240316, 0.03168840419240316]
Timestep: 78, Trans probs: [0.14429334106627212, 0.08125569293129689, 0.48298885011920656, 0.031457537129954166, 0.11682271723767941, 0.08026678725568259, 0.031457537129954166, 0.031457537129954166]
Timestep: 79, Trans probs: [0.26024533262092786, 0.05465686316271681, 0.31028533914037554, 0.05465686316271681, 0.10693118087204159, 0.10391069471578784, 0.05465686316271681, 0.05465686316271681]
Timestep: 80, Trans probs: [0.07219275491207656, 0.07219275491207656, 0.353363405058113, 0.07219275491207656, 0.14210077508027866, 0.14357204530122555, 0.07219275491207656, 0.07219275491207656]
Timestep: 81, Trans probs: [0.139616464565865, 0.07908782962816413, 0.46483127554053655, 0.03127173111801293, 0.14451095271200307, 0.07813828419939253, 0.03127173111801293, 0.03127173111801293]
Timestep: 82, Trans probs: [0.2684403724611254, 0.14958095663945062, 0.2683890418407823, 0.041682124549073385, 0.146861130862348, 0.041682124549073385, 0.041682124549073385, 0.041682124549073385]
Timestep: 83, Trans probs: [0.16622150801004157, 0.07700342036121666, 0.4476397506520181, 0.031059974092911655, 0.13986433611470384, 0.07609106258328499, 0.031059974092911655, 0.031059974092911655]
Timestep: 84, Trans probs: [0.16077526622626967, 0.07500287062314716, 0.46215866036642456, 0.030833806338705964, 0.13543603475019367, 0.07412574901784709, 0.030833806338705964, 0.030833806338705964]
Timestep: 85, Trans probs: [0.15555818646519784, 0.07310830612227201, 0.47591726097241405, 0.030650193118621674, 0.13120050601925132, 0.0722651610649996, 0.030650193118621674, 0.030650193118621674]
Timestep: 86, Trans probs: [0.24553860188376161, 0.05235739699655174, 0.29255869390286027, 0.05235739699655174, 0.10147695952044526, 0.15099615670672584, 0.05235739699655174, 0.05235739699655174]
Timestep: 87, Trans probs: [0.1505564576490845, 0.07131314944608988, 0.4584563936006542, 0.030506282044074167, 0.15765235788714307, 0.07050279528480576, 0.030506282044074167, 0.030506282044074167]
Timestep: 88, Trans probs: [0.14578322551923673, 0.06958089126788991, 0.47220744838672585, 0.03033999358157555, 0.15260681951116845, 0.06880163457025233, 0.03033999358157555, 0.03033999358157555]
Timestep: 89, Trans probs: [0.1412059088755696, 0.06794008527040235, 0.4852625075282042, 0.030211363227440655, 0.14776655086479204, 0.06719085777870973, 0.030211363227440655, 0.030211363227440655]
Timestep: 90, Trans probs: [0.2565942922794134, 0.14335079436628648, 0.29709539702587323, 0.04055001007682444, 0.14075947602112915, 0.04055001007682444, 0.04055001007682444, 0.04055001007682444]
Timestep: 91, Trans probs: [0.2850700793904189, 0.13755633731611105, 0.28415589881326686, 0.03953305950539489, 0.1350854464586237, 0.03953305950539489, 0.03953305950539489, 0.03953305950539489]
Timestep: 92, Trans probs: [0.31153906523888697, 0.1321555863245074, 0.2720530079214082, 0.03861367063151992, 0.1297976579891178, 0.03861367063151992, 0.03861367063151992, 0.03861367063151992]
Timestep: 93, Trans probs: [0.1669314475326097, 0.06638538505450482, 0.46754406209038774, 0.030117973063736533, 0.1431200094656357, 0.0656651766656523, 0.030117973063736533, 0.030117973063736533]
Timestep: 94, Trans probs: [0.16157533277339034, 0.06488003719702813, 0.48067653852166387, 0.0300016139569265, 0.1386758379027117, 0.06418741173442649, 0.0300016139569265, 0.0300016139569265]
Timestep: 95, Trans probs: [0.23233460718157192, 0.050248450368264204, 0.3269026271154394, 0.050248450368264204, 0.09654691076739443, 0.1432220534625375, 0.050248450368264204, 0.050248450368264204]
Timestep: 96, Trans probs: [0.29840120616491167, 0.1271094292757324, 0.298483341674061, 0.03778703989160494, 0.12485786331887516, 0.03778703989160494, 0.03778703989160494, 0.03778703989160494]
Timestep: 97, Trans probs: [0.15642745149830062, 0.06345458898224385, 0.46324436905260863, 0.02991886390534033, 0.1643283715563375, 0.06278862719448833, 0.02991886390534033, 0.02991886390534033]
Timestep: 98, Trans probs: [0.2860533980062547, 0.1223856721086641, 0.32317082387744295, 0.037038946143544305, 0.1202343214334611, 0.037038946143544305, 0.037038946143544305, 0.037038946143544305]
Timestep: 99, Trans probs: [0.26865367283907216, 0.04839728982517385, 0.3095128890268798, 0.04839728982517385, 0.09209534770876508, 0.13614893112458767, 0.04839728982517385, 0.04839728982517385]
Timestep: 100, Trans probs: [0.18131651690028835, 0.06207102571457282, 0.44664148050386465, 0.029811949351381293, 0.15910471285386785, 0.06143041597326239, 0.029811949351381293, 0.029811949351381293]
Timestep: 101, Trans probs: [0.17548268831637032, 0.06073190524208411, 0.46049555213226734, 0.029688766947117202, 0.15410811152964918, 0.0601154419382775, 0.029688766947117202, 0.029688766947117202]
Timestep: 102, Trans probs: [0.2549540226640285, 0.046743844855978454, 0.34032242201032636, 0.046743844855978454, 0.08805197984535072, 0.1296961960563806, 0.046743844855978454, 0.046743844855978454]
Timestep: 103, Trans probs: [0.2744164616782225, 0.11795501782949942, 0.3098996090849866, 0.036366104077380584, 0.15226449509776918, 0.036366104077380584, 0.036366104077380584, 0.036366104077380584]
Timestep: 104, Trans probs: [0.16987147603313893, 0.0594656146216905, 0.4440926177099422, 0.02959789317745612, 0.17890411902911801, 0.05887249307374205, 0.02959789317745612, 0.02959789317745612]
Timestep: 105, Trans probs: [0.2635416520474339, 0.11379405158033136, 0.333208360123322, 0.03570616130807949, 0.14663129101659472, 0.03570616130807949, 0.03570616130807949, 0.03570616130807949]
Timestep: 106, Trans probs: [0.1939918853847308, 0.05823688686929077, 0.42844110290477894, 0.02948914863653833, 0.17319667267106276, 0.0576660062605218, 0.02948914863653833, 0.02948914863653833]
Timestep: 107, Trans probs: [0.18775597676403663, 0.05704775615516484, 0.44285812965065696, 0.029368733268170806, 0.1677338392316393, 0.05649809839398991, 0.029368733268170806, 0.029368733268170806]
Timestep: 108, Trans probs: [0.18175362360321867, 0.05592442509638313, 0.45661202267970896, 0.029278593265003896, 0.1624788640941432, 0.05539528473153443, 0.029278593265003896, 0.029278593265003896]
Timestep: 109, Trans probs: [0.17597244078081525, 0.054863528363235645, 0.4697372291389457, 0.029217273345686943, 0.15742074380622378, 0.05435423787371873, 0.029217273345686943, 0.029217273345686943]
Timestep: 110, Trans probs: [0.1704012743622595, 0.05386193889415948, 0.482265329520634, 0.029183346234642613, 0.15254955400521478, 0.053371864513804386, 0.029183346234642613, 0.029183346234642613]
Timestep: 111, Trans probs: [0.16503006210570184, 0.05291674827379367, 0.4942253197409069, 0.029175418424494944, 0.1478563282862168, 0.052445286319895985, 0.029175418424494944, 0.029175418424494944]
Timestep: 112, Trans probs: [0.25326031903952173, 0.10988132495028853, 0.35507860572682287, 0.03511442970213706, 0.14132203147481853, 0.03511442970213706, 0.03511442970213706, 0.03511442970213706]
Timestep: 113, Trans probs: [0.18904184438046245, 0.05202524769902718, 0.4764517357800282, 0.029192132953914176, 0.14333295194460577, 0.051571821334133856, 0.029192132953914176, 0.029192132953914176]
Timestep: 114, Trans probs: [0.2876014173893035, 0.04528440068491028, 0.32310249619283476, 0.04528440068491028, 0.08437494844547837, 0.12378353523274221, 0.04528440068491028, 0.04528440068491028]
Timestep: 115, Trans probs: [0.2435197292395675, 0.10619644955552551, 0.3756250353611317, 0.034587387625020755, 0.13630923534369233, 0.034587387625020755, 0.034587387625020755, 0.034587387625020755]
Timestep: 116, Trans probs: [0.18296024071755446, 0.05115013004355901, 0.45944885970038674, 0.029184649550835863, 0.1681728874842024, 0.05071393340178974, 0.029184649550835863, 0.029184649550835863]
Timestep: 117, Trans probs: [0.1771337849221612, 0.05028764355430796, 0.4723592245318637, 0.029149383146622295, 0.16290332347195158, 0.04986787407984864, 0.029149383146622295, 0.029149383146622295]
Timestep: 118, Trans probs: [0.23427437387133115, 0.10272140433762855, 0.39494997641396157, 0.03412134785663381, 0.13156885395054346, 0.03412134785663381, 0.03412134785663381, 0.03412134785663381]
Timestep: 119, Trans probs: [0.25919729189396257, 0.09944019335931234, 0.37943236872846137, 0.033712605847633206, 0.1270797226277309, 0.033712605847633206, 0.033712605847633206, 0.033712605847633206]
Timestep: 120, Trans probs: [0.28279963751669107, 0.09633315266128838, 0.3647236555974888, 0.03332903390052381, 0.12282741862243658, 0.03332903390052381, 0.03332903390052381, 0.03332903390052381]
Timestep: 121, Trans probs: [0.20065499418638258, 0.049476424068482204, 0.4555538629688348, 0.029139184993344915, 0.15782460229707132, 0.04907256149919433, 0.029139184993344915, 0.029139184993344915]
Timestep: 122, Trans probs: [0.2721942014841188, 0.0933892848812738, 0.38372600148105057, 0.03297389061141262, 0.11879494970790626, 0.03297389061141262, 0.03297389061141262, 0.03297389061141262]
Timestep: 123, Trans probs: [0.29474145284583636, 0.09060197674229582, 0.36903966384418146, 0.03266261983678487, 0.11496642722054688, 0.03266261983678487, 0.03266261983678487, 0.03266261983678487]
Timestep: 124, Trans probs: [0.22327750865895887, 0.04868175830627005, 0.43946677252488825, 0.02911039703422657, 0.1529496646550653, 0.048293104752137835, 0.02911039703422657, 0.02911039703422657]
Timestep: 125, Trans probs: [0.3175382229210163, 0.04397488638384665, 0.3071995944117738, 0.04397488638384665, 0.08101206354149432, 0.11835057359032901, 0.04397488638384665, 0.04397488638384665]
Timestep: 126, Trans probs: [0.28378334330244215, 0.08795561267054748, 0.3874317427572231, 0.0323753153481286, 0.111328039877273, 0.0323753153481286, 0.0323753153481286, 0.0323753153481286]
Timestep: 127, Trans probs: [0.21596079845884333, 0.047908021208271666, 0.4240483729332273, 0.029070096403703047, 0.17733858574834996, 0.047533932440198635, 0.029070096403703047, 0.029070096403703047]
Timestep: 128, Trans probs: [0.2733120285719261, 0.08544603843451577, 0.40487187107281847, 0.03212546144107928, 0.1078682161564226, 0.03212546144107928, 0.03212546144107928, 0.03212546144107928]
Timestep: 129, Trans probs: [0.2379634866156373, 0.04714614009626899, 0.40931208558275556, 0.029008083871876717, 0.17176808657592707, 0.04678594951378101, 0.029008083871876717, 0.029008083871876717]
Timestep: 130, Trans probs: [0.3450586430820088, 0.04280464199649522, 0.29244877435251543, 0.04280464199649522, 0.07793095679311447, 0.11334305778638033, 0.04280464199649522, 0.04280464199649522]
Timestep: 131, Trans probs: [0.23016750619869505, 0.046408205998125486, 0.3951781785033207, 0.028941049161550356, 0.1953616234922916, 0.046061338322915944, 0.028941049161550356, 0.028941049161550356]
Timestep: 132, Trans probs: [0.2226991725083445, 0.045685911977884824, 0.4105120882058756, 0.02885999687881606, 0.18917105841138998, 0.04535177826005697, 0.02885999687881606, 0.02885999687881606]
Timestep: 133, Trans probs: [0.2632945027927272, 0.08306486577497699, 0.421418374259103, 0.03191165688349489, 0.10457562963921313, 0.03191165688349489, 0.03191165688349489, 0.03191165688349489]
Timestep: 134, Trans probs: [0.3286519737032386, 0.04176259337884824, 0.3204790407216543, 0.04176259337884824, 0.0751033155823253, 0.10871529647738877, 0.04176259337884824, 0.04176259337884824]
Timestep: 135, Trans probs: [0.24430125251843093, 0.04500787791643745, 0.396392612157732, 0.02880188697965213, 0.18320654164281006, 0.044686054825633176, 0.02880188697965213, 0.02880188697965213]
Timestep: 136, Trans probs: [0.2537014726494499, 0.08080443914772514, 0.40539210885514704, 0.03173238741541066, 0.1331724296860353, 0.03173238741541066, 0.03173238741541066, 0.03173238741541066]
Timestep: 137, Trans probs: [0.2650701770924347, 0.04435127412567161, 0.38283932911048285, 0.028740082697170207, 0.1774777088504003, 0.044041262729499986, 0.028740082697170207, 0.028740082697170207]
Timestep: 138, Trans probs: [0.2563578678912337, 0.0437186546776367, 0.3984948640488386, 0.02867893031300781, 0.1719718308093626, 0.043419991633904975, 0.02867893031300781, 0.02867893031300781]
Timestep: 139, Trans probs: [0.24461975648991915, 0.07863029135203368, 0.4217688228894945, 0.03151876228011197, 0.1289060801481048, 0.03151876228011197, 0.03151876228011197, 0.03151876228011197]
Timestep: 140, Trans probs: [0.26725800101463754, 0.07656741795966704, 0.40598140831932683, 0.03134021274318555, 0.12483232173362639, 0.03134021274318555, 0.03134021274318555, 0.03134021274318555]
Timestep: 141, Trans probs: [0.2765903565192283, 0.04312478691953411, 0.3848684916293632, 0.02863753837687531, 0.16666665470638806, 0.04283709509486048, 0.02863753837687531, 0.02863753837687531]
Timestep: 142, Trans probs: [0.2674560665026386, 0.042552973186869174, 0.40036009466528805, 0.02859705233539214, 0.1615638760232575, 0.04227583261577041, 0.02859705233539214, 0.02859705233539214]
Timestep: 143, Trans probs: [0.2586392289870577, 0.0420167147484721, 0.4152245683363928, 0.028574629009273052, 0.15664582284182366, 0.041749778058434495, 0.028574629009273052, 0.028574629009273052]
Timestep: 144, Trans probs: [0.250124446492578, 0.04151509972545192, 0.42948773219579456, 0.02857025539521965, 0.15190391800643244, 0.04125803739408413, 0.02857025539521965, 0.02857025539521965]
Timestep: 145, Trans probs: [0.24189774020376548, 0.04104716808647448, 0.4431737747271061, 0.028583779317040193, 0.14733031239753538, 0.04079966663399803, 0.028583779317040193, 0.028583779317040193]
Timestep: 146, Trans probs: [0.23394640295451538, 0.04061192856364013, 0.4563053548916549, 0.02861493651394572, 0.1429178151009657, 0.04037368894738667, 0.02861493651394572, 0.02861493651394572]
Timestep: 147, Trans probs: [0.25770516681693284, 0.07459724336721289, 0.42208081004289455, 0.031168462050639098, 0.12094293157040331, 0.031168462050639098, 0.031168462050639098, 0.031168462050639098]
Timestep: 148, Trans probs: [0.3133555600745968, 0.04082560194699322, 0.34641730167676876, 0.04082560194699322, 0.0724975502630431, 0.10442718019761853, 0.04082560194699322, 0.04082560194699322]
Timestep: 149, Trans probs: [0.2549222414446424, 0.04020837135853435, 0.4402403324434516, 0.028663372200976135, 0.13865983060716788, 0.03997910754327548, 0.028663372200976135, 0.028663372200976135]
Timestep: 150, Trans probs: [0.06774524655448634, 0.06774524655448634, 0.3952533220566539, 0.06774524655448634, 0.13233059739246292, 0.13368984777845144, 0.06774524655448634, 0.06774524655448634]
Timestep: 151, Trans probs: [0.2485405419216124, 0.07272652215144795, 0.40636846134421634, 0.031027678796464078, 0.14825375939686708, 0.031027678796464078, 0.031027678796464078, 0.031027678796464078]
Timestep: 152, Trans probs: [0.2706935031345542, 0.07092047950051907, 0.39147042652174174, 0.030857884070741422, 0.14348405456021937, 0.030857884070741422, 0.030857884070741422, 0.030857884070741422]
Timestep: 153, Trans probs: [0.29904890701832143, 0.03998701042665167, 0.37046379254144984, 0.03998701042665167, 0.07009377393948166, 0.10044548479414034, 0.03998701042665167, 0.03998701042665167]
Timestep: 154, Trans probs: [0.2464466223683829, 0.03981095700711741, 0.42479246943295074, 0.02870031668583507, 0.13455836563735818, 0.06829063549668561, 0.02870031668583507, 0.02870031668583507]
Timestep: 155, Trans probs: [0.23839789075875853, 0.03936143461369514, 0.4388443095869459, 0.02865939790970113, 0.1306244235547434, 0.06679374775675347, 0.02865939790970113, 0.02865939790970113]
Timestep: 156, Trans probs: [0.23062542114932744, 0.03894738490105389, 0.45230229822039886, 0.028641004758395813, 0.12683636183108205, 0.06536551962295035, 0.028641004758395813, 0.028641004758395813]
Timestep: 157, Trans probs: [0.22311626467647072, 0.038567453672159635, 0.4651925535445588, 0.028644406471162853, 0.12318750983661816, 0.06400299885670405, 0.028644406471162853, 0.028644406471162853]
Timestep: 158, Trans probs: [0.2611693195655749, 0.06919452368587606, 0.3772316626810703, 0.03069578927150537, 0.16962133698145726, 0.03069578927150537, 0.03069578927150537, 0.03069578927150537]
Timestep: 159, Trans probs: [0.28262271554780055, 0.0675307647141151, 0.3636963371495169, 0.030515748430482863, 0.16408718886663604, 0.030515748430482863, 0.030515748430482863, 0.030515748430482863]
Timestep: 160, Trans probs: [0.3031291020402629, 0.06594230551707181, 0.3507446176940093, 0.030347478825509575, 0.15879405944661779, 0.030347478825509575, 0.030347478825509575, 0.030347478825509575]
Timestep: 161, Trans probs: [0.12797309798830422, 0.06398654899415211, 0.3672431859353433, 0.06398654899415211, 0.12378945999340192, 0.12504806010634226, 0.06398654899415211, 0.06398654899415211]
Timestep: 162, Trans probs: [0.2925414828427176, 0.06442703820827748, 0.33833571367071746, 0.03019370717287579, 0.1537272294139085, 0.06038741434575158, 0.03019370717287579, 0.03019370717287579]
Timestep: 163, Trans probs: [0.31254873133947675, 0.0629268365318415, 0.32668329624282677, 0.02996233775221123, 0.14891718438827914, 0.05903693824094216, 0.02996233775221123, 0.02996233775221123]
Timestep: 164, Trans probs: [0.24452753531594798, 0.03822030998908571, 0.4488704653922221, 0.028668830537031058, 0.11967177457602703, 0.06270342311562403, 0.028668830537031058, 0.028668830537031058]
Timestep: 165, Trans probs: [0.2856313948055511, 0.039239905883384815, 0.39279336953329513, 0.039239905883384815, 0.06787418358361325, 0.09674142854400121, 0.039239905883384815, 0.039239905883384815]
Timestep: 166, Trans probs: [0.2364769167074492, 0.037876953691343224, 0.43318596696709954, 0.02868230012105859, 0.1449678399825924, 0.06144542228833978, 0.02868230012105859, 0.02868230012105859]
Timestep: 167, Trans probs: [0.30189957920125843, 0.06150108170107651, 0.34526648314771957, 0.029754603758600347, 0.14431413157450973, 0.05775491309963489, 0.029754603758600347, 0.029754603758600347]
Timestep: 168, Trans probs: [0.3212470945550306, 0.06014808311785228, 0.3334400501282105, 0.02957332890779178, 0.13990460445082045, 0.05654018102471099, 0.02957332890779178, 0.02957332890779178]
Timestep: 169, Trans probs: [0.25743371186694053, 0.03751515329580319, 0.41821044831421345, 0.028660406158808785, 0.14064712140499183, 0.06021234664162465, 0.028660406158808785, 0.028660406158808785]
Timestep: 170, Trans probs: [0.24897004214241739, 0.03716245890638725, 0.43245134564877663, 0.028634290099541104, 0.13649074234689837, 0.059022540656897084, 0.028634290099541104, 0.028634290099541104]
Timestep: 171, Trans probs: [0.3103403675336252, 0.058860805952655956, 0.35149659989625587, 0.029412491530209733, 0.1356789252846164, 0.05538582674221749, 0.029412491530209733, 0.029412491530209733]
Timestep: 172, Trans probs: [0.27301792505877565, 0.03857744554472763, 0.4135595449779714, 0.03857744554472763, 0.06582284198251033, 0.09328990580183204, 0.03857744554472763, 0.03857744554472763]
Timestep: 173, Trans probs: [0.2998530183769532, 0.05763807147300447, 0.3394930375252749, 0.029274645557188905, 0.1609008239692984, 0.054291111983902296, 0.029274645557188905, 0.029274645557188905]
Timestep: 174, Trans probs: [0.18080061962310479, 0.06060806998965341, 0.3430016229271691, 0.06060806998965341, 0.1162967325146526, 0.11746874497645968, 0.06060806998965341, 0.06060806998965341]
Timestep: 175, Trans probs: [0.2694237573778899, 0.036840509841220205, 0.41747388134523306, 0.028628526771175798, 0.13248615200243608, 0.05789011911969331, 0.028628526771175798, 0.028628526771175798]
Timestep: 176, Trans probs: [0.2604991870146061, 0.036527142004082164, 0.4316870783157752, 0.028619200820572527, 0.12863158330875898, 0.05679740689505981, 0.028619200820572527, 0.028619200820572527]
Timestep: 177, Trans probs: [0.2518764958968149, 0.036242087506716064, 0.4453202352611632, 0.028628529222646845, 0.12491782697188612, 0.05575776669547899, 0.028628529222646845, 0.028628529222646845]
Timestep: 178, Trans probs: [0.2435422303743194, 0.035984554100307806, 0.45839657086245, 0.028656166773739018, 0.12133888397132607, 0.05476926037037964, 0.028656166773739018, 0.028656166773739018]
Timestep: 179, Trans probs: [0.2898487728610574, 0.05645006007313585, 0.3280459591303908, 0.029119017197271925, 0.1559542146252917, 0.08234394171830847, 0.029119017197271925, 0.029119017197271925]
Timestep: 180, Trans probs: [0.264185850289427, 0.03575371162954436, 0.44223611675762736, 0.028701685673826288, 0.11788923788661071, 0.05383002641531186, 0.028701685673826288, 0.028701685673826288]
Timestep: 181, Trans probs: [0.28037666394047706, 0.05527202887440379, 0.3461286959560514, 0.02891222440480118, 0.1512401948101516, 0.08024574320451265, 0.02891222440480118, 0.02891222440480118]
Timestep: 182, Trans probs: [0.29912881099782146, 0.037993043168605654, 0.3949046462327684, 0.037993043168605654, 0.0639254760325344, 0.09006889406245296, 0.037993043168605654, 0.037993043168605654]
Timestep: 183, Trans probs: [0.2840872581903203, 0.03552400415450954, 0.4266915106692218, 0.028737674969840265, 0.1145649382685618, 0.05291926380786565, 0.028737674969840265, 0.028737674969840265]
Timestep: 184, Trans probs: [0.27449761424902774, 0.035298968663533485, 0.4404975725831196, 0.028768314099297955, 0.11136203944699576, 0.052038862759429524, 0.028768314099297955, 0.028768314099297955]
Timestep: 185, Trans probs: [0.2712673769482991, 0.05415657704284735, 0.3346844463574654, 0.028732852506624898, 0.17544960835544654, 0.0782434337760669, 0.028732852506624898, 0.028732852506624898]
Timestep: 186, Trans probs: [0.2861575152911877, 0.037453436722088194, 0.41482726086787786, 0.037453436722088194, 0.06215132423896195, 0.08705015271361963, 0.037453436722088194, 0.037453436722088194]
Timestep: 187, Trans probs: [0.29404308318061295, 0.03509757561377431, 0.42493577002780836, 0.028814487372511268, 0.10827722107399525, 0.05120288798627535, 0.028814487372511268, 0.028814487372511268]
Timestep: 188, Trans probs: [0.1699591635999762, 0.05760802106435539, 0.379186133569329, 0.05760802106435539, 0.10966353432241627, 0.11075908425085679, 0.05760802106435539, 0.05760802106435539]
Timestep: 189, Trans probs: [0.2625616850579798, 0.05307662788346781, 0.32375130997209994, 0.028545879572564152, 0.19865527418368878, 0.07631746418507122, 0.028545879572564152, 0.028545879572564152]
Timestep: 190, Trans probs: [0.2297115169654512, 0.07724458091630222, 0.15356633420264243, 0.07724458091630222, 0.23049924425039534, 0.07724458091630222, 0.07724458091630222, 0.07724458091630222]
Timestep: 191, Trans probs: [0.2739025717843283, 0.036977614871838746, 0.43345587621498693, 0.036977614871838746, 0.060505761130763266, 0.08422533138256645, 0.036977614871838746, 0.036977614871838746]
Timestep: 192, Trans probs: [0.2840244780162882, 0.03490051826869998, 0.40995253429259765, 0.028855741370213205, 0.10530453192114439, 0.07925071339063025, 0.028855741370213205, 0.028855741370213205]
Timestep: 193, Trans probs: [0.26230598018523715, 0.036561100880810826, 0.4508913419151283, 0.036561100880810826, 0.058978994743463735, 0.08157927963292742, 0.036561100880810826, 0.036561100880810826]
Timestep: 194, Trans probs: [0.21261053892072068, 0.07194853329924329, 0.142360985782341, 0.07194853329924329, 0.28528580880072196, 0.07194853329924329, 0.07194853329924329, 0.07194853329924329]
Timestep: 195, Trans probs: [0.25422849447486434, 0.0803939152298897, 0.3132881742315346, 0.028358527967216055, 0.19254659716088268, 0.07446723500118058, 0.028358527967216055, 0.028358527967216055]
Timestep: 196, Trans probs: [0.2745101890646385, 0.03464628408849933, 0.3957574402527411, 0.028826194390785587, 0.13125954182629893, 0.07734796159546542, 0.028826194390785587, 0.028826194390785587]
Timestep: 197, Trans probs: [0.2654300022362215, 0.034366223230454455, 0.4109885957256832, 0.028759660959903382, 0.1274349341612418, 0.07550126176668884, 0.028759660959903382, 0.028759660959903382]
Timestep: 198, Trans probs: [0.24632270566627873, 0.0783935124121391, 0.3315018862511214, 0.02812583470589166, 0.18673622235949974, 0.07266816919328609, 0.02812583470589166, 0.02812583470589166]
Timestep: 199, Trans probs: [0.28538342029058306, 0.03411494478563052, 0.3968661537268698, 0.028714874608778484, 0.12375589516537339, 0.0737349622052078, 0.028714874608778484, 0.028714874608778484]
Timestep: 200, Trans probs: [0.27589941329173684, 0.033874175527254066, 0.4119538633100827, 0.028672753956676886, 0.12021756693555612, 0.07203671906533964, 0.028672753956676886, 0.028672753956676886]
Timestep: 201, Trans probs: [0.26674327911027895, 0.03365946975081136, 0.42642151706289383, 0.028650210530769184, 0.11681297377524144, 0.07041212870846686, 0.028650210530769184, 0.028650210530769184]
Timestep: 202, Trans probs: [0.251317048839855, 0.07239921125939967, 0.4310243403948001, 0.03619960562969984, 0.057562127892662046, 0.0790984547241837, 0.03619960562969984, 0.03619960562969984]
Timestep: 203, Trans probs: [0.25789918989003563, 0.03347025348487064, 0.4116482521232188, 0.028646998184464825, 0.14218309801812398, 0.06885821193035647, 0.028646998184464825, 0.028646998184464825]
Timestep: 204, Trans probs: [0.24112773612435873, 0.0703122621493134, 0.44844888303263086, 0.03575196968788491, 0.0561470818522014, 0.07670812777784093, 0.03575196968788491, 0.03575196968788491]
Timestep: 205, Trans probs: [0.23871702126270603, 0.07648426278575987, 0.3489285312579426, 0.027921747486987787, 0.18115180959537158, 0.07095313263725662, 0.027921747486987787, 0.027921747486987787]
Timestep: 206, Trans probs: [0.24944281913195376, 0.033255214051421504, 0.3975460097453217, 0.028609075149777095, 0.16658505238615212, 0.06734367923581969, 0.028609075149777095, 0.028609075149777095]
Timestep: 207, Trans probs: [0.24134673324249206, 0.03302473139166866, 0.4126090855239927, 0.028547634027520512, 0.16150359963201502, 0.06587294812727006, 0.028547634027520512, 0.028547634027520512]
Timestep: 208, Trans probs: [0.2335328807847551, 0.03282130386695552, 0.4270464361838869, 0.028507763943236005, 0.1566065786628457, 0.06446950867184877, 0.028507763943236005, 0.028507763943236005]
Timestep: 209, Trans probs: [0.23139195790398126, 0.07466146804226809, 0.36561154003473095, 0.027745993737643766, 0.1757791217029829, 0.06931793110310548, 0.027745993737643766, 0.027745993737643766]
Timestep: 210, Trans probs: [0.21524089702604965, 0.05502699309551486, 0.3560992161557318, 0.05502699309551486, 0.1037631119098903, 0.10478880252626877, 0.05502699309551486, 0.05502699309551486]
Timestep: 211, Trans probs: [0.22433008971878743, 0.07292074615318692, 0.3539927918643409, 0.02759809595411276, 0.17060536117079494, 0.09535672323055143, 0.02759809595411276, 0.02759809595411276]
Timestep: 212, Trans probs: [0.2544763520412972, 0.03264421871289403, 0.412396642991511, 0.028489036536588293, 0.15188511519623368, 0.06313056144829912, 0.028489036536588293, 0.028489036536588293]
Timestep: 213, Trans probs: [0.246176076534679, 0.03246856028692402, 0.4267780879523744, 0.02846556194249281, 0.14734225076748791, 0.06183833863105634, 0.02846556194249281, 0.02846556194249281]
Timestep: 214, Trans probs: [0.2381574061458417, 0.032317294642016485, 0.4405724174274715, 0.028461662233598535, 0.142962037852463, 0.06060585723141178, 0.028461662233598535, 0.028461662233598535]
Timestep: 215, Trans probs: [0.2668234929020099, 0.06836340783098671, 0.4294088915565261, 0.03536518226826642, 0.05483846977953995, 0.07447019112613819, 0.03536518226826642, 0.03536518226826642]
Timestep: 216, Trans probs: [0.21759667968524782, 0.07122772212998808, 0.3703567907210373, 0.02741385366548375, 0.1656604363377432, 0.0929168101295324, 0.02741385366548375, 0.02741385366548375]
Timestep: 217, Trans probs: [0.2304074555981433, 0.032189808219770195, 0.4253268376232832, 0.028476953715519636, 0.16721422022089888, 0.05943081719134564, 0.028476953715519636, 0.028476953715519636]
Timestep: 218, Trans probs: [0.2229775997835942, 0.03204084967884406, 0.43920161098469723, 0.028464375121560345, 0.1621055676960413, 0.0582812464921424, 0.028464375121560345, 0.028464375121560345]
Timestep: 219, Trans probs: [0.21110305709834648, 0.0696125733379199, 0.38603069739281165, 0.027259020043547542, 0.16089784747824423, 0.09057876456203516, 0.027259020043547542, 0.027259020043547542]
Timestep: 220, Trans probs: [0.24427079745575264, 0.03191598522047822, 0.4240354457721204, 0.028471632504413574, 0.15717586267559894, 0.05718701136280914, 0.028471632504413574, 0.028471632504413574]
Timestep: 221, Trans probs: [0.2048349366733801, 0.06807135965599231, 0.4010513551069451, 0.027132751673403656, 0.1563069800923639, 0.08833711345110765, 0.027132751673403656, 0.027132751673403656]
Timestep: 222, Trans probs: [0.22581362325809276, 0.06660042508547574, 0.3884184342314786, 0.027034140329171338, 0.1518782558636857, 0.08618684057375312, 0.027034140329171338, 0.027034140329171338]
Timestep: 223, Trans probs: [0.26478697017115277, 0.031787221891831995, 0.40945786358624753, 0.02846978669321165, 0.15243152307108696, 0.05612706120004584, 0.02846978669321165, 0.02846978669321165]
Timestep: 224, Trans probs: [0.2560859639111359, 0.03165880260312336, 0.42389751175484125, 0.028463423337918698, 0.14786432746571027, 0.055103124251433155, 0.028463423337918698, 0.028463423337918698]
Timestep: 225, Trans probs: [0.2911057400244638, 0.06652093004883876, 0.4114236777714248, 0.03499809101727872, 0.053600706678123944, 0.07235467242531247, 0.03499809101727872, 0.03499809101727872]
Timestep: 226, Trans probs: [0.2794121895231327, 0.06478079713742806, 0.3943977333380039, 0.03465502490007825, 0.08708821254293801, 0.07035599275826251, 0.03465502490007825, 0.03465502490007825]
Timestep: 227, Trans probs: [0.2190823715564447, 0.06518222055705385, 0.40319724330628187, 0.026936288257658387, 0.14761427508709252, 0.084115024720152, 0.026936288257658387, 0.026936288257658387]
Timestep: 228, Trans probs: [0.23943609339176583, 0.06382837158069937, 0.39051856961852477, 0.026863827533494578, 0.14349863002084634, 0.08212685278768007, 0.026863827533494578, 0.026863827533494578]
Timestep: 229, Trans probs: [0.26512872352157896, 0.06745608147577263, 0.13263976304735073, 0.06745608147577263, 0.26495110605220723, 0.06745608147577263, 0.06745608147577263, 0.06745608147577263]
Timestep: 230, Trans probs: [0.24767824782430212, 0.03155182168140365, 0.4092830637903685, 0.028474627741352922, 0.17193395937045727, 0.05412902410940978, 0.028474627741352922, 0.028474627741352922]
Timestep: 231, Trans probs: [0.232264680206641, 0.08931515325297847, 0.37830078029928, 0.02679263957629722, 0.1395316687193164, 0.0802097987928926, 0.02679263957629722, 0.02679263957629722]
Timestep: 232, Trans probs: [0.26807818321081106, 0.0314238589441596, 0.3952926125806699, 0.028459596000452447, 0.16665406439009828, 0.05317249287290396, 0.028459596000452447, 0.028459596000452447]
Timestep: 233, Trans probs: [0.25928026006577043, 0.031297464873812554, 0.41027509507080673, 0.028441818970512532, 0.1615725415177102, 0.05224918156036246, 0.028441818970512532, 0.028441818970512532]
Timestep: 234, Trans probs: [0.225411702627975, 0.08715070828735731, 0.39333687547557045, 0.026678840392230025, 0.13572019647424358, 0.07834399595816344, 0.026678840392230025, 0.026678840392230025]
Timestep: 235, Trans probs: [0.24537400433968862, 0.08507254398998783, 0.38118145553617866, 0.026590937371279346, 0.13204350421803077, 0.07655567980227607, 0.026590937371279346, 0.026590937371279346]
Timestep: 236, Trans probs: [0.26461728211761576, 0.08306951169366074, 0.369460514381928, 0.026507195244295564, 0.12849894617672766, 0.07483215989718137, 0.026507195244295564, 0.026507195244295564]
Timestep: 237, Trans probs: [0.27922316886294524, 0.031191684782640013, 0.3962184420168514, 0.028441160527820725, 0.15667109302908874, 0.05137212972501246, 0.028441160527820725, 0.028441160527820725]
Timestep: 238, Trans probs: [0.256738909813554, 0.08113955161957681, 0.3845774531658515, 0.026430499322878335, 0.12508049079890637, 0.07317209663347625, 0.026430499322878335, 0.026430499322878335]
Timestep: 239, Trans probs: [0.27548453085654406, 0.07928521786571516, 0.37274272401257186, 0.02637560450220882, 0.12178089280812271, 0.07157982095041965, 0.02637560450220882, 0.02637560450220882]
Timestep: 240, Trans probs: [0.2984335473697011, 0.031087665521973142, 0.3826867893866551, 0.02843832023701226, 0.15195127107459974, 0.05052576593603397, 0.02843832023701226, 0.02843832023701226]
Timestep: 241, Trans probs: [0.2884978051771783, 0.0309884289169672, 0.39808766383237143, 0.028436561474263194, 0.14740507787864474, 0.049711339772048675, 0.028436561474263194, 0.028436561474263194]
Timestep: 242, Trans probs: [0.27889952560486636, 0.030906556193464944, 0.41288842258965647, 0.028448994477261798, 0.1430209610520971, 0.04893755112812996, 0.028448994477261798, 0.028448994477261798]
Timestep: 243, Trans probs: [0.2672462891208115, 0.07749725587749905, 0.38763411384417695, 0.02632710735882374, 0.1185958362671297, 0.07004518281391156, 0.02632710735882374, 0.02632710735882374]
Timestep: 244, Trans probs: [0.29809929699408017, 0.03084221118314248, 0.39863517392459263, 0.02847593680145542, 0.1387920715207061, 0.04820343597311238, 0.02847593680145542, 0.02847593680145542]
Timestep: 245, Trans probs: [0.2881027252998615, 0.030779343249179227, 0.41340279590706236, 0.028501021142552853, 0.13471680507427497, 0.04749526704196334, 0.028501021142552853, 0.028501021142552853]
Timestep: 246, Trans probs: [0.2558463107141317, 0.05272172556794804, 0.335357140952785, 0.05272172556794804, 0.09847338291227481, 0.09943626314901614, 0.05272172556794804, 0.05272172556794804]
Timestep: 247, Trans probs: [0.2784407836432862, 0.030732580809023392, 0.3990588753913683, 0.028539390784811616, 0.13078630181436257, 0.07536328598752469, 0.028539390784811616, 0.028539390784811616]
Timestep: 248, Trans probs: [0.26926199275804263, 0.030619218501116974, 0.4139720922438207, 0.028506293108005537, 0.12701125268586425, 0.07361656448713885, 0.028506293108005537, 0.028506293108005537]
Timestep: 249, Trans probs: [0.26039682754005766, 0.030527493669004806, 0.4282790662778818, 0.028492247665239983, 0.12337578022415735, 0.07194408929317843, 0.028492247665239983, 0.028492247665239983]
Timestep: 250, Trans probs: [0.25183045784985375, 0.03045705126323082, 0.44200482823265325, 0.028497027568430505, 0.11987368263510004, 0.07034289731387063, 0.028497027568430505, 0.028497027568430505]
Timestep: 251, Trans probs: [0.2592615140509314, 0.07577867328727601, 0.40197204803870473, 0.026298346288900664, 0.11552003139777202, 0.06857269435861374, 0.026298346288900664, 0.026298346288900664]
Timestep: 252, Trans probs: [0.27206973065057155, 0.030407443866935845, 0.4266524669850431, 0.02852030055643779, 0.11649925907730467, 0.06881019775083132, 0.02852030055643779, 0.02852030055643779]
Timestep: 253, Trans probs: [0.2630378649539659, 0.030354949681945072, 0.4404147443167242, 0.02853792637695616, 0.11324787770485911, 0.06733078421163721, 0.02853792637695616, 0.02853792637695616]
Timestep: 254, Trans probs: [0.2515178658372142, 0.07412669080910358, 0.41577950276515513, 0.026289120219474976, 0.11254862815808239, 0.06715995177201968, 0.026289120219474976, 0.026289120219474976]
Timestep: 255, Trans probs: [0.28287832840659694, 0.030321688205464378, 0.4250513643805278, 0.028572594463124625, 0.11011565743580583, 0.06591517818223128, 0.028572594463124625, 0.028572594463124625]
Timestep: 256, Trans probs: [0.27340085229275474, 0.03028591229589079, 0.4388610299042136, 0.028602207524243643, 0.10709682499292736, 0.06454875794148257, 0.028602207524243643, 0.028602207524243643]
Timestep: 257, Trans probs: [0.24400417710591008, 0.07253870806690217, 0.42907783590507875, 0.026299139060509968, 0.10967717060815341, 0.06580469113242582, 0.026299139060509968, 0.026299139060509968]
Timestep: 258, Trans probs: [0.29288499956145153, 0.030267831293571888, 0.4234736134366201, 0.02864746230118464, 0.10418935441753517, 0.0632418143872673, 0.02864746230118464, 0.02864746230118464]
Timestep: 259, Trans probs: [0.30275499373160747, 0.06308379247359902, 0.37855494510468984, 0.03425089268038185, 0.08443386668797272, 0.06841972396098532, 0.03425089268038185, 0.03425089268038185]
Timestep: 260, Trans probs: [0.282979940674422, 0.030247459711147655, 0.4086533099667186, 0.028688080032267468, 0.13007471948145327, 0.06198033006945613, 0.028688080032267468, 0.028688080032267468]
Timestep: 261, Trans probs: [0.2367103394670766, 0.07101229423463155, 0.4418868909088275, 0.026328042415935057, 0.10690156500450154, 0.06450478313715763, 0.026328042415935057, 0.026328042415935057]
Timestep: 262, Trans probs: [0.3022028069856709, 0.030186454708203796, 0.394516263668525, 0.028685081248677947, 0.12630031356261606, 0.06073891732895039, 0.028685081248677947, 0.028685081248677947]
Timestep: 263, Trans probs: [0.2920240510151167, 0.03012884756283187, 0.4095860576971457, 0.028683337010439413, 0.12266651453950071, 0.0595445181540869, 0.028683337010439413, 0.028683337010439413]
Timestep: 264, Trans probs: [0.2821930507047355, 0.0300883278865688, 0.42405706858293923, 0.028696855143510214, 0.11916664079902087, 0.058404346596204894, 0.028696855143510214, 0.028696855143510214]
Timestep: 265, Trans probs: [0.22962720315028606, 0.06954517811713233, 0.45422509954085966, 0.026375414055077623, 0.10421805029099789, 0.06325822673549125, 0.026375414055077623, 0.026375414055077623]
Timestep: 266, Trans probs: [0.24918728054775097, 0.06813523789806364, 0.43966878979824164, 0.026440793027360954, 0.10162317068555989, 0.062063141988300964, 0.026440793027360954, 0.026440793027360954]
Timestep: 267, Trans probs: [0.2681273034056315, 0.06676714690149711, 0.4255980948768615, 0.026498220712347597, 0.09911013882353248, 0.06090265385543467, 0.026498220712347597, 0.026498220712347597]
Timestep: 268, Trans probs: [0.24175478206558515, 0.05067276346282856, 0.36722444877795823, 0.05067276346282856, 0.09371196048313984, 0.09461775482200248, 0.05067276346282856, 0.05067276346282856]
Timestep: 269, Trans probs: [0.259908891672662, 0.06544166225826868, 0.4119891694334365, 0.026551215193405465, 0.09667749430789853, 0.0863291367475179, 0.026551215193405465, 0.026551215193405465]
Timestep: 270, Trans probs: [0.24720938622350383, 0.06359999488114781, 0.18774623417399322, 0.06359999488114781, 0.24704440519676388, 0.06359999488114781, 0.06359999488114781, 0.06359999488114781]
Timestep: 271, Trans probs: [0.23145149451033625, 0.12041908575699022, 0.17599362205242491, 0.06020954287849511, 0.23129762616626828, 0.06020954287849511, 0.06020954287849511, 0.06020954287849511]
Timestep: 272, Trans probs: [0.30141986017265576, 0.030064947102263536, 0.409226016597616, 0.028725774119911774, 0.11579517111198319, 0.057316682655746104, 0.028725774119911774, 0.028725774119911774]
Timestep: 273, Trans probs: [0.29119038409851544, 0.030041496438764786, 0.4236944966879365, 0.028752691564115505, 0.11254729073463504, 0.05626825734780162, 0.028752691564115505, 0.028752691564115505]
Timestep: 274, Trans probs: [0.2520429005890553, 0.0906809131693867, 0.3989972488047181, 0.02655064246684068, 0.09431328593248801, 0.0843137241038299, 0.02655064246684068, 0.02655064246684068]
Timestep: 275, Trans probs: [0.3100994096163671, 0.03003365564162192, 0.40879858410824593, 0.028793593744862636, 0.10941905662872652, 0.05526851277045055, 0.028793593744862636, 0.028793593744862636]
Timestep: 276, Trans probs: [0.24451589688233688, 0.08850637865853969, 0.413099031143459, 0.026503345627933935, 0.09201826354445677, 0.08235039288740591, 0.026503345627933935, 0.026503345627933935]
Timestep: 277, Trans probs: [0.29095118165133305, 0.061485187281743674, 0.39740356205770927, 0.03387999322053926, 0.08192617470013544, 0.06659391464746087, 0.03387999322053926, 0.03387999322053926]
Timestep: 278, Trans probs: [0.2372204861646371, 0.08641359185534318, 0.40018169007256965, 0.026478243323025716, 0.11628660531064483, 0.08046289662772804, 0.026478243323025716, 0.026478243323025716]
Timestep: 279, Trans probs: [0.25664256698252186, 0.08438177309102966, 0.38781705631407987, 0.02642017801393812, 0.1132710271294053, 0.07862704244114896, 0.02642017801393812, 0.02642017801393812]
Timestep: 280, Trans probs: [0.3132637774700133, 0.059988490605377406, 0.3816387880671491, 0.03355582258833856, 0.07956125046980285, 0.06488022562264148, 0.03355582258833856, 0.03355582258833856]
Timestep: 281, Trans probs: [0.24901829164519754, 0.08242161078208173, 0.37587962812735265, 0.026365852885959093, 0.1367268091608776, 0.07685610162661326, 0.026365852885959093, 0.026365852885959093]
Timestep: 282, Trans probs: [0.32831882788938527, 0.030025614910744333, 0.3944481214410252, 0.028832509555137116, 0.10640498542625215, 0.054304921667181795, 0.028832509555137116, 0.028832509555137116]
Timestep: 283, Trans probs: [0.2416977137906224, 0.08052068952117769, 0.39072056313303866, 0.026288515122163084, 0.13305925290496975, 0.07513623528370218, 0.026288515122163084, 0.026288515122163084]
Timestep: 284, Trans probs: [0.2176264122684819, 0.11356477325382716, 0.22278553211318639, 0.05713526959262231, 0.21748220399401536, 0.05713526959262231, 0.05713526959262231, 0.05713526959262231]
Timestep: 285, Trans probs: [0.2346065284441463, 0.1049281425376942, 0.37876149907868195, 0.026233739670591377, 0.12951677739014544, 0.07348583353755801, 0.026233739670591377, 0.026233739670591377]
Timestep: 286, Trans probs: [0.34586783816202943, 0.030020032768559423, 0.3806159116098419, 0.028872195263455726, 0.10350147820997406, 0.053378153459228056, 0.028872195263455726, 0.028872195263455726]
Timestep: 287, Trans probs: [0.33385077616032366, 0.030019086529338337, 0.39619181105892565, 0.028914917361016867, 0.1007050034290277, 0.05248857073933392, 0.028914917361016867, 0.028914917361016867]
Timestep: 288, Trans probs: [0.3222472182016839, 0.030028628152911935, 0.4111721075854178, 0.028966662701137937, 0.09801277752791306, 0.05163928042865941, 0.028966662701137937, 0.028966662701137937]
Timestep: 289, Trans probs: [0.3110394699853985, 0.030049374734489258, 0.42557563716024627, 0.02902821528875602, 0.09542123422243386, 0.05082963803116407, 0.02902821528875602, 0.02902821528875602]
Timestep: 290, Trans probs: [0.2278102611056723, 0.10230613558103419, 0.39346983262416907, 0.02614485283154006, 0.12610327874741895, 0.07187593344708543, 0.02614485283154006, 0.02614485283154006]
Timestep: 291, Trans probs: [0.3293113990933326, 0.0300818382250188, 0.4103204260217248, 0.029100148101132886, 0.0929269787243973, 0.05005891363212786, 0.029100148101132886, 0.029100148101132886]
Timestep: 292, Trans probs: [0.31775019797627446, 0.030112835037613125, 0.42479009882468327, 0.029169175735911518, 0.09052334539727017, 0.04931599555642439, 0.029169175735911518, 0.029169175735911518]
Timestep: 293, Trans probs: [0.22122745486286713, 0.09977961731345115, 0.40761278007581486, 0.02607986396869054, 0.12280763782934982, 0.07033291801244539, 0.02607986396869054, 0.02607986396869054]
Timestep: 294, Trans probs: [0.3358308074211893, 0.030154395900123976, 0.40945214070191377, 0.02924750848137022, 0.08821086999715996, 0.0486092605355023, 0.02924750848137022, 0.02924750848137022]
Timestep: 295, Trans probs: [0.3344174077814619, 0.058575722342639996, 0.3666468511861849, 0.033258967038461734, 0.07732217547388207, 0.0632609421004459, 0.033258967038461734, 0.033258967038461734]
Timestep: 296, Trans probs: [0.3239290124090986, 0.03019432931740868, 0.3946742128398195, 0.029322870878002345, 0.11530560707789161, 0.04792822572177456, 0.029322870878002345, 0.029322870878002345]
Timestep: 297, Trans probs: [0.31259655595838703, 0.03017949882533867, 0.4099575546881858, 0.029341617764510493, 0.11201143076115945, 0.0472301064733977, 0.029341617764510493, 0.029341617764510493]
Timestep: 298, Trans probs: [0.21484706764238323, 0.09734404280346855, 0.42121648148078106, 0.0260381708947354, 0.11962407776555414, 0.0688538176236068, 0.0260381708947354, 0.0260381708947354]
Timestep: 299, Trans probs: [0.23467826018497756, 0.09499524606289275, 0.40828590365493356, 0.026019128207064438, 0.11654733253543155, 0.06743587294057138, 0.026019128207064438, 0.026019128207064438]
Timestep: 300, Trans probs: [0.33103649198715784, 0.03017802697691918, 0.39525648181987216, 0.029372576745377115, 0.10884259120527527, 0.046568677774644185, 0.029372576745377115, 0.029372576745377115]
Timestep: 301, Trans probs: [0.2278515151351095, 0.09272412207551341, 0.4217947108177266, 0.025997590952099667, 0.11357330891711309, 0.06606357019823834, 0.025997590952099667, 0.025997590952099667]
Timestep: 302, Trans probs: [0.3214923082056219, 0.057243513416062104, 0.38535798787048403, 0.03299075384323446, 0.07520210309995658, 0.061731825878171935, 0.03299075384323446, 0.03299075384323446]
Timestep: 303, Trans probs: [0.2212264546534519, 0.09053373345163136, 0.40880473488534735, 0.02599706378443235, 0.13669574604087117, 0.0647481396154011, 0.02599706378443235, 0.02599706378443235]
Timestep: 304, Trans probs: [0.3419099948537298, 0.055991850911474135, 0.37033931391401537, 0.032756687466747834, 0.07319693494692413, 0.060291842973613105, 0.032756687466747834, 0.032756687466747834]
Timestep: 305, Trans probs: [0.34877786628282886, 0.03017840671062995, 0.3811041002936133, 0.029404180849309083, 0.10579343245657304, 0.04593365170842758, 0.029404180849309083, 0.029404180849309083]
Timestep: 306, Trans probs: [0.21485094071867303, 0.0884082692640762, 0.3963292865766172, 0.025970293801753228, 0.15903941439580316, 0.06346120763957067, 0.025970293801753228, 0.025970293801753228]
Timestep: 307, Trans probs: [0.3658417074174419, 0.03018294299172114, 0.36747307335020574, 0.029438800438277495, 0.10285987248784631, 0.045326002437952324, 0.029438800438277495, 0.029438800438277495]
Timestep: 308, Trans probs: [0.20871019714693267, 0.08634856914112365, 0.41025700872042287, 0.025925831792522322, 0.1547000347247661, 0.062206694889187605, 0.025925831792522322, 0.025925831792522322]
Timestep: 309, Trans probs: [0.22865883919484725, 0.08436502502125856, 0.3977616708804498, 0.025903185486365683, 0.15049828194193587, 0.06100662650241162, 0.025903185486365683, 0.025903185486365683]
Timestep: 310, Trans probs: [0.38224882846360414, 0.030193500353573117, 0.3543382547226329, 0.02947835963793703, 0.10003795573322152, 0.04474638181315717, 0.02947835963793703, 0.02947835963793703]
Timestep: 311, Trans probs: [0.22206748616685099, 0.08244618225137035, 0.41157189318730564, 0.02587744912924463, 0.14643791756120292, 0.05984417344553625, 0.02587744912924463, 0.02587744912924463]
Timestep: 312, Trans probs: [0.32876985849833645, 0.05480969807294564, 0.3885564764900139, 0.03254630122425535, 0.07129521213474704, 0.05892985113119092, 0.03254630122425535, 0.03254630122425535]
Timestep: 313, Trans probs: [0.39801968123799986, 0.030211568481016037, 0.3416765043078328, 0.029524402472310148, 0.09732386482227569, 0.0441951737339452, 0.029524402472310148, 0.029524402472310148]
Timestep: 314, Trans probs: [0.3835961011394519, 0.030238317958955506, 0.3590446663551926, 0.029578149112506665, 0.09471392748682002, 0.04367253972205981, 0.029578149112506665, 0.029578149112506665]
Timestep: 315, Trans probs: [0.3697027935251133, 0.030267864289856988, 0.3757524311290579, 0.029633707137124283, 0.09220303311649532, 0.043172756528103685, 0.029633707137124283, 0.029633707137124283]
Timestep: 316, Trans probs: [0.21567176065833277, 0.08059824796988799, 0.3990035675413904, 0.02587209030725708, 0.16837771364846119, 0.058732439260156546, 0.02587209030725708, 0.02587209030725708]
Timestep: 317, Trans probs: [0.235355129549555, 0.07880440824869273, 0.38690216261694677, 0.025849871233574725, 0.1637422362083804, 0.05764644967570093, 0.025849871233574725, 0.025849871233574725]
Timestep: 318, Trans probs: [0.38600832169278654, 0.030302058441479457, 0.3621257731731407, 0.029692976582719157, 0.08978824035869674, 0.04269667658573899, 0.029692976582719157, 0.029692976582719157]
Timestep: 319, Trans probs: [0.37192753046100274, 0.030341668234465928, 0.37874980771350303, 0.02975676497752162, 0.08746643897936965, 0.04224425967909384, 0.02975676497752162, 0.02975676497752162]
Timestep: 320, Trans probs: [0.3583614051600709, 0.030385139762823095, 0.3947354070368408, 0.029823540449019942, 0.08523392316522929, 0.04181350352797609, 0.029823540449019942, 0.029823540449019942]
Timestep: 321, Trans probs: [0.34528729436606004, 0.030434007428223445, 0.4101007793654239, 0.029894878812685405, 0.08308818262554234, 0.04140509977669399, 0.029894878812685405, 0.029894878812685405]
Timestep: 322, Trans probs: [0.33268420550623107, 0.030489498514292394, 0.42486392959641384, 0.029972045399579775, 0.08102672872843196, 0.041019501455891456, 0.029972045399579775, 0.029972045399579775]
Timestep: 323, Trans probs: [0.32053267680069386, 0.03055257566825198, 0.43904256605685454, 0.030056037830017555, 0.07904710846243695, 0.04065695952170995, 0.030056037830017555, 0.030056037830017555]
Timestep: 324, Trans probs: [0.31620816651693934, 0.05369756987497291, 0.40586075684042955, 0.03236462284737691, 0.0694941080489662, 0.05764553017656115, 0.03236462284737691, 0.03236462284737691]
Timestep: 325, Trans probs: [0.308814655208674, 0.0306239735295839, 0.4225064111227368, 0.030147622913943527, 0.10729453744202622, 0.040317553955148445, 0.030147622913943527, 0.030147622913943527]
Timestep: 326, Trans probs: [0.297686916145928, 0.030629373701587557, 0.43700083572570786, 0.03017208654880825, 0.10423159593525051, 0.03993501884510141, 0.03017208654880825, 0.03017208654880825]
Timestep: 327, Trans probs: [0.2285607475372016, 0.07706901960048312, 0.4010362109051897, 0.025825727663859124, 0.15926205082948672, 0.056594788136061364, 0.025825727663859124, 0.025825727663859124]
Timestep: 328, Trans probs: [0.3171751014086436, 0.03064869121286762, 0.420676085030494, 0.030209795933321126, 0.10129066684273458, 0.03958006770529693, 0.030209795933321126, 0.030209795933321126]
Timestep: 329, Trans probs: [0.2219679503715443, 0.07539893444436874, 0.41465962619141666, 0.025820789325069992, 0.15492110946595772, 0.055590011551502574, 0.025820789325069992, 0.025820789325069992]
Timestep: 330, Trans probs: [0.3359059571138979, 0.03066439484900695, 0.40499955952895317, 0.030243157932445364, 0.09846418532497513, 0.039236429385830884, 0.030243157932445364, 0.030243157932445364]
Timestep: 331, Trans probs: [0.3041876566515002, 0.05265221693445408, 0.4223031795917784, 0.03221116701232315, 0.06778832658652174, 0.05643511919877619, 0.03221116701232315, 0.03221116701232315]
Timestep: 332, Trans probs: [0.32362652996083485, 0.030679677125180608, 0.3899371372987809, 0.030275407051048878, 0.12602399253680024, 0.03890644192525691, 0.030275407051048878, 0.030275407051048878]
Timestep: 333, Trans probs: [0.29267509590991314, 0.05167049030822141, 0.43793079979110844, 0.032085229558843985, 0.06617290850083889, 0.05529501681338614, 0.032085229558843985, 0.032085229558843985]
Timestep: 334, Trans probs: [0.27774066333276937, 0.04888281675232024, 0.3470343614310149, 0.04888281675232024, 0.08942028241313933, 0.09027342581379526, 0.04888281675232024, 0.04888281675232024]
Timestep: 335, Trans probs: [0.31195783461599547, 0.030642998968347577, 0.3756354519872091, 0.030254781213622513, 0.15245626650919655, 0.03854310427838369, 0.030254781213622513, 0.030254781213622513]
Timestep: 336, Trans probs: [0.21556757884585173, 0.07379163009805825, 0.4277926729701789, 0.02583477839253274, 0.1507132887368502, 0.054630494171462526, 0.02583477839253274, 0.02583477839253274]
Timestep: 337, Trans probs: [0.23521868127786383, 0.07224475188965844, 0.4145868172683655, 0.025867352747756225, 0.14663300588209827, 0.05371468543874536, 0.025867352747756225, 0.025867352747756225]
Timestep: 338, Trans probs: [0.28164073745000445, 0.05074935750812706, 0.42080110672936427, 0.031985948943151904, 0.06464321377127946, 0.08620773771176903, 0.031985948943151904, 0.031985948943151904]
Timestep: 339, Trans probs: [0.2712548343935621, 0.04981051457158179, 0.404721373200688, 0.031814822189047624, 0.09495071751184085, 0.08381809375518438, 0.031814822189047624, 0.031814822189047624]
Timestep: 340, Trans probs: [0.22835432548729323, 0.07074442416777638, 0.40181884413425295, 0.02589346346718684, 0.16857777038241878, 0.052824245426698155, 0.02589346346718684, 0.02589346346718684]
Timestep: 341, Trans probs: [0.3310455952270878, 0.0305701956416543, 0.3620277808627601, 0.030197208585285, 0.14760444132926903, 0.038160361183373695, 0.030197208585285, 0.030197208585285]
Timestep: 342, Trans probs: [0.22173365911913753, 0.06928289539474058, 0.41542012922640253, 0.025900067568992227, 0.16391380514894063, 0.05194930840380209, 0.025900067568992227, 0.025900067568992227]
Timestep: 343, Trans probs: [0.24123053199190878, 0.06787808437501267, 0.4026107813119667, 0.02592463487721422, 0.15939109291493184, 0.05111560477453747, 0.02592463487721422, 0.02592463487721422]
Timestep: 344, Trans probs: [0.3493428492779853, 0.03050552378867371, 0.3489626862244754, 0.030147166023177366, 0.14294945463017258, 0.037797988009160774, 0.030147166023177366, 0.030147166023177366]
Timestep: 345, Trans probs: [0.3367743041094544, 0.03045098999623249, 0.36651575940967085, 0.030106697375547053, 0.1384816212732488, 0.03745723308475248, 0.030106697375547053, 0.030106697375547053]
Timestep: 346, Trans probs: [0.2341599577222572, 0.0665161180764292, 0.4161700740320627, 0.02594422274477795, 0.15501554418824257, 0.05030563774667449, 0.02594422274477795, 0.02594422274477795]
Timestep: 347, Trans probs: [0.35476705160796934, 0.030408071310807364, 0.35326204987933324, 0.030077312919875497, 0.1341919912257982, 0.03713889721646525, 0.030077312919875497, 0.030077312919875497]
Timestep: 348, Trans probs: [0.34196671715157034, 0.030374035392587727, 0.3705772452776155, 0.03005629517170552, 0.13007317090024248, 0.036839945762867435, 0.03005629517170552, 0.03005629517170552]
Timestep: 349, Trans probs: [0.22729327692961918, 0.06520750207424021, 0.4292497564183777, 0.02598072758568726, 0.15077281772135534, 0.049534464099345796, 0.02598072758568726, 0.02598072758568726]
Timestep: 350, Trans probs: [0.26318294070801473, 0.047281975547379985, 0.37583552304252904, 0.047281975547379985, 0.0855243958624744, 0.086329238197462, 0.047281975547379985, 0.047281975547379985]
Timestep: 351, Trans probs: [0.2206222015212629, 0.06395046484099094, 0.41583286947512305, 0.026033954962375733, 0.14665770188255356, 0.07483489739294232, 0.026033954962375733, 0.026033954962375733]
Timestep: 352, Trans probs: [0.35969947283768405, 0.030350222918829203, 0.3571366588435408, 0.030045013587126787, 0.12611747087728303, 0.03656113376128252, 0.030045013587126787, 0.030045013587126787]
Timestep: 353, Trans probs: [0.3466727530162323, 0.030334153355485352, 0.3742521817657988, 0.030041001047964012, 0.12231820104955138, 0.03629970766904006, 0.030041001047964012, 0.030041001047964012]
Timestep: 354, Trans probs: [0.2596625987748894, 0.10745124477582504, 0.21008643128832563, 0.05442421316058644, 0.2051028725186141, 0.05442421316058644, 0.05442421316058644, 0.05442421316058644]
Timestep: 355, Trans probs: [0.33413925537862166, 0.06037255308765896, 0.360626592428196, 0.03004550452047312, 0.11866870700328168, 0.036056378540822415, 0.03004550452047312, 0.03004550452047312]
Timestep: 356, Trans probs: [0.24529828496417388, 0.10197065313822402, 0.25065411168729257, 0.05203851164884051, 0.19392290361494746, 0.05203851164884051, 0.05203851164884051, 0.05203851164884051]
Timestep: 357, Trans probs: [0.21422893596053047, 0.0627012039200753, 0.4290598573483763, 0.02602960717559666, 0.14269291345104132, 0.07322826779318659, 0.02602960717559666, 0.02602960717559666]
Timestep: 358, Trans probs: [0.29305379855848523, 0.04886438639889373, 0.38960383240530455, 0.031587252989643884, 0.09220216367032553, 0.08151405999805926, 0.031587252989643884, 0.031587252989643884]
Timestep: 359, Trans probs: [0.28245469640184523, 0.04796729167245826, 0.3751686542391276, 0.03137660439216516, 0.12095979918361989, 0.07931974532645339, 0.03137660439216516, 0.03137660439216516]
Timestep: 360, Trans probs: [0.32234129928161326, 0.08907374769222808, 0.34780869166077183, 0.02995724955023311, 0.11516784913988044, 0.03573666357480702, 0.02995724955023311, 0.02995724955023311]
Timestep: 361, Trans probs: [0.311182012683378, 0.08670058369499724, 0.3655008986482123, 0.029810733866831682, 0.111811839595037, 0.03537246377788065, 0.029810733866831682, 0.029810733866831682]
Timestep: 362, Trans probs: [0.20802373707917912, 0.06150484730491557, 0.4157532903897608, 0.02604545271821383, 0.16489783445658485, 0.07168393261491827, 0.02604545271821383, 0.02604545271821383]
Timestep: 363, Trans probs: [0.3301419510094424, 0.08443300719633867, 0.35272680899973424, 0.029687035704218656, 0.10859795232780371, 0.03503917335402507, 0.029687035704218656, 0.029687035704218656]
Timestep: 364, Trans probs: [0.3187193000160134, 0.08226331515388492, 0.37003263162708555, 0.029578978940833785, 0.10551825171226321, 0.0347295646682515, 0.029578978940833785, 0.029578978940833785]
Timestep: 365, Trans probs: [0.307728229477951, 0.08018847722727962, 0.3865973996568142, 0.029490750898218846, 0.10256652152243151, 0.0344471194208672, 0.029490750898218846, 0.029490750898218846]
Timestep: 366, Trans probs: [0.2971443433697023, 0.07820426397538682, 0.4024553352557945, 0.02942261541594001, 0.09973654897705342, 0.034191662174242944, 0.02942261541594001, 0.02942261541594001]
Timestep: 367, Trans probs: [0.20204088335701584, 0.060335763517649944, 0.4289869967368851, 0.026041361157098136, 0.16033185042118897, 0.07018042249596572, 0.026041361157098136, 0.026041361157098136]
Timestep: 368, Trans probs: [0.2956297379240391, 0.045874729154432074, 0.35613545023101456, 0.045874729154432074, 0.08198793198889584, 0.08274796323832223, 0.045874729154432074, 0.045874729154432074]
Timestep: 369, Trans probs: [0.19623545386773086, 0.059217463781716696, 0.4156749515259089, 0.02605740514748735, 0.15590601575161586, 0.09479389963056573, 0.02605740514748735, 0.02605740514748735]
Timestep: 370, Trans probs: [0.31632027198714074, 0.07630669816851869, 0.38826379335957856, 0.029374605321010234, 0.09702258680204316, 0.03396283371968821, 0.029374605321010234, 0.029374605321010234]
Timestep: 371, Trans probs: [0.3054006649764077, 0.07448602363014195, 0.40394993201192625, 0.02933312992046452, 0.09441657138155558, 0.03374741823857494, 0.02933312992046452, 0.02933312992046452]
Timestep: 372, Trans probs: [0.27243147553759445, 0.0470758043501794, 0.39266605252696624, 0.031131214610590725, 0.11722573645767895, 0.07720728729580868, 0.031131214610590725, 0.031131214610590725]
Timestep: 373, Trans probs: [0.29487306736448343, 0.07274431397267907, 0.3896727115388426, 0.029309406886284004, 0.12122594701416237, 0.033555739450980546, 0.029309406886284004, 0.029309406886284004]
Timestep: 374, Trans probs: [0.19065914114002247, 0.05810856676957253, 0.4289735817552801, 0.026029678330429188, 0.15164462791462224, 0.09252504742921512, 0.026029678330429188, 0.026029678330429188]
Timestep: 375, Trans probs: [0.31409090149926067, 0.07104820112633609, 0.37609474952986627, 0.029241696601392784, 0.11771222660920107, 0.033328831431157516, 0.029241696601392784, 0.029241696601392784]
Timestep: 376, Trans probs: [0.30335713387885227, 0.06942219312572441, 0.39221979713232724, 0.029182341675211595, 0.1143375352441523, 0.033116315593309034, 0.029182341675211595, 0.029182341675211595]
Timestep: 377, Trans probs: [0.2930104226091266, 0.06786858358637309, 0.4076741930646924, 0.029141259962102824, 0.11109565643117121, 0.032927364422328326, 0.029141259962102824, 0.029141259962102824]
Timestep: 378, Trans probs: [0.28303093576101085, 0.06638454854069745, 0.42248656223087533, 0.02911855308499667, 0.10798050068617307, 0.03276179352625323, 0.02911855308499667, 0.02911855308499667]
Timestep: 379, Trans probs: [0.27340071356519485, 0.06496739174811517, 0.4366837270083238, 0.02911415032870963, 0.1049864411819238, 0.032619275510313524, 0.02911415032870963, 0.02911415032870963]
Timestep: 380, Trans probs: [0.2641034651433426, 0.0636145440823117, 0.45029081707309876, 0.029127842886686177, 0.10210827422548735, 0.03249937081570098, 0.029127842886686177, 0.029127842886686177]
Timestep: 381, Trans probs: [0.25512439056564845, 0.06232356066821665, 0.46333138061606727, 0.029159311113911818, 0.09934118278007804, 0.03240155202825414, 0.029159311113911818, 0.029159311113911818]
Timestep: 382, Trans probs: [0.24645002395350432, 0.06109211635410846, 0.4758274953866572, 0.029208146208542063, 0.09668070268234168, 0.0323252229977621, 0.029208146208542063, 0.029208146208542063]
Timestep: 383, Trans probs: [0.23806809420270783, 0.05991799998488385, 0.48779987832801075, 0.02927386745751896, 0.09412269127410822, 0.03226973383773242, 0.02927386745751896, 0.02927386745751896]
Timestep: 384, Trans probs: [0.22996740057089224, 0.05879910784842298, 0.4992679928290958, 0.02935593595620548, 0.09166329821992535, 0.03223439266304721, 0.02935593595620548, 0.02935593595620548]
Timestep: 385, Trans probs: [0.18525169906999914, 0.05705041573285165, 0.44177060133562146, 0.026024109845759317, 0.1475173422931531, 0.0903376120310967, 0.026024109845759317, 0.026024109845759317]
Timestep: 386, Trans probs: [0.25159146643409375, 0.05773343659249635, 0.4807963872933347, 0.02945376553409665, 0.0892989383227081, 0.03221847475507718, 0.02945376553409665, 0.02945376553409665]
Timestep: 387, Trans probs: [0.2429046569141483, 0.05669619779380998, 0.49259766373544556, 0.02953243276164986, 0.08701613575741078, 0.03218804751423572, 0.02953243276164986, 0.02953243276164986]
Timestep: 388, Trans probs: [0.23451189346345738, 0.055709601509038635, 0.5038999639676291, 0.029626235217270463, 0.08482360860312066, 0.03217622680494294, 0.029626235217270463, 0.029626235217270463]
Timestep: 389, Trans probs: [0.22640276958763725, 0.05477186366627703, 0.5147208945599424, 0.029734646652995852, 0.08271816881672797, 0.03218236341042783, 0.029734646652995852, 0.029734646652995852]
Timestep: 390, Trans probs: [0.21856771555938537, 0.05388126836177571, 0.5250771286831492, 0.029857096867149446, 0.08069682167265083, 0.03220577512159055, 0.029857096867149446, 0.029857096867149446]
Timestep: 391, Trans probs: [0.21099790861909043, 0.0530361629791593, 0.5349844906798752, 0.029992979211337267, 0.07875674705493228, 0.032245753032931056, 0.029992979211337267, 0.029992979211337267]
Timestep: 392, Trans probs: [0.20368519096586366, 0.052234953158135006, 0.5444580369757827, 0.030141656788525702, 0.07689528189183306, 0.03230156664280853, 0.030141656788525702, 0.030141656788525702]
Timestep: 393, Trans probs: [0.19662199467407918, 0.05147609775717486, 0.5535121329185344, 0.03030246763393259, 0.07510990371304543, 0.03237246803536836, 0.03030246763393259, 0.03030246763393259]
Timestep: 394, Trans probs: [0.18980127283016138, 0.05075810392713706, 0.562160525213841, 0.030474729115642387, 0.07339821531261226, 0.03245769536932118, 0.030474729115642387, 0.030474729115642387]
Timestep: 395, Trans probs: [0.18000552369370013, 0.05604098238111651, 0.45408711808597857, 0.026040020785415743, 0.1435181960492062, 0.0882281174337514, 0.026040020785415743, 0.026040020785415743]
Timestep: 396, Trans probs: [0.2138741780623555, 0.05007952238994089, 0.5397586679497348, 0.030657741746486618, 0.07175793050291847, 0.03255647585559041, 0.030657741746486618, 0.030657741746486618]
Timestep: 397, Trans probs: [0.17491373968639481, 0.05507836801374069, 0.4659425903104833, 0.026076716853733715, 0.13964177866171437, 0.08619337276646571, 0.026076716853733715, 0.026076716853733715]
Timestep: 398, Trans probs: [0.23706331277585102, 0.049399907435969316, 0.5183574695965553, 0.030799991580945804, 0.07016095783472036, 0.032618377614066635, 0.030799991580945804, 0.030799991580945804]
Timestep: 399, Trans probs: [0.16997013205665726, 0.0541607948300713, 0.47735496150787166, 0.02613349410544321, 0.13588318116782924, 0.0842304481212409, 0.02613349410544321, 0.02613349410544321]
Timestep: 400, Trans probs: [0.2628254227837515, 0.04624497053419399, 0.40929938904121793, 0.030921253857625976, 0.11366330503212105, 0.07520315103583765, 0.030921253857625976, 0.030921253857625976]
Timestep: 401, Trans probs: [0.16516908473182312, 0.05328659698915885, 0.46213114527853894, 0.026209642704825883, 0.15844759289831412, 0.08233665198768728, 0.026209642704825883, 0.026209642704825883]
Timestep: 402, Trans probs: [0.2593820752839905, 0.04872559194296364, 0.4978983630712184, 0.030910385575756368, 0.06861075702309745, 0.03265205595146109, 0.030910385575756368, 0.030910385575756368]
Timestep: 403, Trans probs: [0.2843550664031667, 0.04547172772302965, 0.39437403774322366, 0.030745339958529513, 0.11026204962785947, 0.0733010986271321, 0.030745339958529513, 0.030745339958529513]
Timestep: 404, Trans probs: [0.16053209733944232, 0.052422656323427186, 0.47373844345427824, 0.02625882629822859, 0.15403727639314982, 0.0804930475950167, 0.02625882629822859, 0.02625882629822859]
Timestep: 405, Trans probs: [0.24985079572568353, 0.04806175273746672, 0.47832690377772163, 0.030996465277708732, 0.09810633069389606, 0.03266482123210596, 0.030996465277708732, 0.030996465277708732]
Timestep: 406, Trans probs: [0.24081556591194608, 0.047365583519567336, 0.490855283346322, 0.031005529922386456, 0.09534203744957877, 0.03260494000542654, 0.031005529922386456, 0.031005529922386456]
Timestep: 407, Trans probs: [0.15603213301617597, 0.05160121070217439, 0.48490898603835697, 0.02632762797785435, 0.14975830405811902, 0.07871648225161047, 0.02632762797785435, 0.02632762797785435]
Timestep: 408, Trans probs: [0.17807952341906189, 0.05082070867444646, 0.46924338260288584, 0.026415330637883566, 0.14560588402739896, 0.07700450936255607, 0.026415330637883566, 0.026415330637883566]
Timestep: 409, Trans probs: [0.32536674268075044, 0.044609460686903954, 0.33796651358566415, 0.044609460686903954, 0.07875513893290559, 0.07947376205306413, 0.044609460686903954, 0.044609460686903954]
Timestep: 410, Trans probs: [0.26315528518202025, 0.04671409341492454, 0.4717649159702929, 0.0310342382993534, 0.09269584048640604, 0.032567150048296176, 0.0310342382993534, 0.0310342382993534]
Timestep: 411, Trans probs: [0.30492846396475687, 0.044735787587125014, 0.3800963726669244, 0.03058096580755891, 0.1070114436590343, 0.07148503469948254, 0.03058096580755891, 0.03058096580755891]
Timestep: 412, Trans probs: [0.2535487770827767, 0.04607755538902621, 0.4535130010984053, 0.03104752034694833, 0.12120120173882348, 0.032516903650123295, 0.03104752034694833, 0.03104752034694833]
Timestep: 413, Trans probs: [0.24443082288482962, 0.04542072761115736, 0.46724372212599696, 0.031003649997830465, 0.11748066872167504, 0.03241310866284976, 0.031003649997830465, 0.031003649997830465]
Timestep: 414, Trans probs: [0.2941618100112923, 0.044037955455180584, 0.39685179476993915, 0.03043089074702018, 0.10390369556198305, 0.06975207196054423, 0.03043089074702018, 0.03043089074702018]
Timestep: 415, Trans probs: [0.2356642362985418, 0.04480875455546769, 0.449347181200231, 0.030982429366110276, 0.1448984056236362, 0.03233413422379241, 0.030982429366110276, 0.030982429366110276]
Timestep: 416, Trans probs: [0.28381759221234104, 0.04338717164261574, 0.4128353166518024, 0.03030744241683513, 0.10093284275479429, 0.06810474948794097, 0.03030744241683513, 0.03030744241683513]
Timestep: 417, Trans probs: [0.2738712506295483, 0.04278159210331515, 0.39787661490041626, 0.030210012545125772, 0.12830161681522392, 0.06653888791611896, 0.030210012545125772, 0.030210012545125772]
Timestep: 418, Trans probs: [0.22732580961238164, 0.044185719331796096, 0.432370555842925, 0.030918327584377552, 0.17114754310169453, 0.03221538935807007, 0.030918327584377552, 0.030918327584377552]
Timestep: 419, Trans probs: [0.21938280843010471, 0.04356257046496428, 0.4470576617376124, 0.030825457740852266, 0.16544990836848905, 0.03207067777627277, 0.030825457740852266, 0.030825457740852266]
Timestep: 420, Trans probs: [0.21175197891809674, 0.04298452736418385, 0.46105231577520034, 0.030758346354068843, 0.15998252277553704, 0.03195361610477558, 0.030758346354068843, 0.030758346354068843]
Timestep: 421, Trans probs: [0.17295302407425753, 0.050049483926256626, 0.4541521624495434, 0.026479349587324612, 0.141590754586408, 0.1018165262015606, 0.026479349587324612, 0.026479349587324612]
Timestep: 422, Trans probs: [0.23513310124018175, 0.04244954402240706, 0.44367282158055155, 0.030715972212098642, 0.15473353357609473, 0.03186308294446911, 0.030715972212098642, 0.030715972212098642]
Timestep: 423, Trans probs: [0.2268883956936621, 0.04192409169084922, 0.4577342242050261, 0.030660588075396372, 0.14970978071559543, 0.0317617434686781, 0.030660588075396372, 0.030660588075396372]
Timestep: 424, Trans probs: [0.21895965249775384, 0.04143867446276944, 0.47114422890560914, 0.0306284362998136, 0.14488685619169725, 0.03168527904272953, 0.0306284362998136, 0.0306284362998136]
Timestep: 425, Trans probs: [0.16802022581818507, 0.049270483767111024, 0.46621256925956966, 0.026496954465295656, 0.13771791388043592, 0.09928794387881133, 0.026496954465295656, 0.026496954465295656]
Timestep: 426, Trans probs: [0.241950095256421, 0.040991567300836564, 0.45331468201708064, 0.030618624656532718, 0.1402550654362266, 0.03163271601983699, 0.030618624656532718, 0.030618624656532718]
Timestep: 427, Trans probs: [0.2334172749581491, 0.04054955921873202, 0.46686633278387296, 0.030594242698175882, 0.13581659932119483, 0.03156750562352332, 0.030594242698175882, 0.030594242698175882]
Timestep: 428, Trans probs: [0.22520581093566003, 0.04014336306325761, 0.4797982262497234, 0.03059093362956283, 0.131554989811305, 0.03152480905136543, 0.03059093362956283, 0.03059093362956283]
Timestep: 429, Trans probs: [0.16323745095205267, 0.048533690785751545, 0.477806023638977, 0.026536089796840304, 0.13396758424786148, 0.09684698098483636, 0.026536089796840304, 0.026536089796840304]
Timestep: 430, Trans probs: [0.24790880610135096, 0.03977150825053967, 0.46152998591738165, 0.030607915547901134, 0.12746217601407292, 0.03150377707295129, 0.030607915547901134, 0.030607915547901134]
Timestep: 431, Trans probs: [0.30921064152795463, 0.0434765523693677, 0.36461275686490197, 0.0434765523693677, 0.07579511110082848, 0.07647528102884414, 0.0434765523693677, 0.0434765523693677]
Timestep: 432, Trans probs: [0.15859869185381142, 0.047837441629817595, 0.4889510794412688, 0.02659592536280173, 0.13033486662833008, 0.09449014435836692, 0.02659592536280173, 0.02659592536280173]
Timestep: 433, Trans probs: [0.23909946887122535, 0.03940091652036327, 0.4440595639682716, 0.030608853704396873, 0.12353624251854184, 0.062077247008407395, 0.030608853704396873, 0.030608853704396873]
Timestep: 434, Trans probs: [0.15409851875154967, 0.04718016980622754, 0.4996648473975779, 0.026675635560075128, 0.12681531707337843, 0.09221424029104117, 0.026675635560075128, 0.026675635560075128]
Timestep: 435, Trans probs: [0.26130273176570823, 0.038960547361451096, 0.42766899511152545, 0.030515036283733716, 0.11977955907899623, 0.060743057831118025, 0.030515036283733716, 0.030515036283733716]
Timestep: 436, Trans probs: [0.14973202409718744, 0.0465603973689847, 0.5099631285641151, 0.026774400163195978, 0.12340490319364576, 0.09001634628647914, 0.026774400163195978, 0.026774400163195978]
Timestep: 437, Trans probs: [0.1723861760776197, 0.04597672667348995, 0.4929691353692859, 0.026891404222639602, 0.12009996428371386, 0.08789378492797187, 0.026891404222639602, 0.026891404222639602]
Timestep: 438, Trans probs: [0.19432175732904872, 0.04539151005337405, 0.4766182142264663, 0.026979338977417434, 0.1169003742655382, 0.08583012719332049, 0.026979338977417434, 0.026979338977417434]
Timestep: 439, Trans probs: [0.21554890459760717, 0.044810220103690915, 0.4608730233699621, 0.027045505075732598, 0.1138045059737, 0.08382683072784215, 0.027045505075732598, 0.027045505075732598]
Timestep: 440, Trans probs: [0.23608029314046144, 0.044237298228271486, 0.4456993257534753, 0.027095995382779264, 0.1108103868956111, 0.08188470983384281, 0.027095995382779264, 0.027095995382779264]
Timestep: 441, Trans probs: [0.2825717824834926, 0.03853425547578395, 0.4119896086723644, 0.030420150056386167, 0.11618189277483366, 0.05946201042436705, 0.030420150056386167, 0.030420150056386167]
Timestep: 442, Trans probs: [0.2726172725265785, 0.0381253002123635, 0.42730148513682203, 0.030328578918347334, 0.11273574164343829, 0.058234463725755484, 0.030328578918347334, 0.030328578918347334]
Timestep: 443, Trans probs: [0.26304136623295576, 0.03775203780795901, 0.44191629172903774, 0.030261299055111334, 0.1094343904173512, 0.05707201664736209, 0.030261299055111334, 0.030261299055111334]
Timestep: 444, Trans probs: [0.25382419610600676, 0.037413130514676055, 0.45586755894415804, 0.030217588822119907, 0.10627060557016497, 0.05597174239863458, 0.030217588822119907, 0.030217588822119907]
Timestep: 445, Trans probs: [0.2449478299534972, 0.03710722570219441, 0.46918637804576335, 0.030196646849815146, 0.10323775920170292, 0.0549308665473965, 0.030196646849815146, 0.030196646849815146]
Timestep: 446, Trans probs: [0.23639604640438336, 0.03683297042202494, 0.4819016108786811, 0.030197614556084725, 0.10032976754237681, 0.0539467610842797, 0.030197614556084725, 0.030197614556084725]
Timestep: 447, Trans probs: [0.2644199332446316, 0.04216578136276153, 0.4137589281135777, 0.03007486491786293, 0.1244160243311381, 0.06501473819430235, 0.03007486491786293, 0.03007486491786293]
Timestep: 448, Trans probs: [0.22815413968278786, 0.036589021578405045, 0.4638204934022483, 0.03021959314648504, 0.12776062891756335, 0.05301693697954033, 0.03021959314648504, 0.03021959314648504]
Timestep: 449, Trans probs: [0.25533022741892375, 0.041594799335484864, 0.42891255790831406, 0.02996731260288585, 0.1206924933131282, 0.06356798421549144, 0.02996731260288585, 0.02996731260288585]
Timestep: 450, Trans probs: [0.22030357853784532, 0.03630908976297498, 0.44665642765321784, 0.030191380340110936, 0.15406898700818863, 0.052087776017440586, 0.030191380340110936, 0.030191380340110936]
Timestep: 451, Trans probs: [0.21281515164786746, 0.036007143194484136, 0.46045546222558775, 0.03012838005024359, 0.14916755928214778, 0.051169543499182096, 0.03012838005024359, 0.03012838005024359]
Timestep: 452, Trans probs: [0.20560712968269557, 0.035738716565051516, 0.4736184156558178, 0.03009069091767297, 0.14445766248096492, 0.05030600286245135, 0.03009069091767297, 0.03009069091767297]
Timestep: 453, Trans probs: [0.24658194620114685, 0.041066741600421196, 0.4433747793962751, 0.02988644577267739, 0.1171223534707891, 0.06219484201333551, 0.02988644577267739, 0.02988644577267739]
Timestep: 454, Trans probs: [0.1986658553320263, 0.03550228040608372, 0.45609852770053977, 0.030077186717468018, 0.17000719180910193, 0.04949458459984423, 0.030077186717468018, 0.030077186717468018]
Timestep: 455, Trans probs: [0.19203244767498226, 0.035246197378190715, 0.4694363896694479, 0.030033146013430465, 0.16449392141802704, 0.048691605819060645, 0.030033146013430465, 0.030033146013430465]
Timestep: 456, Trans probs: [0.18564647279851035, 0.03502170967309472, 0.4821623399528002, 0.030013524162622655, 0.15919017330525176, 0.04793873178247506, 0.030013524162622655, 0.030013524162622655]
Timestep: 457, Trans probs: [0.17949632136222562, 0.03482736002346321, 0.4943049583724465, 0.030017201448219084, 0.15408612127865695, 0.0472336346185505, 0.030017201448219084, 0.030017201448219084]
Timestep: 458, Trans probs: [0.3366525950022093, 0.042468822519951085, 0.3466630788971876, 0.042468822519951085, 0.07308237466037151, 0.07372666136042735, 0.042468822519951085, 0.042468822519951085]
Timestep: 459, Trans probs: [0.17357145718665387, 0.0346617236932307, 0.47584765702828924, 0.030043056084332654, 0.14917282952693256, 0.07661716431189572, 0.030043056084332654, 0.030043056084332654]
Timestep: 460, Trans probs: [0.2287945339139277, 0.04367633925650405, 0.45820155289961384, 0.027135901914571933, 0.10791579711373449, 0.08000407107250414, 0.027135901914571933, 0.027135901914571933]
Timestep: 461, Trans probs: [0.2489223552381882, 0.0431502736453863, 0.4430300724747926, 0.027194219491978946, 0.10512011441597899, 0.07819452574971714, 0.027194219491978946, 0.027194219491978946]
Timestep: 462, Trans probs: [0.19792226272741106, 0.034428724781773896, 0.45844486972307025, 0.029989803487329793, 0.14448336156842842, 0.074751370737327, 0.029989803487329793, 0.029989803487329793]
Timestep: 463, Trans probs: [0.24114003708872578, 0.04263577544697368, 0.4556352021421137, 0.02724328525140997, 0.10241685649064115, 0.07644227307731573, 0.02724328525140997, 0.02724328525140997]
Timestep: 464, Trans probs: [0.221285295354143, 0.03418607453677164, 0.44182996543327696, 0.029918550364782703, 0.1399912446609533, 0.07295176892050693, 0.029918550364782703, 0.029918550364782703]
Timestep: 465, Trans probs: [0.21386134862043651, 0.033940831891701904, 0.4557811110401942, 0.02983704593886738, 0.13568642333858502, 0.07121914729248034, 0.02983704593886738, 0.02983704593886738]
Timestep: 466, Trans probs: [0.23359189407289455, 0.0421541401370908, 0.46776089858695996, 0.027309603671492787, 0.09980708818063459, 0.07475716800794185, 0.027309603671492787, 0.027309603671492787]
Timestep: 467, Trans probs: [0.23649564906610374, 0.03372825808040253, 0.43930692341618577, 0.02978266987594263, 0.13155163631759717, 0.06956952349188295, 0.02978266987594263, 0.02978266987594263]
Timestep: 468, Trans probs: [0.22850376805063566, 0.03351434309339208, 0.4532554969818571, 0.02972010393409861, 0.12758530873101093, 0.06798077134080854, 0.02972010393409861, 0.02972010393409861]
Timestep: 469, Trans probs: [0.2208036592492216, 0.03333054547306351, 0.46657438515150645, 0.029682563897856777, 0.12377533163457699, 0.06646838679806127, 0.029682563897856777, 0.029682563897856777]
Timestep: 470, Trans probs: [0.21338111887329703, 0.033175568612991105, 0.4792933263202314, 0.029669004317672994, 0.12011418146321422, 0.06502879177724714, 0.029669004317672994, 0.029669004317672994]
Timestep: 471, Trans probs: [0.22626920915789772, 0.041704326017473085, 0.47942396218349126, 0.027392728217565644, 0.0972874563018258, 0.07313686168661535, 0.027392728217565644, 0.027392728217565644]
Timestep: 472, Trans probs: [0.23590166820175532, 0.03304812671124389, 0.46176145788386813, 0.029678364279587133, 0.11659499674416786, 0.06365865762020345, 0.029678364279587133, 0.029678364279587133]
Timestep: 473, Trans probs: [0.227882883182111, 0.03291218443431302, 0.47463918272874067, 0.029673370208607584, 0.11321244199364475, 0.06233319703536775, 0.029673370208607584, 0.029673370208607584]
Timestep: 474, Trans probs: [0.22014837610428584, 0.032802069399886565, 0.48694510103870403, 0.029689910048842357, 0.10996215949431017, 0.06107256381628639, 0.029689910048842357, 0.029689910048842357]
Timestep: 475, Trans probs: [0.21268581305483994, 0.03271668390654546, 0.49870389623990036, 0.029727072752577643, 0.10683842382004052, 0.05987396472094075, 0.029727072752577643, 0.029727072752577643]
Timestep: 476, Trans probs: [0.32045727400247787, 0.041562772896861964, 0.37151026754665356, 0.041562772896861964, 0.07058528246369482, 0.07119608439972577, 0.041562772896861964, 0.041562772896861964]
Timestep: 477, Trans probs: [0.21916406698056887, 0.0412853090371124, 0.49064009849936135, 0.027492169207273032, 0.0948548614316895, 0.07157915642944876, 0.027492169207273032, 0.027492169207273032]
Timestep: 478, Trans probs: [0.23815694622222447, 0.04057974375555751, 0.45717996354012164, 0.029831285622316444, 0.11369771599723202, 0.06089177361791497, 0.029831285622316444, 0.029831285622316444]
Timestep: 479, Trans probs: [0.23003888499889397, 0.04013199183825798, 0.44055902715207235, 0.029800808559684387, 0.14021219887745398, 0.05965547145426856, 0.029800808559684387, 0.029800808559684387]
Timestep: 480, Trans probs: [0.21226927676772564, 0.04089608372418405, 0.47381660762413635, 0.027607400791694645, 0.12011383613914678, 0.07008199336972319, 0.027607400791694645, 0.027607400791694645]
Timestep: 481, Trans probs: [0.2054839837156359, 0.032654931618126756, 0.4801546143596747, 0.029783929995094816, 0.10383597310948, 0.08851870721179815, 0.029783929995094816, 0.029783929995094816]
Timestep: 482, Trans probs: [0.1986300826462808, 0.03252826275178614, 0.49237839190718274, 0.02976901256370665, 0.10093863930716222, 0.08621758569646834, 0.02976901256370665, 0.02976901256370665]
Timestep: 483, Trans probs: [0.1920224829272226, 0.032429583225826036, 0.5040383328677093, 0.029778457917283726, 0.09815920841037687, 0.08401501881701397, 0.029778457917283726, 0.029778457917283726]
Timestep: 484, Trans probs: [0.18565038622221242, 0.03235744581233235, 0.51516032683008, 0.029810974166652085, 0.09549238186168925, 0.08190653677372982, 0.029810974166652085, 0.029810974166652085]
Timestep: 485, Trans probs: [0.17950399970402664, 0.03231044749811783, 0.5257683338548979, 0.029865297668536073, 0.09293330123521512, 0.07988802470213441, 0.029865297668536073, 0.029865297668536073]
Timestep: 486, Trans probs: [0.2520294474920395, 0.03966786704991628, 0.42474907717789256, 0.029732612413951944, 0.1359126353541069, 0.05844313568418891, 0.029732612413951944, 0.029732612413951944]
Timestep: 487, Trans probs: [0.24347359925177298, 0.039217044083386304, 0.40960118455295086, 0.02966097992885391, 0.16144949944515752, 0.05727573288017064, 0.02966097992885391, 0.02966097992885391]
Timestep: 488, Trans probs: [0.23530690816916508, 0.038759066164280556, 0.3951647808406735, 0.02956365118195508, 0.1859420774911719, 0.05613621378884353, 0.02956365118195508, 0.02956365118195508]
Timestep: 489, Trans probs: [0.17357442237716514, 0.03228722795700049, 0.5059443908082897, 0.029940193360843206, 0.12041769388003162, 0.07795568489498339, 0.029940193360843206, 0.029940193360843206]
Timestep: 490, Trans probs: [0.20565066170440532, 0.040481603823725315, 0.4854033338912397, 0.027674004213460224, 0.11683147687814148, 0.06861091106210743, 0.027674004213460224, 0.027674004213460224]
Timestep: 491, Trans probs: [0.22699400740298653, 0.04009852516477414, 0.4687709522417148, 0.02775868101032275, 0.11365997019531116, 0.06720050196424501, 0.02775868101032275, 0.02775868101032275]
Timestep: 492, Trans probs: [0.1978650819617413, 0.03221223701788792, 0.4871210253727067, 0.029958103125058002, 0.11685430857203209, 0.07607303770045798, 0.029958103125058002, 0.029958103125058002]
Timestep: 493, Trans probs: [0.19125636821159514, 0.03211650290580654, 0.499090618824749, 0.02995099488686638, 0.11343069869215082, 0.07425282670509928, 0.02995099488686638, 0.02995099488686638]
Timestep: 494, Trans probs: [0.18488736348612825, 0.0320476730328734, 0.5105026847607896, 0.02996789513025369, 0.1101427279052628, 0.07251586542418469, 0.02996789513025369, 0.02996789513025369]
Timestep: 495, Trans probs: [0.21979665779743712, 0.03971607215131819, 0.48058371018524004, 0.027826184094617467, 0.11059519637321674, 0.06582981120893558, 0.027826184094617467, 0.027826184094617467]
Timestep: 496, Trans probs: [0.20875519920450983, 0.032004312889545125, 0.4913752578187848, 0.030007490791435994, 0.10698440144890839, 0.0708583562639439, 0.030007490791435994, 0.030007490791435994]
Timestep: 497, Trans probs: [0.20168034307589047, 0.031940069658282895, 0.5031130635868953, 0.03002244912485382, 0.10394616251749138, 0.06925301378687852, 0.03002244912485382, 0.03002244912485382]
Timestep: 498, Trans probs: [0.19485946985972993, 0.031900458585253325, 0.5143091562822628, 0.030059448553659846, 0.1010298493999235, 0.06772272021185081, 0.030059448553659846, 0.030059448553659846]
Timestep: 499, Trans probs: [0.21282143952581856, 0.03936367544966531, 0.4919285912356542, 0.02791106166550131, 0.10763607895776335, 0.06451702983459452, 0.02791106166550131, 0.02791106166550131]
