Timestep: 0, Trans probs: [0.125, 0.125, 0.125, 0.125, 0.125, 0.125, 0.125, 0.125]
Timestep: 1, Trans probs: [0.1111111111111111, 0.1111111111111111, 0.1111111111111111, 0.1111111111111111, 0.1111111111111111, 0.2222222222222222, 0.1111111111111111, 0.1111111111111111]
Timestep: 2, Trans probs: [0.125, 0.125, 0.125, 0.125, 0.125, 0.125, 0.125, 0.125]
Timestep: 3, Trans probs: [0.2222222222222222, 0.1111111111111111, 0.1111111111111111, 0.1111111111111111, 0.1111111111111111, 0.1111111111111111, 0.1111111111111111, 0.1111111111111111]
Timestep: 4, Trans probs: [0.1111111111111111, 0.1111111111111111, 0.1111111111111111, 0.1111111111111111, 0.1111111111111111, 0.2222222222222222, 0.1111111111111111, 0.1111111111111111]
Timestep: 5, Trans probs: [0.10073272687952248, 0.10073272687952248, 0.20146545375904495, 0.10073272687952248, 0.10073272687952248, 0.19413818496382024, 0.10073272687952248, 0.10073272687952248]
Timestep: 6, Trans probs: [0.1111111111111111, 0.1111111111111111, 0.1111111111111111, 0.1111111111111111, 0.1111111111111111, 0.2222222222222222, 0.1111111111111111, 0.1111111111111111]
Timestep: 7, Trans probs: [0.20146545375904495, 0.10073272687952248, 0.10073272687952248, 0.10073272687952248, 0.10073272687952248, 0.19413818496382024, 0.10073272687952248, 0.10073272687952248]
Timestep: 8, Trans probs: [0.125, 0.125, 0.125, 0.125, 0.125, 0.125, 0.125, 0.125]
Timestep: 9, Trans probs: [0.17701691632919841, 0.09315235015856804, 0.09315235015856804, 0.09315235015856804, 0.18630470031713608, 0.1709166325608253, 0.09315235015856804, 0.09315235015856804]
Timestep: 10, Trans probs: [0.18630470031713608, 0.09315235015856804, 0.17701691632919841, 0.09315235015856804, 0.09315235015856804, 0.1709166325608253, 0.09315235015856804, 0.09315235015856804]
Timestep: 11, Trans probs: [0.19413818496382024, 0.10073272687952248, 0.20146545375904495, 0.10073272687952248, 0.10073272687952248, 0.10073272687952248, 0.10073272687952248, 0.10073272687952248]
Timestep: 12, Trans probs: [0.15786339738785526, 0.08728789911215101, 0.17457579822430203, 0.08728789911215101, 0.16567945144687407, 0.15272975649236467, 0.08728789911215101, 0.08728789911215101]
Timestep: 13, Trans probs: [0.22524781551615614, 0.08239357629288831, 0.15717142944390913, 0.08239357629288831, 0.1495501014056627, 0.13845634846271873, 0.08239357629288831, 0.08239357629288831]
Timestep: 14, Trans probs: [0.2782247962878561, 0.07950677758588566, 0.14190857070451487, 0.07950677758588566, 0.13554860561469909, 0.12629091704938725, 0.07950677758588566, 0.07950677758588566]
Timestep: 15, Trans probs: [0.16567945144687407, 0.08728789911215101, 0.15786339738785526, 0.08728789911215101, 0.08728789911215101, 0.24001765560451568, 0.08728789911215101, 0.08728789911215101]
Timestep: 16, Trans probs: [0.14761869158278232, 0.08383652077222564, 0.22509579121574746, 0.08383652077222564, 0.08383652077222564, 0.20810291334034195, 0.08383652077222564, 0.08383652077222564]
Timestep: 17, Trans probs: [0.133041923518632, 0.08160129188704057, 0.27712887388131396, 0.08160129188704057, 0.08160129188704057, 0.1818227431648512, 0.08160129188704057, 0.08160129188704057]
Timestep: 18, Trans probs: [0.12118321270168714, 0.0809068461628666, 0.314905524814319, 0.0809068461628666, 0.0809068461628666, 0.1593770316696608, 0.0809068461628666, 0.0809068461628666]
Timestep: 19, Trans probs: [0.2222222222222222, 0.1111111111111111, 0.1111111111111111, 0.1111111111111111, 0.1111111111111111, 0.1111111111111111, 0.1111111111111111, 0.1111111111111111]
Timestep: 20, Trans probs: [0.11193290202285769, 0.08135533233637285, 0.2590056895530217, 0.08135533233637285, 0.1627106646727457, 0.1409294144058836, 0.08135533233637285, 0.08135533233637285]
Timestep: 21, Trans probs: [0.10445206152324743, 0.07967410793208834, 0.3033038131107605, 0.07967410793208834, 0.14559885831913283, 0.1279488353185059, 0.07967410793208834, 0.07967410793208834]
Timestep: 22, Trans probs: [0.19413818496382024, 0.10073272687952248, 0.20146545375904495, 0.10073272687952248, 0.10073272687952248, 0.10073272687952248, 0.10073272687952248, 0.10073272687952248]
Timestep: 23, Trans probs: [0.09903157733351296, 0.07973610473507131, 0.25388449970229277, 0.07973610473507131, 0.21081015430777428, 0.11732934971613462, 0.07973610473507131, 0.07973610473507131]
Timestep: 24, Trans probs: [0.09449500602544716, 0.07918319293343654, 0.29656085922883124, 0.07918319293343654, 0.18319626325503371, 0.10901509975694168, 0.07918319293343654, 0.07918319293343654]
Timestep: 25, Trans probs: [0.1709166325608253, 0.09315235015856804, 0.27016926648776646, 0.09315235015856804, 0.09315235015856804, 0.09315235015856804, 0.09315235015856804, 0.09315235015856804]
Timestep: 26, Trans probs: [0.23790835397333182, 0.07871603182356511, 0.20742192575300383, 0.07871603182356511, 0.12361094774361917, 0.11619464523578463, 0.07871603182356511, 0.07871603182356511]
Timestep: 27, Trans probs: [0.09149412327178577, 0.0796750927129374, 0.24746667071338738, 0.0796750927129374, 0.23963680133892043, 0.10270203382415663, 0.0796750927129374, 0.0796750927129374]
Timestep: 28, Trans probs: [0.08896621732381996, 0.0797729178351508, 0.2900606203266193, 0.0797729178351508, 0.20419732699423757, 0.09768416401472022, 0.0797729178351508, 0.0797729178351508]
Timestep: 29, Trans probs: [0.20661180505193438, 0.07782869408598363, 0.2597776447022605, 0.07782869408598363, 0.11414770030853232, 0.10814807359333829, 0.07782869408598363, 0.07782869408598363]
Timestep: 30, Trans probs: [0.16776924138959481, 0.08036966679889833, 0.24117190761419344, 0.08036966679889833, 0.17551419293072007, 0.0940659908698982, 0.08036966679889833, 0.08036966679889833]
Timestep: 31, Trans probs: [0.14976140372232544, 0.07898518659388261, 0.28818810438362114, 0.07898518659388261, 0.15603326916893712, 0.09007647634958575, 0.07898518659388261, 0.07898518659388261]
Timestep: 32, Trans probs: [0.18002978735923705, 0.0778392439096639, 0.30005659768245146, 0.0778392439096639, 0.10665869822780008, 0.10189794109185579, 0.0778392439096639, 0.0778392439096639]
Timestep: 33, Trans probs: [0.2388760783703753, 0.08881615840642433, 0.2282269711910786, 0.08881615840642433, 0.08881615840642433, 0.08881615840642433, 0.08881615840642433, 0.08881615840642433]
Timestep: 34, Trans probs: [0.20328441330855188, 0.08596525846641047, 0.1949587774265748, 0.08596525846641047, 0.17193051693282094, 0.08596525846641047, 0.08596525846641047, 0.08596525846641047]
Timestep: 35, Trans probs: [0.178894351347175, 0.08264504364459811, 0.17206395190471171, 0.08264504364459811, 0.2358164785251226, 0.08264504364459811, 0.08264504364459811, 0.08264504364459811]
Timestep: 36, Trans probs: [0.1576540911028746, 0.07873816991267837, 0.25034394267266763, 0.07873816991267837, 0.1797319586814868, 0.09731732789225739, 0.07873816991267837, 0.07873816991267837]
Timestep: 37, Trans probs: [0.2135773160636558, 0.07904747431532955, 0.24304427470663975, 0.07904747431532955, 0.13944643601286177, 0.08774207595552451, 0.07904747431532955, 0.07904747431532955]
Timestep: 38, Trans probs: [0.14156613373534402, 0.07797489065236399, 0.29423143911776245, 0.07797489065236399, 0.15935670150381337, 0.09294616303362425, 0.07797489065236399, 0.07797489065236399]
Timestep: 39, Trans probs: [0.26426991185523335, 0.07860498119579784, 0.20911497759449937, 0.07860498119579784, 0.1266709694030161, 0.08552421636405981, 0.07860498119579784, 0.07860498119579784]
Timestep: 40, Trans probs: [0.2391173264349799, 0.0807515673213538, 0.15285781370602522, 0.0807515673213538, 0.20426702325222584, 0.0807515673213538, 0.0807515673213538, 0.0807515673213538]
Timestep: 41, Trans probs: [0.2060819549276852, 0.07973021802860483, 0.13726001186137002, 0.07973021802860483, 0.2580069430679205, 0.07973021802860483, 0.07973021802860483, 0.07973021802860483]
Timestep: 42, Trans probs: [0.22431217588188626, 0.07878695265548426, 0.18108142631694177, 0.07878695265548426, 0.1952482988467278, 0.08421028833250711, 0.07878695265548426, 0.07878695265548426]
Timestep: 43, Trans probs: [0.12812672277488776, 0.0784715140390498, 0.3258069082908026, 0.0784715140390498, 0.14201848386091775, 0.09016182891719272, 0.0784715140390498, 0.0784715140390498]
Timestep: 44, Trans probs: [0.2732273000938875, 0.07804746537030292, 0.16038366665598866, 0.07804746537030292, 0.17178649641257415, 0.08241267535633798, 0.07804746537030292, 0.07804746537030292]
Timestep: 45, Trans probs: [0.125, 0.125, 0.125, 0.125, 0.125, 0.125, 0.125, 0.125]
Timestep: 46, Trans probs: [0.2640689827193933, 0.09315235015856804, 0.17701691632919841, 0.09315235015856804, 0.09315235015856804, 0.09315235015856804, 0.09315235015856804, 0.09315235015856804]
Timestep: 47, Trans probs: [0.23184577707013898, 0.15654452979565486, 0.1430569268393473, 0.07827226489782743, 0.15202902488882974, 0.08170694671254691, 0.07827226489782743, 0.07827226489782743]
Timestep: 48, Trans probs: [0.20412108956280298, 0.1416085209499957, 0.20704107878181555, 0.07662951320435296, 0.13785990030257886, 0.07948087078974808, 0.07662951320435296, 0.07662951320435296]
Timestep: 49, Trans probs: [0.18112374139443507, 0.12932613334187237, 0.2590280760628397, 0.07548484590893721, 0.12622004464096973, 0.07784746683307148, 0.07548484590893721, 0.07548484590893721]
Timestep: 50, Trans probs: [0.1608948887520755, 0.11905046181314448, 0.2993845575060283, 0.07555505916831179, 0.11654122429046065, 0.07746369013335563, 0.07555505916831179, 0.07555505916831179]
Timestep: 51, Trans probs: [0.11739794267904054, 0.07977100586156927, 0.3469639054008955, 0.07977100586156927, 0.12792462114792397, 0.08862950732586294, 0.07977100586156927, 0.07977100586156927]
Timestep: 52, Trans probs: [0.1906090998299652, 0.08140202066818411, 0.2788487125635262, 0.08140202066818411, 0.11698594545617172, 0.08794815947760032, 0.08140202066818411, 0.08140202066818411]
Timestep: 53, Trans probs: [0.22021586094110923, 0.11075431652141098, 0.2519622622628195, 0.07669588495818543, 0.10878949520132698, 0.07819041019877707, 0.07669588495818543, 0.07669588495818543]
Timestep: 54, Trans probs: [0.19084205340614754, 0.10407318195139535, 0.29308251633380655, 0.077075466124099, 0.10251569133258727, 0.07826015860376624, 0.077075466124099, 0.077075466124099]
Timestep: 55, Trans probs: [0.1788282213113349, 0.07946714065961866, 0.20417483459678862, 0.07946714065961866, 0.2196612407937832, 0.07946714065961866, 0.07946714065961866, 0.07946714065961866]
Timestep: 56, Trans probs: [0.16611450484742643, 0.08085578326049221, 0.3158595637183815, 0.08085578326049221, 0.10863639931355104, 0.08596639907867228, 0.08085578326049221, 0.08085578326049221]
Timestep: 57, Trans probs: [0.16622741950180014, 0.09902801852503704, 0.245409017108592, 0.07811924904448354, 0.1759410465497461, 0.07903675118137407, 0.07811924904448354, 0.07811924904448354]
Timestep: 58, Trans probs: [0.14868787540150744, 0.09430948915234316, 0.2901522842349871, 0.07738991656267924, 0.1565482336162508, 0.0781323679068738, 0.07738991656267924, 0.07738991656267924]
Timestep: 59, Trans probs: [0.2369917009056531, 0.0786476566392369, 0.17867427320700535, 0.0786476566392369, 0.1910957426911571, 0.0786476566392369, 0.0786476566392369, 0.0786476566392369]
Timestep: 60, Trans probs: [0.1338478920044625, 0.09118123543300279, 0.24484444348589626, 0.07790571104154168, 0.2179210388161722, 0.07848825713584132, 0.07790571104154168, 0.07790571104154168]
Timestep: 61, Trans probs: [0.12229851755695445, 0.08839871631362477, 0.28833920682657666, 0.07785095667096877, 0.1890968841466787, 0.0783138051432591, 0.07785095667096877, 0.07785095667096877]
Timestep: 62, Trans probs: [0.11308066880019525, 0.08676623602734344, 0.32054697070558524, 0.07857862719658416, 0.164932333485323, 0.07893790939180051, 0.07857862719658416, 0.07857862719658416]
Timestep: 63, Trans probs: [0.10599543953272413, 0.08608595656298734, 0.34285552754854715, 0.07989121696947253, 0.14522637579923195, 0.08016304964809175, 0.07989121696947253, 0.07989121696947253]
Timestep: 64, Trans probs: [0.10076585145510897, 0.08604588278978995, 0.35735291334595337, 0.08146583554069985, 0.12977103222408792, 0.08166681356296024, 0.08146583554069985, 0.08146583554069985]
Timestep: 65, Trans probs: [0.2045403333771583, 0.07824945737733048, 0.23627740650764464, 0.07824945737733048, 0.1679349732285446, 0.07824945737733048, 0.07824945737733048, 0.07824945737733048]
Timestep: 66, Trans probs: [0.14598046835128992, 0.08137911175477652, 0.3408228571366118, 0.08137911175477652, 0.10242875278516123, 0.08525147470783102, 0.08137911175477652, 0.08137911175477652]
Timestep: 67, Trans probs: [0.2565648486623131, 0.07805916251594154, 0.20374803751121942, 0.07805916251594154, 0.1493913012467598, 0.07805916251594154, 0.07805916251594154, 0.07805916251594154]
Timestep: 68, Trans probs: [0.09703636531823964, 0.08635535215179195, 0.2832194917030974, 0.08303200642445079, 0.20111493269214237, 0.08317783886137625, 0.08303200642445079, 0.08303200642445079]
Timestep: 69, Trans probs: [0.09320614465160933, 0.08499846742667452, 0.31872068800391895, 0.08244468824750754, 0.17318388400334625, 0.0825567511719284, 0.08244468824750754, 0.08244468824750754]
Timestep: 70, Trans probs: [0.2187295884338758, 0.07828185999511453, 0.25545534279621224, 0.07828185999511453, 0.13440576879433933, 0.07828185999511453, 0.07828185999511453, 0.07828185999511453]
Timestep: 71, Trans probs: [0.09084176183347022, 0.0846950306063603, 0.2597296515253176, 0.08278250483353379, 0.23351961275267863, 0.0828664287815719, 0.08278250483353379, 0.08278250483353379]
Timestep: 72, Trans probs: [0.08852199917414953, 0.08381004038473548, 0.3003319478945174, 0.08234393713533607, 0.1978959296184078, 0.0824082715221816, 0.08234393713533607, 0.08234393713533607]
Timestep: 73, Trans probs: [0.08719755824111163, 0.08364729925801649, 0.32932992927008614, 0.08254265329994509, 0.169606126828028, 0.08259112650292245, 0.08254265329994509, 0.08254265329994509]
Timestep: 74, Trans probs: [0.1301909315705555, 0.08246680056029096, 0.2741303808118654, 0.08246680056029096, 0.180483983948105, 0.08532750142831022, 0.08246680056029096, 0.08246680056029096]
Timestep: 75, Trans probs: [0.20027039555938111, 0.08135400187917877, 0.23220729858662695, 0.08135400187917877, 0.15850071503470958, 0.08360558330256722, 0.08135400187917877, 0.08135400187917877]
Timestep: 76, Trans probs: [0.18846329367894635, 0.0786383421925373, 0.2958198233137536, 0.0786383421925373, 0.12252517204461344, 0.0786383421925373, 0.0786383421925373, 0.0786383421925373]
Timestep: 77, Trans probs: [0.1699108428776021, 0.08405225369252169, 0.26551401806616787, 0.08323635960774245, 0.14754164451179944, 0.08327216202868153, 0.08323635960774245, 0.08323635960774245]
Timestep: 78, Trans probs: [0.1504939977689845, 0.08225436171037172, 0.30808443973528243, 0.08160589641486479, 0.1327151596830852, 0.08163435185768174, 0.08160589641486479, 0.08160589641486479]
Timestep: 79, Trans probs: [0.13435159502377353, 0.08203780266297656, 0.3367040777532854, 0.08154067693397657, 0.1207220023447754, 0.08156249141325929, 0.08154067693397657, 0.08154067693397657]
Timestep: 80, Trans probs: [0.12166220183751314, 0.08273754309143001, 0.35459246720617027, 0.08236765116652872, 0.11152095189296349, 0.08238388247233708, 0.08236765116652872, 0.08236765116652872]
Timestep: 81, Trans probs: [0.17553259830846737, 0.07991632737490717, 0.2012118800132603, 0.07991632737490717, 0.22186347151466004, 0.08172674066398358, 0.07991632737490717, 0.07991632737490717]
Timestep: 82, Trans probs: [0.16370542531756646, 0.07952262846437683, 0.32551876097364024, 0.07952262846437683, 0.11316267138690908, 0.07952262846437683, 0.07952262846437683, 0.07952262846437683]
Timestep: 83, Trans probs: [0.14390122274133327, 0.0808194120499959, 0.26515495377371484, 0.0808194120499959, 0.18684676323497243, 0.0808194120499959, 0.0808194120499959, 0.0808194120499959]
Timestep: 84, Trans probs: [0.1956709802735017, 0.08381109348611736, 0.2815869641013356, 0.0835419951877543, 0.10475117302866906, 0.08355380354711332, 0.0835419951877543, 0.0835419951877543]
Timestep: 85, Trans probs: [0.1111111111111111, 0.1111111111111111, 0.1111111111111111, 0.1111111111111111, 0.1111111111111111, 0.2222222222222222, 0.1111111111111111, 0.1111111111111111]
Timestep: 86, Trans probs: [0.22384405886199818, 0.08873250525385619, 0.2437609096148647, 0.08873250525385619, 0.08873250525385619, 0.08873250525385619, 0.08873250525385619, 0.08873250525385619]
Timestep: 87, Trans probs: [0.12989754549478474, 0.08012545436557812, 0.3056932364081029, 0.08012545436557812, 0.16378194626922177, 0.08012545436557812, 0.08012545436557812, 0.08012545436557812]
Timestep: 88, Trans probs: [0.16925923986418967, 0.16549803279858896, 0.235625134723128, 0.08264508376312944, 0.09902813618158603, 0.08265420514311907, 0.08264508376312944, 0.08264508376312944]
Timestep: 89, Trans probs: [0.15114373697613653, 0.14806868449762797, 0.285733089991992, 0.0803305456928335, 0.09372484839040773, 0.08033800306533528, 0.0803305456928335, 0.0803305456928335]
Timestep: 90, Trans probs: [0.1356132754325422, 0.13319113836736127, 0.3214613375189729, 0.0798356077310062, 0.09038594378308638, 0.07984148170501856, 0.0798356077310062, 0.0798356077310062]
Timestep: 91, Trans probs: [0.11868153844276255, 0.08055820628732374, 0.33389186329961434, 0.08055820628732374, 0.14463556682100445, 0.08055820628732374, 0.08055820628732374, 0.08055820628732374]
Timestep: 92, Trans probs: [0.10073272687952248, 0.10073272687952248, 0.10073272687952248, 0.10073272687952248, 0.10073272687952248, 0.2948709118433427, 0.10073272687952248, 0.10073272687952248]
Timestep: 93, Trans probs: [0.15578521201148474, 0.0788780248353244, 0.17643986948073645, 0.0788780248353244, 0.2719286217328137, 0.08033419743366757, 0.0788780248353244, 0.0788780248353244]
Timestep: 94, Trans probs: [0.21822251858286926, 0.07887933141868403, 0.15558172449143126, 0.07887933141868403, 0.23065426781904896, 0.08002416343191447, 0.07887933141868403, 0.07887933141868403]
Timestep: 95, Trans probs: [0.11008171880003557, 0.16330823116010185, 0.27055860730837084, 0.08165411558005092, 0.1294349804112881, 0.08165411558005092, 0.08165411558005092, 0.08165411558005092]
Timestep: 96, Trans probs: [0.18934583775736216, 0.0784988162757955, 0.13951530359500958, 0.0784988162757955, 0.2777340673778701, 0.07940952616657626, 0.0784988162757955, 0.0784988162757955]
Timestep: 97, Trans probs: [0.1230062504801788, 0.1211630759960658, 0.2644311148628923, 0.08056109930822185, 0.16915069150793044, 0.08056556922826708, 0.08056109930822185, 0.08056109930822185]
Timestep: 98, Trans probs: [0.18322558357918772, 0.14569157208589414, 0.23169309234857868, 0.0802150830721754, 0.11852941969763775, 0.0802150830721754, 0.0802150830721754, 0.0802150830721754]
Timestep: 99, Trans probs: [0.11348413599858449, 0.11199838925413576, 0.22748394103702993, 0.07926993342854562, 0.22995019688132565, 0.07927353654328725, 0.07926993342854562, 0.07926993342854562]
Timestep: 100, Trans probs: [0.19147029997696827, 0.08592878296906882, 0.20702821923955, 0.08592878296906882, 0.17185756593813764, 0.08592878296906882, 0.08592878296906882, 0.08592878296906882]
Timestep: 101, Trans probs: [0.16309868276725545, 0.13222447272291496, 0.2813321428642686, 0.07836572450100678, 0.10988180364153385, 0.07836572450100678, 0.07836572450100678, 0.07836572450100678]
Timestep: 102, Trans probs: [0.10595126184527882, 0.10475988150920665, 0.19736463801206192, 0.07851581343616346, 0.19934226221187615, 0.15703451611308603, 0.07851581343616346, 0.07851581343616346]
Timestep: 103, Trans probs: [0.16530268570148549, 0.07888710742947905, 0.20534225020479974, 0.07888710742947905, 0.23420954375689354, 0.07959709061890508, 0.07888710742947905, 0.07888710742947905]
Timestep: 104, Trans probs: [0.17586571128863324, 0.09845178553830804, 0.17621613176182038, 0.07641347052062712, 0.17787683104749485, 0.14234912880186207, 0.07641347052062712, 0.07641347052062712]
Timestep: 105, Trans probs: [0.15904191949726681, 0.09309392626027967, 0.23366018896993343, 0.07431975048177629, 0.1607551682567204, 0.13048954557047082, 0.07431975048177629, 0.07431975048177629]
Timestep: 106, Trans probs: [0.14415862282567557, 0.08922418694783667, 0.2799007344838805, 0.07358536755636147, 0.14558575274274185, 0.12037460033078104, 0.07358536755636147, 0.07358536755636147]
Timestep: 107, Trans probs: [0.145480940726626, 0.12096303996310637, 0.317565379266967, 0.07819260333474663, 0.10322022670431419, 0.07819260333474663, 0.07819260333474663, 0.07819260333474663]
Timestep: 108, Trans probs: [0.13081898166491263, 0.11200424443553396, 0.262874475470447, 0.07918273438416283, 0.17757136089245515, 0.07918273438416283, 0.07918273438416283, 0.07918273438416283]
Timestep: 109, Trans probs: [0.1311529845129274, 0.08688564168498245, 0.24053688000473503, 0.07428354669002825, 0.20658654299955032, 0.11198731072772006, 0.07428354669002825, 0.07428354669002825]
Timestep: 110, Trans probs: [0.14733460389885913, 0.07842581559348456, 0.25768843443328, 0.07842581559348456, 0.2022817348384061, 0.07899196445551654, 0.07842581559348456, 0.07842581559348456]
Timestep: 111, Trans probs: [0.11988181232783068, 0.10475608997131768, 0.3044150295742746, 0.07836990969645578, 0.15746742934075392, 0.07836990969645578, 0.07836990969645578, 0.07836990969645578]
Timestep: 112, Trans probs: [0.132769582997929, 0.07851711261725994, 0.2196520847759364, 0.07851711261725994, 0.25454703536445156, 0.07896284639264319, 0.07851711261725994, 0.07851711261725994]
Timestep: 113, Trans probs: [0.20001534049155476, 0.07878466093980144, 0.18920576458744348, 0.07878466093980144, 0.21650685727042315, 0.07913339389137286, 0.07878466093980144, 0.07878466093980144]
Timestep: 114, Trans probs: [0.25354920034095935, 0.07817230451579853, 0.16670961447466653, 0.07817230451579853, 0.1886000432535892, 0.07845192386759088, 0.07817230451579853, 0.07817230451579853]
Timestep: 115, Trans probs: [0.190093938075712, 0.09941775722309155, 0.25441446173033017, 0.07893397124651347, 0.14033795798481236, 0.07893397124651347, 0.07893397124651347, 0.07893397124651347]
Timestep: 116, Trans probs: [0.21698856504968775, 0.07816132755925499, 0.14824690011196756, 0.07816132755925499, 0.2437365521381385, 0.07838267246318635, 0.07816132755925499, 0.07816132755925499]
Timestep: 117, Trans probs: [0.24570488256093442, 0.09469055553203062, 0.21906298908200414, 0.07825395890681103, 0.1275257371977867, 0.07825395890681103, 0.07825395890681103, 0.07825395890681103]
Timestep: 118, Trans probs: [0.18779510956623255, 0.07826208988204016, 0.1335587631917226, 0.07826208988204016, 0.28716103936638465, 0.07843672834749962, 0.07826208988204016, 0.07826208988204016]
Timestep: 119, Trans probs: [0.1951552089022196, 0.08470583064796074, 0.20962283711869803, 0.0744604463657101, 0.18202153358390463, 0.10511325065008682, 0.0744604463657101, 0.0744604463657101]
Timestep: 120, Trans probs: [0.16368622329695814, 0.07898461489354887, 0.20073000806375033, 0.07898461489354887, 0.24052564668581028, 0.07911966237928578, 0.07898461489354887, 0.07898461489354887]
Timestep: 121, Trans probs: [0.16917937555605136, 0.0826311635966434, 0.18193748375990157, 0.0826311635966434, 0.23572732270083002, 0.0826311635966434, 0.0826311635966434, 0.0826311635966434]
Timestep: 122, Trans probs: [0.2892159151657137, 0.09116281361121654, 0.18994739850862438, 0.07810781156290454, 0.1172426264628272, 0.07810781156290454, 0.07810781156290454, 0.07810781156290454]
Timestep: 123, Trans probs: [0.2476130908730087, 0.08256600502687954, 0.1853891490753075, 0.07413270476097748, 0.16266964202446188, 0.09936399871740986, 0.07413270476097748, 0.07413270476097748]
Timestep: 124, Trans probs: [0.21490663772224244, 0.0813460599131895, 0.2390749411907834, 0.07452160463379605, 0.14616809531694058, 0.09493945195545603, 0.07452160463379605, 0.07452160463379605]
Timestep: 125, Trans probs: [0.2425106919073914, 0.08890929542359964, 0.24430673742121609, 0.07878440199865264, 0.1091356672531822, 0.07878440199865264, 0.07878440199865264, 0.07878440199865264]
Timestep: 126, Trans probs: [0.18781219243324165, 0.0805598929828495, 0.20721991111293886, 0.07507969416057617, 0.20769321304227825, 0.09147570794696332, 0.07507969416057617, 0.07507969416057617]
Timestep: 127, Trans probs: [0.16655916462992165, 0.07956344290573572, 0.2574196580234648, 0.07511828085159983, 0.1826852872898515, 0.08841760459622688, 0.07511828085159983, 0.07511828085159983]
Timestep: 128, Trans probs: [0.2066157255472673, 0.08700586422667649, 0.2871358912945373, 0.07912157979849772, 0.10275619973752818, 0.07912157979849772, 0.07912157979849772, 0.07912157979849772]
Timestep: 129, Trans probs: [0.17758556036721296, 0.08589262389073206, 0.2393123307306624, 0.07984853034147343, 0.17781536364549883, 0.07984853034147343, 0.07984853034147343, 0.07984853034147343]
Timestep: 130, Trans probs: [0.14596809076185568, 0.07855926216624648, 0.17544897294279932, 0.07855926216624648, 0.2071198872653574, 0.15722600036500173, 0.07855926216624648, 0.07855926216624648]
Timestep: 131, Trans probs: [0.23627225362250806, 0.08369068051933808, 0.20709247070036277, 0.07882916709734802, 0.15762792676839898, 0.07882916709734802, 0.07882916709734802, 0.07882916709734802]
Timestep: 132, Trans probs: [0.1486941002527026, 0.07927903152519925, 0.22119292282151645, 0.07573217630775528, 0.2372935290018612, 0.08634388747545457, 0.07573217630775528, 0.07573217630775528]
Timestep: 133, Trans probs: [0.13295552048635306, 0.07659849690838888, 0.15760295624195447, 0.07659849690838888, 0.2606798611333646, 0.14236767450477222, 0.07659849690838888, 0.07659849690838888]
Timestep: 134, Trans probs: [0.21057840551315515, 0.07906900720565702, 0.192052486880971, 0.07624521003745294, 0.20487084098655267, 0.08469362930130529, 0.07624521003745294, 0.07624521003745294]
Timestep: 135, Trans probs: [0.1844077612323311, 0.07847738779089541, 0.24568802549662078, 0.07620282876773493, 0.17981033740159932, 0.08300800177534859, 0.07620282876773493, 0.07620282876773493]
Timestep: 136, Trans probs: [0.16283064903967587, 0.0783219659154988, 0.28822593571051025, 0.07650737788478844, 0.15916293579486562, 0.08193637988508415, 0.07650737788478844, 0.07650737788478844]
Timestep: 137, Trans probs: [0.12192550277857457, 0.07621593563710059, 0.21813226738444177, 0.07621593563710059, 0.2255190560528791, 0.12955943123570204, 0.07621593563710059, 0.07621593563710059]
Timestep: 138, Trans probs: [0.18894307843152672, 0.07592860774277688, 0.19107057819039738, 0.07592860774277688, 0.1970637531272909, 0.11920815927967751, 0.07592860774277688, 0.07592860774277688]
Timestep: 139, Trans probs: [0.2041072884885294, 0.08220679847228522, 0.259117810105467, 0.07832283754365836, 0.14127675275908494, 0.07832283754365836, 0.07832283754365836, 0.07832283754365836]
Timestep: 140, Trans probs: [0.1683845652019751, 0.07511146733060192, 0.1701404332073828, 0.07511146733060192, 0.2501981874076429, 0.11083094486059156, 0.07511146733060192, 0.07511146733060192]
Timestep: 141, Trans probs: [0.2223112235147251, 0.07892213285086437, 0.2425598188338936, 0.07750750983707419, 0.14194442469509294, 0.08173987059420143, 0.07750750983707419, 0.07750750983707419]
Timestep: 142, Trans probs: [0.15070114723410377, 0.07522891708892054, 0.2273508306236295, 0.07522891708892054, 0.21690090541767243, 0.10413144836891214, 0.07522891708892054, 0.07522891708892054]
Timestep: 143, Trans probs: [0.26991934259666955, 0.0788765224514637, 0.20815774958821098, 0.0777589058214067, 0.12866700425671898, 0.08110266364271669, 0.0777589058214067, 0.0777589058214067]
Timestep: 144, Trans probs: [0.22815523566050536, 0.0792527593427006, 0.25839872044913, 0.07838166728248623, 0.11806042577174519, 0.08098785692846011, 0.07838166728248623, 0.07838166728248623]
Timestep: 145, Trans probs: [0.19523564078735206, 0.07960962002292549, 0.2976535644429684, 0.0789331980376584, 0.10974461948906332, 0.08095696114471546, 0.0789331980376584, 0.0789331980376584]
Timestep: 146, Trans probs: [0.1685814123757325, 0.08039701773966566, 0.32657353089676533, 0.07988113158449966, 0.10338005103710789, 0.0814245931972298, 0.07988113158449966, 0.07988113158449966]
Timestep: 147, Trans probs: [0.14739553978505948, 0.0815503828764927, 0.34652962068763754, 0.08116518314842233, 0.09871125856147427, 0.08231764864406911, 0.08116518314842233, 0.08116518314842233]
Timestep: 148, Trans probs: [0.1310767757971648, 0.08286146338123827, 0.35947269984422603, 0.08257939973216483, 0.0954275657542833, 0.08342329602659304, 0.08257939973216483, 0.08257939973216483]
Timestep: 149, Trans probs: [0.25593727825498064, 0.08148883858033384, 0.22083861608821573, 0.07842950899843264, 0.12801723108273924, 0.07842950899843264, 0.07842950899843264, 0.07842950899843264]
Timestep: 150, Trans probs: [0.11888698945051603, 0.08414090102189835, 0.28347920250550485, 0.08393763347053086, 0.177134224114232, 0.08454578249625616, 0.08393763347053086, 0.08393763347053086]
Timestep: 151, Trans probs: [0.1890011153839912, 0.0945005576919956, 0.0945005576919956, 0.0945005576919956, 0.0945005576919956, 0.24399553846403535, 0.0945005576919956, 0.0945005576919956]
Timestep: 152, Trans probs: [0.13631431577734657, 0.07540926094853559, 0.27357882017727775, 0.07540926094853559, 0.18973661288011212, 0.09873320737112132, 0.07540926094853559, 0.07540926094853559]
Timestep: 153, Trans probs: [0.10990181830158893, 0.1654464484579453, 0.23827132606766457, 0.08264395755216716, 0.15533026660866808, 0.0831182679076315, 0.08264395755216716, 0.08264395755216716]
Timestep: 154, Trans probs: [0.12440392380529045, 0.07628336156820952, 0.3091387947840844, 0.07628336156820952, 0.16661242324441072, 0.09471141189337641, 0.07628336156820952, 0.07628336156820952]
Timestep: 155, Trans probs: [0.15052446746127687, 0.08074817025275717, 0.16081022068131826, 0.08074817025275717, 0.28492446059361903, 0.08074817025275717, 0.08074817025275717, 0.08074817025275717]
Timestep: 156, Trans probs: [0.21756352579715094, 0.08112817820216678, 0.2688485086261439, 0.07873549016383993, 0.11751782671917858, 0.07873549016383993, 0.07873549016383993, 0.07873549016383993]
Timestep: 157, Trans probs: [0.1867788898025944, 0.08111528497359623, 0.22649701457617685, 0.07926224580290164, 0.18855982743602592, 0.07926224580290164, 0.07926224580290164, 0.07926224580290164]
Timestep: 158, Trans probs: [0.18273149485016238, 0.1482269789116471, 0.20808962284606353, 0.08016265539105648, 0.1399113948434596, 0.08055254237549789, 0.08016265539105648, 0.08016265539105648]
Timestep: 159, Trans probs: [0.1148178905073163, 0.07778724532323764, 0.25697856241797873, 0.07778724532323764, 0.14729897330892205, 0.1697555924728324, 0.07778724532323764, 0.07778724532323764]
Timestep: 160, Trans probs: [0.2413332562630297, 0.1346959066350884, 0.18474563958795243, 0.07778894443082855, 0.12774344455513345, 0.07811491966631044, 0.07778894443082855, 0.07778894443082855]
Timestep: 161, Trans probs: [0.2104581385170547, 0.12332047597918426, 0.24103763444778045, 0.07681951092415214, 0.11763933989840046, 0.07708587838512364, 0.07681951092415214, 0.07681951092415214]
Timestep: 162, Trans probs: [0.16479512597729687, 0.07995556033148095, 0.27515337246442767, 0.07846771559420518, 0.16622507884997373, 0.07846771559420518, 0.07846771559420518, 0.07846771559420518]
Timestep: 163, Trans probs: [0.18429485796086845, 0.11407182677033635, 0.2089384487342707, 0.07659734530797, 0.18609082346785158, 0.0768120071427629, 0.07659734530797, 0.07659734530797]
Timestep: 164, Trans probs: [0.14639692029486354, 0.07982052890408409, 0.31165162631424753, 0.0786529683112928, 0.14751905124163364, 0.0786529683112928, 0.0786529683112928, 0.0786529683112928]
Timestep: 165, Trans probs: [0.10711521070954264, 0.07713884523921649, 0.29933334326653344, 0.07713884523921649, 0.13340869828160054, 0.15158736678545734, 0.07713884523921649, 0.07713884523921649]
Timestep: 166, Trans probs: [0.1791068322011512, 0.07782741722771462, 0.2516611954423146, 0.07782741722771462, 0.12185011464273052, 0.1360721888029452, 0.07782741722771462, 0.07782741722771462]
Timestep: 167, Trans probs: [0.16435422556387486, 0.10654189440502815, 0.18464249006315953, 0.07569037609858846, 0.2415231614864883, 0.0758671001856838, 0.07569037609858846, 0.07569037609858846]
Timestep: 168, Trans probs: [0.1348901991504338, 0.08038481751203859, 0.14292486030508525, 0.08038481751203859, 0.3202608529842879, 0.08038481751203859, 0.08038481751203859, 0.08038481751203859]
Timestep: 169, Trans probs: [0.1474474645043738, 0.10059166875692974, 0.1638907173259327, 0.07558709946715012, 0.20999142056286021, 0.15131743044845317, 0.07558709946715012, 0.07558709946715012]
Timestep: 170, Trans probs: [0.15929834183640457, 0.07706548479163454, 0.2952736513140303, 0.07706548479163454, 0.1128092949647447, 0.1243567727182822, 0.07706548479163454, 0.07706548479163454]
Timestep: 171, Trans probs: [0.20867153002861516, 0.09507385989601273, 0.14873398584457756, 0.07387688509604337, 0.1878146607983924, 0.13807530814427205, 0.07387688509604337, 0.07387688509604337]
Timestep: 172, Trans probs: [0.18622288095135042, 0.09072939583343784, 0.20874825488799897, 0.07291060610612365, 0.16868999379690772, 0.1268776562119341, 0.07291060610612365, 0.07291060610612365]
Timestep: 173, Trans probs: [0.16713519722782572, 0.08729803830509061, 0.2583681669163493, 0.07240067074631114, 0.15247685800818975, 0.11751972730361125, 0.07240067074631114, 0.07240067074631114]
Timestep: 174, Trans probs: [0.15023221336660394, 0.08513538478180921, 0.29760936218170186, 0.07298851739043476, 0.13828024252503274, 0.10977724497354806, 0.07298851739043476, 0.07298851739043476]
Timestep: 175, Trans probs: [0.13562814865469472, 0.08416358285988215, 0.3267027418830274, 0.07456045364983224, 0.12617910170223845, 0.10364506395066048, 0.07456045364983224, 0.07456045364983224]
Timestep: 176, Trans probs: [0.12235599402727636, 0.08107570821709659, 0.20951684647934737, 0.08107570821709659, 0.2627486184078934, 0.08107570821709659, 0.08107570821709659, 0.08107570821709659]
Timestep: 177, Trans probs: [0.12356153173119849, 0.08408801835315455, 0.2701164554057539, 0.0767223825318921, 0.11631407757459229, 0.17575276933962442, 0.0767223825318921, 0.0767223825318921]
Timestep: 178, Trans probs: [0.11426460411888283, 0.08255584253026933, 0.3086301024545525, 0.07663908543879466, 0.1084427814253889, 0.15618941315452237, 0.07663908543879466, 0.07663908543879466]
Timestep: 179, Trans probs: [0.10694687455216347, 0.08232103598802304, 0.3356220425527556, 0.07772593048222458, 0.10242549753785228, 0.13950675792253195, 0.07772593048222458, 0.07772593048222458]
Timestep: 180, Trans probs: [0.10146364370822014, 0.08290359658495974, 0.35325231230622606, 0.07944034904917174, 0.09805596399696598, 0.12600343625611282, 0.07944034904917174, 0.07944034904917174]
Timestep: 181, Trans probs: [0.14221634852941825, 0.07766338113465132, 0.32662063633624955, 0.07766338113465132, 0.10572234801954646, 0.11478714257618058, 0.07766338113465132, 0.07766338113465132]
Timestep: 182, Trans probs: [0.1788414586150077, 0.0838679696243744, 0.28274210057443067, 0.0813203327987019, 0.09501436583661152, 0.11557310695346983, 0.0813203327987019, 0.0813203327987019]
Timestep: 183, Trans probs: [0.15719904624607225, 0.08262454632140731, 0.31940737699027655, 0.0806241065746594, 0.0913768511206102, 0.10751985959765543, 0.0806241065746594, 0.0806241065746594]
Timestep: 184, Trans probs: [0.1393020088157501, 0.08268097395407664, 0.34362156687626816, 0.08116213080053607, 0.08932620195635996, 0.10158285599593683, 0.08116213080053607, 0.08116213080053607]
Timestep: 185, Trans probs: [0.12527865958556061, 0.08343929463917119, 0.3585748606396516, 0.08231696557626096, 0.08834969799401515, 0.09740659041281859, 0.08231696557626096, 0.08231696557626096]
Timestep: 186, Trans probs: [0.11474698135551928, 0.08445105060955933, 0.3673153912003119, 0.0836383708853887, 0.08800667914655318, 0.09456478503189017, 0.0836383708853887, 0.0836383708853887]
Timestep: 187, Trans probs: [0.10707346921254547, 0.0854510509402185, 0.3722043505817753, 0.08487103572085443, 0.08798872796663419, 0.09266929413626325, 0.08487103572085443, 0.08487103572085443]
Timestep: 188, Trans probs: [0.10159459040714093, 0.08631586274042242, 0.3748460949888543, 0.08590601521700468, 0.08810902369514853, 0.09141638251741974, 0.08590601521700468, 0.08590601521700468]
Timestep: 189, Trans probs: [0.09773269590890979, 0.08700931470320747, 0.3762360382074135, 0.08672166305277619, 0.08826784544609091, 0.09058911657604975, 0.08672166305277619, 0.08672166305277619]
Timestep: 190, Trans probs: [0.12820668678173036, 0.07910669247519912, 0.347574158068925, 0.07910669247519912, 0.10044878052934464, 0.1073436047192035, 0.07910669247519912, 0.07910669247519912]
Timestep: 191, Trans probs: [0.18237049872409655, 0.087539679655083, 0.2896139430915444, 0.08733870584919493, 0.08841897832361222, 0.09004078265807904, 0.08733870584919493, 0.08733870584919493]
Timestep: 192, Trans probs: [0.158341336165221, 0.08557917876006883, 0.3260524754893799, 0.08542497480146231, 0.086253850441214, 0.08749823473972937, 0.08542497480146231, 0.08542497480146231]
Timestep: 193, Trans probs: [0.2545288406371577, 0.08936664879858751, 0.08936664879858751, 0.08936664879858751, 0.08936664879858751, 0.20927126657131723, 0.08936664879858751, 0.08936664879858751]
Timestep: 194, Trans probs: [0.13914074631183024, 0.17008140207410574, 0.263705168124963, 0.08498343493349372, 0.08559906735502953, 0.08652331133359022, 0.08498343493349372, 0.08498343493349372]
Timestep: 195, Trans probs: [0.12594466792082898, 0.15063715200273034, 0.30807839876978055, 0.08272391140542792, 0.08321522270425338, 0.08395282438612299, 0.08272391140542792, 0.08272391140542792]
Timestep: 196, Trans probs: [0.11726510510462748, 0.08088620583492465, 0.36068385811633963, 0.08088620583492465, 0.09669886900306705, 0.1018073444362673, 0.08088620583492465, 0.08088620583492465]
Timestep: 197, Trans probs: [0.19772745247997833, 0.13437699882674292, 0.2551309572284578, 0.08228904348841795, 0.0826658684015771, 0.08323159259798987, 0.08228904348841795, 0.08228904348841795]
Timestep: 198, Trans probs: [0.1090539713431493, 0.08264136510147678, 0.3684275577103688, 0.08264136510147678, 0.09412202158852379, 0.09783098895205108, 0.08264136510147678, 0.08264136510147678]
Timestep: 199, Trans probs: [0.25356583996915366, 0.12231535577455747, 0.21811578081159497, 0.08099125901806646, 0.08129021391215861, 0.08173903247833583, 0.08099125901806646, 0.08099125901806646]
Timestep: 200, Trans probs: [0.21578394838298345, 0.11284072028632404, 0.26840866647558825, 0.08042913762134349, 0.08066361585616288, 0.08101563613491092, 0.08042913762134349, 0.08042913762134349]
Timestep: 201, Trans probs: [0.1852591348665995, 0.10552929781103597, 0.3064435663257984, 0.08042643041148835, 0.08060803450338329, 0.0808806752587177, 0.08042643041148835, 0.08042643041148835]
Timestep: 202, Trans probs: [0.16051990180952203, 0.10011123914681701, 0.3334289667858294, 0.08109162610597898, 0.08122922152484084, 0.08143579241505379, 0.08109162610597898, 0.08109162610597898]
Timestep: 203, Trans probs: [0.14104977020336673, 0.09628203297716421, 0.3513764160301497, 0.08218695122522258, 0.08228892063298007, 0.08244200648067167, 0.08218695122522258, 0.08218695122522258]
Timestep: 204, Trans probs: [0.12624265536056548, 0.09368571289782408, 0.36263604429476204, 0.08343518888123361, 0.08350934523460357, 0.0836206755685441, 0.08343518888123361, 0.08343518888123361]
Timestep: 205, Trans probs: [0.2154865852141899, 0.08634487270168263, 0.17268974540336526, 0.08634487270168263, 0.08634487270168263, 0.18009930587403172, 0.08634487270168263, 0.08634487270168263]
Timestep: 206, Trans probs: [0.11531127259581112, 0.17661394054217483, 0.2847185201800559, 0.08463403959443855, 0.08468718246688489, 0.08476696543175771, 0.08463403959443855, 0.08463403959443855]
Timestep: 207, Trans probs: [0.10307106401729783, 0.08417713280961397, 0.37278788393967355, 0.08417713280961397, 0.09238967843652292, 0.09504284236804988, 0.08417713280961397, 0.08417713280961397]
Timestep: 208, Trans probs: [0.19023563510197566, 0.15478739245958395, 0.23895292229385232, 0.0831758370259321, 0.08321721175798641, 0.08327932730880547, 0.0831758370259321, 0.0831758370259321]
Timestep: 209, Trans probs: [0.16734540132438896, 0.13882038827342563, 0.28774289323657404, 0.08119494901111762, 0.08122824303880007, 0.08127822709345844, 0.08119494901111762, 0.08119494901111762]
Timestep: 210, Trans probs: [0.14788353303065252, 0.12566630360122485, 0.3224410007826799, 0.08078367365203327, 0.08080960531594975, 0.0808485363133931, 0.08078367365203327, 0.08078367365203327]
Timestep: 211, Trans probs: [0.13209996278490854, 0.11532393577923239, 0.34534018411393136, 0.08143347187124891, 0.08145305263380738, 0.08148244907437358, 0.08143347187124891, 0.08143347187124891]
Timestep: 212, Trans probs: [0.11990265682019692, 0.10755100617828427, 0.35950313726476163, 0.08259854454108448, 0.08261296122856017, 0.08263460488494356, 0.08259854454108448, 0.08259854454108448]
Timestep: 213, Trans probs: [0.21103463035492726, 0.08054363623056546, 0.2575740257359096, 0.07965206599334555, 0.13223944370521545, 0.07965206599334555, 0.07965206599334555, 0.07965206599334555]
Timestep: 214, Trans probs: [0.11083221797283654, 0.10190951618762596, 0.28391707088679324, 0.08388412181319727, 0.1677786580889474, 0.08391017142420512, 0.08388412181319727, 0.08388412181319727]
Timestep: 215, Trans probs: [0.10355657721893173, 0.09653455539464756, 0.3221204156868959, 0.08234886189782294, 0.14837250348617767, 0.08236936251987831, 0.08234886189782294, 0.08234886189782294]
Timestep: 216, Trans probs: [0.09846064613933, 0.09314277769906944, 0.34638165071066035, 0.0823997675464823, 0.13240032987734332, 0.08241529293415013, 0.0823997675464823, 0.0823997675464823]
Timestep: 217, Trans probs: [0.18260307708751486, 0.08016845828739087, 0.2986047942065438, 0.07946858119628587, 0.12074934563340695, 0.07946858119628587, 0.07946858119628587, 0.07946858119628587]
Timestep: 218, Trans probs: [0.11285983735938213, 0.08058223446760672, 0.2615942981970593, 0.08058223446760672, 0.22263469210552492, 0.08058223446760672, 0.08058223446760672, 0.08058223446760672]
Timestep: 219, Trans probs: [0.15914228145172635, 0.08062507935206119, 0.24805880570526276, 0.08008861627296833, 0.11173075212610808, 0.16017723254593666, 0.08008861627296833, 0.08008861627296833]
Timestep: 220, Trans probs: [0.09879885106286926, 0.08542415048611313, 0.37515106555662336, 0.08542415048611313, 0.09123767534367083, 0.09311580609238401, 0.08542415048611313, 0.08542415048611313]
Timestep: 221, Trans probs: [0.18217520930282402, 0.08638775756127424, 0.2900068503273845, 0.08638775756127424, 0.09047348310382886, 0.0917934270208655, 0.08638775756127424, 0.08638775756127424]
Timestep: 222, Trans probs: [0.09506662864517447, 0.0911538308974444, 0.27748271493973226, 0.08324930554088547, 0.2032881800361777, 0.08326072885881479, 0.08324930554088547, 0.08324930554088547]
Timestep: 223, Trans probs: [0.09156373321189917, 0.08853994454008027, 0.3149652563684261, 0.08243137063202838, 0.1751967554739426, 0.08244019850956671, 0.08243137063202838, 0.08243137063202838]
Timestep: 224, Trans probs: [0.1583637813676065, 0.08472546506672968, 0.3259867486085674, 0.08472546506672968, 0.0878664396343901, 0.08888117012251728, 0.08472546506672968, 0.08472546506672968]
Timestep: 225, Trans probs: [0.17217045771760975, 0.08724533464007864, 0.2575504244035064, 0.08265078989003768, 0.15242398381818817, 0.08265742975050402, 0.08265078989003768, 0.08265078989003768]
Timestep: 226, Trans probs: [0.1392740685836674, 0.08446586579436759, 0.3484998968838228, 0.08446586579436759, 0.08680365921100382, 0.08755891214403559, 0.08446586579436759, 0.08446586579436759]
Timestep: 227, Trans probs: [0.23361610919042206, 0.0846528498214106, 0.2209943314683679, 0.08097458606790794, 0.13683304956197664, 0.08097990175409892, 0.08097458606790794, 0.08097458606790794]
Timestep: 228, Trans probs: [0.20150638728475664, 0.08287513570249094, 0.2714005078746687, 0.07994584270382768, 0.12443036502049083, 0.07995007600610991, 0.07994584270382768, 0.07994584270382768]
Timestep: 229, Trans probs: [0.12475921807704617, 0.0849235731440776, 0.3617521053530298, 0.0849235731440776, 0.08662272589370823, 0.0871716580999055, 0.0849235731440776, 0.0849235731440776]
Timestep: 230, Trans probs: [0.2545928405132517, 0.08213290485418465, 0.22931223792825417, 0.07984604348929603, 0.11457453786248611, 0.07984934837393526, 0.07984604348929603, 0.07984604348929603]
Timestep: 231, Trans probs: [0.21577720720079732, 0.08168081516243093, 0.2760229137439406, 0.0799026638662961, 0.10690583871135562, 0.07990523358258719, 0.0799026638662961, 0.0799026638662961]
Timestep: 232, Trans probs: [0.11412271417734907, 0.08564105391674186, 0.36920876919632206, 0.08564105391674186, 0.08685591290615424, 0.08724838805320717, 0.08564105391674186, 0.08564105391674186]
Timestep: 233, Trans probs: [0.19288315133111336, 0.08637132393258326, 0.28689322118722244, 0.08637132393258326, 0.08723039856036184, 0.08750793319096938, 0.08637132393258326, 0.08637132393258326]
Timestep: 234, Trans probs: [0.2511519415562539, 0.0848588829927767, 0.238168949918073, 0.0848588829927767, 0.08551569299947293, 0.08572788355509339, 0.0848588829927767, 0.0848588829927767]
Timestep: 235, Trans probs: [0.1888295568460237, 0.08293671220156941, 0.23667397376056615, 0.08293671220156941, 0.08293671220156941, 0.15981290838556322, 0.08293671220156941, 0.08293671220156941]
Timestep: 236, Trans probs: [0.26504242305233583, 0.08166177768776431, 0.23106112050517708, 0.08029483435941975, 0.10105336586279118, 0.08029680981367242, 0.08029483435941975, 0.08029483435941975]
Timestep: 237, Trans probs: [0.22235526128707644, 0.08167481603447013, 0.276912673743987, 0.0806261655856494, 0.0965510711223203, 0.08062768105519795, 0.0806261655856494, 0.0806261655856494]
Timestep: 238, Trans probs: [0.2215786363590687, 0.07897667027772025, 0.2155875885701949, 0.07853896447339331, 0.10435611212806593, 0.1438840992447704, 0.07853896447339331, 0.07853896447339331]
Timestep: 239, Trans probs: [0.1937262163939789, 0.07793140905250884, 0.188861401107418, 0.07757598576714285, 0.17611585948709083, 0.1306371566575748, 0.07757598576714285, 0.07757598576714285]
Timestep: 240, Trans probs: [0.21128369219718535, 0.16749133444776834, 0.20132642082288793, 0.08374566722388417, 0.08424940593529141, 0.08441214492521439, 0.08374566722388417, 0.08374566722388417]
Timestep: 241, Trans probs: [0.266332149075039, 0.14942470433727265, 0.17696245531969373, 0.0812656547548294, 0.08167563837482508, 0.08180808862868125, 0.0812656547548294, 0.0812656547548294]
Timestep: 242, Trans probs: [0.24875335002507018, 0.07628224699601698, 0.16871369162612454, 0.07598609365540109, 0.15809358066481788, 0.12019884972176725, 0.07598609365540109, 0.07598609365540109]
Timestep: 243, Trans probs: [0.22680104187420055, 0.1342853192367848, 0.15607755785480054, 0.08034706286189255, 0.16101856982534324, 0.08077632262319333, 0.08034706286189255, 0.08034706286189255]
Timestep: 244, Trans probs: [0.1890846855433513, 0.08184233859269034, 0.230674438439914, 0.0810429401044323, 0.17422562174617343, 0.08104409536457402, 0.0810429401044323, 0.0810429401044323]
Timestep: 245, Trans probs: [0.16661816396031737, 0.08030803047651505, 0.27975483940720136, 0.07966466344669759, 0.15465938259973416, 0.0796655932161392, 0.07966466344669759, 0.07966466344669759]
Timestep: 246, Trans probs: [0.14764996660678123, 0.08005496363894594, 0.3158056573491124, 0.0795511016411183, 0.1382842776785858, 0.07955182980321963, 0.0795511016411183, 0.0795511016411183]
Timestep: 247, Trans probs: [0.10552482791636857, 0.08049839482224223, 0.22084606305968688, 0.08049839482224223, 0.2711371349127335, 0.08049839482224223, 0.08049839482224223, 0.08049839482224223]
Timestep: 248, Trans probs: [0.13218035198182618, 0.08076578846336908, 0.2600840588102082, 0.08038253757862288, 0.12505655899195164, 0.1607656290167763, 0.08038253757862288, 0.08038253757862288]
Timestep: 249, Trans probs: [0.2919261652192298, 0.07588791349165616, 0.15112707140624113, 0.07564684479419395, 0.1424823054514754, 0.11163601004881557, 0.07564684479419395, 0.07564684479419395]
Timestep: 250, Trans probs: [0.19985929771844266, 0.12295397790986201, 0.21918601380070252, 0.07811685468178614, 0.14517646212579943, 0.07847368439983496, 0.07811685468178614, 0.07811685468178614]
Timestep: 251, Trans probs: [0.2538262431824595, 0.11371486991317774, 0.1929269719090084, 0.07680779686350506, 0.1320070079732135, 0.0771015164316257, 0.07680779686350506, 0.07680779686350506]
Timestep: 252, Trans probs: [0.12096497298546463, 0.07922511800285971, 0.2248009643741258, 0.07891398366160406, 0.19409565195720746, 0.14417134169553028, 0.07891398366160406, 0.07891398366160406]
Timestep: 253, Trans probs: [0.112004206568462, 0.07766720306306381, 0.2748354184862294, 0.07741125054548087, 0.17216465468816383, 0.1310947655576384, 0.07741125054548087, 0.07741125054548087]
Timestep: 254, Trans probs: [0.1049659240393799, 0.0775913680160519, 0.312167481999868, 0.07738731449312919, 0.1529277549889672, 0.12018552747634546, 0.07738731449312919, 0.07738731449312919]
Timestep: 255, Trans probs: [0.09973637317762371, 0.07861706373931088, 0.3380507976869159, 0.0784596376430151, 0.1367386444907802, 0.11147820797632407, 0.0784596376430151, 0.0784596376430151]
Timestep: 256, Trans probs: [0.09604940265048977, 0.08021795955872463, 0.3547944574389988, 0.08009994991016367, 0.12378702135773711, 0.10485130926355862, 0.08009994991016367, 0.08009994991016367]
Timestep: 257, Trans probs: [0.09355761370434786, 0.08196005753426307, 0.3649787118858648, 0.08187360783287673, 0.11387721370019564, 0.10000557967669846, 0.08187360783287673, 0.08187360783287673]
Timestep: 258, Trans probs: [0.09192259543534435, 0.0835723075956695, 0.3708569588346655, 0.08351006345736631, 0.1065527904750589, 0.09656515728716275, 0.08351006345736631, 0.08351006345736631]
Timestep: 259, Trans probs: [0.2191388869151649, 0.10633657032541087, 0.2467325118294316, 0.07662304142758866, 0.12106339442545004, 0.0768595122217766, 0.07662304142758866, 0.07662304142758866]
Timestep: 260, Trans probs: [0.1757525221809611, 0.08492937132347897, 0.28922274366964673, 0.0848851083777633, 0.10127121320513313, 0.09416882448749027, 0.0848851083777633, 0.0848851083777633]
Timestep: 261, Trans probs: [0.15396003831848656, 0.0834711151993623, 0.3254623833966097, 0.0834367622029278, 0.09615421224174935, 0.0906419642350087, 0.0834367622029278, 0.0834367622029278]
Timestep: 262, Trans probs: [0.1362793348271135, 0.08344498806544313, 0.3482466346444492, 0.08341923908183538, 0.09295149089592245, 0.08881983432156562, 0.08341923908183538, 0.08341923908183538]
Timestep: 263, Trans probs: [0.1903750349341891, 0.10052692474842895, 0.2892134361446624, 0.07685981844130732, 0.11225697918728268, 0.07704816966151481, 0.07685981844130732, 0.07685981844130732]
Timestep: 264, Trans probs: [0.2068376540714523, 0.08413133931513322, 0.27756039146493416, 0.0841125305140649, 0.09107553265952915, 0.08805749094675644, 0.0841125305140649, 0.0841125305140649]
Timestep: 265, Trans probs: [0.17748752324150832, 0.08319789221021208, 0.3150155235042766, 0.08318343920576489, 0.08853392914974013, 0.08621481427696832, 0.08318343920576489, 0.08318343920576489]
Timestep: 266, Trans probs: [0.15391326592029833, 0.08327559023355614, 0.3402080030899865, 0.08326476267351934, 0.08727311618274299, 0.08553573655285787, 0.08326476267351934, 0.08326476267351934]
Timestep: 267, Trans probs: [0.32360484829772423, 0.07670042941595975, 0.13604320980491014, 0.07651029322665802, 0.12922489256443911, 0.10489574023699269, 0.07651029322665802, 0.07651029322665802]
Timestep: 268, Trans probs: [0.2671125900292374, 0.07829468327535917, 0.12367653437686761, 0.07814927835541197, 0.19661156669018617, 0.09985679056211379, 0.07814927835541197, 0.07814927835541197]
Timestep: 269, Trans probs: [0.1661326780768913, 0.09623295908503757, 0.3208471386552214, 0.07782050637125393, 0.10535866587330311, 0.07796703919578475, 0.07782050637125393, 0.07782050637125393]
Timestep: 270, Trans probs: [0.135695759650526, 0.08393493107152179, 0.2722060547878376, 0.08392699701262836, 0.1707911758741481, 0.08559108757808137, 0.08392699701262836, 0.08392699701262836]
Timestep: 271, Trans probs: [0.3058960663684582, 0.07825093639187002, 0.11418508144634727, 0.07813580222792128, 0.17193631827530645, 0.09532419083425409, 0.07813580222792128, 0.07813580222792128]
Timestep: 272, Trans probs: [0.1662912940352678, 0.0809933546013059, 0.2858238926235714, 0.0809933546013059, 0.0809933546013059, 0.14291804033463126, 0.0809933546013059, 0.0809933546013059]
Timestep: 273, Trans probs: [0.12318371054252437, 0.0822327781096675, 0.2311847612603439, 0.08222650102488, 0.23317618939140514, 0.08354305762141916, 0.08222650102488, 0.08222650102488]
Timestep: 274, Trans probs: [0.14627178229017002, 0.0932749240561599, 0.34288872677205084, 0.07931489445537526, 0.10019389019677082, 0.07942599331872253, 0.07931489445537526, 0.07931489445537526]
Timestep: 275, Trans probs: [0.19449398720594843, 0.08106718661927005, 0.1987877690362148, 0.0810622256777543, 0.20036164589553043, 0.0821027342097735, 0.0810622256777543, 0.0810622256777543]
Timestep: 276, Trans probs: [0.13062721950606743, 0.09137201402220504, 0.3572947013283688, 0.08103170614735207, 0.09649694871901822, 0.08111399798228432, 0.08103170614735207, 0.08103170614735207]
Timestep: 277, Trans probs: [0.25081073349284816, 0.07950295166506631, 0.17478722944837505, 0.07949893622681627, 0.17606114193488143, 0.08034113477838027, 0.07949893622681627, 0.07949893622681627]
Timestep: 278, Trans probs: [0.21528563620742075, 0.07891827354464392, 0.23368317793805632, 0.07891507710652389, 0.15578218252819873, 0.07958549846210859, 0.07891507710652389, 0.07891507710652389]
Timestep: 279, Trans probs: [0.11875074144699929, 0.09022348153077671, 0.36618194720374436, 0.08270904754109962, 0.09394783712508785, 0.08276885007009312, 0.08270904754109962, 0.08270904754109962]
Timestep: 280, Trans probs: [0.19418867432203166, 0.08956967404273122, 0.2872103432308341, 0.08418785776589471, 0.09223704693944251, 0.0842306881672763, 0.08418785776589471, 0.08418785776589471]
Timestep: 281, Trans probs: [0.2655036018365809, 0.07854686598017888, 0.20158537097169196, 0.07854432480348815, 0.13965387526117232, 0.07907731153991157, 0.07854432480348815, 0.07854432480348815]
Timestep: 282, Trans probs: [0.2542975900005983, 0.15820950666438588, 0.10679652083073923, 0.07906046162849294, 0.1512299119669545, 0.09228508565184332, 0.07906046162849294, 0.07906046162849294]
Timestep: 283, Trans probs: [0.22519228633293864, 0.07877280434776347, 0.17513324882474074, 0.07877081416659679, 0.20540098296609402, 0.07918823502867274, 0.07877081416659679, 0.07877081416659679]
Timestep: 284, Trans probs: [0.19533525602947596, 0.07825380871677708, 0.23355875254759806, 0.07825221730770875, 0.1795095311260818, 0.07858599965694091, 0.07825221730770875, 0.07825221730770875]
Timestep: 285, Trans probs: [0.2210423936096954, 0.14244916167831193, 0.17810784926986442, 0.07771086076031328, 0.1367403486205792, 0.0885276645406091, 0.07771086076031328, 0.07771086076031328]
Timestep: 286, Trans probs: [0.17135845293875146, 0.0779664635304024, 0.20184806904707012, 0.07796519411614196, 0.23669999090372004, 0.0782314412316301, 0.07796519411614196, 0.07796519411614196]
Timestep: 287, Trans probs: [0.15214259277178419, 0.07785654667485518, 0.25425024216200226, 0.0778555369547832, 0.20411669175029848, 0.07806731577671029, 0.0778555369547832, 0.0778555369547832]
Timestep: 288, Trans probs: [0.09994232136370551, 0.08070595501221858, 0.26928901550880063, 0.08070595501221858, 0.22723888806640097, 0.08070595501221858, 0.08070595501221858, 0.08070595501221858]
Timestep: 289, Trans probs: [0.195759480780975, 0.13008324291263135, 0.23586617961550485, 0.07598484352380186, 0.12531268754658023, 0.08502387857290296, 0.07598484352380186, 0.07598484352380186]
Timestep: 290, Trans probs: [0.1366200426472502, 0.07809913594807553, 0.21705819405243065, 0.07809834051289989, 0.17756409010841992, 0.15636351570512416, 0.07809834051289989, 0.07809834051289989]
Timestep: 291, Trans probs: [0.17361089688500023, 0.11974674126602955, 0.2818823898650116, 0.07537811270270423, 0.11583418559953408, 0.08279144827631191, 0.07537811270270423, 0.07537811270270423]
Timestep: 292, Trans probs: [0.12509844691192454, 0.07646585654519455, 0.19194491064247227, 0.07646519551522693, 0.23558934709319176, 0.14150585226153606, 0.07646519551522693, 0.07646519551522693]
Timestep: 293, Trans probs: [0.11559796013839481, 0.07586038494025646, 0.24607789323480742, 0.07585984481422475, 0.20587981478677042, 0.12900441245709668, 0.07585984481422475, 0.07585984481422475]
Timestep: 294, Trans probs: [0.10793884534242136, 0.07596080723262467, 0.28890039759145186, 0.07596037257674193, 0.18059140590188227, 0.11872742620139397, 0.07596037257674193, 0.07596037257674193]
Timestep: 295, Trans probs: [0.10201019248979085, 0.07694803056591355, 0.320782959628767, 0.07694768991286668, 0.1589502158481247, 0.1104655317288038, 0.07694768991286668, 0.07694768991286668]
Timestep: 296, Trans probs: [0.09765708643054276, 0.07855372667420824, 0.3429677106390076, 0.07855346701513628, 0.14105899860604515, 0.10410207660478736, 0.07855346701513628, 0.07855346701513628]
Timestep: 297, Trans probs: [0.09461773716127898, 0.08041359910813649, 0.35742973782654947, 0.08041340604087753, 0.12688885387449386, 0.09940985390690861, 0.08041340604087753, 0.08041340604087753]
Timestep: 298, Trans probs: [0.09258246608414289, 0.08223240337529382, 0.3663167176594826, 0.08223226269387904, 0.11609730946405955, 0.09607431533538408, 0.08223226269387904, 0.08223226269387904]
Timestep: 299, Trans probs: [0.1676867567424369, 0.0874016511311255, 0.3223436369001516, 0.08327162038132886, 0.08944860545247726, 0.08330448862982211, 0.08327162038132886, 0.08327162038132886]
Timestep: 300, Trans probs: [0.17509388772724188, 0.08383375329418245, 0.2876728148695955, 0.08383365235102534, 0.1081328445511815, 0.0937657425047227, 0.08383365235102534, 0.08383365235102534]
Timestep: 301, Trans probs: [0.15370897180105914, 0.08259805261440988, 0.32402970707107154, 0.08259797395837093, 0.10153217675766255, 0.09033716988068412, 0.08259797395837093, 0.08259797395837093]
Timestep: 302, Trans probs: [0.0956977004484426, 0.08097301453707874, 0.2253259699382041, 0.08097301453707874, 0.2741112569279596, 0.08097301453707874, 0.08097301453707874, 0.08097301453707874]
Timestep: 303, Trans probs: [0.154165049968342, 0.11131815739767409, 0.3163155119878187, 0.07602459640678902, 0.10820586777960298, 0.08192162364619511, 0.07602459640678902, 0.07602459640678902]
Timestep: 304, Trans probs: [0.13626065134981546, 0.08274807085526936, 0.26443086993613324, 0.08274801166481502, 0.09699642896817874, 0.1713199438961582, 0.08274801166481502, 0.08274801166481502]
Timestep: 305, Trans probs: [0.12389239070528128, 0.0810252220308918, 0.3075905130349324, 0.08102517461536508, 0.09243911321151695, 0.15197723717128217, 0.08102517461536508, 0.08102517461536508]
Timestep: 306, Trans probs: [0.11402330099308294, 0.08098428660012105, 0.33658921121634583, 0.08098425005555052, 0.08978131534397815, 0.13566913567982045, 0.08098425005555052, 0.08098425005555052]
Timestep: 307, Trans probs: [0.10656662152399665, 0.0818962348020012, 0.3546538361616977, 0.0818962075139993, 0.0884650173490283, 0.12272966762127836, 0.0818962075139993, 0.0818962075139993]
Timestep: 308, Trans probs: [0.14643391788816837, 0.08650786314574326, 0.3452973686505615, 0.08342514379305994, 0.08803574177008533, 0.08344967716626157, 0.08342514379305994, 0.08342514379305994]
Timestep: 309, Trans probs: [0.21426477299522248, 0.08638735904233374, 0.2752782944536987, 0.08413727652448517, 0.0875025604566416, 0.08415518347864782, 0.08413727652448517, 0.08413727652448517]
Timestep: 310, Trans probs: [0.18433425969870673, 0.08317236723271931, 0.2820660949610979, 0.08317234733441989, 0.08796229660921509, 0.11294793949500131, 0.08317234733441989, 0.08317234733441989]
Timestep: 311, Trans probs: [0.16098641351597456, 0.08212833482774122, 0.31929900111376613, 0.08212831931654799, 0.0858621976339336, 0.1053390949589405, 0.08212831931654799, 0.08212831931654799]
Timestep: 312, Trans probs: [0.14186288792980725, 0.08235294957120963, 0.3436857962291677, 0.08235293786574878, 0.0851706944254109, 0.09986885824715826, 0.08235293786574878, 0.08235293786574878]
Timestep: 313, Trans probs: [0.18284210245358473, 0.08505662960866678, 0.31283403756443895, 0.08333603348346702, 0.08590940332565476, 0.08334972659725373, 0.08333603348346702, 0.08333603348346702]
Timestep: 314, Trans probs: [0.13778645738308634, 0.10475950983978027, 0.3403289326705371, 0.0775547694834071, 0.10236051612545014, 0.08210027553092479, 0.0775547694834071, 0.0775547694834071]
Timestep: 315, Trans probs: [0.2102303557978326, 0.08323399391382526, 0.27541275872394655, 0.08323398530587169, 0.0853061051411568, 0.09611483050562375, 0.08323398530587169, 0.08323398530587169]
Timestep: 316, Trans probs: [0.18025081872821488, 0.08254979198124507, 0.3129468255791955, 0.08254978535896165, 0.0841439116193267, 0.09245929601513293, 0.08254978535896165, 0.08254978535896165]
Timestep: 317, Trans probs: [0.15614069807489264, 0.08277702271427256, 0.3385591125592148, 0.08277701774160168, 0.08397404673242431, 0.09021806669439073, 0.08277701774160168, 0.08277701774160168]
Timestep: 318, Trans probs: [0.1374327009985632, 0.08354117942203233, 0.35497487756025814, 0.08354117576920553, 0.08442048986258421, 0.08900722484894542, 0.08354117576920553, 0.08354117576920553]
Timestep: 319, Trans probs: [0.12341044281816606, 0.08451024446268783, 0.364947867610496, 0.08451024182598946, 0.08514495191857097, 0.08845576771211067, 0.08451024182598946, 0.08451024182598946]
Timestep: 320, Trans probs: [0.12464815144307419, 0.09988996030577008, 0.3559776021623454, 0.079496305678722, 0.09809158808748693, 0.08290378096515744, 0.079496305678722, 0.079496305678722]
Timestep: 321, Trans probs: [0.09250921919203975, 0.08128831014932558, 0.19129210869235158, 0.08128831014932558, 0.3097571213689808, 0.08128831014932558, 0.08128831014932558, 0.08128831014932558]
Timestep: 322, Trans probs: [0.09039913079222443, 0.08198891633135023, 0.16443816654235346, 0.08198891633135023, 0.25322920467732074, 0.16397783266270047, 0.08198891633135023, 0.08198891633135023]
Timestep: 323, Trans probs: [0.11318392104405853, 0.08546846252437552, 0.2852735442539137, 0.08546846064579117, 0.17138913701249495, 0.0882795532277838, 0.08546846064579117, 0.08546846064579117]
Timestep: 324, Trans probs: [0.10531669675902612, 0.08368393141404164, 0.32332185522124285, 0.08368392994774895, 0.15074765284460243, 0.08587807391784008, 0.08368392994774895, 0.08368392994774895]
Timestep: 325, Trans probs: [0.1578289431555446, 0.0847023131802774, 0.2550404395267504, 0.0834156047099517, 0.16875564521557235, 0.08342584479200027, 0.0834156047099517, 0.0834156047099517]
Timestep: 326, Trans probs: [0.18325031967363248, 0.08349024948836813, 0.2637199267678408, 0.08349024838558164, 0.13392831320784357, 0.08514044570557004, 0.08349024838558164, 0.08349024838558164]
Timestep: 327, Trans probs: [0.16098900432098867, 0.08183496183764795, 0.30667210298766956, 0.08183496096264849, 0.12185474761982076, 0.08314430034592761, 0.08183496096264849, 0.08183496096264849]
Timestep: 328, Trans probs: [0.1423536005476245, 0.08171949305660285, 0.33567023171609267, 0.08171949238632992, 0.11237571624816804, 0.08272248127252209, 0.08171949238632992, 0.08171949238632992]
Timestep: 329, Trans probs: [0.12759618305475343, 0.0824949734945805, 0.35388504128420273, 0.08249497299601427, 0.10529786123710969, 0.08324102194131086, 0.08249497299601427, 0.08249497299601427]
Timestep: 330, Trans probs: [0.14111458396933446, 0.08252750351018884, 0.300494436188552, 0.08149662744350926, 0.14986876248078065, 0.08150483152061619, 0.08149662744350926, 0.08149662744350926]
Timestep: 331, Trans probs: [0.20006211853273007, 0.08362692630984585, 0.2810459688467566, 0.08362692594717056, 0.10021457928429606, 0.08416962918485979, 0.08362692594717056, 0.08362692594717056]
Timestep: 332, Trans probs: [0.08711736457362126, 0.08035076602139742, 0.22703764983208197, 0.08035076602139742, 0.21812540810630293, 0.14631651340240415, 0.08035076602139742, 0.08035076602139742]
Timestep: 333, Trans probs: [0.17245952797015623, 0.08278851348615536, 0.23482816305239365, 0.08278851320684583, 0.09556327377753027, 0.165994982093227, 0.08278851320684583, 0.08278851320684583]
Timestep: 334, Trans probs: [0.12729411376754152, 0.08203434379239254, 0.33165642099995984, 0.08123797003071757, 0.1340569034925857, 0.08124430785536778, 0.08123797003071757, 0.08123797003071757]
Timestep: 335, Trans probs: [0.23415816060427727, 0.08049579778566342, 0.20455170376863804, 0.08049579755776234, 0.09091929235555458, 0.1483876528125797, 0.08049579755776234, 0.08049579755776234]
Timestep: 336, Trans probs: [0.20303904491938068, 0.07923989322211165, 0.25842629002391493, 0.07923989303850157, 0.0876376541428965, 0.1339374385761915, 0.07923989303850157, 0.07923989303850157]
Timestep: 337, Trans probs: [0.11646957313265642, 0.08258140531692712, 0.3514705890399582, 0.08198512195767667, 0.12153319924544098, 0.08198986739198733, 0.08198512195767667, 0.08198512195767667]
Timestep: 338, Trans probs: [0.14714055361003653, 0.0805927863182291, 0.32099031198909683, 0.0805927863182291, 0.0805927863182291, 0.1289052028097213, 0.0805927863182291, 0.0805927863182291]
Timestep: 339, Trans probs: [0.255799605157855, 0.07893558581462358, 0.22067680886735275, 0.0789355856693831, 0.08557843887189581, 0.12220280428012363, 0.0789355856693831, 0.0789355856693831]
Timestep: 340, Trans probs: [0.10836927111426194, 0.16676067428361818, 0.28014636424462425, 0.08316240654746976, 0.11207059542979696, 0.08316587528528938, 0.08316240654746976, 0.08316240654746976]
Timestep: 341, Trans probs: [0.29664340277496676, 0.07902513558858024, 0.19009555041043258, 0.07902513547476775, 0.08423056862197066, 0.1129299361797465, 0.07902513547476775, 0.07902513547476775]
Timestep: 342, Trans probs: [0.24662191699927472, 0.0797798258088575, 0.24471436081960632, 0.0797798257216005, 0.08377069175991612, 0.10577372744754374, 0.0797798257216005, 0.0797798257216005]
Timestep: 343, Trans probs: [0.20902710361518145, 0.08003400609324893, 0.28758629247368805, 0.08003400602578664, 0.08311952340574973, 0.10013105633477194, 0.08003400602578664, 0.08003400602578664]
Timestep: 344, Trans probs: [0.17901160234628796, 0.08062508767532992, 0.31955590220438185, 0.08062508762387462, 0.08297849495188779, 0.09595364995048879, 0.08062508762387462, 0.08062508762387462]
Timestep: 345, Trans probs: [0.10162223562082416, 0.14786358001010608, 0.31931642787139913, 0.08166040490361458, 0.10455338991890925, 0.08166315186791766, 0.08166040490361458, 0.08166040490361458]
Timestep: 346, Trans probs: [0.08471055143142019, 0.07928426784424973, 0.27619996068466723, 0.07928426784424973, 0.1897687709965619, 0.13218364551035183, 0.07928426784424973, 0.07928426784424973]
Timestep: 347, Trans probs: [0.2368024945142106, 0.08161495531485405, 0.2602853499569936, 0.0816149552763762, 0.08337481290243678, 0.09307752148237632, 0.0816149552763762, 0.0816149552763762]
Timestep: 348, Trans probs: [0.20033692211075285, 0.0816062471386049, 0.2999094008605493, 0.08160624710916632, 0.08295267662841163, 0.09037601193418243, 0.08160624710916632, 0.08160624710916632]
Timestep: 349, Trans probs: [0.08354556175489672, 0.0792973704423172, 0.3127583635919118, 0.0792973704423172, 0.16579474915950007, 0.12071184372442259, 0.0792973704423172, 0.0792973704423172]
Timestep: 350, Trans probs: [0.09697517637468664, 0.13218989938190934, 0.26275843336325216, 0.08177340513062784, 0.09920737329849452, 0.16354890218977378, 0.08177340513062784, 0.08177340513062784]
Timestep: 351, Trans probs: [0.17151282304340973, 0.0820458235139683, 0.24654356730173316, 0.08204582349178549, 0.08306039709875779, 0.17069991856677458, 0.08204582349178549, 0.08204582349178549]
Timestep: 352, Trans probs: [0.1522620123982859, 0.08047472365414853, 0.292940540019224, 0.08047472363634929, 0.08128880579914646, 0.15160974722014717, 0.08047472363634929, 0.08047472363634929]
Timestep: 353, Trans probs: [0.13612908820476627, 0.08036958151777067, 0.32576822757646157, 0.08036958150394542, 0.08100190542360258, 0.13562245276556267, 0.08036958150394542, 0.08036958150394542]
Timestep: 354, Trans probs: [0.09227653226742796, 0.12083816471936848, 0.3066853058993443, 0.0799468199819662, 0.09408700194186148, 0.14627253522609918, 0.0799468199819662, 0.0799468199819662]
Timestep: 355, Trans probs: [0.16952032032457678, 0.11176756202558757, 0.2563041572908826, 0.07996564295038379, 0.09096271153017862, 0.13154831997762317, 0.07996564295038379, 0.07996564295038379]
Timestep: 356, Trans probs: [0.20445071959370198, 0.08121635094463582, 0.2661384435157793, 0.08121635093421771, 0.08169284363001614, 0.12285258951321372, 0.08121635093421771, 0.08121635093421771]
Timestep: 357, Trans probs: [0.16358482969195423, 0.08017488328934824, 0.2579590252337882, 0.08017488328934824, 0.14604396937613606, 0.11171264254072848, 0.08017488328934824, 0.08017488328934824]
Timestep: 358, Trans probs: [0.17705704487036986, 0.08067145961059308, 0.22530500880082827, 0.08067145960244472, 0.08104413995014324, 0.19390796796073134, 0.08067145960244472, 0.08067145960244472]
Timestep: 359, Trans probs: [0.11455876629766913, 0.09641344861172377, 0.2841004888790017, 0.08146690668008526, 0.09509541875092517, 0.16543115742042447, 0.08146690668008526, 0.08146690668008526]
Timestep: 360, Trans probs: [0.15696698130057588, 0.07940194509448373, 0.19579389778450756, 0.07940194508792645, 0.15910379980014605, 0.17052754075650742, 0.07940194508792645, 0.07940194508792645]
Timestep: 361, Trans probs: [0.15150338156469315, 0.10439978446072376, 0.3007468442258281, 0.07846189287992189, 0.08743118721259523, 0.12053312389639419, 0.07846189287992189, 0.07846189287992189]
Timestep: 362, Trans probs: [0.21927993712616345, 0.07702030091015662, 0.17491664700240092, 0.07702030090464135, 0.14405689727381615, 0.15366531497353875, 0.07702030090464135, 0.07702030090464135]
Timestep: 363, Trans probs: [0.19380886200449748, 0.07570393172955237, 0.23268208456838158, 0.07570393172497354, 0.1313581759691338, 0.13933515055351417, 0.07570393172497354, 0.07570393172497354]
Timestep: 364, Trans probs: [0.135938676747251, 0.09901699891222135, 0.3316074995242947, 0.078685845124699, 0.085716335705441, 0.11166295373669495, 0.078685845124699, 0.078685845124699]
Timestep: 365, Trans probs: [0.24715042808990495, 0.07525903489250418, 0.20369710328166654, 0.07525903488875785, 0.12079482123297379, 0.12732150783667698, 0.07525903488875785, 0.07525903488875785]
Timestep: 366, Trans probs: [0.2139518414349696, 0.07549770759492062, 0.254449003991521, 0.07549770759190305, 0.112175622289899, 0.11743270191298066, 0.07549770759190305, 0.07549770759190305]
Timestep: 367, Trans probs: [0.1232936479157448, 0.09532919299013655, 0.3514234780580406, 0.0799303902537841, 0.08525527927503934, 0.10490723099968646, 0.0799303902537841, 0.0799303902537841]
Timestep: 368, Trans probs: [0.2623262830291563, 0.07613274935183842, 0.21838577922997818, 0.07613274934943967, 0.10528897565493962, 0.10946796468576848, 0.07613274934943967, 0.07613274934943967]
Timestep: 369, Trans probs: [0.11354530256355237, 0.09292641316910828, 0.3633236027627524, 0.08157249222652771, 0.08549866557977297, 0.09998853924523081, 0.08157249222652771, 0.08157249222652771]
Timestep: 370, Trans probs: [0.10667130476087507, 0.09229612877382253, 0.3214416148663842, 0.0804551032054697, 0.0912519524450804, 0.14697368953742893, 0.0804551032054697, 0.0804551032054697]
Timestep: 371, Trans probs: [0.30024627502137113, 0.07698678528233217, 0.18874005075161032, 0.07698678528044774, 0.09989177015980036, 0.1031747629435427, 0.07698678528044774, 0.07698678528044774]
Timestep: 372, Trans probs: [0.24990927454309766, 0.07830764430461189, 0.24251104408682736, 0.07830764430316346, 0.09591286570037731, 0.09843623845559536, 0.07830764430316346, 0.07830764430316346]
Timestep: 373, Trans probs: [0.1063188029965743, 0.0914137149316912, 0.2868798162473204, 0.08320613457692753, 0.16925044139818005, 0.09651882069545153, 0.08320613457692753, 0.08320613457692753]
Timestep: 374, Trans probs: [0.18201909247745388, 0.08837940628288234, 0.24190015619008506, 0.08193310238411934, 0.14951303782834213, 0.09238900006887864, 0.08193310238411934, 0.08193310238411934]
Timestep: 375, Trans probs: [0.2909279952341863, 0.07892362232587985, 0.20626688626234937, 0.07892362232475655, 0.09257684971236758, 0.09453377949094716, 0.07892362232475655, 0.07892362232475655]
Timestep: 376, Trans probs: [0.24177790263848353, 0.0798233802056701, 0.2569269118193712, 0.079823380204812, 0.09025336280797046, 0.09174830191406844, 0.079823380204812, 0.079823380204812]
Timestep: 377, Trans probs: [0.16137831604187441, 0.085218485051712, 0.29005681726630234, 0.07997552199413742, 0.13494021347188895, 0.08847960218581008, 0.07997552199413742, 0.07997552199413742]
Timestep: 378, Trans probs: [0.28487142990999426, 0.08029548692001687, 0.21620097044733907, 0.08029548691935837, 0.08829923374443946, 0.08944641822013531, 0.08029548691935837, 0.08029548691935837]
Timestep: 379, Trans probs: [0.23642650885511207, 0.08090155310435314, 0.265122655921379, 0.08090155310385252, 0.08698624885359665, 0.08785837395400152, 0.08090155310385252, 0.08090155310385252]
Timestep: 380, Trans probs: [0.19976991369837033, 0.0812356523324932, 0.3028765035924105, 0.08123565233211166, 0.08587313904831344, 0.08653783433207744, 0.08123565233211166, 0.08123565233211166]
Timestep: 381, Trans probs: [0.1709580414199384, 0.0818750529571957, 0.3303216032022598, 0.08187505295690896, 0.08536029993002126, 0.08585984361985805, 0.08187505295690896, 0.08187505295690896]
Timestep: 382, Trans probs: [0.10090941011886888, 0.08994832390503589, 0.34559151850950887, 0.08091952994579558, 0.08915213839940489, 0.13164001922979462, 0.08091952994579558, 0.08091952994579558]
Timestep: 383, Trans probs: [0.14857088769394908, 0.08281623889167058, 0.2662015960671798, 0.08281623889145893, 0.16820503618784888, 0.08575752448497491, 0.08281623889145893, 0.08281623889145893]
Timestep: 384, Trans probs: [0.13358721677252422, 0.08128663339983445, 0.3084361272510625, 0.0812866333996661, 0.14920402013109368, 0.08362610224648692, 0.0812866333996661, 0.0812866333996661]
Timestep: 385, Trans probs: [0.12142545841040353, 0.08130078952296217, 0.3368691998060199, 0.08130078952283303, 0.13340656881939542, 0.0830956148727198, 0.08130078952283303, 0.08130078952283303]
Timestep: 386, Trans probs: [0.11206485110099629, 0.08218920325494451, 0.35466712509362847, 0.08218920325484835, 0.12098563338552601, 0.08352557740035979, 0.08218920325484835, 0.08218920325484835]
Timestep: 387, Trans probs: [0.10515791935899259, 0.0834109276195943, 0.36516316472062554, 0.08341092761952432, 0.11165150837337363, 0.084383697068841, 0.08341092761952432, 0.08341092761952432]
Timestep: 388, Trans probs: [0.10020948768289575, 0.0846338761021997, 0.371064095333841, 0.08463387610214958, 0.10486032038034139, 0.08533059219427346, 0.08463387610214958, 0.08463387610214958]
Timestep: 389, Trans probs: [0.09690463633342672, 0.08879124379133599, 0.3601263887922142, 0.08210813336378305, 0.08820190753236605, 0.1196514234593079, 0.08210813336378305, 0.08210813336378305]
Timestep: 390, Trans probs: [0.14356162259619457, 0.08383799748008099, 0.3241962871859377, 0.0797265287953794, 0.1228291799667574, 0.08639532638489127, 0.0797265287953794, 0.0797265287953794]
Timestep: 391, Trans probs: [0.0967299613328872, 0.08569864249220498, 0.2885608580514824, 0.08569864249216948, 0.18572252381621637, 0.08619208683070051, 0.08569864249216948, 0.08569864249216948]
Timestep: 392, Trans probs: [0.09273135920520348, 0.08424911733175086, 0.3244837885405359, 0.08424911733172355, 0.1611598445770634, 0.08462853835027578, 0.08424911733172355, 0.08424911733172355]
Timestep: 393, Trans probs: [0.12900497789209048, 0.08370630816598099, 0.3465991057400416, 0.08058787619411982, 0.11328001026896806, 0.08564596935055933, 0.08058787619411982, 0.08058787619411982]
Timestep: 394, Trans probs: [0.17454416612685528, 0.08411078728040756, 0.26317968542321923, 0.0841107872803872, 0.14143939482020387, 0.08439360450815249, 0.0841107872803872, 0.0841107872803872]
Timestep: 395, Trans probs: [0.1541562225024926, 0.08218541223237995, 0.30688163029670634, 0.08218541223236375, 0.12781000780678828, 0.08241049046454145, 0.08218541223236375, 0.08218541223236375]
Timestep: 396, Trans probs: [0.13711753011820563, 0.08192686484404209, 0.336161554388338, 0.08192686484402967, 0.11691399050187182, 0.08209946561545349, 0.08192686484402967, 0.08192686484402967]
Timestep: 397, Trans probs: [0.17770119827832875, 0.08833252172953647, 0.2848987902079679, 0.08349100339777328, 0.08790558245742566, 0.11068889713342145, 0.08349100339777328, 0.08349100339777328]
Timestep: 398, Trans probs: [0.1558750647010629, 0.0860746054640249, 0.2396006096542574, 0.08229318879755894, 0.1680343378604096, 0.10353581592756825, 0.08229318879755894, 0.08229318879755894]
Timestep: 399, Trans probs: [0.12368483481969006, 0.08263091787906894, 0.2717449605550894, 0.0826309178790597, 0.19128722508098606, 0.08275930802798653, 0.0826309178790597, 0.0826309178790597]
Timestep: 400, Trans probs: [0.1403356803823588, 0.08306804629891741, 0.2889937118459403, 0.07996559126725637, 0.1503117294459527, 0.09739405822506174, 0.07996559126725637, 0.07996559126725637]
Timestep: 401, Trans probs: [0.11771255290874677, 0.08426199795782552, 0.36035295566120673, 0.08195920892083693, 0.10610053655685088, 0.08569433015285925, 0.08195920892083693, 0.08195920892083693]
Timestep: 402, Trans probs: [0.1927171640238316, 0.0850860712204914, 0.2849230873792608, 0.08341929265656131, 0.10089299379122613, 0.08612280561550624, 0.08341929265656131, 0.08341929265656131]
Timestep: 403, Trans probs: [0.11376979895620197, 0.08159611920041171, 0.22980352789131744, 0.08159611920040445, 0.248345458650605, 0.08169673770025052, 0.08159611920040445, 0.08159611920040445]
Timestep: 404, Trans probs: [0.10611084227151271, 0.0810034130586178, 0.27766369380466993, 0.08100341305861215, 0.2111298788008289, 0.08108193288853426, 0.08100341305861215, 0.08100341305861215]
Timestep: 405, Trans probs: [0.10034675930984904, 0.08104299568735106, 0.31328759553997615, 0.08104299568734671, 0.18109029700279694, 0.08110336539798664, 0.08104299568734671, 0.08104299568734671]
Timestep: 406, Trans probs: [0.09624091856201704, 0.08172077047968034, 0.33813420955652745, 0.08172077047967706, 0.15697560983366782, 0.0817661801290761, 0.08172077047967706, 0.08172077047967706]
Timestep: 407, Trans probs: [0.20669318258623864, 0.08198836390200404, 0.2443881664103835, 0.07954166507456803, 0.13501896032623134, 0.09328633155143852, 0.07954166507456803, 0.07954166507456803]
Timestep: 408, Trans probs: [0.16694828331782052, 0.08386776149822582, 0.3207032790571926, 0.08258117386595076, 0.09606913696821283, 0.08466801756069592, 0.08258117386595076, 0.08258117386595076]
Timestep: 409, Trans probs: [0.25936361680069103, 0.08068352968056482, 0.21085583719949844, 0.07872236699901057, 0.12319044778651998, 0.08973946753569406, 0.07872236699901057, 0.07872236699901057]
Timestep: 410, Trans probs: [0.14610162398994186, 0.08380120657712094, 0.26139941225696456, 0.08283642030985407, 0.17578719369447984, 0.08440130255193064, 0.08283642030985407, 0.08283642030985407]
Timestep: 411, Trans probs: [0.09347185739112117, 0.08277784480441656, 0.27162499218466146, 0.08277784480441414, 0.22098048243452922, 0.08281128877202919, 0.08277784480441414, 0.08277784480441414]
Timestep: 412, Trans probs: [0.09057558647679004, 0.08239252351399268, 0.3092909642249093, 0.08239252351399082, 0.1881452403901543, 0.0824181148521813, 0.08239252351399082, 0.08239252351399082]
Timestep: 413, Trans probs: [0.13165930129237094, 0.08201462270218042, 0.30478126118811255, 0.0812458236132543, 0.1553145291054225, 0.08249281487215075, 0.0812458236132543, 0.0812458236132543]
Timestep: 414, Trans probs: [0.20116968385843495, 0.08178877890613308, 0.25312629013450566, 0.08119746898905338, 0.1381662671232355, 0.08215657301053074, 0.08119746898905338, 0.08119746898905338]
Timestep: 415, Trans probs: [0.17154264815146192, 0.08270225745254856, 0.25289926911042215, 0.08270225745254715, 0.1620275993571918, 0.08272145357073421, 0.08270225745254715, 0.08270225745254715]
Timestep: 416, Trans probs: [0.15211100128983948, 0.08102833435092646, 0.29823411455163573, 0.08102833435092535, 0.1444978532720327, 0.08104369348278953, 0.08102833435092535, 0.08102833435092535]
Timestep: 417, Trans probs: [0.13585137256081217, 0.0808894089601338, 0.32972491081950545, 0.08088940896013293, 0.1299647959555637, 0.08090128482358615, 0.08088940896013293, 0.08088940896013293]
Timestep: 418, Trans probs: [0.12292653479743496, 0.08170153226398212, 0.3500456719336239, 0.08170153226398147, 0.11851122428873732, 0.08171043992427729, 0.08170153226398147, 0.08170153226398147]
Timestep: 419, Trans probs: [0.2997960005351704, 0.08021838101755391, 0.18287130122554404, 0.07867182261276268, 0.11373902266388501, 0.08735982671955844, 0.07867182261276268, 0.07867182261276268]
Timestep: 420, Trans probs: [0.11311578914213585, 0.08292634921172014, 0.27943717486083663, 0.08292634921171967, 0.19280876677872233, 0.08293287237142603, 0.08292634921171967, 0.08292634921171967]
Timestep: 421, Trans probs: [0.10551335982267324, 0.0820725886291408, 0.3167271831421399, 0.08207258862914041, 0.16739144894311617, 0.0820776535755087, 0.08207258862914041, 0.08207258862914041]
Timestep: 422, Trans probs: [0.17535894030907348, 0.08071083086304083, 0.29679343793822005, 0.08024202585799714, 0.1254082862659523, 0.08100242704972198, 0.08024202585799714, 0.08024202585799714]
Timestep: 423, Trans probs: [0.18235794837527897, 0.08234251160991883, 0.2592578977109079, 0.08234251160991854, 0.1466677772006897, 0.082346330273449, 0.08234251160991854, 0.08234251160991854]
Timestep: 424, Trans probs: [0.13159056276445058, 0.08125344495331832, 0.34434497499426187, 0.08125344495331832, 0.08125344495331832, 0.11779723747469598, 0.08125344495331832, 0.08125344495331832]
Timestep: 425, Trans probs: [0.2494498179426871, 0.0806408799291737, 0.23901125524090724, 0.0794519022798931, 0.10641119263353707, 0.08613114741401559, 0.0794519022798931, 0.0794519022798931]
Timestep: 426, Trans probs: [0.21166999081441445, 0.08059792208216655, 0.20356494599857633, 0.07967473778871915, 0.18028207547284542, 0.08486085226583975, 0.07967473778871915, 0.07967473778871915]
Timestep: 427, Trans probs: [0.16046967293302203, 0.16194406717749554, 0.22159388171110256, 0.08097203358874766, 0.13210120854457688, 0.08097506886756002, 0.08097203358874766, 0.08097203358874766]
Timestep: 428, Trans probs: [0.1537436133151724, 0.0808186839022415, 0.3277645243683838, 0.08045747677299891, 0.1152573937642014, 0.08104335433100403, 0.08045747677299891, 0.08045747677299891]
Timestep: 429, Trans probs: [0.18529208698147473, 0.07926805286829018, 0.25725721650139, 0.07852129023634324, 0.15990244112401594, 0.08271633181579938, 0.07852129023634324, 0.07852129023634324]
Timestep: 430, Trans probs: [0.1363704743498645, 0.0816989055122862, 0.2668333530172072, 0.0814281097694588, 0.18894559765203756, 0.08186734016022813, 0.0814281097694588, 0.0814281097694588]
Timestep: 431, Trans probs: [0.22324353470231917, 0.1459709679820694, 0.1956741146400699, 0.07850110420922202, 0.12110443669570234, 0.07850363335217304, 0.07850110420922202, 0.07850110420922202]
Timestep: 432, Trans probs: [0.19615681178310437, 0.13260691738797573, 0.2506022715224072, 0.07711888457626703, 0.11215638100366183, 0.07712096457404981, 0.07711888457626703, 0.07711888457626703]
Timestep: 433, Trans probs: [0.17271558051282945, 0.12152423127875343, 0.2933999878585999, 0.07682695376142391, 0.1050507098034158, 0.07682862926212958, 0.07682695376142391, 0.07682695376142391]
Timestep: 434, Trans probs: [0.241393224801073, 0.07889658410408804, 0.2202367227996603, 0.07830358432917127, 0.142927873352629, 0.08163484195503584, 0.07830358432917127, 0.07830358432917127]
Timestep: 435, Trans probs: [0.12388773690661721, 0.08080070331624584, 0.30729370232599257, 0.08058728735772455, 0.16532254757518539, 0.0809334478027854, 0.08058728735772455, 0.08058728735772455]
Timestep: 436, Trans probs: [0.15261321127645805, 0.11257886194312415, 0.24699481666596385, 0.07762322101646163, 0.1773189157182184, 0.07762453134685071, 0.07762322101646163, 0.07762322101646163]
Timestep: 437, Trans probs: [0.1140332588505151, 0.08109480344112499, 0.3351720411627515, 0.0809316547755604, 0.1457086504910328, 0.08119628172789436, 0.0809316547755604, 0.0809316547755604]
Timestep: 438, Trans probs: [0.21471532872248547, 0.10529357696823419, 0.21455217397615353, 0.076880251384714, 0.15791684970597675, 0.07688131647300818, 0.076880251384714, 0.076880251384714]
Timestep: 439, Trans probs: [0.18847403968977958, 0.09942489214609986, 0.264642941391793, 0.07630167960810287, 0.14225054155426217, 0.07630254639375685, 0.07630167960810287, 0.07630167960810287]
Timestep: 440, Trans probs: [0.16595906044821004, 0.09505587872653178, 0.30325125745620596, 0.07664459253464105, 0.129154743073845, 0.07664528269128412, 0.07664459253464105, 0.07664459253464105]
Timestep: 441, Trans probs: [0.10659399532032014, 0.08208320705490703, 0.35311378268266286, 0.08196180177503777, 0.13016488861434608, 0.08215872100265068, 0.08196180177503777, 0.08196180177503777]
Timestep: 442, Trans probs: [0.22481527550544816, 0.09208782179414218, 0.25327429587807243, 0.07783366148218693, 0.1184874265689732, 0.07783419580680326, 0.07783366148218693, 0.07783366148218693]
Timestep: 443, Trans probs: [0.10118709727165978, 0.08333289060337758, 0.3640020832199092, 0.08324445628074648, 0.11835666341006944, 0.08338789665274464, 0.08324445628074648, 0.08324445628074648]
Timestep: 444, Trans probs: [0.14640950550776974, 0.07882749534987142, 0.30170267571812087, 0.07882749534987142, 0.1321972124759538, 0.10438062489866995, 0.07882749534987142, 0.07882749534987142]
Timestep: 445, Trans probs: [0.28556887610681747, 0.07874317152825125, 0.19055784649609622, 0.07827404734526783, 0.12939854700172929, 0.08090941683130237, 0.07827404734526783, 0.07827404734526783]
Timestep: 446, Trans probs: [0.09736444142179507, 0.08456358664949497, 0.2857937863718675, 0.08450018226855999, 0.10967443237936748, 0.169103206371795, 0.08450018226855999, 0.08450018226855999]
Timestep: 447, Trans probs: [0.17588387619404708, 0.0829514229746683, 0.240634840602713, 0.08290173948038061, 0.10262821095022917, 0.14919643083720063, 0.08290173948038061, 0.08290173948038061]
Timestep: 448, Trans probs: [0.2718083665230696, 0.0893763702788754, 0.21598134438441471, 0.07818034649680781, 0.11011211313763165, 0.07818076618558506, 0.07818034649680781, 0.07818034649680781]
Timestep: 449, Trans probs: [0.3184802920096822, 0.07929145890607286, 0.16593213152158076, 0.07892795353644609, 0.11854226211124562, 0.08096999484208044, 0.07892795353644609, 0.07892795353644609]
Timestep: 450, Trans probs: [0.22902713005660594, 0.08751290824349911, 0.18572158192501684, 0.07882804689494742, 0.18242586663854177, 0.07882837245149417, 0.07882804689494742, 0.07882804689494742]
Timestep: 451, Trans probs: [0.2612801500851413, 0.0804198065878887, 0.22607726621161434, 0.08014494548688858, 0.11009892520775995, 0.08168901544692984, 0.08014494548688858, 0.08014494548688858]
Timestep: 452, Trans probs: [0.15648646257199608, 0.08059136056943275, 0.28991738719663956, 0.08055078557397981, 0.09666079356893306, 0.1346916393710592, 0.08055078557397981, 0.08055078557397981]
Timestep: 453, Trans probs: [0.21979879275345057, 0.08010697516008054, 0.24453563625501465, 0.08007510290662138, 0.09272975024083183, 0.12260353687075837, 0.08007510290662138, 0.08007510290662138]
Timestep: 454, Trans probs: [0.26972272498703587, 0.07944683474335104, 0.20993144263849875, 0.07942154208167236, 0.08946381016596013, 0.11317056122013729, 0.07942154208167236, 0.07942154208167236]
Timestep: 455, Trans probs: [0.19918200807096947, 0.08500476959465483, 0.16424200110193127, 0.07799760471311447, 0.23958053971276477, 0.07799786738033619, 0.07799760471311447, 0.07799760471311447]
Timestep: 456, Trans probs: [0.1746070750537557, 0.0833050185865908, 0.22436895400894022, 0.07770172521370151, 0.2069118414535394, 0.07770193525606925, 0.07770172521370151, 0.07770172521370151]
Timestep: 457, Trans probs: [0.13181647801184224, 0.07909146990191458, 0.25297051944427557, 0.07909146990191458, 0.1998200376309404, 0.09902708530528352, 0.07909146990191458, 0.07909146990191458]
Timestep: 458, Trans probs: [0.15508297009127878, 0.08190501390328987, 0.19496676612958694, 0.07741401366938819, 0.1809750131814227, 0.15482819568625703, 0.07741401366938819, 0.07741401366938819]
Timestep: 459, Trans probs: [0.14084776296747, 0.07932531929373308, 0.24992864527172165, 0.07554962886287207, 0.1626158177969763, 0.14063356808148283, 0.07554962886287207, 0.07554962886287207]
Timestep: 460, Trans probs: [0.12858442076128662, 0.07821481227215192, 0.2930146199687299, 0.07512358186220276, 0.14640634612476675, 0.1284090552864566, 0.07512358186220276, 0.07512358186220276]
Timestep: 461, Trans probs: [0.22793936598325468, 0.07953128994854983, 0.26081596520413164, 0.07951156261865679, 0.0873441560360634, 0.1058345349720301, 0.07951156261865679, 0.07951156261865679]
Timestep: 462, Trans probs: [0.19434619679841644, 0.07845689456612244, 0.2485235147629226, 0.07600942911581701, 0.13244718353664017, 0.1181979229884474, 0.07600942911581701, 0.07600942911581701]
Timestep: 463, Trans probs: [0.17165218938114873, 0.0778415001819257, 0.2913682459117193, 0.07586031282242102, 0.12154584666454771, 0.1100112793933957, 0.07586031282242102, 0.07586031282242102]
Timestep: 464, Trans probs: [0.12064210652125218, 0.07847513030449976, 0.2960105283923194, 0.07847513030449976, 0.1750281480584007, 0.09441869581002879, 0.07847513030449976, 0.07847513030449976]
Timestep: 465, Trans probs: [0.1520664418464929, 0.07833992198839704, 0.2461521829755234, 0.07678289207581496, 0.11268749363871618, 0.18040528332342565, 0.07678289207581496, 0.07678289207581496]
Timestep: 466, Trans probs: [0.11174109969377083, 0.07900724977615523, 0.3268853011049828, 0.07900724977615523, 0.1539605017239062, 0.09138409837271924, 0.07900724977615523, 0.07900724977615523]
Timestep: 467, Trans probs: [0.19482249927143136, 0.07978381341178527, 0.3000753536194635, 0.07976852174998995, 0.08583996528383553, 0.10017280316351447, 0.07976852174998995, 0.07976852174998995]
Timestep: 468, Trans probs: [0.30071716485483246, 0.08045699605806284, 0.19322007489611845, 0.08024420788997545, 0.10343356589130061, 0.08143957462975929, 0.08024420788997545, 0.08024420788997545]
Timestep: 469, Trans probs: [0.1374785770777976, 0.07752337100533757, 0.21399012283810823, 0.07625717738261507, 0.10545518903156627, 0.23678120789934518, 0.07625717738261507, 0.07625717738261507]
Timestep: 470, Trans probs: [0.24830664104015818, 0.08106603306366089, 0.24759000045290847, 0.08090446584614924, 0.09851183603891717, 0.08181209186590767, 0.08090446584614924, 0.08090446584614924]
Timestep: 471, Trans probs: [0.20952081905388584, 0.08114866178859509, 0.20897073316695794, 0.08102464446704698, 0.17556452379697987, 0.08172132879244044, 0.08102464446704698, 0.08102464446704698]
Timestep: 472, Trans probs: [0.18327545229914, 0.07966057540232017, 0.18283145351723185, 0.0795604755069922, 0.2354282918524465, 0.08012280040788491, 0.0795604755069922, 0.0795604755069922]
Timestep: 473, Trans probs: [0.1255228941331458, 0.07723632474041135, 0.1871435657264613, 0.07621656098287652, 0.17594854135924193, 0.20549899109211003, 0.07621656098287652, 0.07621656098287652]
Timestep: 474, Trans probs: [0.1680249958221447, 0.08055065661855951, 0.24805828040450073, 0.0805390289821616, 0.16569472675853203, 0.0960542534497783, 0.0805390289821616, 0.0805390289821616]
Timestep: 475, Trans probs: [0.11955506364246385, 0.08243748191824735, 0.27643590280289, 0.08243748191824735, 0.1648749638364947, 0.10938414204516207, 0.08243748191824735, 0.08243748191824735]
Timestep: 476, Trans probs: [0.14989842732827366, 0.15831398084547843, 0.21461790204404793, 0.07915228903803542, 0.1480140389699746, 0.09169878369811903, 0.07915228903803542, 0.07915228903803542]
Timestep: 477, Trans probs: [0.1912180241578604, 0.07602753166915573, 0.16709129014992746, 0.07518260535046684, 0.15781564110245286, 0.18229969686920294, 0.07518260535046684, 0.07518260535046684]
Timestep: 478, Trans probs: [0.1710776013809437, 0.07480926964512431, 0.225017266005904, 0.07410313804187724, 0.1431621751745647, 0.16362427366783164, 0.07410313804187724, 0.07410313804187724]
Timestep: 479, Trans probs: [0.18523109616279235, 0.08026763557239554, 0.26727750446427834, 0.08026763557239554, 0.13681559431511878, 0.08960526276822843, 0.08026763557239554, 0.08026763557239554]
Timestep: 480, Trans probs: [0.16181129305272499, 0.07885271196033117, 0.2402283759259058, 0.07877256762649988, 0.2035671267597896, 0.07922278942174879, 0.07877256762649988, 0.07877256762649988]
Timestep: 481, Trans probs: [0.13641859016366364, 0.14351955241921638, 0.26775194018457343, 0.07672368635275457, 0.13482856158387638, 0.08731029659040651, 0.07672368635275457, 0.07672368635275457]
Timestep: 482, Trans probs: [0.22290351375492945, 0.0784942312581366, 0.2068398610140461, 0.07843049069934245, 0.1776823598379874, 0.07878856203687314, 0.07843049069934245, 0.07843049069934245]
Timestep: 483, Trans probs: [0.12476106669195969, 0.13053655290418398, 0.23157954071748446, 0.07620890129629611, 0.19967673647833997, 0.08481939931914358, 0.07620890129629611, 0.07620890129629611]
Timestep: 484, Trans probs: [0.19087660973498724, 0.12010562309189753, 0.20304503774259827, 0.07551169607905932, 0.17685816454562178, 0.08257947664771725, 0.07551169607905932, 0.07551169607905932]
Timestep: 485, Trans probs: [0.24496503796655048, 0.11161297943224334, 0.180491093370097, 0.07457937365310432, 0.15874386446410865, 0.08044890380768753, 0.07457937365310432, 0.07457937365310432]
Timestep: 486, Trans probs: [0.15383272499861242, 0.07433310694327912, 0.19837678905785874, 0.07374997444536698, 0.1307798094526247, 0.22142764621152403, 0.07374997444536698, 0.07374997444536698]
Timestep: 487, Trans probs: [0.1394495383547911, 0.07419964984000361, 0.24973044183536902, 0.07372103961005719, 0.12052869060594337, 0.19492856053372143, 0.07372103961005719, 0.07372103961005719]
Timestep: 488, Trans probs: [0.12737734338441792, 0.07469658329324355, 0.2907249328305128, 0.07431016806288993, 0.11210123083209088, 0.1721694054710651, 0.07431016806288993, 0.07431016806288993]
Timestep: 489, Trans probs: [0.27152518637855577, 0.0780749971996548, 0.1806614815064982, 0.07802404945919117, 0.1573559311538046, 0.0783102553839132, 0.07802404945919117, 0.07802404945919117]
Timestep: 490, Trans probs: [0.2133903442490093, 0.10477016169170317, 0.23547885277444178, 0.07460492041460279, 0.14316001028134132, 0.0793858697596961, 0.07460492041460279, 0.07460492041460279]
Timestep: 491, Trans probs: [0.11740998403234494, 0.07598074764923048, 0.2458698977477497, 0.07567686274148334, 0.1810733967619055, 0.15263538558431936, 0.07567686274148334, 0.07567686274148334]
Timestep: 492, Trans probs: [0.10939614424157917, 0.07571795952538446, 0.289293248435857, 0.07547092885455746, 0.16114868328773332, 0.13803117794577371, 0.07547092885455746, 0.07547092885455746]
Timestep: 493, Trans probs: [0.1870164178647619, 0.0992957450601658, 0.27978946691799145, 0.07493457020443235, 0.13029903807500634, 0.07879562146877743, 0.07493457020443235, 0.07493457020443235]
Timestep: 494, Trans probs: [0.24042877721859998, 0.09522032042617651, 0.23762272375270732, 0.07600031758282616, 0.11968069162860302, 0.07904653422543478, 0.07600031758282616, 0.07600031758282616]
Timestep: 495, Trans probs: [0.19152082951387067, 0.0809797720472155, 0.2354845222031217, 0.0809797720472155, 0.14663485567717266, 0.10244070441697307, 0.0809797720472155, 0.0809797720472155]
Timestep: 496, Trans probs: [0.308478244146489, 0.07840449349939443, 0.1588557701046645, 0.07836453881347116, 0.1405788860635421, 0.07858898974549657, 0.07836453881347116, 0.07836453881347116]
Timestep: 497, Trans probs: [0.20650280216329642, 0.16864380700973955, 0.20428829791037179, 0.07673780388681721, 0.11120983917390691, 0.07914184208223365, 0.07673780388681721, 0.07673780388681721]
Timestep: 498, Trans probs: [0.17951645492533483, 0.07656964178998903, 0.2450804859888061, 0.07637473465866117, 0.14397445933769668, 0.1257347539821898, 0.07637473465866117, 0.07637473465866117]
Timestep: 499, Trans probs: [0.15998077063356075, 0.07601819293572606, 0.28931348570001153, 0.07585922827563052, 0.13099301010774633, 0.11611685579606376, 0.07585922827563052, 0.07585922827563052]
