Timestep: 0, Trans probs: [0.1111111111111111, 0.1111111111111111, 0.2222222222222222, 0.1111111111111111, 0.1111111111111111, 0.1111111111111111, 0.1111111111111111, 0.1111111111111111]
Timestep: 1, Trans probs: [0.125, 0.125, 0.125, 0.125, 0.125, 0.125, 0.125, 0.125]
Timestep: 2, Trans probs: [0.125, 0.125, 0.125, 0.125, 0.125, 0.125, 0.125, 0.125]
Timestep: 3, Trans probs: [0.1111111111111111, 0.1111111111111111, 0.2222222222222222, 0.1111111111111111, 0.1111111111111111, 0.1111111111111111, 0.1111111111111111, 0.1111111111111111]
Timestep: 4, Trans probs: [0.10021969922071987, 0.10021969922071987, 0.2984621054549608, 0.10021969922071987, 0.10021969922071987, 0.10021969922071987, 0.10021969922071987, 0.10021969922071987]
Timestep: 5, Trans probs: [0.125, 0.125, 0.125, 0.125, 0.125, 0.125, 0.125, 0.125]
Timestep: 6, Trans probs: [0.18420021367244943, 0.09210010683622472, 0.2631991453102022, 0.09210010683622472, 0.09210010683622472, 0.09210010683622472, 0.09210010683622472, 0.09210010683622472]
Timestep: 7, Trans probs: [0.1111111111111111, 0.1111111111111111, 0.2222222222222222, 0.1111111111111111, 0.1111111111111111, 0.1111111111111111, 0.1111111111111111, 0.1111111111111111]
Timestep: 8, Trans probs: [0.2516378517080291, 0.08551739150444512, 0.2352577992653002, 0.08551739150444512, 0.08551739150444512, 0.08551739150444512, 0.08551739150444512, 0.08551739150444512]
Timestep: 9, Trans probs: [0.2253027454408678, 0.08052430916022131, 0.2915513995978043, 0.08052430916022131, 0.08052430916022131, 0.08052430916022131, 0.08052430916022131, 0.08052430916022131]
Timestep: 10, Trans probs: [0.10021969922071987, 0.10021969922071987, 0.2984621054549608, 0.10021969922071987, 0.10021969922071987, 0.10021969922071987, 0.10021969922071987, 0.10021969922071987]
Timestep: 11, Trans probs: [0.18420021367244943, 0.09210010683622472, 0.2631991453102022, 0.09210010683622472, 0.09210010683622472, 0.09210010683622472, 0.09210010683622472, 0.09210010683622472]
Timestep: 12, Trans probs: [0.27909291674139197, 0.07689555000467042, 0.2595337832305855, 0.07689555000467042, 0.07689555000467042, 0.07689555000467042, 0.07689555000467042, 0.07689555000467042]
Timestep: 13, Trans probs: [0.16612046020358393, 0.08551739150444512, 0.3207751907697453, 0.08551739150444512, 0.08551739150444512, 0.08551739150444512, 0.08551739150444512, 0.08551739150444512]
Timestep: 14, Trans probs: [0.32297781930887004, 0.07418686359684416, 0.231900999110065, 0.07418686359684416, 0.07418686359684416, 0.07418686359684416, 0.07418686359684416, 0.07418686359684416]
Timestep: 15, Trans probs: [0.15036960372554536, 0.08083467499356545, 0.36462234631306195, 0.08083467499356545, 0.08083467499356545, 0.08083467499356545, 0.08083467499356545, 0.08083467499356545]
Timestep: 16, Trans probs: [0.3583474897604416, 0.07230928260838998, 0.20779681458921853, 0.07230928260838998, 0.07230928260838998, 0.07230928260838998, 0.07230928260838998, 0.07230928260838998]
Timestep: 17, Trans probs: [0.1111111111111111, 0.1111111111111111, 0.2222222222222222, 0.1111111111111111, 0.1111111111111111, 0.1111111111111111, 0.1111111111111111, 0.1111111111111111]
Timestep: 18, Trans probs: [0.31536335062956455, 0.07111814783041576, 0.1868096145575252, 0.07111814783041576, 0.1422362956608315, 0.07111814783041576, 0.07111814783041576, 0.07111814783041576]
Timestep: 19, Trans probs: [0.28271233665147794, 0.06925306233800128, 0.2396152406332908, 0.06925306233800128, 0.1314071110252249, 0.06925306233800128, 0.06925306233800128, 0.06925306233800128]
Timestep: 20, Trans probs: [0.10021969922071987, 0.10021969922071987, 0.2984621054549608, 0.10021969922071987, 0.10021969922071987, 0.10021969922071987, 0.10021969922071987, 0.10021969922071987]
Timestep: 21, Trans probs: [0.13690459922294762, 0.07766634810975435, 0.3970973121185262, 0.07766634810975435, 0.07766634810975435, 0.07766634810975435, 0.07766634810975435, 0.07766634810975435]
Timestep: 22, Trans probs: [0.18420021367244943, 0.09210010683622472, 0.2631991453102022, 0.09210010683622472, 0.09210010683622472, 0.09210010683622472, 0.09210010683622472, 0.09210010683622472]
Timestep: 23, Trans probs: [0.25463880502247277, 0.06771925976290691, 0.2169000390886152, 0.06771925976290691, 0.1898648570743776, 0.06771925976290691, 0.06771925976290691, 0.06771925976290691]
Timestep: 24, Trans probs: [0.23117684898877025, 0.0661615303030786, 0.26402204268974316, 0.0661615303030786, 0.17399345680609365, 0.0661615303030786, 0.0661615303030786, 0.0661615303030786]
Timestep: 25, Trans probs: [0.2104300309952158, 0.06502593917551582, 0.30439768054508004, 0.06502593917551582, 0.16004259258212508, 0.06502593917551582, 0.06502593917551582, 0.06502593917551582]
Timestep: 26, Trans probs: [0.1918850867828377, 0.06435354183098278, 0.33865611338067647, 0.06435354183098278, 0.147691090681572, 0.06435354183098278, 0.06435354183098278, 0.06435354183098278]
Timestep: 27, Trans probs: [0.17529930282542622, 0.06411184060730662, 0.36737240964904444, 0.06411184060730662, 0.13676908448899625, 0.06411184060730662, 0.06411184060730662, 0.06411184060730662]
Timestep: 28, Trans probs: [0.125, 0.125, 0.125, 0.125, 0.125, 0.125, 0.125, 0.125]
Timestep: 29, Trans probs: [0.16053531329374426, 0.128469734783188, 0.3268915324566588, 0.064234867391594, 0.12716394990003296, 0.064234867391594, 0.064234867391594, 0.064234867391594]
Timestep: 30, Trans probs: [0.14847338416168276, 0.12014214642568168, 0.3588438822761577, 0.06338803863958194, 0.11898843257815006, 0.06338803863958194, 0.06338803863958194, 0.06338803863958194]
Timestep: 31, Trans probs: [0.13767410846897413, 0.11285275287892658, 0.3851121231825759, 0.06312976146988603, 0.11184196958997923, 0.06312976146988603, 0.06312976146988603, 0.06312976146988603]
Timestep: 32, Trans probs: [0.12558837446729393, 0.07562257018941684, 0.3450536342067882, 0.07562257018941684, 0.1512451403788337, 0.07562257018941684, 0.07562257018941684, 0.07562257018941684]
Timestep: 33, Trans probs: [0.19142557905076035, 0.1065301044153711, 0.3430700138199504, 0.06333059260388918, 0.10565193229836144, 0.06333059260388918, 0.06333059260388918, 0.06333059260388918]
Timestep: 34, Trans probs: [0.17532324954698925, 0.10093066716136712, 0.3712825139343239, 0.0630756076866815, 0.10016113861059364, 0.0630756076866815, 0.0630756076866815, 0.0630756076866815]
Timestep: 35, Trans probs: [0.16086085969760677, 0.09616207554749161, 0.3945252170431026, 0.06323975663608611, 0.09549282116745456, 0.06323975663608611, 0.06323975663608611, 0.06323975663608611]
Timestep: 36, Trans probs: [0.11636848225706291, 0.07312579121963092, 0.3794295413568235, 0.07312579121963092, 0.13857302028795898, 0.07312579121963092, 0.07312579121963092, 0.07312579121963092]
Timestep: 37, Trans probs: [0.2117131620716919, 0.09214225105664745, 0.34968194563013116, 0.0637245185090133, 0.0915645672054763, 0.0637245185090133, 0.0637245185090133, 0.0637245185090133]
Timestep: 38, Trans probs: [0.10865423340756228, 0.07160664047186079, 0.405634892030288, 0.07160664047186079, 0.12767767220284576, 0.07160664047186079, 0.07160664047186079, 0.07160664047186079]
Timestep: 39, Trans probs: [0.25618639854690844, 0.0884569697339026, 0.31242946572997393, 0.0637431464928552, 0.08795458001779419, 0.0637431464928552, 0.0637431464928552, 0.0637431464928552]
Timestep: 40, Trans probs: [0.23134018825674224, 0.08520236969006839, 0.3440130797470122, 0.06366992757512221, 0.08476465200568836, 0.06366992757512221, 0.06366992757512221, 0.06366992757512221]
Timestep: 41, Trans probs: [0.20921559397887388, 0.08251486811306538, 0.37074875595213563, 0.06384635319758863, 0.08213536916557049, 0.06384635319758863, 0.06384635319758863, 0.06384635319758863]
Timestep: 42, Trans probs: [0.16612046020358393, 0.08551739150444512, 0.3207751907697453, 0.08551739150444512, 0.08551739150444512, 0.08551739150444512, 0.08551739150444512, 0.08551739150444512]
Timestep: 43, Trans probs: [0.1895717505038206, 0.08034230861617081, 0.3288304406819184, 0.0642480719718717, 0.1442632123106033, 0.0642480719718717, 0.0642480719718717, 0.0642480719718717]
Timestep: 44, Trans probs: [0.17368915236863589, 0.0778510112442604, 0.35960491314645043, 0.06372989429859348, 0.13393534604627944, 0.06372989429859348, 0.06372989429859348, 0.06372989429859348]
Timestep: 45, Trans probs: [0.10226689718264542, 0.07080128169934753, 0.4253026284025742, 0.07080128169934753, 0.11842406591804269, 0.07080128169934753, 0.07080128169934753, 0.07080128169934753]
Timestep: 46, Trans probs: [0.15036960372554536, 0.08083467499356545, 0.36462234631306195, 0.08083467499356545, 0.08083467499356545, 0.08083467499356545, 0.08083467499356545, 0.08083467499356545]
Timestep: 47, Trans probs: [0.125, 0.125, 0.125, 0.125, 0.125, 0.125, 0.125, 0.125]
Timestep: 48, Trans probs: [0.13690459922294762, 0.07766634810975435, 0.31943096400877186, 0.07766634810975435, 0.07766634810975435, 0.1553326962195087, 0.07766634810975435, 0.07766634810975435]
Timestep: 49, Trans probs: [0.1111111111111111, 0.1111111111111111, 0.1111111111111111, 0.1111111111111111, 0.2222222222222222, 0.1111111111111111, 0.1111111111111111, 0.1111111111111111]
Timestep: 50, Trans probs: [0.22312342015463585, 0.07597240837155407, 0.32139066050085474, 0.06367238407545013, 0.12482397467115476, 0.06367238407545013, 0.06367238407545013, 0.06367238407545013]
Timestep: 51, Trans probs: [0.20294610053947873, 0.07416850652290741, 0.35234787330425227, 0.06340427516626139, 0.11692041896831595, 0.06340427516626139, 0.06340427516626139, 0.06340427516626139]
Timestep: 52, Trans probs: [0.1848556373568559, 0.07285381136840455, 0.3782867735839753, 0.06349182897920602, 0.1100364617739401, 0.06349182897920602, 0.06349182897920602, 0.06349182897920602]
Timestep: 53, Trans probs: [0.16873108275123763, 0.07196164525374651, 0.39972824658100636, 0.06387290418485025, 0.10408740867460846, 0.06387290418485025, 0.06387290418485025, 0.06387290418485025]
Timestep: 54, Trans probs: [0.10021969922071987, 0.10021969922071987, 0.20043939844143974, 0.10021969922071987, 0.19824240623424094, 0.10021969922071987, 0.10021969922071987, 0.10021969922071987]
Timestep: 55, Trans probs: [0.1544726855018541, 0.07141988511442651, 0.3527270293706307, 0.06447768709453985, 0.09899196454038933, 0.1289553741890797, 0.06447768709453985, 0.06447768709453985]
Timestep: 56, Trans probs: [0.14285297046282264, 0.07002311914400777, 0.3806396697951182, 0.06393543459567733, 0.09420135799659442, 0.12047657881442496, 0.06393543459567733, 0.06393543459567733]
Timestep: 57, Trans probs: [0.13253032583361377, 0.06921499377912656, 0.40317508765559257, 0.06392260663785367, 0.09023457838246278, 0.11307719443564336, 0.06392260663785367, 0.06392260663785367]
Timestep: 58, Trans probs: [0.09702193616577114, 0.07049306590191759, 0.36937551554105585, 0.07049306590191759, 0.18113721878358496, 0.07049306590191759, 0.07049306590191759, 0.07049306590191759]
Timestep: 59, Trans probs: [0.18775663859928748, 0.06886482328858722, 0.35680296529518474, 0.06430176276674708, 0.08698776745889852, 0.1066825170578008, 0.06430176276674708, 0.06430176276674708]
Timestep: 60, Trans probs: [0.09229424675514654, 0.06952277866740043, 0.39559595304533396, 0.06952277866740043, 0.16449590686251747, 0.06952277866740043, 0.06952277866740043, 0.06952277866740043]
Timestep: 61, Trans probs: [0.2357690932001399, 0.06807406873196993, 0.3189704679149853, 0.06409802218875917, 0.08386559049160448, 0.10102671309502288, 0.06409802218875917, 0.06409802218875917]
Timestep: 62, Trans probs: [0.12607148708064767, 0.07443830204930121, 0.2851649341183935, 0.07443830204930121, 0.07443830204930121, 0.21657206855445277, 0.07443830204930121, 0.07443830204930121]
Timestep: 63, Trans probs: [0.21386473283947074, 0.0672605086256551, 0.28660197136086835, 0.06378452464369695, 0.14485047445085972, 0.09606873879205523, 0.06378452464369695, 0.06378452464369695]
Timestep: 64, Trans probs: [0.0884953676908187, 0.06909211622071437, 0.41602665242641307, 0.06909211622071437, 0.15001739877919645, 0.06909211622071437, 0.06909211622071437, 0.06909211622071437]
Timestep: 65, Trans probs: [0.25882392044871355, 0.06591627258066618, 0.2605282790244564, 0.06283218529201719, 0.13475842736914168, 0.09147654470097057, 0.06283218529201719, 0.06283218529201719]
Timestep: 66, Trans probs: [0.23575493203258194, 0.06489940976056752, 0.29943233596578833, 0.06216787811701631, 0.12587191365404365, 0.08753777423596977, 0.06216787811701631, 0.06216787811701631]
Timestep: 67, Trans probs: [0.08547088470415563, 0.06904763222591055, 0.43174674293252635, 0.06904763222591055, 0.13754421123376528, 0.06904763222591055, 0.06904763222591055, 0.06904763222591055]
Timestep: 68, Trans probs: [0.2767883266468181, 0.06427445312816688, 0.2710684086676694, 0.06186598860085781, 0.11803554102013628, 0.084235304734636, 0.06186598860085781, 0.06186598860085781]
Timestep: 69, Trans probs: [0.2508515827785545, 0.06384788399110225, 0.30754681565705344, 0.06172853165166244, 0.1111554885261692, 0.08141263409213309, 0.06172853165166244, 0.06172853165166244]
Timestep: 70, Trans probs: [0.08308261846477182, 0.06926428130646801, 0.44369945403045163, 0.06926428130646801, 0.1268965209724365, 0.06926428130646801, 0.06926428130646801, 0.06926428130646801]
Timestep: 71, Trans probs: [0.2894052725257777, 0.06366777901604491, 0.2772943895772769, 0.06180995365027701, 0.10513764981732723, 0.07906504811274212, 0.06180995365027701, 0.06180995365027701]
Timestep: 72, Trans probs: [0.11697032663475662, 0.07174541276341047, 0.32806386280774474, 0.07174541276341047, 0.07174541276341047, 0.1962387467404463, 0.07174541276341047, 0.07174541276341047]
Timestep: 73, Trans probs: [0.109275506839267, 0.06997838836994666, 0.2927002386739361, 0.06997838836994666, 0.13995677673989332, 0.17815392426711693, 0.06997838836994666, 0.06997838836994666]
Timestep: 74, Trans probs: [0.10259634423955365, 0.06778139549118319, 0.2650999294068263, 0.06778139549118319, 0.1975595505283696, 0.1636185938605177, 0.06778139549118319, 0.06778139549118319]
Timestep: 75, Trans probs: [0.26109502922445355, 0.06359338445860122, 0.2504990078692661, 0.06196794085274731, 0.16184403388641966, 0.07706472200301766, 0.06196794085274731, 0.06196794085274731]
Timestep: 76, Trans probs: [0.0968282339031498, 0.06583879016834904, 0.30731453585277946, 0.06583879016834904, 0.18135677821994364, 0.15114529135073093, 0.06583879016834904, 0.06583879016834904]
Timestep: 77, Trans probs: [0.23773677234964033, 0.06297071680777669, 0.22836052204611051, 0.06153238768480857, 0.21144353719269363, 0.07489128854935309, 0.06153238768480857, 0.06153238768480857]
Timestep: 78, Trans probs: [0.21746517462163206, 0.062299657103393816, 0.2701631398618558, 0.06102264091146265, 0.19412080475697555, 0.07288330092175485, 0.06102264091146265, 0.06102264091146265]
Timestep: 79, Trans probs: [0.0812101827374932, 0.06964442721506012, 0.45268587297972274, 0.06964442721506012, 0.11788180820748352, 0.06964442721506012, 0.06964442721506012, 0.06964442721506012]
Timestep: 80, Trans probs: [0.14986567959348174, 0.0701146795258133, 0.3892559708184205, 0.0701146795258133, 0.11030495195903126, 0.0701146795258133, 0.0701146795258133, 0.0701146795258133]
Timestep: 81, Trans probs: [0.09161644008928718, 0.09161644008928718, 0.2719311104409227, 0.09161644008928718, 0.17837024902335422, 0.09161644008928718, 0.09161644008928718, 0.09161644008928718]
Timestep: 82, Trans probs: [0.26004863069689965, 0.061870136298304276, 0.2459874017185149, 0.060739005779198565, 0.17863210385724168, 0.07124471009144362, 0.060739005779198565, 0.060739005779198565]
Timestep: 83, Trans probs: [0.09202204881842403, 0.064632880810006, 0.34268746176758996, 0.064632880810006, 0.16673027919558858, 0.14002868697837345, 0.064632880810006, 0.064632880810006]
Timestep: 84, Trans probs: [0.2369115656326455, 0.0615745841859065, 0.2244709955698685, 0.060573824686526216, 0.22545271038957684, 0.0698686701624241, 0.060573824686526216, 0.060573824686526216]
Timestep: 85, Trans probs: [0.21667167677762308, 0.06122810283431658, 0.2659834782792044, 0.06034088764469818, 0.20651292191835424, 0.06858115725640714, 0.06034088764469818, 0.06034088764469818]
Timestep: 86, Trans probs: [0.19860600942389509, 0.06102693898848511, 0.30249229217302337, 0.060241687865087795, 0.18961475932030986, 0.0675349364990233, 0.060241687865087795, 0.060241687865087795]
Timestep: 87, Trans probs: [0.08518627670087951, 0.08518627670087951, 0.32790387962917106, 0.08518627670087951, 0.1609784601655519, 0.08518627670087951, 0.08518627670087951, 0.08518627670087951]
Timestep: 88, Trans probs: [0.08807603922250054, 0.06406006654227403, 0.371930066187911, 0.06406006654227403, 0.15358335288659616, 0.13017027553389615, 0.06406006654227403, 0.06406006654227403]
Timestep: 89, Trans probs: [0.08488504084155901, 0.06399665252563602, 0.33177294412326963, 0.06399665252563602, 0.20585803255478988, 0.1214973723778374, 0.06399665252563602, 0.06399665252563602]
Timestep: 90, Trans probs: [0.18234328056169777, 0.06105753063099071, 0.2739264383113852, 0.0603652758346488, 0.17441685317578334, 0.12716006981619665, 0.0603652758346488, 0.0603652758346488]
Timestep: 91, Trans probs: [0.16887957868253695, 0.06029374420023071, 0.31054697600918973, 0.05967397588632647, 0.16178313303533884, 0.11947464041372446, 0.05967397588632647, 0.05967397588632647]
Timestep: 92, Trans probs: [0.13760387952810568, 0.06936910805032934, 0.3424256598427358, 0.06936910805032934, 0.1037558123271824, 0.13873821610065867, 0.06936910805032934, 0.06936910805032934]
Timestep: 93, Trans probs: [0.21605659376586725, 0.059996423515802845, 0.28266141385109084, 0.05944497926619989, 0.15029749024230504, 0.11265314082633435, 0.05944497926619989, 0.05944497926619989]
Timestep: 94, Trans probs: [0.19878045683863013, 0.059654714010328416, 0.31732095166492513, 0.059163108171814506, 0.1401570162081403, 0.10659753676253264, 0.059163108171814506, 0.059163108171814506]
Timestep: 95, Trans probs: [0.18298533089732663, 0.059679677429893094, 0.34729047232712723, 0.05924397244867209, 0.13102800431993814, 0.10128459767969865, 0.05924397244867209, 0.05924397244867209]
Timestep: 96, Trans probs: [0.16858899136224226, 0.06003977001021777, 0.37288735154802205, 0.05965620741498583, 0.12284958538279184, 0.09666567945176857, 0.05965620741498583, 0.05965620741498583]
Timestep: 97, Trans probs: [0.15555319975026727, 0.06068181667741978, 0.3944553540356105, 0.060346585217889964, 0.11557722707950613, 0.09269264680352626, 0.060346585217889964, 0.060346585217889964]
Timestep: 98, Trans probs: [0.14385048367515096, 0.06154301997440325, 0.4123667521117088, 0.06125218357787457, 0.10916857209203147, 0.08931462141308176, 0.06125218357787457, 0.06125218357787457]
Timestep: 99, Trans probs: [0.13344661434983537, 0.06255863745534236, 0.4270166008864673, 0.06230815222799821, 0.10357653408713025, 0.08647715653723005, 0.06230815222799821, 0.06230815222799821]
Timestep: 100, Trans probs: [0.12429211240069112, 0.06366715992417774, 0.4388125426019562, 0.06345293946438933, 0.09874656468261513, 0.08412280199739183, 0.06345293946438933, 0.06345293946438933]
Timestep: 101, Trans probs: [0.08191799038591457, 0.06362598067886364, 0.361744275993998, 0.06362598067886364, 0.18785431755686188, 0.11397949334777095, 0.06362598067886364, 0.06362598067886364]
Timestep: 102, Trans probs: [0.12754994143350334, 0.06783769913640633, 0.3746271618432142, 0.06783769913640633, 0.09792950091296568, 0.1285425992646914, 0.06783769913640633, 0.06783769913640633]
Timestep: 103, Trans probs: [0.11631961288540017, 0.06481383433784621, 0.3835300429950755, 0.06463183680858643, 0.1592484500231345, 0.0821925493327843, 0.06463183680858643, 0.06463183680858643]
Timestep: 104, Trans probs: [0.08064148276982211, 0.08064148276982211, 0.28961351195546214, 0.08064148276982211, 0.22653759142560523, 0.08064148276982211, 0.08064148276982211, 0.08064148276982211]
Timestep: 105, Trans probs: [0.10940516247156701, 0.06486663102493276, 0.34046972415604676, 0.06470925251501153, 0.14652696543705623, 0.1446037593653628, 0.06470925251501153, 0.06470925251501153]
Timestep: 106, Trans probs: [0.10328663191468723, 0.06411216267525113, 0.37049633846102525, 0.06397373827292784, 0.13593761705384502, 0.1342460350764077, 0.06397373827292784, 0.06397373827292784]
Timestep: 107, Trans probs: [0.0980891569114518, 0.06392727799989749, 0.394914467188269, 0.06380656576658886, 0.1265622676471551, 0.12508713295346008, 0.06380656576658886, 0.06380656576658886]
Timestep: 108, Trans probs: [0.09371851405259646, 0.06417513592145745, 0.4144853952917344, 0.06407074332751012, 0.11834221461697517, 0.11706651013470633, 0.06407074332751012, 0.06407074332751012]
Timestep: 109, Trans probs: [0.09007999792522273, 0.06473155364381963, 0.4299424181367813, 0.06464198400018177, 0.11120732124578177, 0.11011275704784926, 0.06464198400018177, 0.06464198400018177]
Timestep: 110, Trans probs: [0.11882614390560732, 0.06707173911423496, 0.40004717616124186, 0.06707173911423496, 0.09315321303204668, 0.11968651044416434, 0.06707173911423496, 0.06707173911423496]
Timestep: 111, Trans probs: [0.17821132761102387, 0.06687460238336039, 0.3529332450399471, 0.06687460238336039, 0.08928115312950186, 0.1120758646860855, 0.06687460238336039, 0.06687460238336039]
Timestep: 112, Trans probs: [0.07697630002438476, 0.07697630002438476, 0.3348620134395069, 0.07697630002438476, 0.20328018641418455, 0.07697630002438476, 0.07697630002438476, 0.07697630002438476]
Timestep: 113, Trans probs: [0.16305552140279445, 0.06613329723994044, 0.31515660765786346, 0.06613329723994044, 0.08563892514208293, 0.17161575683749752, 0.06613329723994044, 0.06613329723994044]
Timestep: 114, Trans probs: [0.21541465909505497, 0.06502748073927554, 0.28434306764758116, 0.06502748073927554, 0.08220614656053557, 0.1579262037397262, 0.06502748073927554, 0.06502748073927554]
Timestep: 115, Trans probs: [0.15249362512739642, 0.06548969297750472, 0.3765579412560018, 0.06541340205942361, 0.10507541460003193, 0.10414311986079426, 0.06541340205942361, 0.06541340205942361]
Timestep: 116, Trans probs: [0.14071468189792707, 0.06521488657356901, 0.40030066918642826, 0.06514868325886931, 0.09956636709193015, 0.09875734547353761, 0.06514868325886931, 0.06514868325886931]
Timestep: 117, Trans probs: [0.1303597043400481, 0.06537977979476124, 0.41909871190726095, 0.06532280101256253, 0.09494484818352085, 0.09424855273672124, 0.06532280101256253, 0.06532280101256253]
Timestep: 118, Trans probs: [0.14324974426296896, 0.06367173758963472, 0.3229078685560682, 0.06367173758963472, 0.1716975579258349, 0.10745787889658907, 0.06367173758963472, 0.06367173758963472]
Timestep: 119, Trans probs: [0.1969147400515774, 0.06399348653957117, 0.3218313090477813, 0.06399348653957117, 0.0791770269157577, 0.14610297782659887, 0.06399348653957117, 0.06399348653957117]
Timestep: 120, Trans probs: [0.12135224738510711, 0.06585264122061105, 0.3679653562251986, 0.0658039754212293, 0.15690825648729728, 0.09050957241809814, 0.0658039754212293, 0.0658039754212293]
Timestep: 121, Trans probs: [0.11365749059714168, 0.06541750663345851, 0.3933875951082272, 0.06537520656064726, 0.14456259835265364, 0.08684918962657723, 0.06537520656064726, 0.06537520656064726]
Timestep: 122, Trans probs: [0.14892272294628559, 0.07446136147314279, 0.2958703260313965, 0.07446136147314279, 0.18290014365660384, 0.07446136147314279, 0.07446136147314279, 0.07446136147314279]
Timestep: 123, Trans probs: [0.10704427923457503, 0.06545815119476782, 0.3481905439502582, 0.06542168567178284, 0.13368657184338525, 0.14935539676166518, 0.06542168567178284, 0.06542168567178284]
Timestep: 124, Trans probs: [0.10117175331968657, 0.06470891298291104, 0.37728645294327473, 0.06467693990426507, 0.12453179445337431, 0.13827026658795824, 0.06467693990426507, 0.06467693990426507]
Timestep: 125, Trans probs: [0.0962254884185273, 0.06453203492657894, 0.4007282709025138, 0.06450424396812095, 0.11653000585058876, 0.12847146799742842, 0.06450424396812095, 0.06450424396812095]
Timestep: 126, Trans probs: [0.09210169487392719, 0.06478202946574922, 0.41934028798770145, 0.06475807373979345, 0.10960413027937646, 0.11989763617386542, 0.06475807373979345, 0.06475807373979345]
Timestep: 127, Trans probs: [0.0886975194412667, 0.06533031908267684, 0.43390278859619735, 0.0653098291447592, 0.10366779483709876, 0.11247209060848286, 0.0653098291447592, 0.0653098291447592]
Timestep: 128, Trans probs: [0.08591350606067052, 0.06606878965063065, 0.44513226436408104, 0.06605138846430988, 0.09862709028349233, 0.10610418424819587, 0.06605138846430988, 0.06605138846430988]
Timestep: 129, Trans probs: [0.18023387987598363, 0.06347817265379732, 0.3534365846987726, 0.06347817265379732, 0.07681512929480698, 0.13560171551524747, 0.06347817265379732, 0.06347817265379732]
Timestep: 130, Trans probs: [0.22866259078543566, 0.0634108182315078, 0.31632900183925916, 0.0634108182315078, 0.07504406875426309, 0.12632106569501084, 0.0634108182315078, 0.0634108182315078]
Timestep: 131, Trans probs: [0.19620286473638082, 0.062947484632398, 0.29198497325993783, 0.062947484632398, 0.15838928321384943, 0.10163294026024004, 0.062947484632398, 0.062947484632398]
Timestep: 132, Trans probs: [0.15055167340905246, 0.06691045354882152, 0.3867733467878784, 0.06689577000853435, 0.09438393209287452, 0.10069328413577, 0.06689577000853435, 0.06689577000853435]
Timestep: 133, Trans probs: [0.13871112380905737, 0.06658789080705163, 0.4089786332693932, 0.06657522929399388, 0.09027807726917517, 0.09571858696334086, 0.06657522929399388, 0.06657522929399388]
Timestep: 134, Trans probs: [0.12839286616748805, 0.0666975464080295, 0.4262705547661413, 0.0666867155555535, 0.08696249527549443, 0.09161639071618624, 0.0666867155555535, 0.0666867155555535]
Timestep: 135, Trans probs: [0.11949470439592831, 0.06710185780163916, 0.43955079996251295, 0.06709266003437783, 0.08431124031872107, 0.08826341741806491, 0.06709266003437783, 0.06709266003437783]
Timestep: 136, Trans probs: [0.11189480216941099, 0.06768996784861349, 0.4496143830615424, 0.06768220751863835, 0.0822098489465372, 0.08554437541798086, 0.06768220751863835, 0.06768220751863835]
Timestep: 137, Trans probs: [0.20787706527270844, 0.06317207564077154, 0.28464336500164356, 0.06317207564077154, 0.13653096725491895, 0.11826029990764289, 0.06317207564077154, 0.06317207564077154]
Timestep: 138, Trans probs: [0.17382951721670467, 0.0683762313040698, 0.38877374002002085, 0.06836972114056152, 0.08055700201503088, 0.0833543460224893, 0.06836972114056152, 0.06836972114056152]
Timestep: 139, Trans probs: [0.1804716747332623, 0.062123996814410935, 0.3276623316786857, 0.062123996814410935, 0.14688841855632825, 0.09648158777408, 0.062123996814410935, 0.062123996814410935]
Timestep: 140, Trans probs: [0.15826742619709097, 0.06805282787850496, 0.3421508069119112, 0.06804725847608371, 0.1465206562532881, 0.08086650733095353, 0.06804725847608371, 0.06804725847608371]
Timestep: 141, Trans probs: [0.14567878488981903, 0.06691962972521093, 0.3731274347780357, 0.06691476752510535, 0.13542361894184496, 0.07810622908977334, 0.06691476752510535, 0.06691476752510535]
Timestep: 142, Trans probs: [0.1345976461779728, 0.06642235635243603, 0.39789928738620617, 0.0664181475477492, 0.12572059678287867, 0.07610567065725883, 0.0664181475477492, 0.0664181475477492]
Timestep: 143, Trans probs: [0.12494140105302248, 0.06640168582980314, 0.4174272993790518, 0.06639807187776234, 0.1173189920402982, 0.07471640606453725, 0.06639807187776234, 0.06639807187776234]
Timestep: 144, Trans probs: [0.11661069524778492, 0.0667179725050193, 0.4326079385145116, 0.0667148923754613, 0.11011420413822506, 0.07380451246807514, 0.0667148923754613, 0.0667148923754613]
Timestep: 145, Trans probs: [0.1370256949075646, 0.07169876416948984, 0.33764549542326205, 0.07169876416948984, 0.16683498882172412, 0.07169876416948984, 0.07169876416948984, 0.07169876416948984]
Timestep: 146, Trans probs: [0.10949152181669462, 0.0672552196667141, 0.3769965668707773, 0.06725261220663732, 0.10399196704529627, 0.1405068879806058, 0.06725261220663732, 0.06725261220663732]
Timestep: 147, Trans probs: [0.10323342298882766, 0.06663853827545528, 0.40164463941061673, 0.06663627908854622, 0.0984684326229679, 0.1301061294364939, 0.06663627908854622, 0.06663627908854622]
Timestep: 148, Trans probs: [0.19095751316702958, 0.062215671438244184, 0.32147100097598064, 0.062215671438244184, 0.12748196831998823, 0.11122683178402483, 0.062215671438244184, 0.062215671438244184]
Timestep: 149, Trans probs: [0.16453411269052065, 0.06655129479742357, 0.3543074165167132, 0.0665493542510843, 0.09389183254028569, 0.1210672807018041, 0.0665493542510843, 0.0665493542510843]
Timestep: 150, Trans probs: [0.15125927871332606, 0.06579441281972956, 0.3825805100294673, 0.06579272019099922, 0.08964201632713126, 0.1133456215373482, 0.06579272019099922, 0.06579272019099922]
Timestep: 151, Trans probs: [0.1395120430022838, 0.0655948803361684, 0.4051714035225747, 0.06559341640930343, 0.086220282005297, 0.1067211419057659, 0.06559341640930343, 0.06559341640930343]
Timestep: 152, Trans probs: [0.12922583951982947, 0.06580502641656913, 0.422964937017571, 0.06580377036954631, 0.08350158966732711, 0.10109129627006423, 0.06580377036954631, 0.06580377036954631]
Timestep: 153, Trans probs: [0.12031209796031689, 0.0662971620617034, 0.4367831367133302, 0.06629609229775518, 0.08136916575959215, 0.09635016061179187, 0.06629609229775518, 0.06629609229775518]
Timestep: 154, Trans probs: [0.16620378529071622, 0.06181202155276558, 0.357849298758855, 0.06181202155276558, 0.13658076770369237, 0.09211806203567405, 0.06181202155276558, 0.06181202155276558]
Timestep: 155, Trans probs: [0.17556177599801026, 0.0617938689746327, 0.3526891383183851, 0.0617938689746327, 0.11946905752013112, 0.10510455226494257, 0.0617938689746327, 0.0617938689746327]
Timestep: 156, Trans probs: [0.11266333328274311, 0.06696610950425155, 0.38040127718131844, 0.06696520447230589, 0.14668239317927023, 0.09239127343549908, 0.06696520447230589, 0.06696520447230589]
Timestep: 157, Trans probs: [0.10601913213810289, 0.06650227912650158, 0.4040480629040804, 0.06650149649658645, 0.13543724725249767, 0.08848878908905802, 0.06650149649658645, 0.06650149649658645]
Timestep: 158, Trans probs: [0.16161986610405857, 0.061831599550186606, 0.3788136667148469, 0.061831599550186606, 0.11241974201236965, 0.09982032696797838, 0.061831599550186606, 0.061831599550186606]
Timestep: 159, Trans probs: [0.21133259251600398, 0.06223861094315806, 0.3381387330450677, 0.06223861094315806, 0.10627035951199688, 0.09530387115429921, 0.06223861094315806, 0.06223861094315806]
Timestep: 160, Trans probs: [0.2152683832914823, 0.06193505364042521, 0.32112501080446615, 0.06193505364042521, 0.1273974450492499, 0.08846894629310079, 0.06193505364042521, 0.06193505364042521]
Timestep: 161, Trans probs: [0.16692451145581672, 0.06651779027798266, 0.35599661829616586, 0.06651711909557868, 0.12563632987062462, 0.08537339281267416, 0.06651711909557868, 0.06651711909557868]
Timestep: 162, Trans probs: [0.15327792684639502, 0.06584290901662535, 0.38376583326885244, 0.06584232454533925, 0.11732383083855731, 0.08226252639355208, 0.06584232454533925, 0.06584232454533925]
Timestep: 163, Trans probs: [0.14121152035597456, 0.06569490172926218, 0.40597566942005753, 0.06569439692813896, 0.110158381422804, 0.07987633628748489, 0.06569439692813896, 0.06569439692813896]
Timestep: 164, Trans probs: [0.19280368251225555, 0.062266951031831545, 0.30382666909889877, 0.062266951031831545, 0.1630851599944586, 0.09121668426706085, 0.062266951031831545, 0.062266951031831545]
Timestep: 165, Trans probs: [0.23905166874854036, 0.06174810059585542, 0.2755848180283119, 0.06174810059585542, 0.15099574103233765, 0.08737536980738833, 0.06174810059585542, 0.06174810059585542]
Timestep: 166, Trans probs: [0.1965848022311075, 0.06593347657264317, 0.35755652567554697, 0.06593304395447393, 0.10403899634664968, 0.07808706731063089, 0.06593304395447393, 0.06593304395447393]
Timestep: 167, Trans probs: [0.178825342387515, 0.06561736490746549, 0.38392261057917876, 0.065616990048445, 0.09863539057769974, 0.076148321402806, 0.065616990048445, 0.065616990048445]
Timestep: 168, Trans probs: [0.19666392996525311, 0.06180895465663651, 0.35157262309364495, 0.06180895465663651, 0.11938240719412394, 0.08514522112043191, 0.06180895465663651, 0.06180895465663651]
Timestep: 169, Trans probs: [0.1111111111111111, 0.1111111111111111, 0.2222222222222222, 0.1111111111111111, 0.1111111111111111, 0.1111111111111111, 0.1111111111111111, 0.1111111111111111]
Timestep: 170, Trans probs: [0.16310048705187238, 0.06569440295353976, 0.33956969177144375, 0.06569408041841383, 0.15979775855543193, 0.07475541841247059, 0.06569408041841383, 0.06569408041841383]
Timestep: 171, Trans probs: [0.15017192492546216, 0.06503524896610442, 0.3694477860516892, 0.06503496705795919, 0.14728521278231382, 0.07295492610055283, 0.06503496705795919, 0.06503496705795919]
Timestep: 172, Trans probs: [0.17986245875569554, 0.12406519168892197, 0.3152143064224582, 0.06203259584446098, 0.11233754013215724, 0.08242271546738422, 0.06203259584446098, 0.06203259584446098]
Timestep: 173, Trans probs: [0.13872350028239352, 0.06487871583553757, 0.3289162523108475, 0.06487847131757886, 0.2010981313505284, 0.07174798626795638, 0.06487847131757886, 0.06487847131757886]
Timestep: 174, Trans probs: [0.1289514657808294, 0.06438381024337614, 0.35963387656491025, 0.06438359644423716, 0.18348996465046122, 0.07039009342771162, 0.06438359644423716, 0.06438359644423716]
Timestep: 175, Trans probs: [0.12039155842567138, 0.06431988858491604, 0.3850398603595404, 0.06431970291804254, 0.16775373499493737, 0.06953584888080729, 0.06431970291804254, 0.06431970291804254]
Timestep: 176, Trans probs: [0.1129511976399113, 0.06459799492099834, 0.4057675433141337, 0.06459783481183808, 0.15379380017639063, 0.06909595951305182, 0.06459783481183808, 0.06459783481183808]
Timestep: 177, Trans probs: [0.1065400001865534, 0.06512924686119811, 0.42244351117655476, 0.06512910974016853, 0.1415185092345617, 0.06898140332062648, 0.06512910974016853, 0.06512910974016853]
Timestep: 178, Trans probs: [0.10106500215890706, 0.06583225648517396, 0.43567148599398176, 0.06583213982102337, 0.13082512034976043, 0.06910971554910668, 0.06583213982102337, 0.06583213982102337]
Timestep: 179, Trans probs: [0.09643045043473891, 0.0666368782796051, 0.446017713455615, 0.06663677962587482, 0.12159625036629317, 0.06940836858612343, 0.06663677962587482, 0.06663677962587482]
Timestep: 180, Trans probs: [0.09253967806987858, 0.06748576539498084, 0.4539991315716205, 0.06748568243541056, 0.1137020197520412, 0.06981635790524723, 0.06748568243541056, 0.06748568243541056]
Timestep: 181, Trans probs: [0.2183499249327726, 0.06131426166408945, 0.31202116276049074, 0.06131426166408945, 0.14035983619555553, 0.08401202945482318, 0.06131426166408945, 0.06131426166408945]
Timestep: 182, Trans probs: [0.26083363771166973, 0.061226455019830775, 0.2821508150281402, 0.061226455019830775, 0.1308818689254033, 0.0812278582554637, 0.061226455019830775, 0.061226455019830775]
Timestep: 183, Trans probs: [0.1576322047679657, 0.06833449755664392, 0.39174057245860533, 0.06833442814215182, 0.10700487412379434, 0.0702845666665352, 0.06833442814215182, 0.06833442814215182]
Timestep: 184, Trans probs: [0.14444264261732245, 0.06798353011940295, 0.4128760305615522, 0.06798347068483708, 0.1010941526047896, 0.06965323204242152, 0.06798347068483708, 0.06798347068483708]
Timestep: 185, Trans probs: [0.13302494434069295, 0.06802671233472254, 0.4292480245717963, 0.06802666180913344, 0.09617419995074507, 0.06944613337464278, 0.06802666180913344, 0.06802666180913344]
Timestep: 186, Trans probs: [0.12323591560518578, 0.06833702681278754, 0.44176921181890905, 0.06833698413780068, 0.09211099334583858, 0.06953590000387702, 0.06833698413780068, 0.06833698413780068]
Timestep: 187, Trans probs: [0.11491683869642864, 0.06881376110370553, 0.4512289704737564, 0.06881372526603606, 0.08877870115749809, 0.0698205527705031, 0.06881372526603606, 0.06881372526603606]
Timestep: 188, Trans probs: [0.16614834605642217, 0.11650422977440117, 0.34788640634838663, 0.06131239757063607, 0.1060698675160792, 0.07945395759280244, 0.06131239757063607, 0.06131239757063607]
Timestep: 189, Trans probs: [0.10790233833248294, 0.06938020751923053, 0.38891307798112823, 0.06938017757451831, 0.15544239576611948, 0.07022144767748388, 0.06938017757451831, 0.06938017757451831]
Timestep: 190, Trans probs: [0.1017641782761824, 0.06878430313207543, 0.4111296207310161, 0.06878427749556856, 0.14246455298041938, 0.06950451239360098, 0.06878427749556856, 0.06878427749556856]
Timestep: 191, Trans probs: [0.1536671468718416, 0.10985858490428747, 0.3751967351125275, 0.06115442855540826, 0.10065075848254587, 0.07716348896257286, 0.06115442855540826, 0.06115442855540826]
Timestep: 192, Trans probs: [0.09667325298934189, 0.06864681869788167, 0.35957328542194483, 0.0686467969118721, 0.19990739664833873, 0.0692588555068765, 0.0686467969118721, 0.0686467969118721]
Timestep: 193, Trans probs: [0.23698447974268377, 0.06118472416808893, 0.31694385175278655, 0.06118472416808893, 0.12253223969287738, 0.07880053213929648, 0.06118472416808893, 0.06118472416808893]
Timestep: 194, Trans probs: [0.1424052425606774, 0.10406886796912289, 0.39771168141511093, 0.061448414384293305, 0.0960112037358313, 0.07545776116637741, 0.061448414384293305, 0.061448414384293305]
Timestep: 195, Trans probs: [0.16010660760981785, 0.06799018137585783, 0.31843119556282146, 0.06799016262159875, 0.18098448070806245, 0.06851704687864414, 0.06799016262159875, 0.06799016262159875]
Timestep: 196, Trans probs: [0.147375749339976, 0.06676557746289757, 0.3526895885760825, 0.0667655610512313, 0.1656457692233231, 0.06722663224402683, 0.0667655610512313, 0.0667655610512313]
Timestep: 197, Trans probs: [0.13616623228692576, 0.06615026329452983, 0.3806469211077396, 0.06615024903976903, 0.15203511230362535, 0.0665507238878724, 0.06615024903976903, 0.06615024903976903]
Timestep: 198, Trans probs: [0.21552087528444644, 0.06137264218951726, 0.2856324398566027, 0.06137264218951726, 0.17653723131321142, 0.07681888478767038, 0.06137264218951726, 0.06137264218951726]
Timestep: 199, Trans probs: [0.25851903045142005, 0.06108148343780454, 0.2594566617595696, 0.06108148343780454, 0.16295349144558988, 0.0747448825922023, 0.06108148343780454, 0.06108148343780454]
Timestep: 200, Trans probs: [0.2962881305449415, 0.06089714653563496, 0.2362196555946722, 0.06089714653563496, 0.15093087050203538, 0.07297275721581103, 0.06089714653563496, 0.06089714653563496]
Timestep: 201, Trans probs: [0.10021969922071987, 0.10021969922071987, 0.2984621054549608, 0.10021969922071987, 0.10021969922071987, 0.10021969922071987, 0.10021969922071987, 0.10021969922071987]
Timestep: 202, Trans probs: [0.1323452112109751, 0.09907370027378695, 0.41600559085853833, 0.06208410742094658, 0.09208058560077843, 0.07424258979308139, 0.06208410742094658, 0.06208410742094658]
Timestep: 203, Trans probs: [0.1923896339259973, 0.06601552073314383, 0.33713337765618495, 0.06601550844455474, 0.14005419690672227, 0.06636074544428736, 0.06601550844455474, 0.06601550844455474]
Timestep: 204, Trans probs: [0.17553004723473745, 0.06543396531582442, 0.3670635539156882, 0.06543395461010727, 0.12993584747530398, 0.06573472222812408, 0.06543395461010727, 0.06543395461010727]
Timestep: 205, Trans probs: [0.2682366691720724, 0.1218575559746977, 0.21533460530997314, 0.06092877798734885, 0.14022111592262015, 0.07156371965858997, 0.06092877798734885, 0.06092877798734885]
Timestep: 206, Trans probs: [0.30588542989671363, 0.11467300659289564, 0.19840209688136348, 0.060097993907470774, 0.13112158065285004, 0.0696239042537648, 0.060097993907470774, 0.060097993907470774]
Timestep: 207, Trans probs: [0.22585662597842202, 0.06530357821575067, 0.3262580155285821, 0.06530356895371371, 0.12110729575778076, 0.0655637776583233, 0.06530356895371371, 0.06530356895371371]
Timestep: 208, Trans probs: [0.20464503294202077, 0.06493699214841976, 0.3569480410489878, 0.06493698408889642, 0.11349557235252071, 0.06516340924136181, 0.06493698408889642, 0.06493698408889642]
Timestep: 209, Trans probs: [0.27856085593346075, 0.108337451638642, 0.2426287939969264, 0.05975303286379534, 0.12298049744028464, 0.0682333023993001, 0.05975303286379534, 0.05975303286379534]
Timestep: 210, Trans probs: [0.250708713562233, 0.06492511670721628, 0.3175377322156104, 0.06492510973509215, 0.1069321229383706, 0.06512098537129334, 0.06492510973509215, 0.06492510973509215]
Timestep: 211, Trans probs: [0.22601929384689104, 0.06476035278472489, 0.34878678955694153, 0.06476034673296698, 0.10122215811468689, 0.06493036549785465, 0.06476034673296698, 0.06476034673296698]
Timestep: 212, Trans probs: [0.20416165139733036, 0.06485359298670682, 0.37507138308613835, 0.06485358775872603, 0.09635214601704693, 0.0650004632365995, 0.06485358775872603, 0.06485358775872603]
Timestep: 213, Trans probs: [0.18486637862883304, 0.06517679092924847, 0.3968840266293134, 0.0651767864375136, 0.09223946675968994, 0.06530297774037447, 0.0651767864375136, 0.0651767864375136]
Timestep: 214, Trans probs: [0.16793115236302314, 0.06568458145524353, 0.4147348891045917, 0.06568457761811368, 0.08880326584904974, 0.06579237837375079, 0.06568457761811368, 0.06568457761811368]
Timestep: 215, Trans probs: [0.15317533465416408, 0.0663261785971631, 0.42913882161446854, 0.06632617533787052, 0.08596339685224942, 0.06641774226834328, 0.06632617533787052, 0.06632617533787052]
Timestep: 216, Trans probs: [0.09210010683622472, 0.09210010683622472, 0.2631991453102022, 0.09210010683622472, 0.18420021367244943, 0.09210010683622472, 0.09210010683622472, 0.09210010683622472]
Timestep: 217, Trans probs: [0.14042020819911274, 0.134104795528931, 0.373546669496972, 0.06705239638778455, 0.08364138796705045, 0.06712974964458006, 0.06705239638778455, 0.06705239638778455]
Timestep: 218, Trans probs: [0.1300465202668002, 0.12457573713722998, 0.3984854101313077, 0.06649099221619287, 0.0808613556442123, 0.06655800017187123, 0.06649099221619287, 0.06649099221619287]
Timestep: 219, Trans probs: [0.1234544041108086, 0.09480737227454393, 0.4306472582387379, 0.06295904275123974, 0.0887862457002046, 0.07342759142198566, 0.06295904275123974, 0.06295904275123974]
Timestep: 220, Trans probs: [0.12103138539740199, 0.11633153089293037, 0.3516425604019171, 0.06643193816685805, 0.1452092052726421, 0.06648950353453424, 0.06643193816685805, 0.06643193816685805]
Timestep: 221, Trans probs: [0.11333376335255274, 0.10921940461980469, 0.38075216667510897, 0.06553617466071737, 0.13449957268725826, 0.06558656868312318, 0.06553617466071737, 0.06553617466071737]
Timestep: 222, Trans probs: [0.10672193931368282, 0.10315243744776524, 0.4039807176684018, 0.06525409630235851, 0.1250847999248734, 0.06529781673820113, 0.06525409630235851, 0.06525409630235851]
Timestep: 223, Trans probs: [0.10109799264477462, 0.0980272889850329, 0.42224298086264545, 0.06542481972608324, 0.11689484761227173, 0.06546243071702551, 0.06542481972608324, 0.06542481972608324]
Timestep: 224, Trans probs: [0.2541896998582919, 0.10273614683525249, 0.2817286589403709, 0.05950893683147654, 0.11576456277444294, 0.06705412109721225, 0.05950893683147654, 0.05950893683147654]
Timestep: 225, Trans probs: [0.08551739150444512, 0.08551739150444512, 0.3207751907697453, 0.08551739150444512, 0.16612046020358393, 0.08551739150444512, 0.08551739150444512, 0.08551739150444512]
Timestep: 226, Trans probs: [0.16226804114083204, 0.09373792658743546, 0.3704829180740236, 0.06590901421969082, 0.10984295321779043, 0.06594111832084597, 0.06590901421969082, 0.06590901421969082]
Timestep: 227, Trans probs: [0.1491583723909669, 0.0896748516405868, 0.395406612770684, 0.0655196069415948, 0.10365386936141248, 0.06554747301156534, 0.0655196069415948, 0.0655196069415948]
Timestep: 228, Trans probs: [0.23211945939557402, 0.15731270188362081, 0.256538964011858, 0.059491010467427614, 0.10937432353354008, 0.06618151977312416, 0.059491010467427614, 0.059491010467427614]
Timestep: 229, Trans probs: [0.20319139380930604, 0.08638755293508105, 0.3496108493435461, 0.06559081558689243, 0.09842294994920518, 0.06561480720218447, 0.06559081558689243, 0.06559081558689243]
Timestep: 230, Trans probs: [0.11568130125833818, 0.0911999612236559, 0.44218672002683107, 0.06398283837989933, 0.08605439333722444, 0.07292910901425238, 0.06398283837989933, 0.06398283837989933]
Timestep: 231, Trans probs: [0.21348554379624457, 0.1465413353155234, 0.2943396142241167, 0.05900117287690913, 0.1036415104703855, 0.06498847756300233, 0.05900117287690913, 0.05900117287690913]
Timestep: 232, Trans probs: [0.184787452796822, 0.08329630218468298, 0.3120116853473131, 0.06522596488542493, 0.15897985375471582, 0.06524681126019145, 0.06522596488542493, 0.06522596488542493]
Timestep: 233, Trans probs: [0.16963660770221722, 0.08022055607605767, 0.34602427070447506, 0.06430017086900185, 0.14689951590280484, 0.06431853700743953, 0.06430017086900185, 0.06430017086900185]
Timestep: 234, Trans probs: [0.15604511707745486, 0.07784853070967725, 0.3742263187014854, 0.06392575337595278, 0.13616095835751563, 0.06394181502600853, 0.06392575337595278, 0.06392575337595278]
Timestep: 235, Trans probs: [0.14394359381107294, 0.07607918990796568, 0.39729236606952395, 0.06399604116301928, 0.12668674614899256, 0.06400998057338698, 0.06399604116301928, 0.06399604116301928]
Timestep: 236, Trans probs: [0.13326681739841467, 0.07481122213055229, 0.41589428529294326, 0.06440329673855417, 0.11840248139136784, 0.06441530357105933, 0.06440329673855417, 0.06440329673855417]
Timestep: 237, Trans probs: [0.12393857134536461, 0.07394873133171813, 0.43068300539693916, 0.06504812014410101, 0.11122694339090809, 0.06505838810276694, 0.06504812014410101, 0.06504812014410101]
Timestep: 238, Trans probs: [0.11586787448852968, 0.07340457900036824, 0.4422724682147557, 0.06584405704667033, 0.1050701281100994, 0.0658527790462361, 0.06584405704667033, 0.06584405704667033]
Timestep: 239, Trans probs: [0.12671408555894842, 0.06992272501199998, 0.37104377099628094, 0.06992272501199998, 0.1526285183847708, 0.06992272501199998, 0.06992272501199998, 0.06992272501199998]
Timestep: 240, Trans probs: [0.10895055242460254, 0.0731022788065007, 0.384507149047333, 0.06671955093349823, 0.09983490178602333, 0.13344646513504566, 0.06671955093349823, 0.06671955093349823]
Timestep: 241, Trans probs: [0.10282395007900855, 0.07179352234040143, 0.40761559032994893, 0.06626860423281408, 0.0949334016681086, 0.12402772288409017, 0.06626860423281408, 0.06626860423281408]
Timestep: 242, Trans probs: [0.0976812878634418, 0.07105354821076322, 0.42554071806432564, 0.06631252168639569, 0.090910273600532, 0.1158766072017502, 0.06631252168639569, 0.06631252168639569]
Timestep: 243, Trans probs: [0.09340354273620877, 0.0707323621604605, 0.4392428337103183, 0.06669579466166659, 0.08763861904994488, 0.10889525835806776, 0.06669579466166659, 0.06669579466166659]
Timestep: 244, Trans probs: [0.08987396272278285, 0.07070575036396018, 0.44956983278996226, 0.06729288076243747, 0.08499978861078622, 0.10297202322519597, 0.06729288076243747, 0.06729288076243747]
Timestep: 245, Trans probs: [0.08698200951017196, 0.07087455089217658, 0.4572487822155821, 0.0680066436066107, 0.08288613680508095, 0.09798858975715634, 0.0680066436066107, 0.0680066436066107]
Timestep: 246, Trans probs: [0.1964373950853855, 0.13682379405812184, 0.32730724584347204, 0.05886956267781852, 0.09862163885310458, 0.0642012381264604, 0.05886956267781852, 0.05886956267781852]
Timestep: 247, Trans probs: [0.15339141981422566, 0.07116242833301317, 0.3941216225244393, 0.06876522647307129, 0.08120257022887796, 0.09382627968023009, 0.06876522647307129, 0.06876522647307129]
Timestep: 248, Trans probs: [0.11786142629740513, 0.06892471279329052, 0.3973233000539868, 0.06892471279329052, 0.14019170968215555, 0.06892471279329052, 0.06892471279329052, 0.06892471279329052]
Timestep: 249, Trans probs: [0.14077488419396125, 0.07035798758134598, 0.34692448533131753, 0.06830514086037331, 0.0789558752742606, 0.1580713450379947, 0.06830514086037331, 0.06830514086037331]
Timestep: 250, Trans probs: [0.18083347793889806, 0.1280773736592683, 0.3557394592616895, 0.059090406107067686, 0.0942697047888578, 0.06380876603008347, 0.059090406107067686, 0.059090406107067686]
Timestep: 251, Trans probs: [0.19753392413149692, 0.06896954939634924, 0.31006018334938007, 0.06718002636520057, 0.07646456492211155, 0.14543169910506037, 0.06718002636520057, 0.06718002636520057]
Timestep: 252, Trans probs: [0.18047396682897796, 0.06753353167434062, 0.3452868202306534, 0.0659614825722971, 0.07411770646392907, 0.13470352708520766, 0.0659614825722971, 0.0659614825722971]
Timestep: 253, Trans probs: [0.17403576636463963, 0.08817881858869572, 0.3860628129702544, 0.0650795276185247, 0.08381175266119952, 0.07267226655963664, 0.0650795276185247, 0.0650795276185247]
Timestep: 254, Trans probs: [0.1652016988728141, 0.06672289678593343, 0.30891083501431094, 0.06535214314770783, 0.13781613385736774, 0.12529200602645024, 0.06535214314770783, 0.06535214314770783]
Timestep: 255, Trans probs: [0.1526532773480913, 0.0652928398065633, 0.34421434047716093, 0.06407684575444857, 0.12835957259769534, 0.11724943250714343, 0.06407684575444857, 0.06407684575444857]
Timestep: 256, Trans probs: [0.1103350402978806, 0.06850802401241415, 0.41770373777584513, 0.06850802401241415, 0.1294211018642035, 0.06850802401241415, 0.06850802401241415, 0.06850802401241415]
Timestep: 257, Trans probs: [0.15912688393024302, 0.08510602787389646, 0.40711541074219404, 0.06519116558029686, 0.08134099817296474, 0.07173718253981119, 0.06519116558029686, 0.06519116558029686]
Timestep: 258, Trans probs: [0.14600907379258615, 0.08265291188343207, 0.358268186877559, 0.0656073208555285, 0.1450376567781608, 0.07121020810167647, 0.0656073208555285, 0.0656073208555285]
Timestep: 259, Trans probs: [0.13520091094595277, 0.07991900478591234, 0.3204092319298265, 0.06504574328692558, 0.19939903684862564, 0.06993458562890599, 0.06504574328692558, 0.06504574328692558]
Timestep: 260, Trans probs: [0.14138874529442164, 0.06454754880784434, 0.3098835663520796, 0.06347797497654754, 0.12002029302190774, 0.17372592159410408, 0.06347797497654754, 0.06347797497654754]
Timestep: 261, Trans probs: [0.13172153089890576, 0.06352942542224532, 0.3438311534073627, 0.06258024067690357, 0.11275826877043549, 0.16041889947034005, 0.06258024067690357, 0.06258024067690357]
Timestep: 262, Trans probs: [0.1259290695653938, 0.0773499602740551, 0.35296137702385627, 0.0642800456118106, 0.18234332860878685, 0.06857612769247624, 0.0642800456118106, 0.0642800456118106]
Timestep: 263, Trans probs: [0.12313509114662162, 0.06309724024117903, 0.30988113458901134, 0.06226155681676778, 0.1687009689490555, 0.1484008946238291, 0.06226155681676778, 0.06226155681676778]
Timestep: 264, Trans probs: [0.1178065280846467, 0.07543175153821058, 0.3798742372668366, 0.06403107496400372, 0.16701577987763422, 0.06777847834066078, 0.06403107496400372, 0.06403107496400372]
Timestep: 265, Trans probs: [0.11564822850933221, 0.06229977258416696, 0.28158709736518234, 0.06155720069556272, 0.21769437387853321, 0.13809892557609713, 0.06155720069556272, 0.06155720069556272]
Timestep: 266, Trans probs: [0.1666147730363084, 0.12025145909606466, 0.379950370067536, 0.05962407809281876, 0.09054047897671064, 0.0637706845449239, 0.05962407809281876, 0.05962407809281876]
Timestep: 267, Trans probs: [0.16996546890649175, 0.06156542578918106, 0.2567952585183553, 0.06090431970041662, 0.19991205411351137, 0.1290488335712106, 0.06090431970041662, 0.06090431970041662]
Timestep: 268, Trans probs: [0.11074824288273069, 0.07406311011207466, 0.40182142648447006, 0.06419319768099041, 0.15335018872643608, 0.06743743875131722, 0.06419319768099041, 0.06419319768099041]
Timestep: 269, Trans probs: [0.15781889934482246, 0.0606141124979849, 0.23568114873565402, 0.060021283615325244, 0.2446939677754246, 0.12112802080013818, 0.060021283615325244, 0.060021283615325244]
Timestep: 270, Trans probs: [0.14695346535545123, 0.059936567485805496, 0.27606096043560135, 0.05940587211564996, 0.22472328721572246, 0.1141081031604696, 0.05940587211564996, 0.05940587211564996]
Timestep: 271, Trans probs: [0.1371891508222164, 0.05958661815473999, 0.3114418343510822, 0.059113338759504974, 0.2065450493799466, 0.10789733101349981, 0.059113338759504974, 0.059113338759504974]
Timestep: 272, Trans probs: [0.10399389159021162, 0.06850397158982094, 0.3647940024484083, 0.06850397158982094, 0.18869224801227538, 0.06850397158982094, 0.06850397158982094, 0.06850397158982094]
Timestep: 273, Trans probs: [0.12841434101336824, 0.05958902228183914, 0.2829582208515167, 0.059169273027446984, 0.18992575900537348, 0.1616048377655615, 0.059169273027446984, 0.059169273027446984]
Timestep: 274, Trans probs: [0.12070757328290278, 0.059146588799250485, 0.31771088961048544, 0.058771142992200084, 0.17572662031912936, 0.15039489901163158, 0.058771142992200084, 0.058771142992200084]
Timestep: 275, Trans probs: [0.15375336208411208, 0.11330561151403064, 0.400282923893475, 0.060413767162757495, 0.08738549901712911, 0.06403130200298074, 0.060413767162757495, 0.060413767162757495]
Timestep: 276, Trans probs: [0.17261885258481635, 0.05911583849107027, 0.2889508997975001, 0.05878210870002821, 0.16274259055007936, 0.14022549247644933, 0.05878210870002821, 0.05878210870002821]
Timestep: 277, Trans probs: [0.14222509781258277, 0.10719853428636064, 0.41710820580266156, 0.06139575118773082, 0.08475247846907871, 0.06452843006612378, 0.06139575118773082, 0.06139575118773082]
Timestep: 278, Trans probs: [0.10466979212597866, 0.07314389625309865, 0.4194697592855579, 0.06466204521218605, 0.14128038631537818, 0.06745003038342835, 0.06466204521218605, 0.06466204521218605]
Timestep: 279, Trans probs: [0.2187467258673158, 0.058739439107413347, 0.2644039188024918, 0.05844080597701422, 0.15146829398083111, 0.13131920431090519, 0.05844080597701422, 0.05844080597701422]
Timestep: 280, Trans probs: [0.0994833446562084, 0.07258065822226718, 0.43346118125541666, 0.06534265363539789, 0.1307250685903714, 0.0677217863695427, 0.06534265363539789, 0.06534265363539789]
Timestep: 281, Trans probs: [0.20170312133043786, 0.05838625732605004, 0.24259779458698408, 0.05811877473445508, 0.19956130376091732, 0.12339519879224542, 0.05811877473445508, 0.05811877473445508]
Timestep: 282, Trans probs: [0.13199515392112648, 0.10188280711944396, 0.36831224142315516, 0.06250614123226253, 0.14509206766873822, 0.06519930617074855, 0.06250614123226253, 0.06250614123226253]
Timestep: 283, Trans probs: [0.09842745795253759, 0.06786538269178136, 0.3908803465044063, 0.06786538269178136, 0.1713652820841494, 0.06786538269178136, 0.06786538269178136, 0.06786538269178136]
Timestep: 284, Trans probs: [0.12329809159265843, 0.09697046449766875, 0.32991327827680705, 0.06254291945943916, 0.13474889825058056, 0.12744050900396775, 0.06254291945943916, 0.06254291945943916]
Timestep: 285, Trans probs: [0.2443909907023339, 0.057959989739174295, 0.22339826173522934, 0.05771976668691337, 0.18474768218464827, 0.11634377557787416, 0.05771976668691337, 0.05771976668691337]
Timestep: 286, Trans probs: [0.22486950999014302, 0.05770102891356583, 0.2635314288870728, 0.05748562631121658, 0.17138869810921856, 0.11005245516635026, 0.05748562631121658, 0.05748562631121658]
Timestep: 287, Trans probs: [0.09509783471275608, 0.07228976845292448, 0.4443972526132402, 0.06615339658494611, 0.1215845319171946, 0.06817042254904644, 0.06615339658494611, 0.06615339658494611]
Timestep: 288, Trans probs: [0.11577112185346722, 0.09234758655591954, 0.3613130425338709, 0.06171760180638819, 0.12595883732700777, 0.1194566063105699, 0.06171760180638819, 0.06171760180638819]
Timestep: 289, Trans probs: [0.1584484863725505, 0.07219905680938035, 0.38579938644847145, 0.06702751814783335, 0.11374311257262311, 0.0687274033534745, 0.06702751814783335, 0.06702751814783335]
Timestep: 290, Trans probs: [0.2071238163959984, 0.057639485415217226, 0.2416958304713871, 0.057446869476516754, 0.21674741600224073, 0.10445284328560638, 0.057446869476516754, 0.057446869476516754]
Timestep: 291, Trans probs: [0.10917391204498117, 0.08852497509616289, 0.3256305473912355, 0.06152321742798736, 0.17967807499606656, 0.11242283818759169, 0.06152321742798736, 0.06152321742798736]
Timestep: 292, Trans probs: [0.16149947605698525, 0.06768257819383128, 0.3438999570932821, 0.06768257819383128, 0.15618767588057622, 0.06768257819383128, 0.06768257819383128, 0.06768257819383128]
Timestep: 293, Trans probs: [0.24870906304148258, 0.057519969301771806, 0.22231578857393094, 0.05734750960518632, 0.199978094099287, 0.09943455616796879, 0.05734750960518632, 0.05734750960518632]
Timestep: 294, Trans probs: [0.2284343151002341, 0.057500841945892146, 0.26218394237823783, 0.05734665357489315, 0.1848661721244314, 0.09497476772652519, 0.05734665357489315, 0.05734665357489315]
Timestep: 295, Trans probs: [0.21008589961833807, 0.05760371885574185, 0.2976586215820386, 0.05746617423897197, 0.17122068890136835, 0.09103254832559725, 0.05746617423897197, 0.05746617423897197]
Timestep: 296, Trans probs: [0.19335333113899988, 0.05791192951180415, 0.3289290434755552, 0.057789756313674244, 0.1588315359514147, 0.08760489098120328, 0.057789756313674244, 0.057789756313674244]
Timestep: 297, Trans probs: [0.10332102609441277, 0.08498580225920864, 0.29552369829618247, 0.06100959118272168, 0.16592519851384752, 0.16721550128818372, 0.06100959118272168, 0.06100959118272168]
Timestep: 298, Trans probs: [0.23642434282409022, 0.058449244643540406, 0.29783541500317234, 0.05834133052109566, 0.14759032413644244, 0.08467668182946765, 0.05834133052109566, 0.05834133052109566]
Timestep: 299, Trans probs: [0.21620231799999542, 0.058805345500956493, 0.32922272831275085, 0.05870990880033751, 0.1376396104116882, 0.08200027137359639, 0.05870990880033751, 0.05870990880033751]
Timestep: 300, Trans probs: [0.1978300279957926, 0.059353939586185164, 0.3565340909120963, 0.059269975448993664, 0.12871144033196066, 0.07976057482698426, 0.059269975448993664, 0.059269975448993664]
Timestep: 301, Trans probs: [0.18118496177880578, 0.06009241993372409, 0.3799851627415903, 0.060018996204666455, 0.12074315146280305, 0.07793731546907731, 0.060018996204666455, 0.060018996204666455]
Timestep: 302, Trans probs: [0.16619473973256008, 0.0609946941299118, 0.39983479838212427, 0.06093090671965938, 0.11368546785944379, 0.07649757973698192, 0.06093090671965938, 0.06093090671965938]
Timestep: 303, Trans probs: [0.09807317044035853, 0.08166471865525879, 0.33028613443812777, 0.060208067404427155, 0.1540985320025142, 0.15525324225045922, 0.060208067404427155, 0.060208067404427155]
Timestep: 304, Trans probs: [0.2147692968668066, 0.062022086648416914, 0.35441703066943064, 0.06196704264383794, 0.10749048204119696, 0.07539997584263514, 0.06196704264383794, 0.06196704264383794]
Timestep: 305, Trans probs: [0.1952096845857938, 0.06246782527383025, 0.37898770049196207, 0.062419990400110835, 0.10198121040040523, 0.07409360804767602, 0.062419990400110835, 0.062419990400110835]
Timestep: 306, Trans probs: [0.17775905364290137, 0.06310605111306346, 0.39955820292339733, 0.06306473474213124, 0.09723491045224675, 0.0731475776419973, 0.06306473474213124, 0.06306473474213124]
Timestep: 307, Trans probs: [0.16230119052407163, 0.063893703599038, 0.41653121817090294, 0.0638582414642261, 0.09318674612806332, 0.07251241718524583, 0.0638582414642261, 0.0638582414642261]
Timestep: 308, Trans probs: [0.14872307389730977, 0.06478334598793797, 0.43032958377088115, 0.06475309745665027, 0.08976975806242966, 0.07213494591149068, 0.06475309745665027, 0.06475309745665027]
Timestep: 309, Trans probs: [0.09359064550333183, 0.07901807306986747, 0.3597843079303613, 0.059962125036045845, 0.14334754214222956, 0.14437305624607225, 0.059962125036045845, 0.059962125036045845]
Timestep: 310, Trans probs: [0.14542927268222836, 0.07122693463555171, 0.40780214493339534, 0.06677774277504774, 0.10696822689901349, 0.06824019252466777, 0.06677774277504774, 0.06677774277504774]
Timestep: 311, Trans probs: [0.20260538652678226, 0.06572902168426997, 0.3756778357218446, 0.0657033737759346, 0.08691514805918137, 0.07196248668011794, 0.0657033737759346, 0.0657033737759346]
Timestep: 312, Trans probs: [0.08980732811884114, 0.07696971917352839, 0.3243088313751466, 0.06018251087126396, 0.19382283994439584, 0.13454374877429617, 0.06018251087126396, 0.06018251087126396]
Timestep: 313, Trans probs: [0.24925439231432, 0.06588050358632933, 0.33198751564848694, 0.06585848353674804, 0.08406988367576396, 0.0712322541648557, 0.06585848353674804, 0.06585848353674804]
Timestep: 314, Trans probs: [0.22399108443379975, 0.0657710702447071, 0.36112756022266634, 0.06575207074275312, 0.08146536563105919, 0.07038870723950828, 0.06575207074275312, 0.06575207074275312]
Timestep: 315, Trans probs: [0.2017819726631449, 0.06589700574151926, 0.38544033637898534, 0.06588068829452763, 0.07937582395780339, 0.06986279637496422, 0.06588068829452763, 0.06588068829452763]
Timestep: 316, Trans probs: [0.18232455864476418, 0.0662268283859091, 0.4054519275018056, 0.06621288704565444, 0.07774289404742456, 0.06961513028313326, 0.06621288704565444, 0.06621288704565444]
Timestep: 317, Trans probs: [0.08631590857366142, 0.07494388900472307, 0.354119015615163, 0.060073171090317505, 0.17845662114656097, 0.12594505238893897, 0.060073171090317505, 0.060073171090317505]
Timestep: 318, Trans probs: [0.2320810953119825, 0.06671588506022785, 0.35499323564944446, 0.06670403755058676, 0.07650236874544276, 0.06959530258114213, 0.06670403755058676, 0.06670403755058676]
Timestep: 319, Trans probs: [0.2084794501376326, 0.06669044655024021, 0.38054822889043205, 0.06668028814639913, 0.07508166601072024, 0.06915934397177742, 0.06668028814639913, 0.06668028814639913]
Timestep: 320, Trans probs: [0.18787666425284802, 0.06688309273910852, 0.4015834630554227, 0.06687442421383143, 0.07404361708296779, 0.06898989022815873, 0.06687442421383143, 0.06687442421383143]
Timestep: 321, Trans probs: [0.14841176047185164, 0.06677919527657913, 0.373902440555396, 0.06677919527657913, 0.14378982258985662, 0.06677919527657913, 0.06677919527657913, 0.06677919527657913]
Timestep: 322, Trans probs: [0.08083467499356545, 0.08083467499356545, 0.36462234631306195, 0.08083467499356545, 0.1503696037255454, 0.08083467499356545, 0.08083467499356545, 0.08083467499356545]
Timestep: 323, Trans probs: [0.08343916526344639, 0.07343961278688727, 0.37928524532428953, 0.06036361311525737, 0.16445959307882665, 0.11828554420077807, 0.06036361311525737, 0.06036361311525737]
Timestep: 324, Trans probs: [0.14208908870798068, 0.07238678405316619, 0.3392648572208145, 0.06097678755214168, 0.15180997789949158, 0.11151892946212198, 0.06097678755214168, 0.06097678755214168]
Timestep: 325, Trans probs: [0.16997808346716417, 0.06725191478630091, 0.35141979468690177, 0.06724455502016881, 0.07333135539118617, 0.1362851866079406, 0.06724455502016881, 0.06724455502016881]
Timestep: 326, Trans probs: [0.1340806308823811, 0.07071659113362445, 0.42504751016917697, 0.06691726651232373, 0.10123736343367398, 0.0681661048441724, 0.06691726651232373, 0.06691726651232373]
Timestep: 327, Trans probs: [0.1557990660596312, 0.06647927468371957, 0.31356155249464246, 0.06647287541093508, 0.13823818746452451, 0.12650329306467686, 0.06647287541093508, 0.06647287541093508]
Timestep: 328, Trans probs: [0.12428601818281614, 0.07054577507727819, 0.4383840393122314, 0.06732349585399737, 0.09643102055210785, 0.06838265931357429, 0.06732349585399737, 0.06732349585399737]
Timestep: 329, Trans probs: [0.1441383905123143, 0.06505460447379956, 0.2838213715172974, 0.06504893855461306, 0.19363891875303713, 0.11819989907971247, 0.06504893855461306, 0.06504893855461306]
Timestep: 330, Trans probs: [0.13407481095886592, 0.06368399294458314, 0.322082650287582, 0.06367894982884073, 0.17813419214866694, 0.1109875041737797, 0.06367894982884073, 0.06367894982884073]
Timestep: 331, Trans probs: [0.1251486531929697, 0.06295719804080468, 0.35420943972721036, 0.06295274236440584, 0.1640758472020188, 0.104750634743779, 0.06295274236440584, 0.06295274236440584]
Timestep: 332, Trans probs: [0.13253303062757785, 0.0708394060374546, 0.3677940272702061, 0.06074039935188147, 0.14113700565298382, 0.10547533235613309, 0.06074039935188147, 0.06074039935188147]
Timestep: 333, Trans probs: [0.18005310377492745, 0.06277282881952494, 0.3180579528728552, 0.06276892338039207, 0.15140420465291685, 0.0994051397385993, 0.06276892338039207, 0.06276892338039207]
Timestep: 334, Trans probs: [0.1159110779247933, 0.07061288862814406, 0.4485642438353672, 0.06789679718925377, 0.09243182136364252, 0.06878957668029156, 0.06789679718925377, 0.06789679718925377]
Timestep: 335, Trans probs: [0.10881067230663855, 0.07083651465841123, 0.38767885579503414, 0.06855957409877941, 0.15768723028578094, 0.06930800465779695, 0.06855957409877941, 0.06855957409877941]
Timestep: 336, Trans probs: [0.10260577973651851, 0.07004102045425009, 0.3417493402311906, 0.06808842885468619, 0.21260832713152492, 0.06873024588245737, 0.06808842885468619, 0.06808842885468619]
Timestep: 337, Trans probs: [0.16588954041675683, 0.06221564927100822, 0.28788362431879966, 0.06221219692514962, 0.2027765677841927, 0.09459802743379396, 0.06221219692514962, 0.06221219692514962]
Timestep: 338, Trans probs: [0.09720269022728303, 0.06901947295749705, 0.371499424805497, 0.06732959977855933, 0.19240455143531218, 0.06788506123873271, 0.06732959977855933, 0.06732959977855933]
Timestep: 339, Trans probs: [0.15360830873860665, 0.061562738849720355, 0.2619192330392097, 0.061559673727552215, 0.2479176691811039, 0.09031302900870287, 0.061559673727552215, 0.061559673727552215]
Timestep: 340, Trans probs: [0.12399104734455373, 0.06983643035566207, 0.39147450213089086, 0.06097152992779801, 0.1315436101122379, 0.1002398202732613, 0.06097152992779801, 0.06097152992779801]
Timestep: 341, Trans probs: [0.2038266569718564, 0.06108280267458922, 0.23884113352851863, 0.061080083266852145, 0.22641880286821225, 0.08659035415626704, 0.061080083266852145, 0.061080083266852145]
Timestep: 342, Trans probs: [0.1876309421182254, 0.06051725360495373, 0.27932623567761794, 0.060514831966910314, 0.20774929334569922, 0.083231779352773, 0.060514831966910314, 0.060514831966910314]
Timestep: 343, Trans probs: [0.11642617217650152, 0.06928122128967835, 0.41085087562121736, 0.06156377597243132, 0.12300114621472906, 0.09574925678057963, 0.06156377597243132, 0.06156377597243132]
Timestep: 344, Trans probs: [0.09272198910171127, 0.06849211354418787, 0.39558160812273757, 0.06703928378235818, 0.17456960883347644, 0.06751682905081231, 0.06703928378235818, 0.06703928378235818]
Timestep: 345, Trans probs: [0.1369108161332408, 0.13285482966263354, 0.33160456434700675, 0.06642741483131677, 0.13292013053185184, 0.06642741483131677, 0.06642741483131677, 0.06642741483131677]
Timestep: 346, Trans probs: [0.23329391426922882, 0.060244341123822945, 0.2544269544978346, 0.06024219203469752, 0.19090580656471554, 0.08040240744030555, 0.06024219203469752, 0.06024219203469752]
Timestep: 347, Trans probs: [0.10979384023638655, 0.06908034814999767, 0.3640534716126104, 0.062415707654238976, 0.17788757169674235, 0.09193764534154605, 0.062415707654238976, 0.062415707654238976]
Timestep: 348, Trans probs: [0.27367142656718724, 0.059987320183258225, 0.232455900830413, 0.059985411411176595, 0.17603786198157956, 0.0778912562040321, 0.059985411411176595, 0.059985411411176595]
Timestep: 349, Trans probs: [0.24922747192395298, 0.059912740400607845, 0.2726233759525321, 0.05991104931239222, 0.16272842255627565, 0.07577484122945487, 0.05991104931239222, 0.05991104931239222]
Timestep: 350, Trans probs: [0.2273414326654924, 0.05995832883206132, 0.30798381467286295, 0.05995683365209244, 0.15086307704414118, 0.0739828458291649, 0.05995683365209244, 0.05995683365209244]
Timestep: 351, Trans probs: [0.103905273693175, 0.06835481565873966, 0.3884566100079026, 0.062535343780564, 0.16336377795394766, 0.08831349134454303, 0.062535343780564, 0.062535343780564]
Timestep: 352, Trans probs: [0.2677901722265787, 0.060205256957808435, 0.2785919223130619, 0.06020394045048903, 0.14024697025068172, 0.07255385690040224, 0.06020394045048903, 0.06020394045048903]
Timestep: 353, Trans probs: [0.09884675988480095, 0.06804296822409259, 0.40840555535893, 0.06300050719202838, 0.1503664161416088, 0.08533677881448257, 0.06300050719202838, 0.06300050719202838]
Timestep: 354, Trans probs: [0.3035113216781537, 0.06043791752183209, 0.252578120984992, 0.06043675923689835, 0.13085994192801514, 0.07130242017631189, 0.06043675923689835, 0.06043675923689835]
Timestep: 355, Trans probs: [0.09454376931083754, 0.0680525863849097, 0.42447963319913273, 0.06371608264963531, 0.13885054339933087, 0.08292521975688318, 0.06371608264963531, 0.06371608264963531]
Timestep: 356, Trans probs: [0.15551549168355785, 0.06829897828182098, 0.37264647606190976, 0.06459610535805917, 0.12875224987799197, 0.08099848802054194, 0.06459610535805917, 0.06459610535805917]
Timestep: 357, Trans probs: [0.08904323233126114, 0.06834877540814135, 0.34771213571475484, 0.06710793028487884, 0.1589483392220383, 0.13462372646916776, 0.06710793028487884, 0.06710793028487884]
Timestep: 358, Trans probs: [0.12734577777417241, 0.1237707729844214, 0.36417234113883223, 0.06522069449829164, 0.12382833010940741, 0.06522069449829164, 0.06522069449829164, 0.06522069449829164]
Timestep: 359, Trans probs: [0.33474147663073944, 0.0607796468597019, 0.22929278933083957, 0.0607786310065356, 0.122542028797329, 0.07030816536178332, 0.0607786310065356, 0.0607786310065356]
Timestep: 360, Trans probs: [0.3004322652410885, 0.0612795393883708, 0.2696603536280843, 0.06127865260770506, 0.11519450268046402, 0.06959738123887711, 0.06127865260770506, 0.06127865260770506]
Timestep: 361, Trans probs: [0.08531417813397214, 0.06723235270981487, 0.31132667853513873, 0.06614816166384528, 0.14639391285481596, 0.1912883927747226, 0.06614816166384528, 0.06614816166384528]
Timestep: 362, Trans probs: [0.270493673640709, 0.061648843591716324, 0.24362149550355375, 0.061648069193027094, 0.17037921680485013, 0.06891256288008943, 0.061648069193027094, 0.061648069193027094]
Timestep: 363, Trans probs: [0.24570564728080366, 0.061421498175313796, 0.28341452019812774, 0.06142081484787171, 0.15736490412318516, 0.06783098567895444, 0.06142081484787171, 0.06142081484787171]
Timestep: 364, Trans probs: [0.08191626564251292, 0.06599022649860545, 0.34601796459112677, 0.06503529696950397, 0.1357138343749286, 0.17525581798431433, 0.06503529696950397, 0.06503529696950397]
Timestep: 365, Trans probs: [0.14345335713352822, 0.06768106172253563, 0.33209324251179934, 0.06446406565028656, 0.1846659514150134, 0.07871419026626367, 0.06446406565028656, 0.06446406565028656]
Timestep: 366, Trans probs: [0.22358311306689202, 0.061363445021788164, 0.2567770740054516, 0.06136284350965941, 0.20718231765564032, 0.0670055197212494, 0.06136284350965941, 0.06136284350965941]
Timestep: 367, Trans probs: [0.2045503983732224, 0.06108490414202791, 0.29499118625422155, 0.0610843721705606, 0.19004569467227717, 0.06607470004656932, 0.0610843721705606, 0.0610843721705606]
Timestep: 368, Trans probs: [0.1874769015626564, 0.06104197996567387, 0.32822311094188883, 0.06104151114373781, 0.17469402938113276, 0.06543944471743478, 0.06104151114373781, 0.06104151114373781]
Timestep: 369, Trans probs: [0.14379915218746112, 0.06535676622026604, 0.31011728120891074, 0.0645221023226363, 0.12629925101452844, 0.1608612424009249, 0.0645221023226363, 0.0645221023226363]
Timestep: 370, Trans probs: [0.13320024380826348, 0.06672793506416692, 0.36259300879896617, 0.06390578014615632, 0.1693545700876102, 0.07640690180252441, 0.06390578014615632, 0.06390578014615632]
Timestep: 371, Trans probs: [0.1721216528164092, 0.06126384734657722, 0.29552755763212085, 0.061263436284741374, 0.22217710051899214, 0.06511953283167653, 0.061263436284741374, 0.061263436284741374]
Timestep: 372, Trans probs: [0.1588155932307594, 0.06124966373438168, 0.3286744040795754, 0.06124930195895301, 0.20286938142151376, 0.06464305165691077, 0.06124930195895301, 0.06124930195895301]
Timestep: 373, Trans probs: [0.1971605496614187, 0.06414271204807467, 0.28136222002631356, 0.0634019664209512, 0.11822781054770454, 0.14890080845363501, 0.0634019664209512, 0.0634019664209512]
Timestep: 374, Trans probs: [0.1241614309329784, 0.06628469606102966, 0.3877187564047846, 0.06382747567793634, 0.15564061972720716, 0.07471206984019114, 0.06382747567793634, 0.06382747567793634]
Timestep: 375, Trans probs: [0.14692790534942582, 0.06148575593109299, 0.2956796465717927, 0.06148543911076041, 0.24699290161161755, 0.06445747320378972, 0.06148543911076041, 0.06148543911076041]
Timestep: 376, Trans probs: [0.1365376519907814, 0.0615853525195793, 0.32861201238820936, 0.06158507459571377, 0.22431753133004415, 0.0641922279842445, 0.06158507459571377, 0.06158507459571377]
Timestep: 377, Trans probs: [0.12734009617978992, 0.06188509200060453, 0.35696133449903644, 0.061884849292803606, 0.20399728227729452, 0.06416164716486386, 0.061884849292803606, 0.061884849292803606]
Timestep: 378, Trans probs: [0.11923396681852289, 0.0623872045532779, 0.3810438176968867, 0.06238699376492286, 0.18580966853382785, 0.06436436110271587, 0.06238699376492286, 0.06238699376492286]
Timestep: 379, Trans probs: [0.11625994391122857, 0.06624673110774122, 0.40813196552138503, 0.06412336519574546, 0.143462158609936, 0.07352910526247285, 0.06412336519574546, 0.06412336519574546]
Timestep: 380, Trans probs: [0.1752051208580689, 0.06306608556720529, 0.3381473270786573, 0.0630659036035491, 0.16961088401728913, 0.06477287166813202, 0.0630659036035491, 0.0630659036035491]
Timestep: 381, Trans probs: [0.11896117328720497, 0.11583875997653845, 0.39050682097460715, 0.06470105383142481, 0.11588903043595021, 0.06470105383142481, 0.06470105383142481, 0.06470105383142481]
Timestep: 382, Trans probs: [0.16098682845741488, 0.06301276288461191, 0.30334680467288494, 0.0630126039059018, 0.15609923400248912, 0.12751655826489383, 0.0630126039059018, 0.0630126039059018]
Timestep: 383, Trans probs: [0.14925180462032575, 0.06209475872484544, 0.3379888645708618, 0.06209461729849294, 0.14490383465770426, 0.11947688553078382, 0.06209461729849294, 0.06209461729849294]
Timestep: 384, Trans probs: [0.24383905297680625, 0.06296494142828743, 0.25659009250363146, 0.06230465550233571, 0.11117532301595222, 0.1385166235683155, 0.06230465550233571, 0.06230465550233571]
Timestep: 385, Trans probs: [0.10941606441039217, 0.06651355880154332, 0.4244828080491224, 0.06469208577786498, 0.1327507614487522, 0.07276054995659514, 0.06469208577786498, 0.06469208577786498]
Timestep: 386, Trans probs: [0.13868766257915993, 0.06175451929875738, 0.30528504006381246, 0.061754394462334466, 0.19660412296885058, 0.11240547170241627, 0.061754394462334466, 0.061754394462334466]
Timestep: 387, Trans probs: [0.10354360274920087, 0.06699480000863242, 0.4373932039553689, 0.06544308042267993, 0.12342251720798814, 0.07231663481076976, 0.06544308042267993, 0.06544308042267993]
Timestep: 388, Trans probs: [0.16485004941306644, 0.06761309830028456, 0.3811428788258599, 0.06629961990502971, 0.11537726142993271, 0.0721178523157674, 0.06629961990502971, 0.06629961990502971]
Timestep: 389, Trans probs: [0.1907202751144958, 0.06122900731753519, 0.27731235071656446, 0.061228896550837214, 0.18088034763220245, 0.10617132956669048, 0.061228896550837214, 0.061228896550837214]
Timestep: 390, Trans probs: [0.1760419815538936, 0.06055718457611848, 0.3138248790993166, 0.06055708579054132, 0.1672663934628845, 0.10063830393616284, 0.06055708579054132, 0.06055708579054132]
Timestep: 391, Trans probs: [0.162703095752365, 0.06033447245401777, 0.34517170007789705, 0.06033438488800215, 0.15492419415648775, 0.09586338289522588, 0.06033438488800215, 0.06033438488800215]
Timestep: 392, Trans probs: [0.15062372003043475, 0.060514189839946685, 0.3717550188045864, 0.06051411276034676, 0.14377637613132177, 0.09178835691267001, 0.06051411276034676, 0.06051411276034676]
Timestep: 393, Trans probs: [0.15108750357414105, 0.06726200091208502, 0.40367773572731147, 0.06612968459140683, 0.10843827122655901, 0.07114543478568294, 0.06612968459140683, 0.06612968459140683]
Timestep: 394, Trans probs: [0.2007878165444836, 0.06102808135645109, 0.3329696408523606, 0.06102801400941736, 0.13377704832982945, 0.08835337088862309, 0.06102801400941736, 0.06102801400941736]
Timestep: 395, Trans probs: [0.1839952492138078, 0.06111488616858069, 0.36132774456325667, 0.061114826955332026, 0.12507765384860592, 0.08513998533975285, 0.061114826955332026, 0.061114826955332026]
Timestep: 396, Trans probs: [0.1688267472944975, 0.06152258868900231, 0.38520327180768094, 0.061522536981571854, 0.11737749339381436, 0.08250228787028936, 0.061522536981571854, 0.061522536981571854]
Timestep: 397, Trans probs: [0.15522684430201913, 0.06218792220617989, 0.4050257040372871, 0.062187877372842044, 0.11061736049670486, 0.08037853683928271, 0.062187877372842044, 0.062187877372842044]
Timestep: 398, Trans probs: [0.2846177299861697, 0.062077887258715624, 0.23448125454836138, 0.061489970263553455, 0.10500429469014429, 0.1293489227259487, 0.061489970263553455, 0.061489970263553455]
Timestep: 399, Trans probs: [0.14314268044645498, 0.06304309532544636, 0.35820090100370716, 0.06304305672728033, 0.16778029282016382, 0.07870386022238668, 0.06304305672728033, 0.06304305672728033]
Timestep: 400, Trans probs: [0.25891154650968323, 0.061571789131492076, 0.27550289900027325, 0.061050446994453236, 0.09963727315365033, 0.12122515122154148, 0.061050446994453236, 0.061050446994453236]
Timestep: 401, Trans probs: [0.1329468124915965, 0.06306046458016493, 0.32058365980325026, 0.06306043090352534, 0.21750339406125563, 0.07672437635315668, 0.06306043090352534, 0.06306043090352534]
Timestep: 402, Trans probs: [0.23582469699664796, 0.06130006779969212, 0.3113368659735493, 0.060838999820485684, 0.0949646702722601, 0.11405669949639338, 0.060838999820485684, 0.060838999820485684]
Timestep: 403, Trans probs: [0.12411374901499934, 0.06283465514373456, 0.28864110412433963, 0.06283462561473467, 0.26109090538562757, 0.0748157094870948, 0.06283462561473467, 0.06283462561473467]
Timestep: 404, Trans probs: [0.11639105715966541, 0.0626541995279428, 0.3233225446287843, 0.0626541736333748, 0.2365090531298747, 0.07316062465360845, 0.0626541736333748, 0.0626541736333748]
Timestep: 405, Trans probs: [0.10964302304691692, 0.06272991159492933, 0.3530273150356631, 0.06272988898856922, 0.21450789942207063, 0.0719021839347125, 0.06272988898856922, 0.06272988898856922]
Timestep: 406, Trans probs: [0.10378526494600879, 0.06305580853471535, 0.3781446661053487, 0.06305578890811779, 0.1948278174266446, 0.07101907626292916, 0.06305578890811779, 0.06305578890811779]
Timestep: 407, Trans probs: [0.13903308897736194, 0.06729938717607221, 0.4215176713156076, 0.06633040710780203, 0.10253599420169036, 0.07062263700586176, 0.06633040710780203, 0.06633040710780203]
Timestep: 408, Trans probs: [0.16234082891569387, 0.06359720438056991, 0.335495031810314, 0.06359718744430223, 0.17730647106175307, 0.07046890149876253, 0.06359718744430223, 0.06359718744430223]
Timestep: 409, Trans probs: [0.1497613250139907, 0.06334439715986381, 0.36464414165206993, 0.06334438233784132, 0.16285872571925494, 0.06935826344129682, 0.06334438233784132, 0.06334438233784132]
Timestep: 410, Trans probs: [0.13858607451756516, 0.063478338655778, 0.38882597853799755, 0.06347832577348075, 0.1499694473945494, 0.06870518357366762, 0.06347832577348075, 0.06347832577348075]
Timestep: 411, Trans probs: [0.12873526435087318, 0.06391682509215423, 0.4086106587932458, 0.06391681397465226, 0.13855918534809164, 0.06842762449167843, 0.06391681397465226, 0.06391681397465226]
Timestep: 412, Trans probs: [0.2149389960254447, 0.06131495902362833, 0.34231714148727715, 0.06090910728439887, 0.09094798079077861, 0.10775360081967462, 0.06090910728439887, 0.06090910728439887]
Timestep: 413, Trans probs: [0.12012900668718966, 0.06457777275761038, 0.3599901277756642, 0.06457776322959707, 0.19312614779233134, 0.0684436552984133, 0.06457776322959707, 0.06457776322959707]
Timestep: 414, Trans probs: [0.11270812651305574, 0.06456054839246514, 0.3851620157013168, 0.06456054013430897, 0.1759764880834754, 0.06791120090676014, 0.06456054013430897, 0.06456054013430897]
Timestep: 415, Trans probs: [0.1063102118267004, 0.06485827374597365, 0.4057335840264751, 0.06485826663623745, 0.160780162521157, 0.06774296797098162, 0.06485826663623745, 0.06485826663623745]
Timestep: 416, Trans probs: [0.10084182271434426, 0.0653901136546799, 0.4223133288521715, 0.06539010757408846, 0.14742716790986818, 0.0678572441466707, 0.06539010757408846, 0.06539010757408846]
Timestep: 417, Trans probs: [0.1960483005768521, 0.061612217746668016, 0.36877371472929155, 0.061257057713793854, 0.0875440149220681, 0.10225057888373873, 0.061257057713793854, 0.061257057713793854]
Timestep: 418, Trans probs: [0.09620928852421143, 0.0660810067937129, 0.36940864511793386, 0.06608100162618286, 0.20188038162387312, 0.06817767306172007, 0.06608100162618286, 0.06608100162618286]
Timestep: 419, Trans probs: [0.09197543948974019, 0.06605740047332075, 0.39305425648004505, 0.06605739602792135, 0.1828796449921827, 0.06786107048094721, 0.06605739602792135, 0.06605739602792135]
Timestep: 420, Trans probs: [0.17904137990305727, 0.0621569574918589, 0.3910643344508294, 0.061848166321868646, 0.08470315990360046, 0.09748966928504807, 0.061848166321868646, 0.061848166321868646]
Timestep: 421, Trans probs: [0.08847491500044545, 0.06631524200581261, 0.3458943951505208, 0.06631523820503907, 0.232512370788955, 0.06785736243914897, 0.06631523820503907, 0.06631523820503907]
Timestep: 422, Trans probs: [0.12857820680427945, 0.06761170519973862, 0.4354501339989625, 0.06678816865549883, 0.09755931148272147, 0.07043613654780145, 0.06678816865549883, 0.06678816865549883]
Timestep: 423, Trans probs: [0.16384145021674068, 0.06289923195073142, 0.40957853899071056, 0.06263255770076065, 0.0823702926615349, 0.09341281307800059, 0.06263255770076065, 0.06263255770076065]
Timestep: 424, Trans probs: [0.15143911305006147, 0.06617499398399904, 0.3070143936170774, 0.06617499070987788, 0.2093430959925055, 0.06750343122672292, 0.06617499070987788, 0.06617499070987788]
Timestep: 425, Trans probs: [0.11168343155334177, 0.10898015007624702, 0.4114854384736036, 0.06470682683266547, 0.10902367256614566, 0.06470682683266547, 0.06470682683266547, 0.06470682683266547]
Timestep: 426, Trans probs: [0.15037489077829908, 0.06378384752828907, 0.42473008938024465, 0.06355508693723458, 0.08048666513122354, 0.08995924637023998, 0.06355508693723458, 0.06355508693723458]
Timestep: 427, Trans probs: [0.14001376807755875, 0.06528009846776435, 0.2763748979959723, 0.06528009559800986, 0.19076638450884958, 0.13172456415582523, 0.06528009559800986, 0.06528009559800986]
Timestep: 428, Trans probs: [0.11959605978330584, 0.06810412737051597, 0.3787782027408787, 0.06740857346862865, 0.16080626497787062, 0.07048962472154298, 0.06740857346862865, 0.06740857346862865]
Timestep: 429, Trans probs: [0.19417750537015513, 0.0637520034315553, 0.25207982695648085, 0.06375200087130932, 0.17570435462714165, 0.12303030700073907, 0.06375200087130932, 0.06375200087130932]
Timestep: 430, Trans probs: [0.1791693092927539, 0.06234655271180251, 0.2933792508396688, 0.06234655041857773, 0.16262281830397288, 0.11544241759606874, 0.06234655041857773, 0.06234655041857773]
Timestep: 431, Trans probs: [0.11196849452702504, 0.06760309350989352, 0.4022833924623729, 0.06700380491573316, 0.14747516894736618, 0.06965843580614282, 0.06700380491573316, 0.06700380491573316]
Timestep: 432, Trans probs: [0.17250485876948846, 0.06753942157867047, 0.35373687893152866, 0.06702694781667703, 0.1358409767501211, 0.06929702052016018, 0.06702694781667703, 0.06702694781667703]
Timestep: 433, Trans probs: [0.13855619424514634, 0.06475671737537811, 0.4369443238552346, 0.06456175019038304, 0.07899212966610111, 0.0870653842869907, 0.06456175019038304, 0.06456175019038304]
Timestep: 434, Trans probs: [0.2270652012096222, 0.061520658783271086, 0.2672418699833472, 0.06152065674128749, 0.1508108544110112, 0.108799445388886, 0.06152065674128749, 0.06152065674128749]
Timestep: 435, Trans probs: [0.20834424390365872, 0.06083103445242364, 0.30497584881154455, 0.06083103263285563, 0.1403956225477178, 0.10296015238608841, 0.06083103263285563, 0.06083103263285563]
Timestep: 436, Trans probs: [0.19129185832550727, 0.060561455427632506, 0.3374909895341648, 0.06056145381507957, 0.1310738569732025, 0.09789747829425426, 0.06056145381507957, 0.06056145381507957]
Timestep: 437, Trans probs: [0.15795101155293417, 0.06681279064611727, 0.31530913181579706, 0.06636782563497176, 0.19248472999785962, 0.06833885908237668, 0.06636782563497176, 0.06636782563497176]
Timestep: 438, Trans probs: [0.23646113827547363, 0.060682171578470376, 0.30449464010876504, 0.06068217015875718, 0.12276223370796231, 0.09355330585305713, 0.06068217015875718, 0.06068217015875718]
Timestep: 439, Trans probs: [0.21570402148914639, 0.060695073332942724, 0.3363937661792805, 0.060695072080982654, 0.11543976385528366, 0.0896821589003987, 0.060695072080982654, 0.060695072080982654]
Timestep: 440, Trans probs: [0.19690440084930566, 0.06099370407078357, 0.36371797738431527, 0.06099370297307426, 0.10899344293952408, 0.0864093658368486, 0.06099370297307426, 0.06099370297307426]
Timestep: 441, Trans probs: [0.12828263872130277, 0.0657689473079725, 0.4466435572474839, 0.06560379548094783, 0.07782740908615263, 0.0846660611942447, 0.06560379548094783, 0.06560379548094783]
Timestep: 442, Trans probs: [0.17994662565630845, 0.061547090270522194, 0.3252674166310746, 0.061547089314245206, 0.16490948121594884, 0.08368811828341026, 0.061547089314245206, 0.061547089314245206]
Timestep: 443, Trans probs: [0.11943496925902725, 0.06677926461662662, 0.4542326780112411, 0.06664015611689866, 0.07693618844368659, 0.08269643131872247, 0.06664015611689866, 0.06664015611689866]
Timestep: 444, Trans probs: [0.10542902228951886, 0.10310780021591774, 0.3628594978318319, 0.06509170161299851, 0.16823687321073752, 0.06509170161299851, 0.06509170161299851, 0.06509170161299851]
Timestep: 445, Trans probs: [0.11188158199241, 0.06775514311133504, 0.3924481556069676, 0.06763856765663796, 0.0762668301454042, 0.14873258617396914, 0.06763856765663796, 0.06763856765663796]
Timestep: 446, Trans probs: [0.10532143735175838, 0.06744441642147009, 0.34615269975611274, 0.06734435099472177, 0.14209498464370013, 0.13695340884279328, 0.06734435099472177, 0.06734435099472177]
Timestep: 447, Trans probs: [0.16573646002353926, 0.06141494051376843, 0.2937782270917347, 0.061414939671195275, 0.2139022112414618, 0.08092334211590996, 0.061414939671195275, 0.061414939671195275]
Timestep: 448, Trans probs: [0.09948705971356413, 0.06631407512905561, 0.37663535807907816, 0.0662264370630875, 0.13169361364710744, 0.12719058224193228, 0.0662264370630875, 0.0662264370630875]
Timestep: 449, Trans probs: [0.15338458157548301, 0.061127314680202695, 0.26661897016246505, 0.06112731393506884, 0.2571075228193293, 0.07837966895731341, 0.06112731393506884, 0.06112731393506884]
Timestep: 450, Trans probs: [0.14246535999799034, 0.060939677568745736, 0.30346773239751795, 0.060939676910287614, 0.23412300229592842, 0.07618519700895475, 0.060939676910287614, 0.060939676910287614]
Timestep: 451, Trans probs: [0.13274783747422053, 0.06099351862042314, 0.33544658534130134, 0.060993518040885354, 0.21341973735732214, 0.07441176708407676, 0.060993518040885354, 0.060993518040885354]
Timestep: 452, Trans probs: [0.12411937552449077, 0.06130511197488785, 0.362868476051996, 0.06130511146755618, 0.1947401557262967, 0.07305154631966022, 0.06130511146755618, 0.06130511146755618]
Timestep: 453, Trans probs: [0.14569380773642795, 0.0658319115384692, 0.3490243668469118, 0.06544200103573776, 0.17595474777165176, 0.06716916299932599, 0.06544200103573776, 0.06544200103573776]
Timestep: 454, Trans probs: [0.17835488600106136, 0.06185262501113701, 0.32421864306442444, 0.061852624569748535, 0.177943719846091, 0.07207225236804063, 0.061852624569748535, 0.061852624569748535]
Timestep: 455, Trans probs: [0.16415720135712725, 0.0617907882167076, 0.3541133096775368, 0.06179078782887517, 0.1637959242099593, 0.07077041305204368, 0.06179078782887517, 0.06179078782887517]
Timestep: 456, Trans probs: [0.151426996884958, 0.062060330393133814, 0.3793204714208816, 0.062060330054553116, 0.1511115991550621, 0.06989961198230499, 0.062060330054553116, 0.062060330054553116]
Timestep: 457, Trans probs: [0.09986185062538805, 0.09783993483113776, 0.324098363943075, 0.06472576145014336, 0.21929680479982575, 0.06472576145014336, 0.06472576145014336, 0.06472576145014336]
Timestep: 458, Trans probs: [0.09463738251732043, 0.0658486841719072, 0.40092918245486353, 0.06577262873473952, 0.12258737789913626, 0.11867948675255402, 0.06577262873473952, 0.06577262873473952]
Timestep: 459, Trans probs: [0.14008793102473824, 0.06260321959680572, 0.337681293336629, 0.0626032193032418, 0.13981446774088344, 0.13200343039121837, 0.0626032193032418, 0.0626032193032418]
Timestep: 460, Trans probs: [0.09064852678667183, 0.06587785317075595, 0.420003740832342, 0.06581241275423581, 0.11469755480671164, 0.11133508614081104, 0.06581241275423581, 0.06581241275423581]
Timestep: 461, Trans probs: [0.13055201757550203, 0.06214552320605914, 0.304995065466302, 0.062145522946889575, 0.19245611657897718, 0.12341470833249091, 0.062145522946889575, 0.062145522946889575]
Timestep: 462, Trans probs: [0.1222413224679302, 0.06150520643527752, 0.3386293843938559, 0.061505206205168486, 0.17720415274638682, 0.11590431534104417, 0.061505206205168486, 0.061505206205168486]
Timestep: 463, Trans probs: [0.11489797113573062, 0.06136372222136107, 0.3669912479221873, 0.06136372201853752, 0.16334350946391854, 0.1093123832011899, 0.06136372201853752, 0.06136372201853752]
Timestep: 464, Trans probs: [0.13487752353314472, 0.06538151377514126, 0.37685846666544165, 0.06504221273932055, 0.16121066466920536, 0.06654519313910535, 0.06504221273932055, 0.06504221273932055]
Timestep: 465, Trans probs: [0.17009553200726882, 0.06163578778981148, 0.32895419219320127, 0.061635787612411, 0.15083283882298004, 0.10357428634950541, 0.061635787612411, 0.061635787612411]
Timestep: 466, Trans probs: [0.15716654860446233, 0.061356341347875085, 0.3588540446100982, 0.06135634119116463, 0.14015044147990116, 0.09840360038416936, 0.06135634119116463, 0.06135634119116463]
Timestep: 467, Trans probs: [0.14551043494177937, 0.061515308252472777, 0.3838416300455433, 0.06151530811508747, 0.13059271255486676, 0.0939939898600752, 0.06151530811508747, 0.06151530811508747]
Timestep: 468, Trans probs: [0.13508925643250821, 0.062021987745758886, 0.4044352895774323, 0.06202198762624756, 0.12211234607114024, 0.09027515729441786, 0.06202198762624756, 0.06202198762624756]
Timestep: 469, Trans probs: [0.1258614008713413, 0.06278566157306634, 0.42116157223087325, 0.0627856614698975, 0.11465900847920349, 0.08717537243582306, 0.0627856614698975, 0.0627856614698975]
Timestep: 470, Trans probs: [0.11777289219488182, 0.06372207108283007, 0.4345433921745643, 0.0637220709944227, 0.10817334546026258, 0.08462208610419315, 0.0637220709944227, 0.0637220709944227]
Timestep: 471, Trans probs: [0.12540051272759434, 0.06535901205024974, 0.39952729242567464, 0.06506587085490644, 0.14815119031128554, 0.0663643799204765, 0.06506587085490644, 0.06506587085490644]
Timestep: 472, Trans probs: [0.0873999187375223, 0.06625354144980376, 0.43476353002714346, 0.06619767588235666, 0.10793023728275226, 0.10505974485570824, 0.06619767588235666, 0.06619767588235666]
Timestep: 473, Trans probs: [0.17551221514919774, 0.06475720848900975, 0.3803299225035804, 0.06475720841377416, 0.10258569487537521, 0.08254333374151443, 0.06475720841377416, 0.06475720841377416]
Timestep: 474, Trans probs: [0.16052498908195134, 0.06485586511318968, 0.40230044654192915, 0.0648558650482019, 0.09753175275727126, 0.08021935136105285, 0.0648558650482019, 0.0648558650482019]
Timestep: 475, Trans probs: [0.14730822522913423, 0.06526280227905665, 0.41991660399112757, 0.06526280222332341, 0.09328550083437392, 0.07843846099633746, 0.06526280222332341, 0.06526280222332341]
Timestep: 476, Trans probs: [0.13576596653575632, 0.06588274986802328, 0.43384631755650777, 0.0658827498205518, 0.0897514343642613, 0.0771052822137959, 0.0658827498205518, 0.0658827498205518]
Timestep: 477, Trans probs: [0.12578292865200874, 0.0666343605793556, 0.4447099965704085, 0.06663436053917612, 0.08683661481219888, 0.07613301776849977, 0.06663436053917612, 0.06663436053917612]
Timestep: 478, Trans probs: [0.11722742343350959, 0.06745153866081999, 0.4530688403091103, 0.06745153862700737, 0.08445254327698266, 0.07544503843855539, 0.06745153862700737, 0.06745153862700737]
Timestep: 479, Trans probs: [0.10995715251213878, 0.06828321949749318, 0.45941734702319115, 0.0682832194691842, 0.0825169941614922, 0.0749756283981322, 0.0682832194691842, 0.0682832194691842]
Timestep: 480, Trans probs: [0.1171673881791693, 0.0656609925074876, 0.3523261070661019, 0.06540952233727715, 0.20209350134454038, 0.0665234438908694, 0.06540952233727715, 0.06540952233727715]
Timestep: 481, Trans probs: [0.1729179779347178, 0.06909215145240066, 0.3950879167918926, 0.06909215142880618, 0.08095547387484862, 0.07467002565972179, 0.06909215142880618, 0.06909215142880618]
Timestep: 482, Trans probs: [0.1572119735283047, 0.06878663488177802, 0.41521407381052755, 0.06878663486168332, 0.07889027034724244, 0.07353714284709723, 0.06878663486168332, 0.06878663486168332]
Timestep: 483, Trans probs: [0.1100612937225861, 0.06542683476141976, 0.37905426460740144, 0.06520891551380317, 0.18365664170565643, 0.06617421866152677, 0.06520891551380317, 0.06520891551380317]
Timestep: 484, Trans probs: [0.2124819312851343, 0.06882465398156425, 0.36199937571243573, 0.06882465396455849, 0.07737516177395343, 0.07284491535323692, 0.06882465396455849, 0.06882465396455849]
Timestep: 485, Trans probs: [0.08477794582841823, 0.0668534537556013, 0.44602295660218483, 0.06680609992722567, 0.10218024254380438, 0.09974710148831427, 0.06680609992722567, 0.06680609992722567]
Timestep: 486, Trans probs: [0.10396940044648165, 0.0655418307416607, 0.40091029532133543, 0.06535421544906592, 0.1673305440649253, 0.06618528307839924, 0.06535421544906592, 0.06535421544906592]
Timestep: 487, Trans probs: [0.19140738623505044, 0.0683312369841776, 0.3195041429838039, 0.06833123696960818, 0.1439879891868431, 0.07177553370130053, 0.06833123696960818, 0.06833123696960818]
Timestep: 488, Trans probs: [0.17470860820030265, 0.06704817486411213, 0.3538089753283438, 0.06704817485136758, 0.13322865561952535, 0.07006106143361326, 0.06704817485136758, 0.06704817485136758]
Timestep: 489, Trans probs: [0.15985366806931903, 0.06639222948992284, 0.3817252825290471, 0.06639222947885912, 0.12384437551614305, 0.06900775595899065, 0.06639222947885912, 0.06639222947885912]
Timestep: 490, Trans probs: [0.14674938672690765, 0.06622834799843684, 0.40412964861967765, 0.06622834798890496, 0.1157258364335322, 0.0684817362547308, 0.06622834798890496, 0.06622834798890496]
Timestep: 491, Trans probs: [0.13529863229982958, 0.066428974421564, 0.421864987714338, 0.06642897441341136, 0.10876418455035616, 0.06835629777367809, 0.06642897441341136, 0.06642897441341136]
Timestep: 492, Trans probs: [0.15021943788325717, 0.06758080075683201, 0.3869536361701922, 0.06754091483161265, 0.09733640245115478, 0.09528697824372598, 0.06754091483161265, 0.06754091483161265]
Timestep: 493, Trans probs: [0.0987913813537813, 0.06592269171626042, 0.41853942607648115, 0.06576221659720086, 0.15298678795040865, 0.06647306311146585, 0.06576221659720086, 0.06576221659720086]
Timestep: 494, Trans probs: [0.2054497094303538, 0.0671490923820623, 0.3422605661776311, 0.06711473418232189, 0.09278091365203316, 0.09101551581095406, 0.06711473418232189, 0.06711473418232189]
Timestep: 495, Trans probs: [0.09442874648968032, 0.06649083203371142, 0.3662099954363567, 0.06635443048567163, 0.2068484947626061, 0.06695863982063059, 0.06635443048567163, 0.06635443048567163]
Timestep: 496, Trans probs: [0.09496675854932148, 0.0931966538576125, 0.29127666690694226, 0.06420654762744829, 0.26373373017633056, 0.06420654762744829, 0.06420654762744829, 0.06420654762744829]
Timestep: 497, Trans probs: [0.09042587314582493, 0.06640174061661963, 0.3241336810045075, 0.06628444736366544, 0.18709690188940561, 0.13308846125264592, 0.06628444736366544, 0.06628444736366544]
Timestep: 498, Trans probs: [0.2530148246298454, 0.06641937965724741, 0.3055363899762485, 0.06638951674426699, 0.08869763794487076, 0.08716321755898698, 0.06638951674426699, 0.06638951674426699]
Timestep: 499, Trans probs: [0.15454080789182714, 0.08918426055526064, 0.26257858379314547, 0.06380704165775453, 0.2384681811287487, 0.06380704165775453, 0.06380704165775453, 0.06380704165775453]
