Action: 0
[0.11597322985905652, 0.09622425185368715, 0.2541036705994252, 0.0931671040599635, 0.16103043144797718, 0.0931671040599635, 0.0931671040599635, 0.0931671040599635]
[0.20132965928633825, 0.09779381427485222, 0.21190745506454853, 0.09779381427485222, 0.09779381427485222, 0.09779381427485222, 0.09779381427485222, 0.09779381427485222]
[0.10717124208111029, 0.09852618808048746, 0.2030222415932797, 0.09852618808048746, 0.09863082532247369, 0.1970709386811864, 0.09852618808048746, 0.09852618808048746]
[0.125, 0.125, 0.125, 0.125, 0.125, 0.125, 0.125, 0.125]
[0.14698586860676244, 0.09569783014036197, 0.2788922268206376, 0.09568161426279992, 0.0956976162558529, 0.09568161538798535, 0.09568161426279992, 0.09568161426279992]
[0.1622261553939764, 0.10001098414233613, 0.16376024501436307, 0.09566691073868822, 0.19133497249457154, 0.09566691073868822, 0.09566691073868822, 0.09566691073868822]
[0.125, 0.125, 0.125, 0.125, 0.125, 0.125, 0.125, 0.125]
[0.125, 0.125, 0.125, 0.125, 0.125, 0.125, 0.125, 0.125]

Action: 1
[0.09650398211068412, 0.09548479994514945, 0.09548479994514945, 0.09548479994514945, 0.17634127848884829, 0.24973073967472043, 0.09548479994514945, 0.09548479994514945]
[0.125, 0.125, 0.125, 0.125, 0.125, 0.125, 0.125, 0.125]
[0.09648820609498325, 0.09648816918953904, 0.09648816918953904, 0.09648816918953904, 0.1612126560146187, 0.25985829194270293, 0.09648816918953904, 0.09648816918953904]
[0.125, 0.125, 0.125, 0.125, 0.125, 0.125, 0.125, 0.125]
[0.09565465634612844, 0.09565465634612844, 0.09565465634612844, 0.09565465634612844, 0.18161101667704216, 0.2444610452461872, 0.09565465634612844, 0.09565465634612844]
[0.09633191024038452, 0.09633191024038452, 0.09633191024038452, 0.09633191024038452, 0.1903575298901188, 0.23165100866757393, 0.09633191024038452, 0.09633191024038452]
[0.125, 0.125, 0.125, 0.125, 0.125, 0.125, 0.125, 0.125]
[0.125, 0.125, 0.125, 0.125, 0.125, 0.125, 0.125, 0.125]

