Action: 0
[0.2006935841421012, 0.10016491809320051, 0.16976056839747303, 0.10016491809093939, 0.12872125700346765, 0.10016491809093944, 0.10016491809093939, 0.10016491809093939]
[0.13273141556915435, 0.0998268405939659, 0.2673932639509715, 0.0998268405939659, 0.10074111751004457, 0.0998268405939659, 0.0998268405939659, 0.0998268405939659]
[0.1998281976680036, 0.09986112073629129, 0.16284569309750782, 0.09979337471894266, 0.13829148661465754, 0.09979337772671182, 0.09979337471894266, 0.09979337471894266]
[0.125, 0.125, 0.125, 0.125, 0.125, 0.125, 0.125, 0.125]
[0.10784364640115063, 0.10221809018935604, 0.2788472554883035, 0.10221808940170012, 0.10221864511433643, 0.10221809460175303, 0.10221808940170012, 0.10221808940170012]
[0.1060295092735123, 0.10235725123196221, 0.2790703684790898, 0.10235725123196221, 0.10238690093404816, 0.10308421638550098, 0.10235725123196221, 0.10235725123196221]
[0.125, 0.125, 0.125, 0.125, 0.125, 0.125, 0.125, 0.125]
[0.125, 0.125, 0.125, 0.125, 0.125, 0.125, 0.125, 0.125]

Action: 1
[0.10263876868834505, 0.10262877989324494, 0.10262877989324494, 0.10262877989324494, 0.2076852344328483, 0.1765320974125818, 0.10262877989324494, 0.10262877989324494]
[0.10006678753345973, 0.10006678753345973, 0.10006678753345973, 0.10006678753345973, 0.15813960358619902, 0.24145967121304265, 0.10006678753345973, 0.10006678753345973]
[0.10051369751862622, 0.09997801869374624, 0.0999780186937461, 0.0999780186937461, 0.1580949304300765, 0.2415012785825666, 0.0999780186937461, 0.0999780186937461]
[0.125, 0.125, 0.125, 0.125, 0.125, 0.125, 0.125, 0.125]
[0.1024974223530441, 0.1024974223530441, 0.1024974223530441, 0.1024974223530441, 0.20842488377326512, 0.17659058210847028, 0.1024974223530441, 0.1024974223530441]
[0.1574736053877614, 0.09798892505882685, 0.09798892505882685, 0.09798892505882685, 0.11586517316263688, 0.2367165961554674, 0.09798892505882685, 0.09798892505882685]
[0.125, 0.125, 0.125, 0.125, 0.125, 0.125, 0.125, 0.125]
[0.125, 0.125, 0.125, 0.125, 0.125, 0.125, 0.125, 0.125]

