0.0,0.5,1
2052.8273992844893,0.5533333333333332,1
2170.0,0.375,1
2082.2366036182225,0.36678889308404966,1
1028.5517012885484,0.36989371271225246,1
807.8975675546724,0.5703195195766557,1
1534.5015376060373,0.5920070068986298,1
1847.7322217805793,0.6046832814140074,1
1265.184833170459,0.5974056165880943,1
546.1737487440973,0.594946735298575,1
913.2821211539024,0.6055481990634293,1
1170.4787113783477,0.6176583508536413,1
2653.907420799971,0.6245733181078911,1
715.1828691007775,0.42038277518514977,1
2158.1721841233434,0.5992413748745369,1
1343.0460536365654,0.42362099572431877,1
1943.9218321404765,0.604753328140392,1
1108.7782638464516,0.6224376618059168,1
1598.3267365659938,0.6306734911164965,1
997.2999996251436,0.6383852533484458,1
2308.069524886291,0.6414652932898387,1
2435.7244981550275,0.4348939746025308,1
1701.1124133749745,0.40754824790856214,1
1784.7496103033684,0.5968035975575818,1
1628.928738913496,0.6189956556706523,1
1406.2620677386635,0.6261924452863238,1
2126.5275862589237,0.6338656246535892,1
3032.103241086679,0.4363061882736967,0
1445.008378602232,0.4046474759606149,1
1757.6005764443585,0.6061649592480378,1
956.5994123227108,0.6333980731497331,1
1947.7983322576179,0.6394380553780916,1
1220.1916672532163,0.6274941807203562,1
672.2962239772928,0.6386463983290805,1
2021.0788821536678,0.642741673963728,1
2363.8665048954795,0.43672473946207724,1
999.0634459912901,0.4160230933350189,1
3347.1145803247664,0.6129133254120842,0
1744.4370821626758,0.4120904525924508,1
1698.4632201947356,0.603579910148765,1
2474.9760641745106,0.6166576620389566,1
1134.9388451178643,0.4265781537751849,1
1704.0929747688056,0.6125956746649149,1
1784.7053923471462,0.6155627551737223,1
502.99203997142695,0.6254611813418711,1
2242.236600460991,0.6333194883801083,1
1184.9475537083854,0.42961677464419185,1
903.698223334945,0.6170104223488726,1
1584.4223028582983,0.6325666179958892,1
428.8728034691142,0.6410554737677234,1
975.4391405013143,0.6468916772722615,1
2070.1864592967668,0.6508319749807149,1
1441.7655683123999,0.4447569367828493,1
1949.8592076699085,0.6291802479934606,1
674.2898976554474,0.6319341459715567,1
1033.889513498499,0.6462783575942957,1
913.8123654687569,0.6498565433701047,1
2594.003294026131,0.6532353283008836,1
1763.93508607503,0.44660920768688517,1
1892.7166204417535,0.6188405376726427,1
2298.796429503724,0.6356171864477188,1
713.1596707133283,0.4476745827337504,1
3008.679323065374,0.6257632116028617,0
1864.3919767577408,0.42073952113926727,1
922.4102129807858,0.6207925314257797,1
702.1118329065222,0.635209538670066,1
1263.4175239950584,0.6438474181597382,1
783.6453307245257,0.6488337068221337,1
534.310857742549,0.6515731960549823,1
647.773475602656,0.6528941435607802,1
1313.7732869149827,0.6533977369243296,1
546.414384699835,0.6534842484310616,1
2129.9505620253485,0.6533904478611319,1
1230.1971953005313,0.4433002345666963,1
512.6418051890261,0.6289248380282983,1
1195.0672424934312,0.6459076765145643,1
1843.0071560868705,0.6525290958638288,1
3022.1691274771006,0.6395789786915909,0
1041.1138339200124,0.4353233294979248,1
1406.635514583499,0.6275484180663338,1
889.5576696374543,0.6425274553002133,1
1775.5347805412464,0.6480699884753809,1
2466.7716947611157,0.6508748367501824,1
1466.5054388283572,0.4419169741702713,1
1438.9316463464636,0.6308989536152103,1
623.8098562069464,0.6378783872480619,1
1201.9969832923325,0.6493796435701944,1
709.0686593678568,0.6375296345668259,1
647.7897591558334,0.6496340593790633,1
751.4129094057973,0.6525002012529207,1
1107.6290792724308,0.6567904543915531,1
616.8131715948638,0.6600351388263422,1
2143.9297682539227,0.6615901124582394,1
2227.9830730388207,0.45832580895569014,1
1729.965404616155,0.4402099125630378,1
927.8885851109737,0.6223494265446339,1
1766.1148393455398,0.6498774446839799,1
1392.3661762182714,0.6545741358149809,1
2551.0117459461458,0.6572600934389579,1
1028.7335239763518,0.4489260554245445,1
1639.7049992031946,0.6355483847943488,1
1257.8708850540568,0.651649588144543,1
2003.7100333480175,0.6576537385810308,1
2952.9387685495703,0.4695952091438448,0
1523.6341337870938,0.4112744238138413,1
2229.7263255380985,0.6160498038484666,1
1933.0300186235986,0.4409957695563249,1
969.0309392081152,0.6227694123440408,1
2564.764450589213,0.6444275767587633,1
1364.129251630365,0.4388688247112643,1
2123.9915607052912,0.6340557763506957,1
1343.440763425743,0.4479624537999285,1
515.3297776705535,0.6352262628098816,1
716.0474043010474,0.6591931100155899,1
1976.2922424101384,0.6600619718791304,1
1644.9662763179044,0.6474975591556915,1
1313.0789188863291,0.6481205117725757,1
245.6611116600741,0.6587421333402614,1
1891.797736840619,0.6599942372802878,1
558.1863191843049,0.6474049092982356,1
345.640667666072,0.6603251658505378,1
1663.544714748789,0.6618505693866645,1
1290.2061382063712,0.6647421968312188,1
1615.4331324559657,0.6665215856543438,1
985.9524283396814,0.6485666234622997,1
463.01514956008737,0.6629176968373846,1
1479.0104613682506,0.663986156049691,1
356.28399153201127,0.6496117997269639,1
1760.6000675389491,0.6633719475937621,1
1373.4939752527348,0.6485843518559853,1
1483.9875450914,0.6615715357563352,1
1346.9860145606806,0.6622376553032521,1
823.051554737042,0.6597273270246885,1
1251.4164746542888,0.6740183443212323,1
2419.8419787502476,0.6706962180610713,1
420.0862450319342,0.45824572335118274,1
1348.7460421810756,0.645296786560697,1
833.668383932026,0.6458291484040821,1
1763.6241373235473,0.6676520607183248,1
1427.6386561810243,0.6467919761926851,1
2066.791540673383,0.6629769121156062,1
1053.928810776038,0.4560104991586361,1
1190.827319205595,0.6432295593137581,1
2030.4719745133173,0.658435197014101,1
1450.2007516572608,0.4579638944751372,1
2376.1308757325023,0.6443744635875049,1
703.1677942213832,0.45335972423883436,1
955.4081100159569,0.6424459403541976,1
1013.4260919060179,0.6575371181201333,1
627.3286191793933,0.6644548356159484,1
691.8263736439034,0.6679677087892115,1
1031.281975944598,0.6693068384984194,1
304.22073528229816,0.669216326886985,1
1245.0527043802115,0.6683322952086922,1
310.7533236499288,0.6671416966741185,1
2582.1906927520117,0.6659504917492526,1
564.3684455687245,0.45085665432760386,1
2553.0123448246113,0.6416551577638789,1
423.01891449374403,0.44832025497169925,1
1922.6035629047633,0.6398961144620201,1
1503.6886363411545,0.6413259445891787,1
1532.2949723498486,0.6560410650174344,1
1273.8050337016766,0.6549745741045718,1
786.1277692197298,0.6517975593274192,1
1007.8409607507814,0.6681308267657174,1
1854.2711341433405,0.6655948323709535,1
950.1452696525506,0.6548315100430999,1
1163.7944373632668,0.669942610212358,1
2361.296059862594,0.6657144355988565,1
2777.098423508802,0.45052957303203184,0
1153.8163553933036,0.4267284946389318,1
843.0983611632253,0.6347789049996986,1
2563.2146982471563,0.6500213569655494,1
435.3706502497412,0.4436691256561608,1
1550.5430983823521,0.6387409947123068,1
945.6067909452281,0.6372216404429893,1
1408.8864281170534,0.653443968661829,1
1228.238332789645,0.6418895263417036,1
1802.6765853735274,0.6483658114479552,1
1255.9346308058277,0.6525154411360179,1
2374.4703499106017,0.6382492345772973,1
2060.2249876907235,0.45738004164189855,1
1163.3109290245213,0.43890527513047634,1
413.8831266488562,0.6384811433726104,1
984.5280653691714,0.6528923714010885,1
769.0598613800684,0.660132338027102,1
1508.6766165573488,0.6641530936522929,1
1530.904132168429,0.6658809824488772,1
2295.6571657094364,0.6661036651404348,1
1040.7581156198776,0.45101475707630606,1
734.3574512969047,0.6444274944299917,1
3032.848381841673,0.6587703949029339,0
628.947233804213,0.4240462252463981,1
2684.6109724748794,0.6388393374260753,1
402.8059172114824,0.4313989694988969,1
980.0509362067091,0.640082238970585,1
1469.8412703119436,0.6494433075117134,1
1069.0622697195975,0.6578018614120895,1
1219.4228402121944,0.6626654051656249,1
1681.9345555210496,0.6509800351822755,1
729.9585551249654,0.6651832039501321,1
2095.6239476367623,0.6639962711768732,1
1029.2253754154904,0.46296829645118454,1
480.3051747080375,0.6487535177772341,1
1570.3883298412757,0.6604497729992759,1
2855.091136735425,0.6453163348848932,0
1417.2160020127073,0.4425868737266015,1
1853.5161543890265,0.6258653614738067,1
1747.287991739406,0.6318602515068056,1
875.5025611021381,0.6336568629008376,1
339.74189831665296,0.6488689335793919,1
680.7997700246383,0.6533285681078429,1
1655.823990687515,0.6567429988429339,1
1466.1239689309648,0.6590448482032966,1
1704.5668295177986,0.6480665803214994,1
1531.4521691132436,0.6576385212016586,1
1036.7545619862306,0.6400556762373412,1
1787.9349888480047,0.6532085730742156,1
1343.2786685042458,0.6569958415886272,1
1519.2411324923019,0.6423057780758181,1
1042.6247263015223,0.6566715543795227,1
1824.2306319918869,0.6598056882863111,1
315.7384922572306,0.6626522188795154,1
1382.5823271414897,0.6645531918267347,1
1387.3973803279282,0.6650723248020739,1
487.5996561023214,0.6646328972316249,1
1484.5028618821175,0.6637100246751477,1
1251.7169740749978,0.6626560734129494,1
2476.7412117563085,0.6616730540387362,1
857.9361947766753,0.44353754893612474,1
1777.8640955611813,0.639402430931796,1
944.5724208395872,0.6538337537245028,1
1455.2994783695192,0.6594092083466583,1
715.8437772962398,0.6614156945000463,1
1088.7919490060735,0.6618443511540881,1
524.6847199490066,0.6615711332919081,1
426.2919374489507,0.6610512034565217,1
2095.495779527622,0.6605072796542143,1
395.70195798188325,0.4444524472137413,1
2235.404627926359,0.6394080623600469,1
1860.199522313846,0.4508782720087199,1
894.051365887852,0.6283173011234763,1
488.6199927669498,0.6511093872756529,1
1079.2155347361245,0.6552330260329069,1
909.7823373773409,0.6597910846555868,1
1890.513198876903,0.6625953953760179,1
797.5367298709565,0.6426221488674562,1
2377.432684442819,0.6597790394995466,1
3384.245530728756,0.4509140973610695,0
1166.2354571601043,0.42966256710546114,1
1333.6828154956313,0.6364056849879672,1
1476.7890768274656,0.6402969627838588,1
2764.622251891841,0.653442537972047,0
1852.2140257592912,0.4188501414343523,1
788.2282330301865,0.6165552550127662,1
1466.7307772272552,0.6393931284372734,1
647.9820142111898,0.6210706252654046,1
919.2093302118506,0.6446832358330006,1
2688.5267693893343,0.6440332835438224,1
1099.3211028582377,0.4498309782396743,1
1618.8652315821546,0.640469408150382,1
1596.6673211012387,0.6453593135247173,1
2226.5682407096506,0.6544819680657314,1
917.4611851629093,0.4593349274051858,1
1902.5389929854985,0.6374999252697641,1
2406.021516318556,0.6388013728579757,1
1218.097378499931,0.45106919509323185,1
385.707812417149,0.6417535926642175,1
1559.351114155233,0.6550398199715937,1
658.1641560786768,0.64544516684022,1
2233.370621346478,0.6609794983557338,1
1241.217043389776,0.457184277088354,1
1831.2196141370885,0.6412743343352016,1
1809.0234057969317,0.6551118141277953,1
988.0600938374089,0.659364586475109,1
411.4008250357339,0.66407752594756,1
1662.9011905325758,0.6615427908398039,1
1410.8845913124462,0.6488418808307799,1
1268.750230105604,0.6570537247471541,1
1549.418229802526,0.6627855721483652,1
1905.811242587459,0.6597878851335928,1
375.21790821039656,0.6614392464786412,1
2648.4590750088,0.6631463872491783,1
608.3761984035995,0.45555320904482477,1
2207.099705244043,0.6437870396687811,1
1659.7709501120787,0.4505950403983827,1
2279.2213614415095,0.641961528532018,1
1231.683644725985,0.4511821097581812,1
1168.7566499366183,0.642058251170085,1
1136.870584386718,0.6560118380900768,1
1358.728837118654,0.649035061521477,1
916.3980794970262,0.6678812642570795,1
3344.169704840421,0.668291113681704,0
595.4429260834778,0.4282311378527878,1
2260.5253406485235,0.6400228341199532,1
1649.3305026805979,0.4346538865805193,1
2553.162151787763,0.6410014268168185,1
498.3023856168607,0.4394403686382722,1
2404.1065792859827,0.6420964929512196,1
1369.9835439358835,0.45301614188072675,1
1529.2765936751848,0.6431814267471023,1
965.3004169828555,0.6377345162623969,1
509.83627953810804,0.6577756076505592,1
497.02407012470076,0.6560145658033547,1
2139.384968325913,0.6606846115686017,1
833.3912240483048,0.46472026471979605,1
662.1939361921485,0.6479958234785518,1
1131.341179661207,0.6591145118117443,1
384.1162784680227,0.6642760750764605,1
2716.226372277693,0.6668606709717815,0
1502.4477204655777,0.42935915668855096,1
2670.359507135487,0.6263681900190586,1
1783.650849912615,0.44131705476946403,1
1573.7513639724195,0.6398491622229708,1
1400.2665570881843,0.6314611415513929,1
1325.911131720775,0.6544487264532467,1
460.11724514910634,0.6437484882351666,1
1997.4061297829508,0.6586989523827187,1
2849.0777620147087,0.6488182396917267,0
1131.412080240672,0.44340611390855,1
661.877526000733,0.6406981619794352,1
1614.2441319640564,0.6471172892604858,1
2588.6660084561217,0.6535351305518858,1
1025.8687252706595,0.4469304470015949,1
945.7675066784607,0.6471318854053146,1
992.2260647890898,0.6574653182384201,1
2637.3085711063222,0.6623354046447434,1
463.3542342079824,0.4518760599249808,1
3326.4619379136975,0.6498326687786296,0
1449.1311380551883,0.4266364503514231,1
601.0265899122572,0.6424709469219689,1
1624.0797193283288,0.6479203142937968,1
1594.7357252743545,0.6560001785405117,1
1226.1970251051466,0.6473183799419197,1
2170.9007155547233,0.663752813005196,1
997.1600261909024,0.47178085268912284,1
2154.2570409595437,0.6467795833990235,1
1774.7245516486732,0.4730612777783906,1
1238.721439285831,0.6483401962838966,1
1286.4141832743744,0.6527937856980053,1
1431.3924780794164,0.6588323287615858,1
1999.3557691366384,0.6499375477374707,1
2088.3197561515776,0.6636683829240022,1
2365.789224612777,0.4533111865188436,1
354.28350132560956,0.44455356606637497,1
1024.7623471495792,0.6457110641416484,1
2258.5671276817934,0.6580765063957505,1
2578.122408473968,0.4651548976273597,1
1691.4502658082824,0.4498775431162928,1
1957.9066887656686,0.6391904882014828,1
1120.6380222892644,0.6517135051128324,1
2002.486456294617,0.662024711825653,1
1561.2185141822993,0.4589333040025701,1
1511.5505901664076,0.6489257950498223,1
609.5674155894103,0.6587573913479764,1
2008.1412295313044,0.6638577931222158,1
2602.4917107438196,0.4716609665646458,1
1721.3273614550203,0.4519836492933367,1
1171.0730269076223,0.6506733694249137,1
2393.0147078543037,0.6626194928465512,1
666.4787666859261,0.46026427155754884,1
927.3602416732451,0.6517326641373693,1
996.1628127845133,0.6636103498011833,1
703.5831861940353,0.668938855671994,1
410.55121116783863,0.6711513269455941,1
900.6638720746463,0.6715407251083617,1
2008.87610046932,0.67095191260509,1
1898.2589042246714,0.4699767534491389,1
2029.6549424910233,0.6411867004125605,1
839.0535605136744,0.4588049512432639,1
1685.0815076222977,0.6515560311983748,1
663.3918644931939,0.647373566874075,1
2649.3680241779703,0.664964038613147,1
951.08287495239,0.46182314540078434,1
421.4387406445032,0.6512061837475079,1
1224.598543166356,0.6614012377744154,1
1789.9328148831419,0.6673752053878595,1
979.8361838425722,0.6561285135301328,1
1047.6311881024772,0.6753408843981971,1
556.7942345891822,0.6728077339339393,1
744.0246600085158,0.6715963082730549,1
487.14779563501486,0.6705194017813151,1
1528.4326991243713,0.6695193209506672,1
1660.3528508472464,0.6686578633738932,1
804.734151821352,0.6679637857868619,1
2153.0548432764317,0.6674303229102334,1
2555.6727357222717,0.45454808406995323,1
2075.1530722699335,0.44612025851044423,1
1911.0347555637998,0.445266495678303,1
1327.572229091907,0.6377103545444665,1
1641.656854105178,0.6500894905218607,1
819.3903534433173,0.6578230245746637,1
2846.9036174061803,0.6633843567990297,0
2161.2123753634432,0.43343703566590963,1
668.4396626491125,0.4387947350524781,1
911.4819554203663,0.639414179585727,1
763.7809704600165,0.6462106404975352,1
1545.4337946844632,0.6539504394564598,1
2433.8545539100687,0.6594290976304542,1
1324.482188302989,0.4542666540849717,1
1761.1618232011208,0.6413125228104612,1
2248.0964725595168,0.6517932677869682,1
2986.4561435820865,0.46815744106465407,0
1334.3583957881947,0.44365702944058144,1
1077.9984941374933,0.6444296900775655,1
1230.8442043697373,0.6511615521201776,1
1738.4674926566172,0.6565767385083415,1
536.9274197250445,0.659251833367403,1
772.8153844918594,0.6604883749834429,1
1217.5918691336665,0.6608561037147788,1
3375.898285007712,0.6607805164939432,0
347.4605898343641,0.42149674464451725,1
2411.2601583158453,0.6412519709264151,1
2256.4280680611887,0.4306647092915076,1
3048.9686405827497,0.4383042713552078,0
1304.8592327779447,0.43128802755889434,1
1607.586446146441,0.6358796344798905,1
3135.669396223051,0.6385570542595054,0
418.10245724480654,0.41309786140825094,1
813.3517652749517,0.6367318867460107,1
1429.0898561570743,0.6332793423945039,1
494.1024183264226,0.6420624202899741,1
1236.8853465144407,0.6475962673398985,1
1223.7524879250348,0.6512686728816612,1
693.8883445080676,0.6534094106161441,1
1579.2141705149386,0.6545267391704497,1
1205.1125769673276,0.655030599058799,1
629.5824321438872,0.6425114140700569,1
3251.847609089068,0.6548994493067192,0
490.15414004512655,0.41926757260624786,1
1375.8897274423946,0.6395893196464595,1
1185.0124915806603,0.6403309526145187,1
852.3326959910164,0.648518215976142,1
2319.6501871401388,0.6539120464207253,1
1226.9727918531514,0.4521805232259449,1
1104.3281250182922,0.6501311355798807,1
1619.5295104620557,0.6561728146077043,1
2101.896156592146,0.6607873944942176,1
1746.3603335986436,0.460347824517312,1
1860.5205066971496,0.648299182731781,1
2338.6901104959693,0.6644830556026562,1
1733.8865877061999,0.454591342037471,1
376.7267690585404,0.6517462303435371,1
547.8042802777594,0.660527861849384,1
699.4306586526835,0.6663869470721968,1
1672.580797573443,0.669573848174359,1
852.8151875879378,0.6707357598500366,1
584.3645915173926,0.6706319405965142,1
958.4358019844576,0.6699012304550133,1
2402.2210222282056,0.6689729638241069,1
1605.1903712225126,0.45557085743456877,1
507.8482209330404,0.640283073426243,1
2212.631600348272,0.6625772633385801,1
1099.0969710675365,0.4557220808421266,1
278.33651710462493,0.652863490291315,1
1124.6344131436508,0.6629948173807816,1
1726.1755214450702,0.6687224057789148,1
1124.334522391171,0.6715128456832505,1
2090.5850336630015,0.6723203536466715,1
1663.9026555673333,0.47040938315519676,1
1553.7709038500018,0.6496137359791374,1
1565.2611807875712,0.6537695342109155,1
1802.7645796895847,0.6632607907158942,1
2236.0852082643055,0.6705285600762971,1
578.9250220696633,0.45679500968487813,1
854.8357834422297,0.6538823969721798,1
1209.0807766866521,0.6626999306301788,1
920.6220988246528,0.6676321321603136,1
540.8710123909691,0.6701814701326402,1
940.7355655723038,0.671151179667645,1
1375.744187647296,0.6711512464723367,1
3299.3143025160653,0.6706533785529666,0
3050.88238183787,0.425664088716115,0
2211.9049154268673,0.4220999303288431,1
1037.1379211291178,0.42497813799755,1
2950.0216168187903,0.6348210776231936,0
2319.1395802861925,0.4063204700669666,1
1914.9106891768595,0.4304925813593596,1
1302.4642809899485,0.6202232040170524,1
1537.4769102433042,0.6344958328143483,1
1454.8440789821811,0.6254832146865995,1
431.6308654833598,0.6428799578827292,1
2378.136563951249,0.6420366632168404,1
2136.0940185863165,0.44681552264107527,1
1308.268927756875,0.4371978807635927,1
1288.402636408015,0.6408708930054055,1
2974.7406783117685,0.650003427457558,0
1638.9256044130796,0.4217769086159694,1
1334.27005666825,0.6231795864668541,1
1076.0875177241278,0.6276290408059229,1
839.0164115491609,0.645828975462654,1
2885.229693612764,0.6450445774876927,0
891.3261320810184,0.41388751388511646,1
371.36382794154775,0.6393842719475733,1
2142.7691366936456,0.640794582481027,1
579.0954489699552,0.43364553377332005,1
2355.5191688971577,0.6449867713858883,1
1505.7351889657232,0.439525340686027,1
779.8708303925966,0.6472641633114572,1
1330.1198534978764,0.6546484803045406,1
