Action: 0
[0.14401204605010923, 0.0937664043971769, 0.19816614473073763, 0.0937664043971769, 0.18898977738169012, 0.09376641424875544, 0.0937664043971769, 0.0937664043971769]
[0.15885833201636684, 0.12484064365619989, 0.2305570499517051, 0.09000904565368616, 0.12570779176098346, 0.09000904565368616, 0.09000904565368616, 0.09000904565368616]
[0.09793670541847682, 0.18929304851404588, 0.19549217599739974, 0.09461492137503656, 0.13353886303406812, 0.09989444291089977, 0.09461492137503656, 0.09461492137503656]
[0.125, 0.125, 0.125, 0.125, 0.125, 0.125, 0.125, 0.125]
[0.14377313700313804, 0.18601036701920362, 0.18726548631194959, 0.09300518350960181, 0.11092631039395705, 0.09300914874294633, 0.09300518350960181, 0.09300518350960181]
[0.10906579099674285, 0.09733849440451281, 0.3042290612943297, 0.09733849440451281, 0.09744035269566455, 0.09991081739521171, 0.09733849440451281, 0.09733849440451281]
[0.125, 0.125, 0.125, 0.125, 0.125, 0.125, 0.125, 0.125]
[0.125, 0.125, 0.125, 0.125, 0.125, 0.125, 0.125, 0.125]

Action: 1
[0.09683714980529638, 0.09683714980529638, 0.09683714980529638, 0.09683714980529638, 0.11812118621586414, 0.3008559149523576, 0.09683714980529638, 0.09683714980529638]
[0.125, 0.125, 0.125, 0.125, 0.125, 0.125, 0.125, 0.125]
[0.0993722767789085, 0.09912035214380815, 0.09912035214380815, 0.09912035214380815, 0.19834850069918497, 0.2066774618028657, 0.09912035214380815, 0.09912035214380815]
[0.125, 0.125, 0.125, 0.125, 0.125, 0.125, 0.125, 0.125]
[0.0957238171242758, 0.0957238171242758, 0.0957238171242758, 0.0957238171242758, 0.1377059938425887, 0.2879511034117565, 0.0957238171242758, 0.0957238171242758]
[0.09717159328545452, 0.09717159328545452, 0.09717159328545452, 0.09717159328545452, 0.15180421039158853, 0.2651662298956844, 0.09717159328545452, 0.09717159328545452]
[0.125, 0.125, 0.125, 0.125, 0.125, 0.125, 0.125, 0.125]
[0.125, 0.125, 0.125, 0.125, 0.125, 0.125, 0.125, 0.125]

