0,0.5,0
234,0.3333333333333333,1
203,0.5444117864757807,1
30,0.5342465753424657,0
48,0.32042376917515136,0
221,0.3453933624080524,1
156,0.6008219455477716,1
77,0.43248509483236236,0
182,0.3504662646760147,1
207,0.47332561931608286,1
231,0.5997531493617342,1
39,0.5230937907049789,0
114,0.30610710306990124,1
163,0.48669113025939503,1
48,0.42653262867324165,0
76,0.318153357319293,0
234,0.36338472367552743,1
153,0.6113432310917856,1
102,0.4236986530469238,0
201,0.48461966044369026,1
50,0.5141038815106096,0
94,0.3035170876857747,0
104,0.30014451184157775,0
22,0.4050086776381475,0
131,0.29589348833070495,1
108,0.43923996032287954,1
73,0.4376515281556168,0
109,0.320141390451788,1
143,0.4467260830854255,1
152,0.4478091607217772,1
201,0.4873994416014584,1
235,0.5691199602647268,1
145,0.5231209553552563,1
154,0.4552259582309661,1
39,0.47401942013004983,0
52,0.34890306199753485,0
116,0.3315330032435122,1
32,0.46135954666031853,0
47,0.3322644381566652,0
140,0.31795882219560356,1
132,0.45344185543576465,1
115,0.45979594312576305,1
58,0.4664775213173391,0
128,0.34119309685145416,1
94,0.4634158031888409,0
90,0.34293500145195466,0
77,0.3247602116058721,0
129,0.3160704615049249,1
34,0.45362253997538193,0
37,0.3375058730406456,0
75,0.32119217449115367,0
54,0.31447497851639955,0
93,0.3128531746642878,0
89,0.3125767589766249,0
86,0.3125361399371207,0
28,0.3125304551950323,0
113,0.3125296606689087,1
152,0.4500646491022745,1
205,0.4942824009791012,1
67,0.5471705275875003,0
62,0.33660229005423414,0
117,0.32806382530487344,1
86,0.45987864616110374,0
49,0.3350237430813337,0
99,0.319748479558895,0
151,0.31278262767130505,1
28,0.4593473258504232,0
192,0.36008008955408033,1
160,0.4950439145920578,1
66,0.4425399131785117,0
186,0.3617586634417339,1
173,0.4962903542370468,1
200,0.4917263873432605,1
220,0.4947042139425133,1
151,0.531005526193773,1
46,0.4614198175618782,0
151,0.36166866139243287,1
167,0.4946663572913928,1
78,0.44290125926771273,0
21,0.3282019437009524,0
207,0.3677545046813602,1
236,0.6168837885171741,1
54,0.5292781369431483,0
86,0.3126684088156929,0
59,0.3073083419536169,0
100,0.30594045558361505,0
71,0.42683019015451507,0
185,0.3618018022159184,1
199,0.49419235075753265,1
118,0.4323873540510583,1
217,0.48554754519260607,1
136,0.5271427557139692,1
43,0.44356084620719843,0
188,0.362444081752624,1
234,0.4992392884256604,1
50,0.5363782004465096,0
55,0.32190490229310786,0
62,0.3099409051607328,0
152,0.3096025330664266,1
146,0.4549337780256858,1
224,0.48771253073754584,1
50,0.5420789857086673,0
41,0.3321316068776726,0
30,0.3210042802527482,0
150,0.31423940192141087,1
90,0.4608572638721269,0
151,0.3611310342525252,1
178,0.4952779913809825,1
115,0.4522082821196456,1
239,0.49247477589604555,1
48,0.5426893890781517,0
59,0.3279992821009237,0
226,0.36712226065275544,1
110,0.5322315568726409,1
23,0.455670560933902,0
103,0.3300031382872043,0
132,0.43015505084944144,1
66,0.45934811706452994,0
32,0.3458764323269763,0
242,0.36500119170415213,1
89,0.5350294973365011,0
112,0.3296108779580146,1
77,0.45497844939211207,0
130,0.33919414692909633,1
66,0.46022977044049773,0
82,0.342865690605492,0
37,0.3231827075804623,0
85,0.3160266096900376,0
73,0.3141617722648513,0
71,0.3138494096483155,0
131,0.3138050743742209,1
83,0.4545620385535195,0
129,0.3375405567038693,1
70,0.4546530557030817,0
163,0.3602649470567869,1
218,0.4942028472127714,1
124,0.5400856388358634,1
93,0.4544501046958868,0
151,0.33130926578729397,1
134,0.45751430153173367,1
198,0.4895150423651248,1
67,0.44703210201021715,0
232,0.3619074793931543,1
158,0.5754990252474912,1
81,0.43121463371351637,0
152,0.33045563999590777,1
137,0.4544488830976705,1
43,0.4586601903704945,0
173,0.36339119618267524,1
154,0.4973991306358784,1
141,0.4459288193515301,1
249,0.4848169825325206,1
163,0.5638850690922875,1
31,0.44776578657074784,0
220,0.36269496751333563,1
31,0.5479925019010013,0
145,0.3255175826698683,1
116,0.4637500581586045,1
165,0.4896160977512329,1
101,0.4568555428924532,0
243,0.48572262852425785,1
30,0.5411434842917211,0
67,0.32272984216217976,0
65,0.32016622884079354,0
83,0.3104914181165038,0
139,0.3075499824973667,1
63,0.4478707275910287,0
86,0.32148294777647624,0
143,0.30948646054786777,1
49,0.4428341859561393,0
106,0.31839887643268866,1
131,0.4464835207703868,1
45,0.45030352400019025,0
243,0.36251847665042636,1
76,0.5336902930241797,0
133,0.31281947173507624,1
84,0.45433106902166054,0
26,0.3206400964906732,0
123,0.310027944078383,1
25,0.44000912228904066,0
42,0.31646711004371253,0
94,0.3050712062493173,0
137,0.2977485864384549,1
120,0.44112006935910697,1
95,0.43867194704999996,0
99,0.32560430351188946,0
151,0.31255219487915714,1
26,0.455629998893344,0
174,0.36223525044238253,1
230,0.49246510935615095,1
34,0.5284165907405944,0
114,0.31524484141574177,1
83,0.45234698161609693,0
188,0.3631683905487002,1
185,0.49893352854786327,1
53,0.4309817599382022,0
123,0.3216096734020524,1
149,0.44709438355928005,1
63,0.45761108090233327,0
177,0.3643481524367275,1
216,0.4987033511456228,1
98,0.5288640196680208,0
83,0.3218831715229336,0
128,0.31691196487120593,1
47,0.44849070291181226,0
87,0.3191964100988308,0
142,0.30840899720215115,1
143,0.442021369729525,1
124,0.44397528848714324,1
191,0.49233949017449496,1
85,0.44086783344760516,0
157,0.3621169246299667,1
196,0.49279070437479416,1
152,0.4373417432596773,1
191,0.4904948610484935,1
150,0.4513648523847852,1
221,0.49208933668845783,1
151,0.5541780109911922,1
126,0.47282201981494276,1
39,0.4709369450175268,0
137,0.34482827673089034,1
36,0.4681884020345989,0
35,0.33790357637883905,0
25,0.3200377259354413,0
131,0.31209997903085585,1
74,0.45096065387478135,0
179,0.36234839527983975,1
221,0.4928639207837165,1
57,0.5415380128382428,0
116,0.31680932365757475,1
140,0.4494361487830164,1
34,0.45228068141444255,0
221,0.36307269069877585,1
54,0.5356930325581268,0
139,0.3162797108359154,1
62,0.4493295274376873,0
247,0.36177410690612155,1
27,0.5341498366685068,0
61,0.310206499180782,0
124,0.3079908580405436,1
113,0.4391768185129944,1
44,0.44590628731011833,0
227,0.36159364496747914,1
136,0.5315162374994129,1
58,0.44649181217328826,0
33,0.3292197900168353,0
141,0.3133417396184268,1
114,0.4480490543088955,1
50,0.45123500926885707,0
136,0.3355569720057737,1
142,0.45880033678590065,1
29,0.4611788331059862,0
158,0.36068197084566533,1
204,0.4937154001153848,1
129,0.5431103360771987,1
121,0.4597086812737725,1
67,0.47402834006680894,0
48,0.34485467258963676,0
175,0.3663161199661772,1
215,0.49597596023742946,1
125,0.5383659273395259,1
82,0.4521724571090716,0
103,0.32714747279336825,0
172,0.4944281585951232,1
57,0.4431293130777522,0
169,0.36325526943158404,1
243,0.4872428594165169,1
151,0.5697656139625442,1
117,0.44670420115233683,1
215,0.49098194090799335,1
73,0.5344170569927188,0
152,0.31924612171533284,1
125,0.4479548288142558,1
184,0.4912027850968388,1
95,0.44725186932193683,0
211,0.36419991293634096,1
189,0.6076804356743147,1
103,0.43305418102396076,0
187,0.4840961067120506,1
233,0.48881846664604667,1
35,0.5215887155519079,0
53,0.310690287711026,0
42,0.30656417573143485,0
152,0.2998797513305619,1
101,0.44352199853856145,0
169,0.487722856319875,1
52,0.43031453219995786,0
218,0.3619979798975736,1
83,0.5325146199671289,0
144,0.3036121039778508,1
52,0.44586772165705346,0
206,0.3619769994157895,1
221,0.612488919347913,1
26,0.519768811982372,0
74,0.3074824889241046,0
79,0.3071330626370878,0
110,0.29778567018476443,1
119,0.43617223725923265,1
110,0.4420830317681447,1
23,0.4427854104136961,0
123,0.31956839354480676,1
89,0.4459452129998641,0
168,0.36218092060534,1
44,0.43866883165972226,0
175,0.36168172851368774,1
93,0.43866906806099726,0
249,0.3613117854406324,1
130,0.530155438698944,1
30,0.4421857999369253,0
223,0.3609641274302501,1
78,0.5346015731250325,0
51,0.31245045619860995,0
28,0.3069200066194513,0
151,0.2991087421297287,1
48,0.44210507882130967,0
46,0.3139912531855129,0
78,0.3049369535300752,0
28,0.2983079011228531,0
148,0.29679084247953946,1
28,0.44168390759658577,0
44,0.3136362739443746,0
83,0.30466366086141133,0
131,0.29815668973515275,1
24,0.44261874894170883,0
212,0.360583633322123,1
106,0.5271206000272372,1
27,0.4347646102214411,0
144,0.3217518442390438,1
154,0.4478377030272596,1
162,0.4924437689656461,1
35,0.4490274181855475,0
79,0.3305706308014867,0
132,0.31586023852442224,1
155,0.44611446708442226,1
141,0.450437288522089,1
159,0.4970476082355867,1
128,0.44789846002027567,1
166,0.49686461215689803,1
141,0.4561928150406292,1
184,0.4948038313389316,1
98,0.4564571627807711,0
237,0.36836516873810937,1
130,0.5415987411749679,1
64,0.4591491069444815,0
247,0.36834988895256493,1
95,0.5439664598034483,0
147,0.32551277903167164,1
73,0.4648496632868792,0
59,0.3362471349318561,0
31,0.323589446317187,0
60,0.3145314292434672,0
113,0.3118905031764723,1
71,0.45237906303633024,0
33,0.32129927706300476,0
58,0.3095065685059748,0
78,0.30245742067715264,0
86,0.300659308454169,0
149,0.3002880463222637,1
78,0.4542137242396082,0
235,0.3688528547004474,1
150,0.580315293450081,1
80,0.4268119943446038,0
178,0.3694167163217851,1
216,0.5020285199851926,1
144,0.5221663868885842,1
154,0.43850876258616117,1
47,0.452096626637364,0
34,0.332666169536042,0
72,0.32001823478622676,0
103,0.31338051698249203,0
146,0.4282448712886633,1
223,0.49565140131602137,1
49,0.5370023625592564,0
44,0.32165721919441953,0
31,0.3158732270095904,0
117,0.30871467006628267,1
104,0.44644248105899537,0
184,0.4924714267543523,1
62,0.43418282322720014,0
191,0.3670975558052596,1
214,0.4999230283908654,1
146,0.5185253086518407,1
135,0.43912585919093866,1
60,0.44920345935231143,0
162,0.3695561227079547,1
245,0.5000145510785372,1
154,0.5318226614989525,1
50,0.451428119456897,0
215,0.3695927436727463,1
89,0.532547338610286,0
45,0.30704316723640596,0
69,0.3070118596788035,0
61,0.30003445182382205,0
153,0.29827157408330474,1
79,0.44968748290825067,0
230,0.3677277353034068,1
143,0.5303400556755824,1
34,0.43457333784462826,0
143,0.3209466115333083,1
57,0.45144986693092615,0
50,0.3248299425381595,0
103,0.3121882092788922,0
64,0.4111173779988469,0
107,0.30055307987985613,1
116,0.4439600166603307,1
152,0.4460934535258625,1
26,0.44881305638496327,0
235,0.367617481260752,1
54,0.5400117647032938,0
86,0.3177097805920153,0
130,0.3151635974396928,1
53,0.4470535003100261,0
181,0.36814493874690823,1
27,0.4382690659260314,0
174,0.3667897935386765,1
205,0.4997918590439475,1
82,0.5165454807552619,0
46,0.3071115829255132,0
136,0.30524303255017105,1
59,0.441081252539658,0
161,0.3690023337834789,1
226,0.4971596164562837,1
47,0.5146598569390942,0
131,0.30343615045290406,1
47,0.4433543455763527,0
193,0.3712903914256942,1
40,0.4355901546391505,0
166,0.36812566077149655,1
87,0.435696357421259,0
232,0.3682602196239086,1
121,0.5278148475490627,1
135,0.4361583752106868,1
77,0.4522112914115748,0
81,0.3370104135886389,0
33,0.31940954347049977,0
118,0.3107591879518038,1
62,0.4482016914108361,0
167,0.36776618516237014,1
29,0.4411632350239987,0
157,0.36750191791433184,1
238,0.4997738315383081,1
115,0.5188806861910911,1
132,0.43366434627002975,1
78,0.4496420816351777,0
42,0.3326342532107931,0
118,0.3187373518183752,1
107,0.45070926400958716,1
109,0.45212921812682266,1
138,0.45600741515410304,1
149,0.45507154761629676,1
59,0.4558878996074325,0
240,0.3688978055484893,1
159,0.5842364230169499,1
75,0.43340803943654904,0
205,0.36893587462690886,1
218,0.626488630952799,1
87,0.5206519811068637,0
58,0.31522566567785093,0
95,0.31413577550479266,0
89,0.30694349776615776,0
46,0.30466343734665857,0
140,0.30408735319088215,1
131,0.44923374756131396,1
208,0.49780239528357845,1
107,0.5278587908268978,1
63,0.44632164327112833,0
64,0.32532539548577083,0
111,0.3120032322330619,1
34,0.4445897443996059,0
154,0.3206440394639122,1
96,0.4500213289593534,0
118,0.32367115446253397,1
73,0.44803171811419756,0
215,0.3692737489356295,1
51,0.5341124929860792,0
76,0.30953220108825297,0
121,0.30617319060350034,1
69,0.43962538579598787,0
219,0.36788491290984937,1
205,0.6177545080006814,1
141,0.5125114580512187,1
27,0.4384448813029555,0
160,0.3688613318263418,1
246,0.49655891004408753,1
230,0.6166450089002284,1
147,0.5270179396005217,1
43,0.4409580858775706,0
238,0.3702046553783849,1
179,0.5824877198971115,1
133,0.44905363746637966,1
199,0.500177686396596,1
104,0.4515904843460986,0
200,0.49407956731743446,1
25,0.43812864702418597,0
178,0.36913042544965036,1
138,0.439877734567139,1
205,0.4924127094020032,1
129,0.5335384471181047,1
146,0.4458424292053261,1
183,0.49717092903762383,1
