0,0.5,0
207,0.3333333333333333,1
169,0.5845618260615708,1
145,0.4444444444444444,1
219,0.46279138646607415,1
199,0.5440388148565967,1
38,0.4498726649909163,0
209,0.35232171538189155,1
207,0.6130558202569794,1
105,0.5302895180929348,1
219,0.4956715337372948,1
43,0.5387742788869379,0
124,0.3238704970784768,1
209,0.4955177247082504,1
60,0.5411918424256,0
191,0.3711272021395588,1
215,0.5232782521127739,1
129,0.5240324499157868,1
62,0.45057845814386754,0
170,0.3731061719499075,1
109,0.4520046752924678,1
156,0.506280065471164,1
29,0.4529758382114831,0
237,0.376786190175059,1
60,0.5389758962459551,0
156,0.3282950503239054,1
173,0.4652440652513202,1
62,0.46021381482509505,0
223,0.37830033272820696,1
136,0.5513138821301256,1
125,0.46148362755212524,1
155,0.5027042023855351,1
125,0.4676174172217729,1
205,0.513684772733711,1
73,0.5610526845427718,0
89,0.34439412512913387,0
167,0.3390394660205057,1
170,0.4656589399113027,1
59,0.465529611195153,0
172,0.34196224198407943,1
152,0.47417507482252186,1
79,0.4682317775870338,0
148,0.3432040183844591,1
106,0.4798312799316661,1
121,0.469438933339574,1
38,0.48019057254544384,0
65,0.3552083243432407,0
110,0.346186238499845,1
34,0.47408775659565316,0
138,0.3450022720590532,1
111,0.4741405358785855,1
160,0.4696042655056455,1
55,0.4775792253308643,0
65,0.3577767751467296,0
134,0.34650519811475416,1
119,0.46949780799942703,1
102,0.47291456197244436,0
115,0.4674200498738451,1
130,0.47464074152891234,1
93,0.48732563993564115,0
88,0.359481309191542,0
152,0.34881424879175293,1
172,0.4764434427129788,1
76,0.47460856620930547,0
73,0.3528149231284904,0
151,0.33942527238971243,1
77,0.47496607876696817,0
102,0.34371545628272226,0
166,0.4559101404888615,1
71,0.46459982098233676,0
71,0.33816986524657777,0
157,0.325961977621217,1
46,0.4590903516437978,0
124,0.3283595863418559,1
135,0.4607300617199272,1
49,0.46363773124117547,0
104,0.34072737141611886,0
115,0.44318512765000684,1
154,0.4524153844553681,1
138,0.4640465597335044,1
68,0.4662124870471661,0
114,0.3448891192558895,1
163,0.46563446556496313,1
38,0.4700290916392117,0
27,0.34593477142850115,0
112,0.34020642163822007,1
38,0.4652166783099056,0
142,0.3383446055251968,1
106,0.47497115430024317,1
35,0.4649937549775278,0
127,0.3411032985506501,1
124,0.47330468201810827,1
32,0.468206849534522,0
161,0.3475854205660794,1
106,0.4820024984492205,1
158,0.46911469188370214,1
165,0.48308155895154387,1
116,0.4818552728525889,1
45,0.48774460056034424,0
63,0.3655217696012544,0
87,0.3533265796867263,0
168,0.3398405803484187,1
37,0.47157699663087943,0
67,0.34872999755014406,0
169,0.3322958763585441,1
75,0.46410931581519155,0
142,0.3441496382223423,1
82,0.4677015630916481,0
52,0.33852396556590264,0
52,0.3297337666652662,0
140,0.3174141197515539,1
164,0.45257170534845315,1
93,0.4606912468681945,0
34,0.33610437987687447,0
93,0.3193940235901844,0
99,0.3088709166738063,0
136,0.3002721437387095,1
51,0.45233231452455924,0
118,0.324326837290987,1
143,0.4431454529003923,1
33,0.4530236103695949,0
164,0.33161289216770495,1
157,0.4718817031828152,1
78,0.47262285674584825,0
33,0.3375919340226521,0
50,0.3288838632103929,0
137,0.3165233268062514,1
86,0.4616106861090729,0
36,0.3273256433587971,0
53,0.315310559103385,0
24,0.3042346663702206,0
165,0.29593770827385857,1
154,0.4565336626442186,1
98,0.46083311788232556,0
106,0.32512352222941787,1
88,0.4478305919699678,0
148,0.3227782054695367,1
68,0.4652645001362179,0
77,0.3330353468387662,0
87,0.3192736525236962,0
104,0.3072608325126632,0
157,0.40343469595444165,1
141,0.4514855963454946,1
142,0.4597272289084541,1
158,0.4620433425905437,1
86,0.4648590449184945,0
171,0.33419166967897596,1
162,0.4643955352446004,1
32,0.47058529636799706,0
134,0.33969484625122953,1
156,0.47310421132743047,1
160,0.46550510829179254,1
118,0.4784784065109436,1
159,0.47047838143388226,1
107,0.48706522019965526,1
166,0.47841355358137155,1
145,0.4916429015708761,1
26,0.4851674926326741,0
111,0.36202775120899333,1
34,0.4947013180143953,0
109,0.3699696047799626,1
167,0.4915727661307856,1
65,0.4919374130958953,0
105,0.3595553093937275,1
46,0.49158106096233806,0
126,0.3612673070423059,1
27,0.48758957366323513,0
133,0.35534766163611453,1
70,0.4844888619651575,0
85,0.352064078515303,0
133,0.3425211341326043,1
157,0.4659850143341272,1
102,0.46484955872546246,0
149,0.4573574223200483,1
45,0.47153493895308846,0
47,0.3461703541903603,0
60,0.33522461450688945,0
118,0.320528410147512,1
35,0.44680434892184684,0
170,0.3243581057351765,1
146,0.45814384280075593,1
133,0.45698225335551035,1
99,0.4577061878946706,0
113,0.33657779759011075,1
39,0.46663909420836336,0
107,0.3400060085698984,1
137,0.4709699644754388,1
141,0.47406119820173065,1
27,0.48322601589900577,0
58,0.35744648533777845,0
123,0.3444285341057237,1
133,0.46380556146249974,1
148,0.4684301205045534,1
153,0.4741205541976067,1
82,0.4770021122766486,0
55,0.3609293441307251,0
98,0.3436804982503057,0
171,0.33026581439217584,1
88,0.4573998473560452,0
31,0.3410854725052215,0
107,0.3257382968857821,1
31,0.4527625448389537,0
153,0.3328329840969036,1
40,0.46853933040047024,0
167,0.33484884063824083,1
55,0.47893743535618183,0
161,0.32986710171068945,1
62,0.4878528822807495,0
104,0.3242975685512225,0
127,0.44821951087359724,1
63,0.44474686414826836,0
154,0.32886902349548336,1
160,0.4725608516290988,1
166,0.4539760164309955,1
40,0.45952668919890394,0
162,0.32489012418207536,1
30,0.48806530451259794,0
126,0.3196458368119602,1
123,0.4803942158038672,1
46,0.4415393620903891,0
59,0.34930528566108277,0
99,0.3380565141965242,0
117,0.32382124051543526,1
172,0.45437222147591905,1
136,0.46544614802272,1
43,0.4532393743378012,0
58,0.322359534520547,0
172,0.3248143704887116,1
69,0.46184781644050366,0
97,0.3162095450785707,0
136,0.31798242829034246,1
145,0.45529632175384155,1
50,0.4384103192998277,0
97,0.3263927084954738,0
158,0.3183047771337429,1
76,0.46341180255017356,0
127,0.30875257338967455,1
149,0.46033847597178346,1
119,0.4526057218809506,1
159,0.4364623146067154,1
54,0.4784905396572316,0
140,0.3246139341584769,1
72,0.4774381206144323,0
80,0.3372193167413522,0
104,0.3349356305149282,0
142,0.44701372098854314,1
133,0.4516669507637049,1
43,0.45000769734860924,0
138,0.3185197345147137,1
132,0.4706755462296367,1
129,0.454611845566696,1
168,0.4571189126657209,1
149,0.45831170793641407,1
105,0.449706537140556,1
56,0.4842574748881936,0
79,0.35195213435619715,0
79,0.34070699581739505,0
58,0.3276937826497177,0
111,0.3166818652807311,1
45,0.45232521223238825,0
142,0.3300182913751957,1
102,0.46015333980417483,0
71,0.43252718851385563,0
144,0.3209952552696639,1
61,0.45270507769146573,0
147,0.32640696851208384,1
55,0.4573559770094342,0
88,0.31990402219972497,0
122,0.32126347877288264,1
124,0.4494946430015645,1
101,0.435324921000266,0
64,0.4419115254956715,0
136,0.31658758679131327,1
123,0.44646969931880975,1
57,0.451772997990069,0
86,0.3298296487106066,0
122,0.31946247915301446,1
159,0.4458459913447149,1
138,0.4536485065847076,1
172,0.45492150049818747,1
143,0.44884449986730435,1
148,0.45011081781956097,1
111,0.46979502316786076,1
41,0.4653444991008805,0
99,0.3351174117718264,0
103,0.3317473036960964,0
113,0.4299290795817751,1
101,0.4512992142932766,0
127,0.4431527932150056,1
64,0.45868344259929866,0
70,0.336843933210281,0
59,0.3236661009225084,0
59,0.31126751130030855,0
121,0.301774517003586,1
82,0.43711021887622636,0
125,0.3196785597643934,1
40,0.4483665918859102,0
109,0.3182587826942937,1
150,0.4551376293465332,1
26,0.4606080660004479,0
44,0.3375630896361336,0
154,0.3268680549908035,1
149,0.45228418451754054,1
138,0.44509706809043903,1
103,0.447922881465598,0
167,0.4372829787058393,1
35,0.4696668381287227,0
91,0.3259467515702329,0
94,0.33295221664650193,0
102,0.3197516743256098,0
144,0.43702727814309383,1
55,0.4399615804849696,0
48,0.311783128955707,0
157,0.31045137728926986,1
124,0.44802622416995486,1
79,0.4274067436321877,0
141,0.32191915667038856,1
130,0.4646797862407858,1
108,0.4454643437032183,1
159,0.45091373453206696,1
126,0.47019072846094745,1
130,0.4553159082720284,1
38,0.45946487642499606,0
109,0.33514706659904125,1
44,0.46764902885597004,0
166,0.341174023877306,1
72,0.474910850104428,0
118,0.33796156236989794,1
170,0.4727352948988426,1
147,0.47600770270765563,1
33,0.4671379792878927,0
140,0.348202833250053,1
92,0.48389996673925073,0
162,0.34013720669465475,1
140,0.48741327224490427,1
31,0.4759457651083778,0
40,0.345994622630138,0
32,0.34510544236446083,0
82,0.3301697330702321,0
59,0.3177743401730956,0
165,0.3071226539703944,1
154,0.4429293256123995,1
165,0.4493102099526765,1
126,0.4618455008580546,1
127,0.4529757027038782,1
156,0.4637563470820841,1
115,0.47078532694477526,1
128,0.46879586900776793,1
157,0.46742409118590045,1
145,0.4820146160863577,1
126,0.4806700747249191,1
143,0.47435320439767087,1
101,0.47943486081927883,0
66,0.47194611917086493,0
139,0.3473154881695609,1
67,0.47182923155825107,0
60,0.3501488562710358,0
173,0.33431676283405454,1
57,0.4719341400864574,0
64,0.3389136869338093,0
130,0.3298210420570753,1
106,0.4620524108774472,1
144,0.4679766650097644,1
163,0.4717818890548967,1
142,0.47828519687239723,1
153,0.46716558295101346,1
95,0.48831764730815685,0
43,0.34578706786377617,0
163,0.3393170151671769,1
173,0.476967984186218,1
106,0.47317808053777977,1
91,0.4732673848605588,0
34,0.35238581475414793,0
133,0.33642170658997395,1
135,0.4704707210989441,1
92,0.47117578657224873,0
47,0.34770366925829677,0
97,0.3325612515001674,0
136,0.32169682636769764,1
143,0.4570729856669031,1
88,0.4651435151637975,0
114,0.3414482094795134,1
135,0.466137761321024,1
165,0.4757016791337677,1
39,0.4802229558364587,0
165,0.3537641557661625,1
124,0.479713785101427,1
77,0.4804740322610327,0
174,0.35761510428781246,1
83,0.47800853788551073,0
134,0.3489429460074682,1
79,0.4772832638722162,0
77,0.3465946962010551,0
153,0.34171650848220414,1
146,0.466487925930839,1
105,0.464778369544925,1
28,0.46409154592752816,0
86,0.3466476569439818,0
32,0.33563298069039377,0
52,0.32270115018782247,0
51,0.3117195878977108,0
166,0.3030021052476863,1
152,0.45753429093486064,1
30,0.4630151812012627,0
163,0.33517009615891025,1
171,0.4712109440106231,1
108,0.4787216722352368,1
147,0.46797726282851215,1
25,0.48168182558939454,0
169,0.3533493249056019,1
53,0.48076069163946267,0
33,0.3548566339688783,0
153,0.3319841638310889,1
150,0.4667270073755758,1
52,0.477703705688202,0
167,0.3506804042434734,1
99,0.4761402128665396,0
100,0.35033446000856816,0
45,0.4421812092102291,0
90,0.3198103982804983,0
79,0.3075519983575294,0
95,0.2999845329591079,0
164,0.29426093209409704,1
49,0.4451659173886574,0
153,0.33165744507008355,1
66,0.4523549322521416,0
130,0.3240117057663832,1
141,0.45478445194809947,1
166,0.4667122814699799,1
83,0.4684079897411555,0
148,0.3508981159222925,1
171,0.4763439003507022,1
59,0.4774236455608646,0
173,0.3481334217309633,1
55,0.4889354771312641,0
121,0.349504277509382,1
129,0.4787820918167462,1
31,0.48075808822924637,0
170,0.3564804908844737,1
156,0.4891683621881693,1
90,0.48243965405920264,0
49,0.3520717788596769,0
37,0.35292190718413385,0
51,0.33894192950312163,0
43,0.32664828835808346,0
85,0.3155275274692375,0
108,0.3063081052525309,1
87,0.4466699824147503,0
31,0.3282628257531175,0
63,0.3113010690626361,0
92,0.30174548318425654,0
96,0.2946888633817941,0
39,0.2898567295818959,0
86,0.28672836606730784,0
79,0.2847731502989803,0
83,0.2835706086173012,0
69,0.282831899669852,0
28,0.2823743988438058,0
143,0.2820874740455528,1
173,0.43697385865693683,1
143,0.4511095056468376,1
83,0.4569408512853161,0
27,0.3256515322525548,0
108,0.3105700192032016,1
135,0.44628825310947057,1
143,0.4618200852452947,1
43,0.4556357523644857,0
57,0.3343176671920794,0
129,0.32001944187123765,1
85,0.45636973650248813,0
29,0.33071986875382053,0
80,0.31900036150481537,0
136,0.30876969935871923,1
92,0.44609875426501266,0
153,0.32269298905762694,1
64,0.46675335569671006,0
31,0.3242449097042275,0
52,0.3185033260448743,0
100,0.30704877405979086,0
153,0.4044399245573908,1
95,0.4494153373267967,0
79,0.3148307027900272,0
84,0.3039851033949351,0
30,0.2947995126789024,0
137,0.288107531622955,1
162,0.439058262886188,1
125,0.44482321059738367,1
58,0.44157860452950737,0
112,0.32167254559612835,1
166,0.44558715251081843,1
121,0.4586065467977847,1
102,0.4558751228307719,0
148,0.4431932266630524,1
161,0.4645101365824742,1
93,0.46990048172810506,0
97,0.3354290631931326,0
37,0.3327201039634472,0
85,0.32076603106486234,0
156,0.3101976072308896,1
38,0.4618216490289767,0
