0.0,0.5,1
3586.0,0.5342465753424657,1
5589.0,0.4568654603686527,0
5820.0,0.4799907847180739,0
3519.0,0.4545454545454545,1
6360.0,0.43591783401630557,0
4342.0,0.3385373768545672,0
4564.0,0.451405370512417,0
2134.0,0.4480907838700881,1
6728.0,0.5254892716418142,0
4727.0,0.31341685191697954,0
575.0,0.45402349601456427,1
4901.0,0.5187138880418316,0
6561.0,0.41554154394254256,0
3444.0,0.3387337546993172,1
1240.0,0.47596572905334333,1
2568.0,0.5513804444815031,1
4466.0,0.5040540220877753,0
3900.0,0.4751013078683797,0
5050.0,0.4118727439539308,0
3984.0,0.4643183238518244,0
1914.0,0.4573082666412782,1
4256.0,0.5062361364084986,0
5076.0,0.4030152155580207,0
3480.0,0.46188735622208055,1
4525.0,0.3982897852863273,0
2871.0,0.46957932543785597,1
4550.0,0.5010330405872137,0
5936.0,0.4001962657692135,0
696.0,0.4702983667553952,1
1073.0,0.5667566378725373,1
6552.0,0.49526804391772894,0
3591.0,0.35567706610856137,1
3652.0,0.4840915618922964,0
5975.0,0.3966841273152515,0
4020.0,0.47463223509135766,0
640.0,0.477569299838577,1
1026.0,0.5690121151057415,1
3213.0,0.5772367345517947,1
1122.0,0.4793965491348263,1
4728.0,0.4995290176091328,0
1400.0,0.47944824343383846,1
5068.0,0.4981673714723864,0
3213.0,0.39413767895838164,1
1456.0,0.4821465034851049,1
5566.0,0.5045369570759337,0
6000.0,0.4336073677682418,0
4470.0,0.47867732443151156,0
6554.0,0.40299053570570914,0
3168.0,0.35027814761791015,1
2625.0,0.49373065275964145,1
2940.0,0.5610485481023038,1
4872.0,0.48792896256414975,0
3648.0,0.4879072032713879,0
2625.0,0.47131501496281963,1
6129.0,0.48915515409777277,0
2875.0,0.3607061111331487,1
4205.0,0.5651739418224366,0
690.0,0.4727792117278078,1
7440.0,0.4993654883658352,0
3666.0,0.3543882864646942,0
2756.0,0.46050088739409656,1
5432.0,0.48933796824571296,0
1776.0,0.4751554283225493,1
3800.0,0.5006780625217712,0
2639.0,0.47942638216243805,1
6156.0,0.5000003549075465,0
828.0,0.3553403960437884,1
2184.0,0.5838390923181093,1
3458.0,0.584947650235024,1
1350.0,0.5066826376095901,1
4264.0,0.5887796536373402,0
3270.0,0.48581650064257265,1
4004.0,0.4792516421774546,0
3402.0,0.48559760002378394,1
4100.0,0.48647469632437557,0
3792.0,0.46649441330064784,0
4408.0,0.4587401141008092,0
1440.0,0.45252774325618594,1
2190.0,0.5434766156971618,1
896.0,0.5564826998973871,1
2156.0,0.5663738657358593,1
3304.0,0.5715682577094112,1
2646.0,0.4729715947047147,1
3225.0,0.549819981385668,1
2808.0,0.49390175736887654,1
2728.0,0.5670782337692776,1
4680.0,0.571358810602085,0
2834.0,0.468830133850094,1
754.0,0.5543277097687672,1
990.0,0.572881826659521,1
1995.0,0.579452857818435,1
2736.0,0.5830606039225491,1
1300.0,0.5732502015794072,1
4437.0,0.5821652658044061,0
1863.0,0.47068040105952513,1
2625.0,0.5619842481498996,1
3696.0,0.5649712077360499,0
2380.0,0.4739693136631705,1
2940.0,0.5436569160637135,1
5229.0,0.4887302390674962,0
2838.0,0.47837869808554356,1
3480.0,0.5650641957044391,1
4788.0,0.48460398837460616,0
4290.0,0.3892104769495839,0
1008.0,0.4899930240473352,1
4704.0,0.5625155351374094,0
2310.0,0.4588490318613072,1
4592.0,0.5594455765430416,0
4212.0,0.46203642862156136,0
3266.0,0.45627091442150186,1
1540.0,0.4727475092812584,1
1638.0,0.5527838408785507,1
2392.0,0.5599066015608104,1
4350.0,0.5718142764374958,0
1482.0,0.47225590476069956,1
2266.0,0.5677712016423829,1
3472.0,0.5627289623972638,1
2727.0,0.5010111508912971,1
1568.0,0.5607082000075913,1
4530.0,0.4978694032282359,0
1679.0,0.48829318393038457,1
4325.0,0.49853161912167543,0
3483.0,0.48968655305622766,1
4100.0,0.3927418635918133,0
989.0,0.48890479569525613,1
5992.0,0.49818756650277096,0
2175.0,0.48687884812114635,1
2025.0,0.5892816099346142,1
1269.0,0.5956244400319755,1
2574.0,0.5975669340980101,1
1550.0,0.5974776742451465,1
2520.0,0.5970238080965671,1
588.0,0.5840822797826499,1
2806.0,0.5950525376579676,1
1743.0,0.5875598009368633,1
3360.0,0.5959352826812325,1
2835.0,0.5160940221566656,1
3186.0,0.588967632312806,1
3668.0,0.5207742418533094,0
4144.0,0.5028940414665103,0
2070.0,0.47912810702611675,1
4698.0,0.4993444239583251,0
2425.0,0.49704031577534336,1
4300.0,0.5753809794191939,0
1302.0,0.46833534643216623,1
6183.0,0.49884000314772703,0
2325.0,0.3475272684925234,1
2829.0,0.579255823958464,1
1403.0,0.5596629999418353,1
3586.0,0.5771897205459853,1
4239.0,0.4916555256331603,0
5170.0,0.3928714643943264,0
1232.0,0.4793114555439105,1
660.0,0.5762021731721574,1
1716.0,0.5810071619780477,1
4116.0,0.5890871500887442,0
1218.0,0.47356235625649146,1
3480.0,0.5704806932950928,1
1872.0,0.48029181243632413,1
2940.0,0.575876655172691,1
814.0,0.5749866058854062,1
1175.0,0.5892937176389711,1
1377.0,0.5905628468822606,1
3668.0,0.5965211355097506,0
2250.0,0.48579996859590713,1
2000.0,0.5817170162204385,1
3059.0,0.5724354302326595,1
546.0,0.5107583570775293,1
4698.0,0.5916636713489118,0
900.0,0.4649139416753443,1
3036.0,0.5747761592443814,1
1368.0,0.47498217311061686,1
4080.0,0.49847735388755204,0
1150.0,0.4778441862262628,1
5320.0,0.4981105359717328,0
1272.0,0.47791016456598595,1
5964.0,0.49880135247160795,0
2952.0,0.4724345551199276,1
3096.0,0.5710464527987297,1
1350.0,0.5020940534445529,1
2856.0,0.5825605427845489,1
4482.0,0.5762046537633576,0
2040.0,0.49306448411543685,1
2226.0,0.5724097850480072,1
3390.0,0.5493248149892742,1
5152.0,0.3978501161094451,0
4150.0,0.48554971135100666,0
4620.0,0.3889609198443231,0
840.0,0.4620814294676717,1
1711.0,0.5689410188161218,1
1176.0,0.5769358135754067,1
3969.0,0.583705913652321,0
1452.0,0.4681635408857665,1
2175.0,0.5611396159624562,1
690.0,0.5737642248232702,1
840.0,0.582305900499485,1
2425.0,0.5858885798972153,1
3280.0,0.5869805326892619,1
4140.0,0.4848053479794631,0
1863.0,0.4831716191978864,1
2970.0,0.5728762977323358,1
3562.0,0.5522277666580111,1
4592.0,0.3973318119490122,0
702.0,0.48240340349260025,1
2704.0,0.5660105404095979,1
4293.0,0.5729144411643112,0
1260.0,0.4817581287472595,1
1456.0,0.5667988407547565,1
3120.0,0.5719873042773597,1
2079.0,0.4802811380982736,1
2418.0,0.5690647148399465,1
3990.0,0.5840769034341124,0
2398.0,0.4802033254502307,1
2280.0,0.5598818267366206,1
1378.0,0.5609207184960338,1
4110.0,0.5719912754195808,0
2940.0,0.47055421032383804,1
1482.0,0.5573824255814093,1
1232.0,0.5651228078433737,1
2604.0,0.5721667280010343,1
4260.0,0.55405293145557,0
5550.0,0.3964991058164887,0
2980.0,0.47395776868391915,1
1550.0,0.5438012663795293,1
6300.0,0.49726292891368307,0
3696.0,0.3525398034357266,0
2782.0,0.4792930490003531,1
4760.0,0.5622761867200495,0
4466.0,0.4674692711738704,0
1798.0,0.45347206342416446,1
3948.0,0.5440412121260176,0
2700.0,0.4546670210651701,1
4004.0,0.5328632514802718,0
1032.0,0.4567014316930398,1
3519.0,0.5474926725147315,1
2987.0,0.46301140028896587,1
660.0,0.5433371579588209,1
2490.0,0.5682723541885984,1
1742.0,0.5767741738420191,1
3870.0,0.5806694345781174,0
840.0,0.4693821072063226,1
4118.0,0.5626317839846576,0
726.0,0.45821056458576087,1
1280.0,0.5563791003877112,1
1900.0,0.5634201235130436,1
1736.0,0.574106443381535,1
2185.0,0.5799895725586184,1
2047.0,0.5823922826271577,1
4756.0,0.5831570183687788,0
3328.0,0.4679756389021451,1
816.0,0.4752886654985886,1
2295.0,0.5616794426577444,1
910.0,0.5700142928590147,1
2511.0,0.5780758835798105,1
5010.0,0.5819473321083839,0
3450.0,0.4630800250727539,1
3510.0,0.4701628686216504,1
2373.0,0.4820714046723358,1
2560.0,0.5567333305069795,1
3140.0,0.5568795584215557,1
2736.0,0.4761911889637246,1
1596.0,0.5513988170355413,1
4727.0,0.568037509798887,0
728.0,0.46675044513148567,1
3744.0,0.5545337532566125,0
3630.0,0.46317580550696746,0
2184.0,0.4633450534669402,1
4644.0,0.5457000963097483,0
1200.0,0.4591720435154786,1
2576.0,0.5561483364275666,1
3888.0,0.5640912724701285,0
598.0,0.45503860112302824,1
700.0,0.5676968851938117,1
3045.0,0.5737694199219021,1
2970.0,0.5000337479615744,1
3100.0,0.5582174957722781,1
952.0,0.480471601710724,1
3354.0,0.5766308941853747,1
900.0,0.5072849231910452,1
2376.0,0.5889162309181915,1
980.0,0.5915525152281264,1
2310.0,0.5967142191453086,1
2484.0,0.5986882449802506,1
3280.0,0.5860291268741514,1
784.0,0.49505517814132216,1
2486.0,0.5820603167083439,1
2088.0,0.5850269668914683,1
2840.0,0.5943466341241712,1
3278.0,0.5855840298503032,1
1034.0,0.4985758563277331,1
3087.0,0.5840462828633917,1
2990.0,0.49587457842248817,1
5106.0,0.48746206550213034,0
1431.0,0.49607162095993196,1
1092.0,0.592419631840691,1
968.0,0.5905297327966693,1
2856.0,0.5962457074832503,1
1311.0,0.5705949281122794,1
5412.0,0.4982949062892611,0
4266.0,0.49253150929035827,0
5010.0,0.4863174950369098,0
1620.0,0.47674361985919356,1
3975.0,0.5784667236710865,0
1276.0,0.46592335023480935,1
980.0,0.5761966665715466,1
2132.0,0.5818789362835544,1
4676.0,0.5910460192472463,0
1196.0,0.46945868581611905,1
2726.0,0.5781365628996015,1
2184.0,0.5850971301621638,1
2254.0,0.593845096538824,1
4134.0,0.5977983487580258,0
1872.0,0.4647930135491658,1
3650.0,0.5817801586263754,0
1672.0,0.4737410062833398,1
2340.0,0.5780761206390841,1
2247.0,0.5652808546731879,1
1596.0,0.577284020154385,1
3255.0,0.5864959505666053,1
2996.0,0.48555715192743254,1
3060.0,0.5588687644654786,1
1652.0,0.5084688233210525,1
2472.0,0.5982271098152765,1
3321.0,0.5924193050178841,1
1386.0,0.5264763178289944,1
2697.0,0.602283563564976,1
2175.0,0.6030901160046381,1
2794.0,0.6057282019013863,1
3304.0,0.5926644005810001,1
1886.0,0.5250897761545018,1
1674.0,0.6012208582921073,1
1166.0,0.6024842541330669,1
4050.0,0.6048355797232269,0
1210.0,0.47772803214749915,1
1932.0,0.5840388495138715,1
2568.0,0.5905847063134723,1
735.0,0.5844281602858054,1
2160.0,0.6006865250321104,1
4239.0,0.6017330072829433,0
812.0,0.4717375303912892,1
2825.0,0.5874798001429274,1
4200.0,0.5783485422687491,0
2440.0,0.47521746784710256,1
3500.0,0.5730134540732672,1
3190.0,0.5067849572157985,1
1400.0,0.5105510940578968,1
3825.0,0.5888616939039335,0
1140.0,0.47065738416680536,1
2400.0,0.57712368224211,1
1350.0,0.5816506785050392,1
4669.0,0.5927439424199819,0
3886.0,0.4879750311028155,0
1682.0,0.48562560373745095,1
4150.0,0.5762283421518293,0
1008.0,0.47158738183791354,1
3402.0,0.573497265225405,1
2320.0,0.47849683317507896,1
2871.0,0.5730216954258202,1
928.0,0.5825960582541156,1
3186.0,0.5864422507447652,1
3024.0,0.4932393729140068,1
3850.0,0.490702156067346,0
2880.0,0.4838483724607705,1
2660.0,0.5724883803815076,1
1955.0,0.5863221320559496,1
4050.0,0.5890130792164822,0
4080.0,0.4876755334114708,0
2225.0,0.4704348542579471,1
2112.0,0.573363135421827,1
1100.0,0.5775233397588193,1
768.0,0.5857992277151235,1
1920.0,0.590036459989513,1
3460.0,0.5915660978884494,1
2755.0,0.4941487635315051,1
3146.0,0.5865607462373811,1
2508.0,0.5102510749984863,1
3040.0,0.5838693495069796,1
1036.0,0.49807436473540073,1
2260.0,0.5898131728504824,1
1750.0,0.5890057475668331,1
3360.0,0.598632020968112,1
1288.0,0.49779327645589344,1
3930.0,0.5913348508220767,0
1431.0,0.49017065429852935,1
3172.0,0.5848561322594057,1
1288.0,0.48737761703037236,1
819.0,0.5888773045208785,1
2132.0,0.5921009319305132,1
1176.0,0.6013580972585879,1
3219.0,0.6056332642034346,1
2808.0,0.5218856726326574,1
4050.0,0.5947248533321592,0
1560.0,0.5050123764894114,1
2840.0,0.5899050758751978,1
1495.0,0.5610898211902354,1
3003.0,0.5928751330414206,1
1827.0,0.4937711088928112,1
1475.0,0.5937388170409087,1
2706.0,0.5972822205715239,1
2632.0,0.5932701393223233,1
3465.0,0.6060220083519341,1
3388.0,0.5231176588286335,1
3168.0,0.5249399303067461,1
2492.0,0.5014851966614237,1
2970.0,0.5958547522607072,1
500.0,0.5919698990193999,1
2442.0,0.6040362623220966,1
2675.0,0.5926603064959054,1
1971.0,0.5980338784626484,1
1848.0,0.6020452558584706,1
4710.0,0.5989014205884685,0
3850.0,0.4821822702896619,0
2016.0,0.48089277331101926,1
3192.0,0.5825904297895192,1
3200.0,0.5017598445562027,1
4698.0,0.4840372242193315,0
1911.0,0.4988398993273902,1
2740.0,0.5786449375530875,1
4320.0,0.5722726417488682,0
726.0,0.4781196951430123,1
2000.0,0.5820237435327993,1
2370.0,0.5742365072983615,1
4350.0,0.5916709144337886,0
1144.0,0.46320708140410727,1
2760.0,0.581919801851688,1
1534.0,0.5660511656858266,1
2016.0,0.5880541542724679,1
2262.0,0.5915390269371978,1
2938.0,0.5981227249591401,1
2616.0,0.5863342871654916,1
3920.0,0.5928458705632136,0
2520.0,0.5110686853891943,1
1036.0,0.5915108254969116,1
2871.0,0.5935132189263244,1
4104.0,0.5966318136053914,0
3082.0,0.4653431288243819,1
2668.0,0.5000351070279236,1
624.0,0.5832614285968086,1
3402.0,0.5880096157346905,1
638.0,0.5102192671687481,1
840.0,0.596703771001234,1
2645.0,0.5999216791667237,1
2750.0,0.5687434236950282,1
972.0,0.5905572403171693,1
3243.0,0.6048464809413566,1
2024.0,0.5239142678088782,1
3825.0,0.6026513187310333,0
2400.0,0.4809009212302108,1
4446.0,0.5789226191099439,0
1508.0,0.4757282464090149,1
1587.0,0.5849516296748937,1
3332.0,0.5849298979587696,1
1200.0,0.5125709873495934,1
3542.0,0.6004175500242751,1
3792.0,0.49475001993492945,0
936.0,0.4890683265587759,1
1596.0,0.5873401767623228,1
1770.0,0.5893657377559608,1
1425.0,0.5961238588549249,1
3550.0,0.5993551743478835,1
1960.0,0.514671489532692,1
3350.0,0.6001239242402858,1
4470.0,0.5199531484074245,0
2464.0,0.5106172070628527,1
4698.0,0.5901905201870385,0
2350.0,0.47273365781600407,1
3696.0,0.5792320608083821,0
3840.0,0.46374606575915295,0
2100.0,0.47119705840457826,1
4023.0,0.5573628008752007,0
1694.0,0.45809729635076646,1
3565.0,0.5661155444120083,1
3600.0,0.4663427349325186,1
3036.0,0.4803780436030601,1
644.0,0.5003404857485908,1
3770.0,0.5765618579986109,0
650.0,0.46273878987523387,1
1140.0,0.5784016163650526,1
2940.0,0.5756009887377809,1
3168.0,0.5764012962585763,1
3696.0,0.4906863878506236,0
4590.0,0.48079371163296325,0
1272.0,0.46938416375182596,1
2016.0,0.5684216460766937,1
820.0,0.5791870041046024,1
1247.0,0.5854212241661392,1
2499.0,0.5884492855147825,1
1537.0,0.5557654131683698,1
2366.0,0.5807041441240919,1
4134.0,0.5915917716822815,0
3690.0,0.4716358310254406,0
1120.0,0.46816212218581327,1
3666.0,0.5674861528791406,0
1491.0,0.45399076687865836,1
3151.0,0.5719210045244827,1
1647.0,0.4874337907647697,1
3360.0,0.5807215821616054,1
1392.0,0.47998660234870805,1
1092.0,0.583372251637349,1
