0.125 0.125 0.125 0.125 0.125 0.125 0.125 0.125
0.06578947368421052 0.10964912280701754 0.05921052631578946 0.09868421052631579 0.13157894736842105 0.21929824561403508 0.11842105263157893 0.19736842105263158
0.06430745814307458 0.11377473363774733 0.056062912227295786 0.09918822932521562 0.12861491628614916 0.22754946727549466 0.11212582445459157 0.19837645865043124
0.09567579728864391 0.0772322701004716 0.19135159457728781 0.1544645402009432 0.08610821755977952 0.08393305897246617 0.17221643511955903 0.13901808618084885
0.09896216080458656 0.07793270163361192 0.19792432160917312 0.15586540326722384 0.0929420152151405 0.0679413296293027 0.172549408582356 0.1358826592586054
0.0643733603857882 0.10728893397631367 0.06846928633090263 0.09656004057868231 0.13973838092390253 0.21457786795262734 0.11587204869441875 0.19312008115736462
0.0613425274487769 0.10852908702475914 0.056838547985652625 0.09461510150876437 0.1226850548975538 0.25980327641140466 0.10695620170555974 0.18923020301752874
0.0681105103324472 0.12050321058817579 0.08969818231148058 0.15062901323521974 0.08173261239893662 0.2064058897528056 0.10216576549867078 0.18075481588226366
0.0724971397460854 0.12082856624347568 0.09423691673906959 0.1449942794921708 0.09749369142826332 0.17996084736659348 0.10874570961912812 0.1812428493652135
0.0716185711927195 0.13292657685096507 0.0935581115205711 0.143237142385439 0.0977305314318684 0.17445478184755883 0.10742785678907926 0.17904642798179876
0.06110215174844626 0.1146856247262625 0.05987534163362555 0.0916532276226694 0.1419938299458432 0.2373994959306109 0.10998387314720327 0.1833064552453388
0.04893789400286773 0.08658242785122754 0.06466745259372439 0.10822803481403442 0.11113748818200556 0.24164589792090213 0.12234473500716933 0.21645606962806885
0.06894042988770913 0.12456768601277875 0.08792702534186032 0.13788085977541825 0.1024219987988203 0.20250028063257658 0.1034106448315637 0.1723510747192728
0.0585919702472711 0.10950857878061901 0.057251573118354354 0.08788795537090666 0.14292369204886327 0.2625947732470844 0.10546554644508797 0.1757759107418133
0.06605943475251966 0.11687438456215019 0.08717416502348121 0.14609298070268772 0.09029518305756606 0.2191031229295904 0.0990891521287795 0.17531157684322526
0.09309818593568239 0.0816812260576287 0.20204482053820969 0.14662964284869978 0.09860427796665304 0.08778583382024958 0.1623250421442667 0.12783097068861007
0.060187704943235894 0.10833405449849426 0.07287298346633278 0.09028155741485386 0.148698274145417 0.23072444180413393 0.1083378688978246 0.18056311482970772
0.0830424708383458 0.13878247890968562 0.07324124648578394 0.12098985340844388 0.10776889541976395 0.24892454766646488 0.08206268318137931 0.14518782409013264
0.12836428522772575 0.0957910605221028 0.15902461575452576 0.1197388256526285 0.11812666619655379 0.13768974868967457 0.13349985486942312 0.10776494308736564
0.10913103664229241 0.07223103296090708 0.20685082619819314 0.14446206592181415 0.08985509303261024 0.08638966316291558 0.16106442275163455 0.13001585932963272
0.06944491899458984 0.12394020746549081 0.11284504358005322 0.13888983798917967 0.10545131328667516 0.1716490027056519 0.10416737849188477 0.17361229748647458
0.08332573815791734 0.1560807625469334 0.08975985760186762 0.124988607236876 0.130917183137003 0.24619323154962008 0.09374145542765701 0.0749931643421256
0.07399941366570431 0.11423567500034215 0.09340959362608295 0.1427945937504277 0.08766749321342088 0.21968773291713173 0.09685198532637707 0.17135351250051323
0.09065308970771821 0.0795973133819407 0.2110627681062566 0.1427786162896562 0.09602822374718563 0.09734452584485416 0.15806179743909843 0.12447366548329003
0.08481656068513604 0.15265021947285018 0.11190592350491813 0.12722484102770407 0.13091905026054954 0.22072986966144156 0.09541863077077807 0.07633490461662246
0.06334430353858643 0.09755768218090095 0.05750728796774373 0.0850502870295034 0.12478863496214132 0.30550742753311344 0.09614380272900384 0.1701005740590068
0.10990795042499667 0.07975440289198632 0.13610550304580252 0.0996930036149829 0.13360198905183535 0.1731052009599945 0.14820034567242232 0.11963160433797948
0.12326178049660656 0.07999735720679092 0.15354649137028337 0.09999669650848865 0.13493727519553428 0.13961255785620733 0.14865180555590252 0.11999603581018638
0.10993248357240727 0.06954530901816887 0.21930594731256914 0.13909061803633774 0.09612440007711445 0.08574402653705024 0.15507565921364821 0.125181556232704
0.08166649444813284 0.11601153286949806 0.12209926144246196 0.14501441608687257 0.09208367608957033 0.17074971580464265 0.09835760395457445 0.17401729930424711
0.08948735162056012 0.07870205649054829 0.22738686832808278 0.1409425788023822 0.09564362381606863 0.08893527505827917 0.15602922846661763 0.12287301741746139
0.06876388444663727 0.10134822927783463 0.07537072883197929 0.08835486654990711 0.13910731361453765 0.2504658298185254 0.09987941436076457 0.17670973309981422
0.1112969682868496 0.07762527806680057 0.14093884388788344 0.09703159758350073 0.15609130213909797 0.1563341060801941 0.14424398685547274 0.11643791710020088
0.11941835790084315 0.07672180384474911 0.15738770818166878 0.09590225480593638 0.16161228395004643 0.13130974258438982 0.14256514296524275 0.11508270576712365
0.1066466275090886 0.06748899147829922 0.22794504848434016 0.13497798295659844 0.1084515572807306 0.08251922961719983 0.15049037801280452 0.12148018466093859
0.10256902922803426 0.06658755862737922 0.2600595036048555 0.13317511725475845 0.09598573800819703 0.07328513045002338 0.1484803172974695 0.1198576055292826
0.07948114840100197 0.11382477215342215 0.13607040765573528 0.1422809651917777 0.09732759526849127 0.16377434192588483 0.09650361117355356 0.17073715823013322
0.07476664272199993 0.1251642419776685 0.1076359221173664 0.13987940791011153 0.09592432972609273 0.19389943721124703 0.09487472884337998 0.1678552894921338
0.09952649194586832 0.07752748878300023 0.2185455469163729 0.13716342429368392 0.09636619634365699 0.09449678784208433 0.15292698201101773 0.12344708186431552
0.1006582478114005 0.07145719672156005 0.26136947751299067 0.1321774170507295 0.09305562589976664 0.07495440363267963 0.14736795602521632 0.11895967534565655
0.07843813698181387 0.12096519362775511 0.13706797623149863 0.14060404212947542 0.09579992732880836 0.16303365326615574 0.09536621987912246 0.16872485055537048
0.0756278447972828 0.12561383846635474 0.10845609245160841 0.13938483441074537 0.09536038654105608 0.19375592304842212 0.094539278991636 0.16726180129289442
0.1009295694738029 0.07727624045489158 0.219678733894823 0.13659839026792328 0.09593229578257902 0.09434920764583637 0.15229701123901293 0.12293855124113094
0.10258052820746422 0.0711214316860166 0.2623923022827651 0.13154064537612967 0.09261349402080618 0.07470701445998976 0.14665800312831176 0.1183865808385167
0.09221380591233007 0.13868841311401467 0.1581050772067509 0.16120709834738683 0.08237377532915635 0.14032009154882483 0.08200535002888808 0.14508638851264813
0.0880417711337736 0.07905823096527287 0.2447163972357939 0.13866578953569342 0.09234125684107367 0.0827797009214648 0.1535087291563232 0.12088812421060453
0.07858835221882979 0.12179419980036106 0.133582204255596 0.14053328158813672 0.09557748357702142 0.16596631488146774 0.09531822577282317 0.16863993790576406
0.10147906026234989 0.07633478824878864 0.22977290318707316 0.1353925786760209 0.09533614870312315 0.08887857881424391 0.1509526212999815 0.12185332080841882
0.11963917883807472 0.08194941855180563 0.19284143094628034 0.09479178876458881 0.1425680561598698 0.11354561961063465 0.1409143606112395 0.11375014651750658
0.08318811434663609 0.11991602256859192 0.12065154743023283 0.1377295332670184 0.10490881493080068 0.17491397453779844 0.09341655299849944 0.16527543992042204
0.10303189722869684 0.07628181212253045 0.22416937437925863 0.13547636234093446 0.09750974111422371 0.09055605287366708 0.15104603383384782 0.12192872610684102
0.10408442775260544 0.07073289165772356 0.26389029038187106 0.1309071780533019 0.0928270707116033 0.07378994685788344 0.14595173433703956 0.11781646024797171
0.10288918591339534 0.06931971924356108 0.2784109506025062 0.12893743691213255 0.09060479487645566 0.07003859927078672 0.1437556199602433 0.1160436932209193
0.13639472077753742 0.09196725282139467 0.23682322628250987 0.10704607180606039 0.11981802880130038 0.09226085333480692 0.119348381550936 0.09634146462545436
0.14550759074186784 0.09298658511910227 0.22006991344979596 0.10567420091393234 0.12662832596429408 0.09620775510383038 0.11781884788463799 0.0951067808225391
0.14852311551660963 0.09312383613567962 0.21395365677331976 0.10570978971920715 0.12856082563942725 0.09713143872183184 0.11785852674663841 0.09513881074728642
0.11347041237739691 0.07068460245276688 0.2570038651400614 0.12836286596993635 0.09796676303636213 0.07386989541241058 0.14311501623812306 0.11552657937294272
0.10532394332127208 0.06926304045866667 0.2754286143129354 0.12880874077267837 0.09161470536536323 0.07002095570473231 0.14361213336894138 0.11592786669541053
0.08190628424881988 0.11997853672898261 0.14034578280711305 0.13965124594160233 0.09532156064093641 0.16049511899440566 0.09471997550821724 0.16758149512992276
0.10252163762229045 0.07592305446952437 0.2322430300968445 0.13485232156222648 0.09506932309683096 0.0876732688104835 0.15035027493579578 0.12136708940600385
0.12063629705005695 0.08175272347229061 0.19344799502172702 0.09458727045978052 0.14241746022205698 0.11304319880751335 0.1406103304148379 0.11350472455173662
0.12386454326811128 0.08095031617479885 0.17885144249284518 0.09298352221759469 0.1555455014137287 0.11799819683341312 0.13822625093839452 0.11158022666111363
0.1245884958082966 0.08075380331600582 0.17386750163022985 0.09281436738871399 0.15951358377965552 0.11911021628652335 0.1379747909241181 0.1113772408664568
0.08421137632625107 0.11940723985852278 0.11622391973711628 0.13726441914379225 0.10849012604564062 0.17658453162729315 0.09310108428883301 0.16471730297255072
0.1036370384008534 0.07627544058031464 0.22225926529800874 0.13551176337839854 0.09837303551110903 0.09089736644200512 0.15108550334875182 0.1219605870405587
0.12108588899527058 0.0818708347830914 0.1903370898244022 0.09469618613606465 0.1436263856102409 0.11397595040478652 0.14077224088286622 0.11363542336327756
0.10844306327186815 0.07078907805169152 0.24877431661334573 0.13008466972181323 0.10226283589568665 0.07753513476731429 0.14503469892864848 0.11707620274963192
0.1391012625124558 0.09247513812595924 0.2265843823134033 0.10748690012087417 0.12351566427777273 0.09425857031643019 0.1198398722243179 0.09673821010878673
0.12809715557094054 0.08127986419769359 0.18889819307112413 0.09232468036377668 0.1487863705979851 0.11257728148982622 0.13724683827212175 0.11078961643653201
0.08490539453459145 0.11954825414703373 0.11966175458050224 0.1373481874858425 0.10630311855594873 0.17425756463571632 0.09315790107735403 0.16481782498301095
0.10369787138036614 0.07620967905299607 0.22364638262166173 0.13537674769857758 0.0978276340843112 0.0904676412918189 0.15093497094154842 0.1218390729287198
0.08172753236976073 0.12108319783055871 0.1287624264007306 0.14005784922447673 0.09682177625557105 0.16848204024510247 0.0949957586044277 0.16806941906937203
0.11688031284015364 0.08666041837725348 0.16166553470621123 0.09610778370095044 0.14504862337253865 0.13543731108989124 0.14287067547186066 0.11532934044114053
0.10852482559836067 0.07185116452414216 0.23782579309994004 0.13144375577715148 0.10354890229786376 0.0819562000470872 0.14654997845601814 0.11829938019943634
0.12175089373841742 0.08103045557936343 0.1946320922442817 0.09409603103520595 0.14452963364356872 0.11116558650040058 0.13988007001651512 0.11291523724224713
0.08385785284801393 0.11968076226253363 0.12102889782330167 0.13755859886679303 0.10549075040171096 0.17401220427393102 0.09330061488356398 0.16507031864015162
0.10283459503177497 0.08207781610925147 0.2231068172910363 0.1342690698783177 0.09711678047766263 0.09005276548698843 0.14969999283448257 0.12084216289048591
0.10400962082198369 0.0750102622295558 0.26277594569684093 0.13012832251125742 0.09243663382559793 0.0734403561234248 0.1450833685312079 0.11711549026013168
0.08125343803868301 0.12657107709271884 0.13691200357048477 0.13873030176242906 0.09503021364973502 0.16093126866260435 0.09409533510843016 0.16647636211491487
0.13361840239572745 0.1084089439991635 0.18831860314760426 0.10973192452515271 0.12405154067395681 0.11476894628980407 0.12234290689595383 0.09875873207263743
0.11084010764592406 0.07788318186315639 0.2469654006108227 0.1290901227364966 0.09776576846342364 0.07734845495738515 0.14392585325994467 0.11618111046284692
0.10480082237710067 0.07372601821655686 0.2712537418132696 0.12867429011464213 0.09165584612934828 0.07062018932704237 0.14346223091886218 0.11580686110317791
0.10274105487397504 0.0727273745777622 0.2804199777927228 0.12778532455966207 0.08980365854482703 0.06904471688158252 0.14247110066577245 0.11500679210369587
0.0928962351085899 0.1445237977650702 0.16156728448470256 0.1589503925701733 0.08122382570727515 0.136925737439249 0.08085737361178381 0.14305535331315594
0.06688935127620628 0.1278212409108692 0.11381919231172634 0.13377870255241256 0.10039868113644626 0.18973542670751428 0.10033402691430941 0.16722337819051566
0.06290172932311965 0.1158724535814161 0.060928618674087866 0.08166004816365098 0.13578051859129137 0.28722517654543966 0.09231135879369241 0.16332009632730196
0.09872896676449551 0.0823237341820303 0.19650781891318536 0.13493940487914763 0.10465010544456982 0.11095713908993066 0.15044736633540787 0.12144546439123287
0.11950945067619599 0.08700951789919538 0.18162625632569887 0.09431214886011557 0.14528482326733022 0.11888188066070557 0.14020134367861958 0.1131745786321387
0.08283852602142083 0.12704848639678287 0.11733140950469201 0.1362844249025154 0.10489652609740087 0.17562292465159396 0.09243639254257567 0.1635413098830185
0.08837964073125114 0.15670260488387427 0.1191890621474029 0.15842726813759717 0.08355393362448975 0.17057168666416103 0.08059126248738638 0.14258454132383744
0.09951138814195092 0.09082062142528126 0.15624309316907367 0.09403826179414361 0.1500843344048875 0.1424873916090572 0.14926708221292637 0.11754782724267951
0.07914093516736867 0.1276496288196552 0.11144026446328979 0.13618765908179115 0.10567809251315617 0.1841074689837227 0.09237076007286704 0.16342519089814936
0.07549075508304934 0.13511341939065774 0.10139326296408348 0.1364763417287369 0.09613346763832753 0.1990545809046479 0.09256656221601285 0.16377161007448426
0.08668905761313153 0.15822477885507277 0.11488380440432337 0.1580845860721691 0.08176263463848395 0.1776620693412419 0.08041694161062517 0.1422761274649522
0.09583341869453099 0.08055631714900695 0.22894705194590562 0.13860727510376242 0.0924126804175088 0.08936219378554373 0.15344395127482038 0.12083711162892109
0.070324071408096 0.11263368917828646 0.07940900860462143 0.08541266446464547 0.1395809041475639 0.24526088648137476 0.09655344678612097 0.17082532892929095
0.1298346140166399 0.1057950763225742 0.16581048798422582 0.10903052159092612 0.13615593489774422 0.1336850007882625 0.12156089496779375 0.09812746943183351
0.11063041124193745 0.07802111430891658 0.23800424117352148 0.12983069232763675 0.10089112103483441 0.0810232637306017 0.14475153308767857 0.11684762309487305
0.10504672007028386 0.07395550525857016 0.2679079727336894 0.12905873528232414 0.09255266549435746 0.07143468081579364 0.14389085859088974 0.11615286175409174
0.12001226429659043 0.08494318442463256 0.2034975605334669 0.09325021364823795 0.14007575503061312 0.10769806002641685 0.13862270566215673 0.11190025637788553
0.10734354712215538 0.07476628282441472 0.2531006350742995 0.1287261352454776 0.10076338848452723 0.07592645515749166 0.14352003437070412 0.11585352172092986
0.10380638720746954 0.07320079512417711 0.2735374034442606 0.1283996780140953 0.09208644388182394 0.0702535231952948 0.1431560589201928 0.11555971021268575
0.10243959062501118 0.07260631355001591 0.2812563276592931 0.12767734000288214 0.08982236516496638 0.06893775105172542 0.14235070594351187 0.11490960600259392
0.11909743192499608 0.08457648316010499 0.20755521052358397 0.09303601158245309 0.1389418189478862 0.10684555005737056 0.13830427990466163 0.11164321389894372
0.12273655494704565 0.08560091167397035 0.18257128520879007 0.0921638123216156 0.15356181740110214 0.11576134653865801 0.13700769712287933 0.11059657478593873
0.1237342863351795 0.08576047047710149 0.1744071180958676 0.09216741269794537 0.1582434714922707 0.11807329633999109 0.13701304932410985 0.11060089523753444
0.1240387725071032 0.08581162590777196 0.17177049927392302 0.09219860614930907 0.15977901472054828 0.11870373357752897 0.1370594204846445 0.11063832737917088
0.1429678538860197 0.09885181409047164 0.1968526551950455 0.1062011949782046 0.13845215626673454 0.10268684316475342 0.11840640693838633 0.09558107548038414
0.11240083072217241 0.0762479519380453 0.24966567823185654 0.12821389618755138 0.10022308162759262 0.0749071286760739 0.14294892604791173 0.11539250656879624
0.10500592130497366 0.07341503426486248 0.2721459277773231 0.12845649050390878 0.09202475821470782 0.07012162587410933 0.1432194006065968 0.1156108414535179
0.08139644107291502 0.1261579353521114 0.13899573006175106 0.13860698932234583 0.094898356900239 0.15960446299823178 0.09401169710559108 0.16632838718681497
0.11585956087140235 0.09391108441510652 0.16392973866977492 0.09511240475930637 0.1433308201615586 0.13233052759038633 0.14139097782129723 0.11413488571116763
0.10778728180338573 0.07688942747109832 0.23792370983575073 0.1305355950681369 0.10275601171624932 0.08108849150540177 0.14553744703865412 0.11748203556132322
0.08186887403487152 0.12688077564963413 0.1312723564994885 0.13865326336445355 0.09716867382539247 0.16372905761118625 0.09404308297762935 0.16638391603734423
0.07582272524241894 0.1414368007760218 0.10555695329201963 0.1360835021451945 0.09419176130818306 0.19130794016344896 0.09230011449847975 0.1633002025742334
0.10110199086133838 0.08957811551619989 0.21625972019437417 0.13429192736095116 0.09489925959403651 0.09328077462640728 0.1497254772218366 0.12086273462485606
0.09238046188819067 0.15384384183560293 0.1447927611595058 0.15876500962518125 0.08200545378453254 0.14456089293064456 0.08076307011367917 0.14288850866266312
0.10763356727829478 0.0896439811909792 0.16361370211053988 0.0929074638820022 0.1480977653453999 0.1344970254482142 0.147472164892067 0.11613432985250273
0.12014181183873493 0.08990924826980731 0.16869171371754313 0.09249176356136962 0.15701767573149863 0.12326245194005331 0.13749521866734948 0.11099011627364354
0.08244682064295573 0.13161415288612097 0.1138268884470491 0.13518884471397494 0.10678807739825666 0.17621529888365509 0.09169330337121778 0.16222661365676994
0.10205375558701944 0.08976251857768838 0.21892083226647496 0.13334416199862795 0.09701913141878289 0.09022106478103659 0.1486687895716046 0.12000974579876515
0.10354846746804432 0.08000895802696183 0.26050339261106104 0.1295279014743209 0.09215828083537352 0.073263944374786 0.14441394388256373 0.11657511132688882
0.10248771744685095 0.07727644758811365 0.2759729486390926 0.12765193279337153 0.0899204179781868 0.06948141723938212 0.14232237880096799 0.11488673951403439
0.10172462792806587 0.07641476868942829 0.2816495814539453 0.1269382162186633 0.08900298109744914 0.06849879193305182 0.14152663808259922 0.11424439459679697
0.08028636552407373 0.13215221284063283 0.14045714670001896 0.13744618878654064 0.09362181855849486 0.15787646952160633 0.09322437152478409 0.16493542654384877
0.13210220698908454 0.11687880800466545 0.18817911078945368 0.10846747149630144 0.1225703135470778 0.11324822869579493 0.120933136130951 0.09762072434667128
0.0841604208499545 0.14121107888797502 0.11764311385716289 0.1342653535143351 0.09896212046977411 0.17157255277648195 0.09106693542711425 0.1611184242172021
0.10231481831264977 0.09132299206042492 0.22042203590034734 0.13314002084682716 0.09522494130190978 0.08930798539393561 0.14844118742176102 0.11982601876214445
0.10355829475876568 0.08023492611311492 0.2610711340592365 0.1294604970616929 0.09174498273212678 0.073076924926876 0.1443387929926636 0.11651444735552363
0.10247156423697823 0.07730029652021173 0.2761838783076877 0.12762711248635558 0.08982006144455851 0.06943797975558122 0.14229470601090688 0.11486440123772002
0.08043855214859175 0.13244659763671562 0.1392489175686494 0.13750271776977352 0.09382042225588091 0.15827681837455332 0.09326271292210726 0.1650032613237282
0.08677719857578498 0.17036479414893044 0.1232898665584222 0.15605235494524167 0.08052718153031337 0.1631583303184451 0.07938315447214467 0.14044711945071747
0.11304287177204383 0.09052422377971366 0.15622074875319578 0.0923506950973475 0.14696514549130757 0.13886954131828272 0.1465884049164246 0.11543836887168436
0.08088921178864164 0.13504548503820155 0.11064927514255915 0.13471091778808444 0.10426056873031687 0.18142229592762021 0.09136914423887468 0.16165310134570132
0.13242633878440407 0.11914626945439635 0.17699059856820928 0.10848384863218476 0.1256622709097535 0.1187038144667993 0.1209513954152866 0.09763546376896629
0.09668752940982214 0.16470934722215044 0.13222623674189468 0.15406808823929322 0.08577657025439814 0.14949718209100235 0.07837376662607524 0.13866127941536388
0.10547606902126096 0.07965770906008798 0.2346192082794085 0.13597480393727537 0.09166465937855756 0.08353571607716097 0.15052969748041878 0.11854213676582981
0.08103183518239204 0.13434819926752653 0.1299474241655545 0.13779481767076548 0.09429595980209998 0.1637671498517889 0.09346083285495399 0.1653537812049186
0.07514854357710926 0.14872757604604203 0.10459997641765334 0.13493849167096458 0.09295434822471005 0.19018137535979615 0.09152349869856728 0.16192619000515748
0.13082363650347006 0.12332402992778983 0.17488878240747538 0.10860878717123784 0.12268593617523046 0.12083022679812319 0.12109069256255921 0.09774790845411405
0.10999152661711485 0.08699726747036546 0.2405206028078103 0.12835727890953377 0.09728563186791986 0.07821735422595648 0.14310878708271896 0.1155215510185804
0.10433334791709573 0.07973545136880572 0.2680676484764931 0.12803614176370046 0.0912980325217748 0.07054610723422608 0.14275074313057348 0.11523252758733042
0.10228629822251313 0.07784398490247092 0.2785574741602585 0.1270809146517565 0.0894071093837731 0.06876565930628561 0.14168573618636135 0.11437282318658085
0.10149653170377441 0.07725179020202351 0.2824509909195222 0.12664240746204947 0.08873437380664863 0.06824890579588212 0.14119683339425515 0.11397816671584453
0.0801171260641707 0.13369862517860504 0.1404740264518312 0.13716285294406597 0.09341013561995369 0.1575096142986062 0.09303219590988823 0.16459542353287915
0.10070648684055852 0.09101482763884877 0.22970231087668186 0.13227414438338583 0.09343953815858057 0.08634016237422681 0.14747579978267045 0.11904672994504722
0.10279231042103769 0.08091807022348478 0.2644217159908083 0.1288747041591366 0.09102152043610591 0.07229876740400223 0.14368567762220155 0.11598723374322294
0.11893168050475228 0.09107192426012044 0.20188255206729425 0.09268545724544537 0.1389974013166623 0.10742527857318546 0.13778315733800536 0.11122254869453443
0.10664829823909272 0.08061779620819823 0.25160871776770644 0.12783776907599825 0.10015391407120385 0.07554994008168475 0.14252957238771743 0.11505399216839844
0.1032371199986343 0.07832604300078934 0.27225907198130855 0.12760345569103448 0.09158715325607521 0.06987571550067073 0.14226833044955634 0.11484311012193102
0.10190371861043047 0.07748681492479938 0.28010864927809065 0.1268990726218774 0.0893467427801677 0.06856284053159772 0.1414829958933469 0.11420916535968965
0.10135994534679238 0.07714882353814898 0.2830219698984115 0.1265738131384052 0.08867767933410406 0.06818098107720211 0.14112035584237115 0.11391643182456468
0.10114436329125488 0.0770162228777141 0.2840958207678156 0.1264473478635237 0.08845990847777303 0.06805436714616188 0.14097935649858537 0.11380261307717134
0.10106124821448353 0.07696569332466265 0.2844908728423563 0.12640017960235825 0.0883852660872568 0.06800981087935458 0.14092676740740537 0.11376016164212242
0.10102979964908543 0.07694677631798555 0.28463613397411386 0.12638278128563474 0.08835890041425255 0.06799373561921594 0.14090736958264052 0.11374450315707127
0.10101803692871479 0.07693976027648043 0.28468954217104525 0.12637638198563367 0.08834942495900396 0.06798787505135247 0.14090023484069905 0.11373874378707033
0.10101366765615735 0.07693717019449811 0.28470917914174565 0.1263740296232444 0.08834598582375747 0.06798572876749262 0.14089761213218444 0.11373662666091996
0.08002184499772837 0.13358385305849155 0.14097037977856938 0.1371380666040934 0.09331570823718055 0.1573890830936397 0.09301538430538507 0.16456567992491203
0.13172105758116823 0.11904339522315195 0.1880096946556803 0.10815507381819309 0.12221723587701433 0.11292914037529873 0.12058483603311974 0.09733956643637377
0.08389585923827605 0.14383759455020853 0.11735733026406042 0.133838427416592 0.09865096539130072 0.171036342078833 0.09077736816081894 0.1606061128999104
0.10208132821172966 0.09337861836703054 0.21996446323112948 0.1328244905349297 0.0950087654886644 0.08911089801404593 0.14808939467103352 0.11954204148143671
0.1034045092182854 0.08158261122342013 0.26070788836011916 0.12926568040482958 0.09160887595583686 0.0729697355143447 0.14412158695881747 0.11633911236434662
0.08050004902824479 0.1351301934195506 0.13562306142850603 0.1373256998708433 0.0940806552924781 0.1594068525073149 0.09314264860805024 0.16479083984501194
0.07507744670500693 0.1490141931305408 0.10587255654727638 0.13496533481227876 0.09293719757571609 0.18863316410350975 0.0915417053509369 0.1619584017747345
0.10047101086330044 0.09478089891781624 0.21553895385336821 0.1334794906901619 0.0942334075300984 0.09254502556060029 0.14881967096350887 0.12013154162114571
0.07983310909751017 0.13897435718464385 0.12525466199370364 0.1372184458083098 0.09447462997067084 0.16651275860085804 0.09306990237433187 0.16466213496997176
0.10109055456383759 0.09240765570566267 0.2235640343092872 0.13286858106558197 0.09408322797732563 0.08826567109690857 0.14813855232237272 0.11958172295902378
0.10308376217085084 0.08133206809820125 0.26211224261684457 0.12914881455309207 0.09133498988169647 0.07276289932606955 0.14399129025546234 0.11623393309778288
0.0804404674348522 0.1350476892052355 0.1359347898949304 0.1373174453128958 0.09401899693844402 0.1593226269737684 0.09313704986439889 0.16478093437547492
0.10091931450848562 0.09138862088829784 0.22788071819726902 0.1324581457180984 0.09369481102939588 0.08676511097273264 0.1476809475394321 0.11921233114628856
0.1029007753396601 0.08103326336944439 0.26373546479428905 0.12895557346241832 0.0911272178486272 0.07241184820904648 0.143775840860338 0.11606001611617647
0.10214000251889094 0.07821588652133567 0.2770248173193352 0.12733103276954222 0.08952969485788768 0.06919603729825907 0.14196459922216123 0.11459792949258801
0.08024857571018228 0.13403030016819098 0.13927114695797294 0.13721483368634163 0.09360136795534671 0.15790852268501077 0.09306745241334476 0.16465780042360995
0.10077367750374328 0.09110900370318122 0.22922004730753323 0.13232327656370974 0.09351351113420321 0.08643895638313968 0.147530578497151 0.11909094890733875
0.10282341292392545 0.08094763024208865 0.2642398797209654 0.12889601560693795 0.09105073838630424 0.07232647077744077 0.1437094382960935 0.11600641404624416
0.08038924966134661 0.13491886778357925 0.13640756214405547 0.13730050808366348 0.09395204767188077 0.1591455929505065 0.09312556200457175 0.16476060970039613
0.10089307647569792 0.09135189215768094 0.2280708213899683 0.13243902882744854 0.0936675134507 0.08672290812080956 0.14765963363299112 0.11919512594470369
0.1028885602098638 0.08102167199378653 0.26380717715148244 0.12894716721616997 0.09111607254896568 0.07240043186207555 0.14376646852310293 0.11605245049455297
0.10213488292382045 0.07821197018839364 0.27705137279373154 0.12732782868816875 0.08952534334915112 0.06919252932684232 0.14196102691054038 0.11459504581935188
0.1015175970312087 0.07736065632823609 0.2819089374047703 0.12671903674760462 0.08880717223483676 0.0683571978514534 0.14128226932904572 0.11404713307284417
0.10121705353324752 0.07708298509902768 0.2836888806885126 0.12649835353716848 0.08851899273194792 0.06810899220833853 0.14103622401830573 0.11384851818345162
0.08006225377534316 0.13363685484963927 0.14074599054544934 0.13714934827943207 0.09335784313747782 0.15744545525302947 0.09302303622431045 0.16457921793531846
0.1317382218915176 0.11906049176947096 0.18793028746443344 0.10815923107338536 0.12223325843522446 0.11294573033750512 0.12058947106241621 0.09734330796604682
0.08389882198293919 0.14384274676489253 0.11733955597860712 0.13383846470470515 0.0986542866948958 0.1710425727764271 0.09077739345188697 0.16060615764564615
0.10208253312544525 0.09338004595578595 0.21995715752315056 0.13282514982362706 0.09500994184528314 0.08911240715671323 0.14809012972873045 0.11954263484126434
0.08014629831940612 0.13858926582060832 0.1262907112118076 0.13724417833095034 0.09467172228027868 0.16527745430229437 0.09308735573751416 0.1646930139971404
0.13205444034397396 0.12052979693292762 0.18279041077563032 0.1084002080697598 0.12286564408364685 0.11494117010126176 0.12085814243001579 0.09756018726278382
0.11000668049818696 0.08626675661530621 0.24360595672709923 0.12803222488806665 0.09708322669827035 0.07702977606726462 0.14274637610654592 0.11522900239925997
0.09356759711261144 0.15645914356562127 0.15104547720166758 0.15727193947459506 0.08183682609267266 0.13827071920601125 0.08000355181968531 0.14154474552713553
0.14055323629178793 0.10599128018067863 0.1963000041706632 0.10936127729362131 0.12185871355707543 0.1095274583060975 0.12106742948256001 0.09534060071751602
0.07489286053324605 0.12251313239729605 0.07285080567129845 0.08179393636459235 0.1439699293471871 0.2479287522841778 0.09246271067301744 0.1635878727291847
0.10043827036068323 0.08993727918262036 0.199893694764671 0.13305588551740685 0.10535557562495644 0.1032216147757825 0.14834738280821333 0.11975029696566618
0.1366736575773431 0.10739583092679306 0.20853718596449333 0.10717937082712442 0.12434817974508429 0.09990734120301552 0.11949700001173424 0.09646143374441198
0.11017131544059115 0.08314987418947413 0.2535199505735964 0.12693218017229582 0.09659354084332851 0.0738742682842969 0.14151990834135073 0.11423896215506625
0.10392552718492895 0.07869437217368384 0.27288272427395016 0.12743774309076142 0.09076110704058865 0.06952098418753773 0.14208357326686386 0.1146939687816853
0.11902187215112166 0.09044175096817952 0.20437793376679678 0.09249021441988825 0.13866737316789826 0.1065196824577591 0.1374929157644906 0.1109882573038659
0.10658193335390141 0.0804353356627205 0.252562433512803 0.12772449605921846 0.10000431795804919 0.07533615557279266 0.14240328142721817 0.11495204645329661
0.10318973786099082 0.07826817600550678 0.27261277254556116 0.12755979314253876 0.09152780580550166 0.06981825084523324 0.14221964996638276 0.11480381382828489
0.13557832651100382 0.10308951836370507 0.23307957717856617 0.10553087319806687 0.1188681527844576 0.09121671790839407 0.11765904817754619 0.09497778587826018
0.1257705861110998 0.09422874529117098 0.18944665418104892 0.09072584782728245 0.14562137615979548 0.11046570671451514 0.13487006632234824 0.10887101739273894
0.14213805244009778 0.10662204055377661 0.20185920301301835 0.10485905599799304 0.1333531185272508 0.09988535693459387 0.11691002213507583 0.09437315039819373
0.11147342625861695 0.08302576703336942 0.25057860907450924 0.1268822419573895 0.09849700935877538 0.07388469759722625 0.1414642309584626 0.11419401776165057
0.12112125090784981 0.0914291410637844 0.19724089674149037 0.09256310226879598 0.14124042697171382 0.10772819087646601 0.13760126844734447 0.11107572272255517
0.10726851299458841 0.08076886379430488 0.24973586535656292 0.12796901935664148 0.10072819248183625 0.07568152193925096 0.14267590665583757 0.11517211742097734
0.10343326351759234 0.07839581475985725 0.27154757844443533 0.1276761400142822 0.09175373163983216 0.06993557756537233 0.14234936804577433 0.11490852601285398
0.1356792750036281 0.1031417183104061 0.23272120203806007 0.10555556731481797 0.11895391021325143 0.09126173626162097 0.11768658027487913 0.09500001058333615
0.10913177739907326 0.08175504371782542 0.2627929691219554 0.12593150975022332 0.09476497064827084 0.07188113508981396 0.14040423549763703 0.11333835877520097
0.10338331321365704 0.0782069896509513 0.27632852079497083 0.12702800031684247 0.09011827003168588 0.06898296505497095 0.14162674065176317 0.11432520028515822
0.10179617219562943 0.0773563573721238 0.28159449743787085 0.12670600871637624 0.0889242810788107 0.06831953130798299 0.14126774404646725 0.11403540784473863
0.1349338112234595 0.10269561120391427 0.23610478530200651 0.10533227791528382 0.11796434171268624 0.09073249326110766 0.11743762925778661 0.09479905012375543
0.1088534121693081 0.08159220031416983 0.26409350440214285 0.12579851711924334 0.09446686112148979 0.07172088082740949 0.14025595863891757 0.113218665407319
0.10327875386813021 0.07814570570524482 0.27681366765494964 0.12697251856256686 0.09002099923645236 0.06892820563017063 0.1415648826361753 0.11427526670631018
0.13547632803195803 0.1029593329224783 0.23446591515493204 0.10541533620832774 0.11834663099099973 0.09093242104765877 0.11753023305615047 0.09487380258749495
0.10902778667138678 0.0816780874264976 0.26345987570893387 0.1258595982033919 0.0945893545573223 0.07178759955996157 0.14032405948945334 0.11327363838305271
0.13729009267506143 0.10386151757100105 0.22965407676781152 0.10545301218521841 0.11965399425753485 0.09160735661793278 0.11757223895874348 0.09490771096669656
0.08517451754476847 0.1396001338972304 0.12707417416525463 0.13417720281189893 0.09843226125576696 0.16352192069577495 0.0910071462550271 0.1610126433742787
0.07569289729896228 0.15001637740621335 0.10375651956608375 0.13452403710254263 0.09360796278653861 0.18973097093401406 0.09124239038259413 0.16142884452305115
0.13096077776014756 0.12361687137460634 0.1745261340222802 0.10857508480006166 0.12284025539805582 0.12071018339099276 0.12105311693380008 0.09771757632005548
0.08364355699570601 0.14504763685703267 0.11420235272580735 0.13366910853046818 0.09864584618224712 0.1737260426862941 0.09066252578588277 0.1604029302365618
0.07524570203339209 0.15131605077556623 0.1007102522517866 0.13419018335412924 0.09343042466931599 0.1930632164419671 0.09101595044888765 0.16102822002495507
0.10062453976407462 0.09533083950247208 0.21334078443830004 0.13361177296844054 0.09444779883337508 0.09342651298976358 0.14896715583197773 0.12025059567159647
0.10331560878620884 0.0821318953640653 0.25825530937489655 0.1295966729560293 0.09171102032556636 0.07386186858033869 0.14449061895246848 0.11663700566042637
0.08048451716640823 0.13530279433822553 0.13506829174535315 0.13733751252571455 0.09410350292090129 0.15974770560292487 0.0931506606696151 0.16480501503085745
0.07507021752110545 0.14905747168931727 0.10574503577949994 0.13495754150543873 0.09293635881518932 0.18874790542706016 0.09153641945586281 0.1619490498065265
0.11332651597600779 0.10691945083016766 0.15190859311703708 0.09410054088387354 0.14172324731656197 0.13921422860624402 0.13988677420945977 0.11292064906064825
0.12130440439005588 0.09617164297988563 0.16443480552558917 0.09204075798129557 0.15461239427075557 0.12416231669371362 0.13682476858114984 0.1104489095775547
0.12292640278977073 0.0935165621486603 0.16794407444565654 0.09160302869882718 0.15810297586087577 0.11980926701458426 0.13617405460303264 0.10992363443859261
0.08260453381201077 0.13642796299135962 0.1132452768933391 0.13442223383630966 0.10661903611834996 0.1742009345343449 0.0911733412107144 0.16130668060357162
0.1018946742058967 0.09233012668375128 0.2182745305232894 0.1329818202929551 0.09681391114128646 0.08975649327895623 0.14826480561020516 0.1196836382636596
0.08010123837155554 0.13850580343783755 0.12590221512547095 0.1372198419235542 0.0950412161490683 0.165495025379577 0.09307084930467156 0.16466381030826502
0.0864686205352248 0.17362194283533874 0.11961144723222064 0.15556589843353286 0.08052866929985132 0.1650584169139853 0.07913569615966672 0.14000930859017954
0.10566157347864581 0.08056613235107482 0.23002714879243918 0.13643011499424199 0.09097499663013787 0.08636721360612412 0.1510337455369712 0.11893907461036482
0.0714237079050074 0.11934413934032832 0.07923104869722006 0.08466465652877898 0.13825152031454077 0.24204774155881617 0.09570787259775015 0.16932931305755797
0.09962848485284698 0.08962911313487477 0.20300401498027504 0.13317498426631427 0.10409860149788869 0.10212714640283846 0.14848016902527875 0.11985748583968285
0.10333467712636006 0.08150549903553686 0.2541629748237221 0.12988089769309188 0.0939253730974398 0.07549026197657459 0.14480750832349198 0.11689280792378269
0.1025303295171009 0.07872159672144162 0.2734418663826757 0.12771305238448233 0.09035763818008201 0.06990324708429047 0.14239052258389298 0.1149417471460341
0.10170567646556639 0.07771506272632338 0.28055121282562473 0.12684385589730435 0.0890627779589766 0.06854051045253162 0.14142143336609903 0.11415947030757392
0.08013452172367128 0.13412888181938376 0.14002034314383677 0.13712432533666127 0.09345689495427606 0.1575797784767896 0.09300606414138765 0.16454919040399352
0.10068988229000835 0.09141351566394025 0.22945773579436748 0.1322305702553616 0.09343173210982648 0.0863418327749465 0.14742721788172405 0.11900751322982546
0.10277266315305203 0.08119722732345205 0.26429091101273994 0.12884122647636398 0.09100532832233763 0.0722871873790821 0.14364835250424463 0.11595710382872758
0.10207221058023536 0.07840785770506992 0.27719903384794303 0.12726803648273455 0.08946992800489256 0.06914733748107732 0.14189436306358613 0.11454123283446109
0.09190348837248676 0.1539550459777496 0.15958173354313562 0.1571513910999822 0.08039702720418844 0.13563283242683022 0.07994222938564312 0.14143625198998397
0.11913164388813519 0.08824658815445381 0.16682568601336042 0.09120878656473823 0.14537535536218957 0.13042510512113922 0.14477585169006066 0.11401098320592278
0.07101718569175429 0.11718334441779259 0.06829140168569943 0.08134710341010486 0.1500868259005439 0.2574223369146463 0.09195759515924898 0.1626942068202097
0.07148505258916395 0.14049049963438173 0.08876664088823119 0.13091071315611222 0.10220315988726925 0.2202594639168396 0.08879161414066743 0.15709285578733465
0.09991016408474267 0.0938549059916139 0.20806920070842475 0.1337570081398996 0.09651723266180524 0.09838109887789528 0.14912908220970894 0.12038130732590963
0.07965294403859204 0.1389323273946839 0.12347901000086786 0.1370748504787099 0.09486339691587345 0.16853514331560915 0.09297250728121194 0.16448982057445188
0.10105765191897965 0.09281019561210627 0.22276401282759065 0.13285915452899266 0.09417677798013405 0.0886309256185549 0.1481280424375485 0.1195732390760934
0.11919334772371037 0.09442791740413957 0.18918676105321697 0.09332866508486416 0.14085042082980384 0.1122791608106003 0.13873932899182792 0.11199439810183699
0.10710474775167866 0.08179929863000332 0.24664806636411224 0.1283244770369053 0.10091092690472268 0.07664823853672384 0.14307221544263918 0.11549202933321477
0.10348254481534139 0.07887072024488886 0.2703738646238123 0.1277814869327715 0.09186777203430278 0.0701534511112093 0.14246682199817956 0.11500333823949435
0.10199888966391105 0.0778282227689281 0.2793797165744219 0.1269419896090378 0.08943821384973695 0.06863433175455987 0.14153084513127048 0.114247790648134
0.1013831312789969 0.07742098949879218 0.2827211516959811 0.12656541056233017 0.08869702673038708 0.06819243313031001 0.14111098759710541 0.11390886950609716
0.118175761697319 0.09028037579430909 0.2073685600933342 0.09232357665653197 0.13780489709213387 0.10601333914136067 0.1372451975371729 0.11078829198783838
0.121801683416965 0.09234013661087469 0.18172706337096406 0.09137777675170047 0.15238926326791088 0.11487154202477771 0.1358392024547667 0.10965333210204058
0.10777523095061294 0.0814485396435591 0.24339389557834284 0.1283147893032952 0.10339313602319276 0.0771296837854025 0.14306141434262912 0.11548331037296569
0.12026329920457596 0.09145109494279309 0.19502531385123945 0.09267743981828463 0.14292950955165595 0.10866917595546231 0.13777123889404702 0.11121292778194156
0.08229765630261102 0.13649950008322537 0.11948407531620976 0.13472648046803662 0.10359212883630328 0.17034868263625827 0.0913796997957118 0.16167177656164392
0.13250655831707925 0.12037113050927245 0.17993119253099574 0.10816072761152813 0.1251509886141083 0.1159436079758772 0.12059113959076345 0.09734465485037533
0.12569121596117605 0.09882165342306777 0.17285760779356915 0.09131835900186952 0.1484852990501084 0.11749295998906709 0.13575087397889857 0.10958203080224342
0.08303963942692409 0.13843117343794298 0.11426575919561874 0.13430001052477433 0.1045032482988639 0.1732097145649954 0.09109044192115129 0.1611600126297292
0.07517289363886721 0.15001289678759044 0.10076816021954686 0.13424470061453958 0.09469591151385628 0.19295886911481228 0.09105292737333989 0.16109364073744747
0.0734678862687025 0.1529226864962225 0.09738551551086122 0.13363471309611324 0.09222592462576448 0.1993624215783321 0.09063919670866813 0.1603616557153359
0.10024718787426576 0.09615549629554102 0.21187000588692403 0.133638202371881 0.0942372076271859 0.09458089516503909 0.1489966226444703 0.1202743821346929
0.09161980369124334 0.16060163864131374 0.14289457984524429 0.15754316383272832 0.08135803470857457 0.14405240936000893 0.08014152247143136 0.14178884744945547
0.10585565689919779 0.07893022613315008 0.23928676071227406 0.13516794161386658 0.09105176806383833 0.08223246052695307 0.14963646772068256 0.11783871833003755
0.0810194322616207 0.1348649530566451 0.13089677767847924 0.13759964760724724 0.0940682306021302 0.1631029250272218 0.093328456637959 0.16511957712869665
0.10117878928497334 0.091872448960494 0.22580132436356048 0.13260848420665525 0.0938208952532769 0.08752185841016759 0.14784856373488278 0.11934763578598973
0.10300129598908579 0.08141921287254052 0.26290758457693253 0.12899716205393205 0.0911892776509638 0.0725658119717569 0.1438222090362496 0.11609744584853884
0.11898210419959629 0.09144429979589129 0.20138935609236505 0.09267500551259117 0.1390440901664888 0.10748751748282227 0.13776762013513555 0.11121000661510941
0.10664913887226903 0.08094391841388855 0.2513706308012481 0.12780714396010867 0.10015513407183718 0.07555217664759359 0.142495427668957 0.11502642956409781
0.10322067488023066 0.07860353628197844 0.2721317314264168 0.1275682827044756 0.09157214826241254 0.06986305681606497 0.14222911519439294 0.11481145443402804
0.10188060440482946 0.07774531349105294 0.280026106015565 0.12686096735770425 0.08932580630682839 0.06854582043461592 0.14144051136747027 0.11417487062193382
0.10133416065499905 0.07740009918339577 0.28295708884444765 0.12653437509846646 0.08865448793093304 0.06816246532816134 0.14107638537097678 0.1138809375886198
0.10111751401734102 0.07726469823263635 0.28403784087810263 0.12640737272716107 0.08843585138635575 0.06803530009919806 0.14093478720476013 0.11376663545444496
0.101033978286061 0.07721308215014724 0.2844355786585277 0.12635999365770226 0.08836087546170827 0.06799053441585642 0.14088196307806505 0.11372399429193204
0.07999483248088843 0.13399860901051427 0.1408697220181861 0.13707166665414494 0.09328222542945638 0.157326596604242 0.09297034781759396 0.1644859999849739
0.07495908441384593 0.14927497456887026 0.10698514390162976 0.13488532517523674 0.09273494789604081 0.18781069588914925 0.0914874379449432 0.1618623902102841
0.10036396061063527 0.09521495469194989 0.2159079111292046 0.13335273412584608 0.0941190657414472 0.0923455661339137 0.14867834685374182 0.12001746071326147
0.1363491944222195 0.10879185515149856 0.21413889712574183 0.10693817114409611 0.1210136218442297 0.09729582591739395 0.11922808036513402 0.0962443540296865
0.10989075596749615 0.08356490590837583 0.2556503952633001 0.1266629416178422 0.09571962117775497 0.07329500516360844 0.14121972744556432 0.11399664745605798
0.08151060668544224 0.13589737493299703 0.13434148558436357 0.13697596834585288 0.09478374759117908 0.15921421544534586 0.09290543939979587 0.16437116201502344
0.11482804773675503 0.10437540198879752 0.16113782511728553 0.09394245277309243 0.1420392468205775 0.1312943166208557 0.13965176561492548 0.11273094332771091
0.10701642744361611 0.08440258828209769 0.23566902168386014 0.12946708582171365 0.10203573033831895 0.08054263022246297 0.1443461389683882 0.1165203772395423
0.1375084606715558 0.10547999376412938 0.22040132284190841 0.10617398856552528 0.12240527177524693 0.09409829885408322 0.11837607381857818 0.09555658970897275
0.1099148774345874 0.08276226750369749 0.25799036560392474 0.12635253320837603 0.09579457855159414 0.07259445257646545 0.14087364523381626 0.11371727988753842
0.08151542530687306 0.13564328009859386 0.13487177579885687 0.13696576884850808 0.09479960429141243 0.15894670155768845 0.09289852147985768 0.1643589226182097
0.1011380464296606 0.09188252039845092 0.22732937378337048 0.1323862044595092 0.09383113392220019 0.08668439858839445 0.14760073840485577 0.11914758401355828
0.11912972450298347 0.09417849877746896 0.19057612476395006 0.09325100755672976 0.14063968157600068 0.11169986789433911 0.13862388586045202 0.11190120906807571
0.10704232497751272 0.08173028254323995 0.24718512518232816 0.1282629587804632 0.1008225089008237 0.07651650953559458 0.14300362717762088 0.11543666290241687
0.09299391186555317 0.15536270860392876 0.1520164450089554 0.15731618966908853 0.08255135962399465 0.138148752825068 0.080026061701232 0.14158457070217967
0.10577589774813716 0.07827316624790531 0.24289838456526713 0.13464853698178106 0.09096150201143109 0.08099514296830307 0.14906146544177631 0.11738590403539888
0.08100132071274094 0.13464839330919798 0.13170508105300727 0.13757531590538646 0.09404307154812905 0.16262448498837764 0.0933119533966969 0.16509037908646373
0.07509638560143549 0.14939214078646407 0.10492654578488687 0.1348294856369393 0.09284569321624869 0.18966480203855698 0.09144956417114146 0.16179538276432714
0.10045472417487163 0.09529325990660337 0.2150574773314677 0.1334287078771716 0.09419746384367594 0.0927194778599685 0.14876305191678682 0.12008583708945443
0.10319287720771833 0.08233465663050553 0.25886109096075033 0.12947035140762858 0.09158428076870724 0.07368364690484135 0.14434977985298292 0.11652331626686574
0.10234549144761027 0.0787935887101213 0.2751896464128225 0.12750764301428144 0.08974516876732357 0.06950007646981117 0.14216150646517647 0.1147568787128533
0.10160330897798281 0.07771872793626898 0.2811901159456646 0.12675961937178504 0.08888473272110674 0.06843232168613242 0.14132751592645287 0.11408365743460652
0.13485241033787956 0.10305831799932859 0.2359317080859239 0.10530487708078239 0.11793207562739429 0.09073914212383138 0.11740707937215587 0.09477438937270412
0.1088120786444781 0.0819384520391889 0.26397986899582104 0.1257499969529137 0.09443896512888372 0.07170377870672413 0.14020186227436793 0.11317499725762233
0.10324839599599155 0.07842542180222853 0.2767334444640532 0.1269311271691193 0.08999586296534737 0.06890899882966146 0.14151873432139123 0.11423801445220738
0.08040521176557883 0.13441052608010742 0.13916152844894206 0.13711760937729484 0.09365150970180391 0.1577109744045712 0.09300150896894782 0.1645411312527538
0.07502721567772082 0.14939448089613516 0.10660682113212455 0.1348801887468108 0.09280785768094924 0.18794325526355396 0.09148395410653254 0.16185622649617296
0.10039035714919017 0.09524758846981124 0.21575068343208384 0.13336622618216584 0.09414424557505989 0.09237790613807141 0.14869338948966845 0.12002960356394923
0.09165446523885659 0.16028453533083406 0.14389627422179835 0.15754243104714252 0.08134569013644515 0.14334726637590514 0.08014114970658989 0.14178818794242823
0.10580890024458534 0.0788665981714582 0.23982321266665974 0.13509343750897543 0.09100237058517158 0.08207772617575924 0.14955398861392474 0.11777376603346575
0.08100989517740942 0.1348424047652002 0.13101568922341977 0.13759502525152148 0.094056079325183 0.16304155448049545 0.093325321474945 0.16511403030182575
0.10117288910907939 0.09186489139124815 0.22584913938480836 0.1326035698351964 0.09381494304382898 0.08750826980671152 0.1478430845774503 0.11934321285167676
0.10299836616229426 0.08141656274718752 0.26292561127711894 0.1289950266523437 0.09118664713876846 0.07256243381234079 0.14381982822283693 0.11609552398710933
0.10216427308572759 0.07851888909756206 0.276687616608664 0.12732174907322813 0.08954295064069837 0.06922069873463038 0.1419542485935842 0.11458957416590532
0.11849582895291107 0.09061758409773799 0.20554718590957596 0.0924296023609827 0.13820803617497668 0.10638342780266798 0.13740281186796832 0.11091552283317925
0.10640148374189548 0.08068596501106119 0.2529796804370284 0.1276339695141111 0.09985532394543092 0.07527065370263715 0.14230235108513578 0.11487057256269997
0.11977974064051294 0.09120749908457604 0.19801206764430562 0.09256714827375351 0.14166544155123606 0.1080802417716511 0.13760728310546044 0.11108057792850422
0.10691749767478702 0.08096290459138562 0.2500108659498267 0.1279029521881423 0.10077988098130847 0.07571099495187517 0.1426022466933467 0.11511265696932806
0.08102118661217086 0.1351533695885607 0.13311915838908445 0.13708716874597637 0.09591424780330839 0.16021940408584795 0.09298086227987962 0.16450460249517163
0.10108013103983132 0.09184150456189734 0.22663426728835964 0.1324654828464624 0.09412045135709454 0.08695010045452764 0.14768912789001104 0.11921893456181615
0.10294669305788297 0.08138794826879124 0.2632127556439871 0.12895252789180184 0.09122223411271205 0.07244812064582105 0.14377244527638203 0.11605727510262165
0.09214864852289205 0.1552286488934626 0.15606922236018858 0.15732779396896873 0.08078035312181779 0.13681835380247068 0.08003196475812757 0.14159501457207185
0.10546098339031786 0.07816645099865413 0.2446042189920791 0.13447874739827195 0.09049683927417616 0.08068137620600499 0.14887350139328434 0.11723788234721144
0.08094077612740463 0.13460603860841586 0.1320807225625003 0.13756175741552515 0.09393822905131588 0.16249561013263464 0.09330275720357359 0.16507410889863017
0.10112426295079807 0.09179097077021998 0.2262779277838334 0.1325602650711313 0.09376006907844336 0.0873874627843393 0.14779480299721656 0.11930423856401819
0.07995908675808905 0.13851980696719504 0.12768030406410058 0.1371893877175016 0.09438442219751661 0.16458953362620285 0.0930501934083924 0.16462726526100194
0.10100648983201078 0.09263968258780643 0.22446807611097383 0.13269909926567333 0.093960352920928 0.0878475171801315 0.1479495927633701 0.119429189339106
0.13630610693313017 0.10797398346119468 0.21702399657753246 0.1067353309830804 0.12075893388336849 0.09613792155399449 0.11900192872292696 0.09606179788477236
0.10978196838120524 0.08333690576986234 0.256755495631803 0.12654085116297348 0.09558019097220904 0.07303421633565695 0.1410836056996137 0.11388676604667614
0.10370639115257725 0.07886525905690979 0.2740501838297488 0.1272498980720224 0.09043818059999083 0.06929103893467597 0.1418741400892548 0.11452490826482015
0.11891265269335596 0.09069911410259716 0.20470140553637378 0.09243640477770033 0.13850324440103526 0.10641056863839915 0.13741292411729783 0.1109236857332404
0.08206840176211257 0.1363024023779916 0.12165512639501382 0.13473206165776822 0.10266260462854186 0.1695174438909377 0.09138348529831235 0.16167847398932184
0.1323964027895057 0.12031434975227322 0.18071227198943127 0.10812764622882375 0.12485644084215992 0.11572375047405682 0.12055425631780797 0.09731488160594136
0.08392967366455685 0.14467398860012312 0.11562540979214214 0.13367454913073124 0.09911061010512076 0.17191009381830022 0.09066621593214814 0.16040945895687747
0.13298755843739546 0.12242160295192173 0.17843042752359148 0.10812003024530742 0.12389458597526534 0.11629200258119772 0.12054576506454424 0.09730802722077668
0.11030688377562814 0.08704159785268266 0.24177627797982176 0.12809281626244542 0.09737064766765754 0.07731431085832974 0.1428139309672339 0.11528353463620088
0.1209957124652293 0.09270364201712653 0.19460525918860522 0.0927213337807494 0.14109894902256517 0.10877301277147212 0.13783649021735284 0.11126560053689928
0.1226884514002988 0.09298205044906217 0.1777047160554096 0.09149524689487606 0.15360874303761113 0.11571266617650815 0.13601382971238293 0.10979429627385126
0.08257465861111433 0.13673790652712428 0.11543462607053478 0.13441816341198382 0.10568077535769077 0.17268149352599996 0.09117058040117164 0.16130179609438056
0.11498904138722695 0.10446956823775545 0.1546966323130435 0.09379499898606872 0.1453855377833481 0.13467765685237282 0.13943256565690215 0.11255399878328247
0.10723545294838482 0.08456309810400982 0.23305669067671 0.12968004331974595 0.10291431654085698 0.08125478873617732 0.14458357068634362 0.11671203898777137
0.08106709323045075 0.13627908907949793 0.12928814124719218 0.13713109517092092 0.0963588672725165 0.16230774393925726 0.09301065585505942 0.1645573142051051
0.10120463588817047 0.092157975548136 0.22508666441991684 0.13261563649715918 0.09432030901338269 0.08740416778074978 0.14785653800504164 0.11935407284744327
0.11918453286243569 0.0942670016139998 0.1898871194149197 0.09328531003750618 0.1408391304800154 0.1119196547440917 0.1386748788020241 0.1119423720450074
0.10707728044634979 0.08176397779090601 0.24691612356940243 0.12829115332316232 0.10088490779754913 0.07656945709312427 0.1430350619886601 0.11546203799084609
0.1200650338363217 0.09152132738119674 0.19616461264504495 0.0926653681511362 0.1421189963017248 0.10851292635316503 0.13775329355004726 0.11119844178136344
0.1405082826991983 0.10641136982844622 0.20451805387385136 0.10499310175799118 0.13248408640201895 0.09953184070224326 0.11705947315405882 0.09449379158219204
0.12716955612724565 0.0953487591237237 0.18015696023428127 0.09076209396150277 0.15005276235829051 0.11267140680584423 0.1349239486353086 0.1089145127538033
0.10900495297623497 0.08200979887108499 0.24264117434793475 0.1282646071981155 0.10289123826856415 0.07674461681947475 0.14300546504028697 0.11543814647830394
0.10401018308200514 0.07899410042263187 0.2688051006277807 0.12789671917153805 0.09235778820407418 0.07023376389260236 0.14259529734498347 0.11510704725438425
0.13587864658062418 0.10360457423498666 0.2317456653628839 0.10557088270518131 0.11913958181419507 0.09134319907527111 0.11770365579219469 0.09501379443466318
0.10917920999670248 0.08213992656192098 0.26236760402065334 0.12591261710463414 0.09480334625511438 0.0718927690590999 0.14038317160770403 0.11332135539417072
0.10338275453087743 0.0785017995241642 0.27613127780623536 0.126999462045101 0.09011516592211835 0.06897510172241943 0.1415949226084932 0.11429951584059092
0.13548315593916213 0.10332287708382487 0.23418828501457487 0.10538640555205576 0.11834962501762447 0.09092390886249627 0.11749797753341144 0.09484776499685019
0.10900915251061041 0.08202723672759034 0.26330406232077164 0.12581376813551473 0.09457086064478466 0.0717695659548403 0.14027296238392462 0.11323239132196324
0.12026318710382464 0.09132924811916579 0.20114876527621417 0.09236706746042594 0.13975053585906283 0.10699086569061009 0.13730984953818542 0.11084048095251113
0.08229827783914812 0.136482833407906 0.1208515570571383 0.13471196217936748 0.10291619127368144 0.16971497101890323 0.09136985260861448 0.16165435461524097
0.13247762679594774 0.12036890520496411 0.18041798198316972 0.10813581706338123 0.12493665399740596 0.11577741340951232 0.12056336618857579 0.09732223535704311
0.11012710870671562 0.08660805202340141 0.24256715453448824 0.12802246696181643 0.09753498602207734 0.07718451473888571 0.14273549674698038 0.11522022026563478
0.10426259431377216 0.07983470921959471 0.26877616680934824 0.12788527298663832 0.09125849321089169 0.07030348206876728 0.14258253570301316 0.1150967456879745
0.10222143083562431 0.07805134408077578 0.2787794247295666 0.12700221964292954 0.08935509204745122 0.0686904938607348 0.14159799712428112 0.11430199767863658
0.10145098467666143 0.07748681907120883 0.28249724219258493 0.12658871219786927 0.08869572466566697 0.06821370903612281 0.14113696718180352 0.11392984097808237
0.1347684445138316 0.10297211342725796 0.2363646837865132 0.1052705892717808 0.11784708222500705 0.09066470540709573 0.11736885102391086 0.09474353034460273
0.1087786685226522 0.08191168543052353 0.26414532871402296 0.12573227454732375 0.09440904320628997 0.07168184937189348 0.14018210311470272 0.11315904709259138
0.10323548511612544 0.07841639957513336 0.2767950271618263 0.12692396820446794 0.0899850624836306 0.06890173346473906 0.14151075261005602 0.11423157138402112
0.08040267673795769 0.13440724514777555 0.1391750769252289 0.13711696744160634 0.09364891036563111 0.1577076888827833 0.09300107356908952 0.16454036092992758
0.10076841564486656 0.09154866689162351 0.22910006475015396 0.1322478082038573 0.09348708801131277 0.08637849220683172 0.14744643690788267 0.11902302738347156
0.07989411834187872 0.13843983100827884 0.12831002818813683 0.1371758179531879 0.09432371889055832 0.16420451450588494 0.09304098956824919 0.16461098154382545
0.13186448104485896 0.12094022293608268 0.18342237184819085 0.10829069456356205 0.1226675420243185 0.11461701943252614 0.12073604304325501 0.09746162510720585
0.10990662705228521 0.08665422604186068 0.24378996855300664 0.1279380338565657 0.0969913206161611 0.07693423327360775 0.14264136013560383 0.11514423047090913
0.13807140643036359 0.1057840994512586 0.2230281659752833 0.10589493960620532 0.12076097373912577 0.09309001409869305 0.11806495505348562 0.09530544564558477
0.10995023988915514 0.08274650705597099 0.25898633795804893 0.1262330773971769 0.09537142922604505 0.07236217789720178 0.140740460918942 0.11360976965745921
0.10366459860001143 0.07869533941423046 0.2748668203501143 0.12714164831629407 0.09032517980600134 0.06912548033872597 0.1417534496899577 0.11442748348466467
0.10188302632624736 0.0776858392817946 0.28101879976793154 0.12672587314997838 0.08898606704593527 0.06835721718561909 0.1412898914075132 0.11405328583498055
0.1183331760782004 0.09037043101792194 0.20684691998698143 0.0923469258400992 0.13792679642880168 0.10607953197310199 0.13727990766677434 0.11081631100811903
0.10632151815980027 0.0806073552940555 0.2534817638621053 0.12757940839797471 0.09975743893322912 0.07518952828228911 0.1422415195123688 0.11482146755817722
0.08090622092736384 0.1350244820102322 0.13388565680346276 0.1370609125965797 0.09568496131621369 0.1600016174690938 0.09296305376115842 0.16447309511589564
0.10103068627280043 0.09179691813133743 0.22694448216912658 0.1324353916230273 0.09405115897812404 0.08689393194336514 0.1476555784214946 0.11919185246072458
0.07994256672234334 0.1385214839877036 0.12783101851612 0.13718537047691814 0.09444626669540197 0.16440338035791002 0.09304746867130101 0.16462244457230177
0.10099770567867826 0.09263554633028552 0.2245281827981046 0.1326925627223293 0.09396890201271524 0.08781148900244742 0.14794230500534328 0.11942330645009637
0.11914657776287864 0.09438212257859242 0.1897266865094216 0.09330012677992457 0.1407476166357198 0.1120398127127701 0.1386969048847834 0.11196015213590947
0.08206216413162817 0.13738702500867706 0.11824400819291643 0.1346939327244491 0.10307748139169721 0.17154504534644932 0.09135762393484374 0.1616327192693389
0.10162611001499099 0.09256025276718945 0.2203339833309794 0.13279719545125607 0.09592818034746994 0.08917783949229958 0.14805896268968402 0.11951747590613049
0.10326347986297522 0.08167274553698674 0.2608067974449281 0.12920332762849646 0.09176469731044841 0.0729538890841199 0.1440520682663983 0.11628299486564682
0.08044157246031183 0.1355036058763027 0.13560306866031877 0.13725221530329412 0.09407390711118205 0.1593301653232728 0.09309280690136472 0.16470265836395293
0.10088731730311705 0.09185482883293691 0.22766966047390882 0.13239532880149982 0.09367839045905257 0.08674776684288064 0.14761091136525425 0.11915579592134981
0.11906248435136516 0.09417181077716417 0.19068653157616972 0.09325041792847952 0.14059008766855374 0.1117151568456361 0.13862300933845612 0.11190050151417542
0.0820496978349476 0.13732473512336754 0.11846140969255324 0.1346956616154831 0.1030472392311322 0.17142766598995687 0.09135879657397984 0.1616347939385797
0.10161693358665953 0.09254269922676046 0.2204230739555555 0.13278909428903304 0.09591586506966762 0.08915221851382439 0.14804993049836968 0.11951018486012974
0.1032584719122514 0.08166719520527455 0.26084055118412885 0.129199432949519 0.09175956941421644 0.07294756369005644 0.1440477259899861 0.11627948965456711
0.10228957362742784 0.07861637941709042 0.27591133644499566 0.12741095867653957 0.08971828868837396 0.06932988969284355 0.14205371064384334 0.1146698628088856
0.11854232774054015 0.09064899760565998 0.20531088864281177 0.09244217027303113 0.13827948491979566 0.10642403157718203 0.13742149491334177 0.11093060432763734
0.0820015702906472 0.13628507192968112 0.12178904373995726 0.13473072447126508 0.10261360870054236 0.16952053316535717 0.09138257833703196 0.16167686936551806
0.11482727294388823 0.10436100406453179 0.15680058004861408 0.09379353826082404 0.14439056801470992 0.13384439656372565 0.13943039419071754 0.11255224591298885
0.0809624994133856 0.13994656340905892 0.11047697470633412 0.13416511003323223 0.10342562632224356 0.17902614987941382 0.09099894419645317 0.16099813203987864
0.132242470983669 0.12139616499955098 0.17666956140971343 0.10826812578938519 0.12524686564042598 0.11802461742252408 0.12071088054428467 0.09744131321044666
0.11019882037019624 0.08690082118340586 0.24109696073656822 0.12817477385840548 0.09771222236145422 0.0776537974469142 0.14290530757049086 0.11535729647256492
0.10432852630962315 0.07992698214362623 0.2682274457516042 0.12795119677356667 0.09133853881346678 0.07041519730615027 0.1426560358057527 0.11515607709621001
0.1022545984301119 0.0780823585553797 0.27857719281318444 0.12702700766804756 0.08938748570094052 0.0687214160086579 0.14162563392243513 0.1143243069012428
0.08023348675958226 0.13431209463778146 0.13957862217602898 0.1371301082292627 0.0935279167085238 0.1576516551625536 0.09300998645115209 0.16455612987511523
0.08655469698396705 0.1723816774475324 0.12314038164290729 0.15566629885473443 0.08031008415985935 0.16266042252433005 0.07918676941740839 0.140099668969261
0.07962459824276012 0.12832363964441976 0.10495098248478807 0.13049084396043137 0.0990120805571315 0.19661616718960642 0.09786813297032354 0.1631135549505392
0.0872235535321649 0.17182388850855773 0.0805348548696908 0.1095380119952593 0.10940337008627099 0.23573535934739534 0.07429534726634977 0.13144561439431116
0.1027299870621616 0.09934851602955083 0.20223880262475546 0.1319451908134184 0.09726364035953346 0.10061415027757288 0.14710904110093068 0.11875067173207657
0.10399900153094302 0.08331130498310522 0.2537437177848829 0.12977937685421836 0.09246826818543517 0.07520257132828878 0.14469432016433 0.11680143916879653
0.08056239996945398 0.13600535340769812 0.13399887885498743 0.13725466533164365 0.09421356530596758 0.16016507007255332 0.09309446865972354 0.16470559839797239
0.10096189278012295 0.09199191943232086 0.22702045290483627 0.13245602547746943 0.09375080078224142 0.086929902063929 0.1476785836293577 0.11921042292972248
0.07992900766166658 0.13858029139139422 0.1278451905844445 0.13718371488990222 0.0943807857979609 0.1644142060553371 0.09304634575141195 0.16462045786788265
0.10099425625749507 0.09264648435539027 0.22453430528041182 0.13269218003113797 0.09395480011982085 0.08781313359449587 0.14794187833322398 0.11942296202802417
0.10300016085460573 0.0815943553386904 0.26242953708485556 0.12905113505153593 0.0912532136294227 0.07264319159376499 0.14388238490074232 0.11614602154638236
0.10218126382575023 0.07856427028252047 0.27650466683660035 0.1273441804820075 0.08957115382766587 0.06924544437126139 0.14197925794038746 0.11460976243380676
0.08022513954103293 0.1344738734485529 0.13911471467703268 0.13714888440583559 0.09357343040152279 0.1578625746420189 0.09302272159700153 0.1645786612870027
0.13174949588444546 0.11976074818944142 0.18726393835233718 0.10811231298350507 0.12225912033123386 0.11301614168033268 0.1205371608935497 0.09730108168515457
0.10975213955074274 0.08633217461040944 0.24529462495651005 0.1277822487827619 0.09679290079745795 0.07657421599356781 0.14246767140406438 0.1150040239044857
0.08147627131441988 0.13675948431309748 0.13199234311809552 0.13699959947631818 0.09500446009080335 0.16044685484478963 0.09292146747089408 0.16439951937158181
0.07516594940640087 0.15002491135080923 0.10497591901019325 0.13479055675131146 0.09303185565912701 0.18883897948926015 0.0914231602313243 0.16174866810157373
0.11329250641067144 0.10759080674026819 0.15158013768431522 0.09403417498131991 0.14168412021609073 0.13918912715184814 0.13978811683790243 0.1128410099775839
0.10697259651315763 0.08525958022895141 0.23188451013278671 0.12985329110863464 0.10226152001876969 0.08212381095791364 0.14477672904201502 0.11686796199777118
0.12031239099448734 0.09248208877393911 0.19159568616835865 0.09291447496746176 0.14288296983682933 0.11019141173439946 0.13812360756357003 0.11149736996095412
0.10725107646052895 0.0813620647817 0.24751805837506277 0.12816995173432374 0.10123022165348246 0.0762157391720108 0.14289993126199976 0.11535295656089137
0.10348009277523185 0.07877500496953119 0.27068513650115145 0.1277316668152455 0.09190117796020793 0.07005714455985403 0.1424112762850573 0.11495850013372096
0.10198585619421661 0.07781277674793305 0.27949060454645047 0.1269242140559538 0.0894339201023343 0.06860980898663767 0.14151102671611565 0.11423179265035842
0.10137517482287484 0.07742580651622444 0.2827597453526181 0.12655793431950765 0.08869168167546625 0.06818486428146489 0.14110265214428688 0.11390214088755689
0.13473862353314486 0.10295178995295129 0.23645248325707838 0.1052642695352424 0.1178397150719068 0.09065347107866546 0.11736180498929265 0.09473784258171815
0.1087690392527982 0.0819057944350106 0.26417904336633374 0.12572879673608825 0.09440508224508595 0.07167810128749055 0.1401782256147133 0.11315591706247942
0.1371494380086322 0.10417777092298222 0.22984589848383938 0.10538952943602588 0.11954755146932974 0.09153777475585492 0.11750146043091242 0.09485057649242327
0.10951206430850904 0.08227611215050741 0.26159991988074416 0.12595268454014047 0.09492278572812328 0.07195117349766278 0.14042784380818646 0.11335741608612643
0.08143462639797 0.13547227612626314 0.1356717756835874 0.13693634936346621 0.09460169536037884 0.15868109043782386 0.092878567394351 0.16432361923615948
0.10109520427219455 0.09182870109320136 0.22765187954966046 0.1323541906109083 0.09376724274071259 0.0866189648307463 0.14756504535275897 0.11911877154981748
0.10291590586708861 0.08135837252363524 0.26359503424189623 0.12890619103620957 0.09111922673254665 0.07236891452566395 0.14372078314037096 0.1160155719325886
0.10212272078278431 0.07849037811452508 0.2769337951339936 0.1272904206461626 0.08950897605126189 0.0691730109543775 0.14191931973534846 0.11456137858154637
0.08021336730672883 0.1344480100103475 0.13920973920667226 0.13714478251449566 0.09355844998585645 0.1578319725138901 0.09301993944461445 0.16457373901739478
0.07499262761714313 0.14940349125776017 0.10661549403701805 0.13487892620872924 0.09278694371421609 0.18798470793830277 0.09148309777635547 0.16185471145047506
0.10038213136873786 0.09524930017572779 0.21575475117268056 0.13336615860776357 0.0941397623136661 0.09238503946518425 0.14869331414925277 0.1200295427469872
0.10315317765030263 0.08230807169108961 0.2591251512759297 0.12943944902843435 0.091551839960118 0.07361148026220561 0.14431532600632904 0.11649550412559091
0.1023277157060263 0.07878186958215047 0.275287416916286 0.1274957238102873 0.08973079195197851 0.06948211316179696 0.1421482174422158 0.11474615142925855
0.1015960842856561 0.07771409339882171 0.28122610785550883 0.1267552368214911 0.08887897599191542 0.06842715879733398 0.1413226297099311 0.11407971313934197
0.10123388520404909 0.07736640307775047 0.2834038697905773 0.12648591753752397 0.08853201395498236 0.06811822584458345 0.14102235880676178 0.11383732578377156
0.13467943352402495 0.10292422497044976 0.2366686803269467 0.1052492896785417 0.11778170158260637 0.09062720563977178 0.11734510356697112 0.09472436071068753
0.08467034807890872 0.13975110054303103 0.12859452619087186 0.13408516830164582 0.09798488527630399 0.1630670467991908 0.09094472284807281 0.16090220196197497
0.13298739317834557 0.12098692156247418 0.18310082773920328 0.10794378273920893 0.12336979203815196 0.11411261602928467 0.12034926224804338 0.09714940446528803
0.1257850227771444 0.09894754992073397 0.17386628985179886 0.09128668742586342 0.14787719352926076 0.11698943953019246 0.1357037920539701 0.1095440249110361
0.10892651299112666 0.08287232003520384 0.24024212773598844 0.1285762885211468 0.10266312273401017 0.07764800185782539 0.14335296645566664 0.11571865966903211
0.10407869917196974 0.07921930189462725 0.26792083727610044 0.12801321090008905 0.0923880817015588 0.07044280231666931 0.14272517692890524 0.11521188981008014
0.13592618318940178 0.1036803046479451 0.23145344642642884 0.10559488214876618 0.11917170820492043 0.09140766806785952 0.11773041338078859 0.09503539393388956
0.10919988918928686 0.0821614122537034 0.2622560811898279 0.1259248394933204 0.09481853032675466 0.07191009334414769 0.14039679865897067 0.11333235554398836
0.10339108541627488 0.0785085444438226 0.27608982343513955 0.12700434718249765 0.0901214701441695 0.06898044774171991 0.14160036917212795 0.11430391246424788
0.101782084052754 0.07762140111683481 0.28147110728177827 0.12667272642815314 0.08891012232426342 0.06830646823202714 0.14123063677885134 0.11400545378533783
0.08013909216183701 0.13414753067872243 0.14021752322699307 0.13710079002331613 0.0934131373957744 0.15747087742608473 0.09299010105929269 0.16452094802797934
0.10067679259703133 0.0914820609926476 0.22952177004382357 0.13220780785452932 0.09340974559338126 0.08631295634602792 0.14740183950348265 0.11898702706907638
0.11897397832762466 0.09407320933644939 0.1912522084161636 0.09322017790872023 0.1404657129720207 0.1115724440305194 0.1385780555180378 0.11186421349046427
0.10698462303153963 0.08170036931535156 0.24744967711538934 0.12823525405979755 0.10076605242722315 0.07647955691528582 0.1429727384815952 0.1154117286538178
0.10342705985602277 0.078848426834427 0.27067075341796104 0.12774272196741265 0.09181299345798002 0.07010599274081292 0.14242360195471232 0.11496844977067139
0.08045845842364305 0.13459396662628842 0.13782238345755116 0.13718138862619966 0.09406687963542809 0.15821448894167994 0.0930447679377702 0.16461766635143957
0.10082188068497107 0.09162964453975203 0.22855615952745262 0.13230200809333906 0.09361268051572569 0.08649895361486742 0.147506865739887 0.11907180728400517
0.1190280073249232 0.09411724111749438 0.19095532127340795 0.09323460143378326 0.14054875890428997 0.11163505116877306 0.13859949705678826 0.11188152172053992
0.10700649561262246 0.08171581322129925 0.24733330711363843 0.12824711134094985 0.10079211407163101 0.07649679996779586 0.14298595846520826 0.11542240020685486
0.10343577833371269 0.07885416222961288 0.2706270690278298 0.12774773839996753 0.0918216629337144 0.0701114296125416 0.14242919490265038 0.11497296455997079
0.10197824673177701 0.07783433239925781 0.2794705412526603 0.12692740262264204 0.08941987452190554 0.06862035838135905 0.14151458173002032 0.11423466236037784
0.10137376320536512 0.07743513608170342 0.28275196970247213 0.12655811745101653 0.08868908469908574 0.06818676683218935 0.14110285632225275 0.11390230570591486
0.10113254499515288 0.07728095791746567 0.2839616367907663 0.12641545610468746 0.08844824018555465 0.06804345394468937 0.14094379956746497 0.11377391049421873
0.11808539961125862 0.09025072408172294 0.2077427536238466 0.0923004194630948 0.13769725223231122 0.1059521748182574 0.13721077281379465 0.11076050335571375
0.10623611923432957 0.08056954780806985 0.25382991250586545 0.12754306274417437 0.09968350937876942 0.07514809503829079 0.14220099682074366 0.11478875646975695
0.08088906785817473 0.13501834338393998 0.13396117574805655 0.13705601044169471 0.09566680830231208 0.15998165291446506 0.09295972882132339 0.16446721253003366
0.11466108718608385 0.10419528084831009 0.16100837527384004 0.09394253686379657 0.14231985963238614 0.13148992533762235 0.13965189062140507 0.11273104423655589
0.12149977511437872 0.0958299934921815 0.16724563745309207 0.0919012070908301 0.15460574934645577 0.1220188721844137 0.13661731680965195 0.11028144850899614
0.08228012807768398 0.13750728766778048 0.11299369579220757 0.13430089795641117 0.10578333019420089 0.17488253893271755 0.09109104383130498 0.1611610775476934
0.07502240402267826 0.14974339284633725 0.10046709594354858 0.13421077029193776 0.09494088423387102 0.19353261454807452 0.09102991376322736 0.16105292435032528
0.10053375350611364 0.09547044410542774 0.2131537211702262 0.13354141960347968 0.09473794819122339 0.09348671870010028 0.14888871708029747 0.1201872776431317
0.13646771009789951 0.10891655365556496 0.21319575567256366 0.10699535449885847 0.12124204202655298 0.09759492946130818 0.11929183553827952 0.09629581904897262
0.10994829597146323 0.08361870294021129 0.25528444104963466 0.12669952556986255 0.09579345313404745 0.07336549249998306 0.14126051582192137 0.1140295730128763
0.08152082442621479 0.13592412610833918 0.1342592512275526 0.1369768575914971 0.09479955811497696 0.15924111088130302 0.09290604254031978 0.16437222910979649
0.1322064695249099 0.1201882166145446 0.1854892397321049 0.10815707362503084 0.12265342809192627 0.11337714048045129 0.12058706566850454 0.09734136626252775
0.09649175903960616 0.1663652013982185 0.13420299297977642 0.15374456495165575 0.08508849140021045 0.14752769003776564 0.07820919173627705 0.13837010845649014
0.08208612694295914 0.12770875334346576 0.10745665174068558 0.1304826872530056 0.10011929109170199 0.1911811151221708 0.09786201543975422 0.163103359066257
0.06428916434024579 0.12577206277265468 0.059346071395321935 0.08027482628386845 0.13395798649788743 0.2850647803431293 0.09074545579915565 0.1605496525677369
0.06986602435546066 0.14232916701292614 0.08626852939496674 0.13002834863278864 0.0982355986011334 0.22904517283157358 0.08819314081180447 0.15603401835934635
0.07199493144201316 0.1495162261650102 0.09353659034588979 0.13252010337709988 0.09227660766494891 0.21124821640109384 0.08988320055142428 0.15902412405251984
0.11235658038589906 0.1074416550363384 0.14765489369293247 0.09392252061112769 0.14134389671590258 0.144951293707009 0.1396221351174376 0.11270702473335321
0.1068797352724835 0.08533966626694721 0.23031980209393607 0.13000177408623198 0.10231153875083568 0.08320361037073983 0.14494227648121683 0.11700159667760877
0.13762373541274028 0.10583832460504916 0.21861252959766253 0.10630899616143505 0.12262014611769137 0.0947915743473063 0.11852659721282385 0.09567809654529154
0.09778263866835289 0.16147692676373182 0.14295173160484476 0.1539462571897696 0.0852402067832825 0.14173881581834302 0.07831179170088279 0.1385516314707926
0.10831804935075663 0.078716783890521 0.23885737797309825 0.1346015991088889 0.09152466851253915 0.08162703403866986 0.14900950328700763 0.11734498383851852
0.08144844963222055 0.1347888994578596 0.13080165958114418 0.13756569523599302 0.09415773045761115 0.16285330327887146 0.0933054280731083 0.16507883428319162
0.11488857606574991 0.10421215843978894 0.16005793838831725 0.09401600909772333 0.14193230894637932 0.13231268611293384 0.13976111203183947 0.112819210917268
0.10706879580401892 0.08440931167072273 0.23524714763388738 0.12951608090250055 0.1020493230026129 0.08074410334689078 0.14440076482711628 0.11656447281225049
0.10386039978370376 0.07966715836361955 0.2661265510936248 0.12829598240901574 0.09244513190006828 0.07109794622284678 0.1430404460590071 0.11546638416811417
0.10222501051860801 0.07809977802970296 0.27781435243114466 0.12713233795006876 0.08968000985643299 0.06888633773256098 0.14174306932641992 0.11441910415506189
0.11848197301641188 0.09051102654643965 0.2058757106970164 0.09240180264657709 0.13821585619146887 0.10626998200083405 0.1373614857253594 0.1108821631758925
0.10638617345520417 0.08066294667837291 0.2531039715308506 0.12761781401227576 0.09984573082264732 0.07524299198337721 0.14228433890622386 0.11485603261104818
0.10310360146951479 0.07851304106115978 0.27277767156834254 0.12749087565974646 0.09145781950216099 0.06977239052913858 0.14214281211616506 0.1147417880937718
0.10183255211556083 0.07771726142419844 0.2802638119806004 0.12683130598154924 0.08928344729592758 0.06851600467217633 0.14140744114659293 0.1141481753833943
0.09182772240769542 0.15374229489815677 0.16033686653145998 0.15708564243431136 0.08033828909233237 0.13538332311988382 0.07990878332528012 0.14137707819088022
0.10646117121882873 0.07783411526239423 0.24602817635207871 0.13403894162038896 0.09015399377916539 0.08024252152362289 0.14838661831805366 0.11685446192546729
0.08110884997823567 0.13449132479427828 0.13239261847991296 0.13753005972599927 0.09385269026038448 0.1623071271888776 0.09328125790111254 0.16503607167119907
0.13218121927289023 0.1199190611723629 0.1849056233564894 0.10825154373167667 0.12248403310731192 0.11413973721335309 0.12069239278740669 0.09742638935850902
0.10993021084292225 0.08643148969149246 0.24436950948808212 0.12787766064338443 0.09690869581765571 0.07681849042904662 0.1425740485083704 0.115089894579046
0.10416046055880346 0.0797636747264159 0.26945557923368524 0.12780974619568888 0.09107979452379121 0.07020364421806315 0.14249832896743223 0.11502877157612
0.10217589108538133 0.07802627031037658 0.2790303788645861 0.12697160413354538 0.08929893365419792 0.0686586151156646 0.14156386311605731 0.11427444372019084
0.13507669380998344 0.10318077469843563 0.23520163638991246 0.1053510364918333 0.11809039345914173 0.09082498863729807 0.11745854367074547 0.09481593284264997
0.12557212738520682 0.09454895626665374 0.1900678025870994 0.09065745789530613 0.1452952909964434 0.11030101529981129 0.13476840009511182 0.10878894947436735
0.14201317731207347 0.10702030259649693 0.20201487842337953 0.1047931947881894 0.13320592639629203 0.09980205337303785 0.1168365918011604 0.09431387530937045
0.11140889286752058 0.08339064377342048 0.250584262113191 0.12681530484508208 0.0984339581455378 0.07384356282112743 0.14138960107354673 0.11413377436057388
0.12107014113036056 0.09176278497692379 0.19720642171303984 0.09252463655486189 0.14117900175312295 0.10768336342579338 0.13754408658006334 0.11102956386583426
