Timestep: 0, Trans probs: [0.1111111111111111, 0.1111111111111111, 0.2222222222222222, 0.1111111111111111, 0.1111111111111111, 0.1111111111111111, 0.1111111111111111, 0.1111111111111111]
Timestep: 1, Trans probs: [0.125, 0.125, 0.125, 0.125, 0.125, 0.125, 0.125, 0.125]
Timestep: 2, Trans probs: [0.125, 0.125, 0.125, 0.125, 0.125, 0.125, 0.125, 0.125]
Timestep: 3, Trans probs: [0.1111111111111111, 0.1111111111111111, 0.2222222222222222, 0.1111111111111111, 0.1111111111111111, 0.1111111111111111, 0.1111111111111111, 0.1111111111111111]
Timestep: 4, Trans probs: [0.125, 0.125, 0.125, 0.125, 0.125, 0.125, 0.125, 0.125]
Timestep: 5, Trans probs: [0.125, 0.125, 0.125, 0.125, 0.125, 0.125, 0.125, 0.125]
Timestep: 6, Trans probs: [0.125, 0.125, 0.125, 0.125, 0.125, 0.125, 0.125, 0.125]
Timestep: 7, Trans probs: [0.10033804097638786, 0.10033804097638786, 0.19729567218889726, 0.10033804097638786, 0.20067608195277573, 0.10033804097638786, 0.10033804097638786, 0.10033804097638786]
Timestep: 8, Trans probs: [0.125, 0.125, 0.125, 0.125, 0.125, 0.125, 0.125, 0.125]
Timestep: 9, Trans probs: [0.09198450165614037, 0.09198450165614037, 0.17657954891570193, 0.09198450165614037, 0.2715134411474558, 0.09198450165614037, 0.09198450165614037, 0.09198450165614037]
Timestep: 10, Trans probs: [0.1111111111111111, 0.1111111111111111, 0.2222222222222222, 0.1111111111111111, 0.1111111111111111, 0.1111111111111111, 0.1111111111111111, 0.1111111111111111]
Timestep: 11, Trans probs: [0.08610242065156828, 0.08610242065156828, 0.15819167841323478, 0.08610242065156828, 0.3251937976773556, 0.08610242065156828, 0.08610242065156828, 0.08610242065156828]
Timestep: 12, Trans probs: [0.08234765027854635, 0.08234765027854635, 0.22466634885652773, 0.08234765027854635, 0.28124774947219416, 0.08234765027854635, 0.08234765027854635, 0.08234765027854635]
Timestep: 13, Trans probs: [0.10033804097638786, 0.10033804097638786, 0.2976337131652851, 0.10033804097638786, 0.10033804097638786, 0.10033804097638786, 0.10033804097638786, 0.10033804097638786]
Timestep: 14, Trans probs: [0.07929996043365804, 0.07929996043365804, 0.19871276637590016, 0.07929996043365804, 0.32548747102215153, 0.07929996043365804, 0.07929996043365804, 0.07929996043365804]
Timestep: 15, Trans probs: [0.1111111111111111, 0.1111111111111111, 0.2222222222222222, 0.1111111111111111, 0.1111111111111111, 0.1111111111111111, 0.1111111111111111, 0.1111111111111111]
Timestep: 16, Trans probs: [0.15495121740332615, 0.07747560870166308, 0.17635021537849876, 0.07747560870166308, 0.28132052370985966, 0.07747560870166308, 0.07747560870166308, 0.07747560870166308]
Timestep: 17, Trans probs: [0.14124249167975356, 0.07498265472271448, 0.23452631422341233, 0.07498265472271448, 0.2493179204832617, 0.07498265472271448, 0.07498265472271448, 0.07498265472271448]
Timestep: 18, Trans probs: [0.12975421385811906, 0.07308951688561866, 0.2826190483362055, 0.07308951688561866, 0.22217915337758226, 0.07308951688561866, 0.07308951688561866, 0.07308951688561866]
Timestep: 19, Trans probs: [0.12003719293407591, 0.07196728765473871, 0.3216830724900346, 0.07196728765473871, 0.19844329630219595, 0.07196728765473871, 0.07196728765473871, 0.07196728765473871]
Timestep: 20, Trans probs: [0.11189124586304482, 0.07155529129903054, 0.3526496797213359, 0.07155529129903054, 0.17768261792046658, 0.07155529129903054, 0.07155529129903054, 0.07155529129903054]
Timestep: 21, Trans probs: [0.10033804097638786, 0.10033804097638786, 0.2976337131652851, 0.10033804097638786, 0.10033804097638786, 0.10033804097638786, 0.10033804097638786, 0.10033804097638786]
Timestep: 22, Trans probs: [0.17686635269660622, 0.07170331784749996, 0.3048783793778623, 0.07170331784749996, 0.15973867868803163, 0.07170331784749996, 0.07170331784749996, 0.07170331784749996]
Timestep: 23, Trans probs: [0.16011893558971851, 0.07093444819582757, 0.33961517069291536, 0.07093444819582757, 0.1455936527382283, 0.07093444819582757, 0.07093444819582757, 0.07093444819582757]
Timestep: 24, Trans probs: [0.125, 0.125, 0.125, 0.125, 0.125, 0.125, 0.125, 0.125]
Timestep: 25, Trans probs: [0.14555647386874518, 0.14171958816752747, 0.2958939730001429, 0.07085979408376374, 0.13339078862852963, 0.07085979408376374, 0.07085979408376374, 0.07085979408376374]
Timestep: 26, Trans probs: [0.1340498819782486, 0.13073762589290402, 0.3333979728922241, 0.06956671739132385, 0.12354764967132793, 0.06956671739132385, 0.06956671739132385, 0.06956671739132385]
Timestep: 27, Trans probs: [0.12403712502234589, 0.1212220887600157, 0.36269390756662556, 0.069233860436264, 0.11511143690595689, 0.069233860436264, 0.069233860436264, 0.069233860436264]
Timestep: 28, Trans probs: [0.11549331398280417, 0.11313611831758598, 0.38493800733698597, 0.06960331268840318, 0.10801930960901118, 0.06960331268840318, 0.06960331268840318, 0.06960331268840318]
Timestep: 29, Trans probs: [0.10834229984980552, 0.1063949232274665, 0.40137235708657387, 0.07043067586438119, 0.10216771637862947, 0.07043067586438119, 0.07043067586438119, 0.07043067586438119]
Timestep: 30, Trans probs: [0.10246185303755583, 0.1008720229066733, 0.4132013281199737, 0.07151096175576507, 0.09742094891273684, 0.07151096175576507, 0.07151096175576507, 0.07151096175576507]
Timestep: 31, Trans probs: [0.09770004205628707, 0.09641523194331032, 0.4215092733773073, 0.07268729550429243, 0.09362627060592557, 0.07268729550429243, 0.07268729550429243, 0.07268729550429243]
Timestep: 32, Trans probs: [0.09389300619553656, 0.09286347451372799, 0.42721473759780587, 0.07385003271312562, 0.09062865084042714, 0.07385003271312562, 0.07385003271312562, 0.07385003271312562]
Timestep: 33, Trans probs: [0.09269782909450858, 0.09269782909450858, 0.3511151963384399, 0.09269782909450858, 0.09269782909450858, 0.09269782909450858, 0.09269782909450858, 0.09269782909450858]
Timestep: 34, Trans probs: [0.1658103805756821, 0.09006065066507646, 0.35612483796064714, 0.07493046723551128, 0.08828226185654914, 0.07493046723551128, 0.07493046723551128, 0.07493046723551128]
Timestep: 35, Trans probs: [0.08772939489329787, 0.08772939489329787, 0.3858942357469149, 0.08772939489329787, 0.08772939489329787, 0.08772939489329787, 0.08772939489329787, 0.08772939489329787]
Timestep: 36, Trans probs: [0.22376732341624597, 0.08680526404501021, 0.3069475739185469, 0.0742865047078334, 0.08533381978886337, 0.0742865047078334, 0.0742865047078334, 0.0742865047078334]
Timestep: 37, Trans probs: [0.1985020693431015, 0.08385649072197272, 0.34150652832758105, 0.07337752731839882, 0.08262480233374948, 0.07337752731839882, 0.07337752731839882, 0.07337752731839882]
Timestep: 38, Trans probs: [0.17673803763447482, 0.08178553386443733, 0.3682846959148598, 0.07310657891431108, 0.08076541692898383, 0.07310657891431108, 0.07310657891431108, 0.07310657891431108]
Timestep: 39, Trans probs: [0.1111111111111111, 0.1111111111111111, 0.2222222222222222, 0.1111111111111111, 0.1111111111111111, 0.1111111111111111, 0.1111111111111111, 0.1111111111111111]
Timestep: 40, Trans probs: [0.15824035245671197, 0.15372479507386747, 0.3152286120030436, 0.07330583840786, 0.07958288683493706, 0.07330583840786, 0.07330583840786, 0.07330583840786]
Timestep: 41, Trans probs: [0.0846700303707792, 0.0846700303707792, 0.4073097874045456, 0.0846700303707792, 0.0846700303707792, 0.0846700303707792, 0.0846700303707792, 0.0846700303707792]
Timestep: 42, Trans probs: [0.21631906834864756, 0.14031970104599792, 0.27717759547251947, 0.07217289627968157, 0.07749205001410879, 0.07217289627968157, 0.07217289627968157, 0.07217289627968157]
Timestep: 43, Trans probs: [0.19402851828126577, 0.12918901054332296, 0.3169994726569412, 0.07104898343802367, 0.07558706476637542, 0.07104898343802367, 0.07104898343802367, 0.07104898343802367]
Timestep: 44, Trans probs: [0.08284106935077415, 0.08284106935077415, 0.4201125145445809, 0.08284106935077415, 0.08284106935077415, 0.08284106935077415, 0.08284106935077415, 0.08284106935077415]
Timestep: 45, Trans probs: [0.20067608195277573, 0.10033804097638786, 0.19729567218889726, 0.10033804097638786, 0.10033804097638786, 0.10033804097638786, 0.10033804097638786, 0.10033804097638786]
Timestep: 46, Trans probs: [0.24505487510067794, 0.11970168879652217, 0.27813342653017065, 0.0706563618082868, 0.07448456233948211, 0.0706563618082868, 0.0706563618082868, 0.0706563618082868]
Timestep: 47, Trans probs: [0.21776778045977863, 0.11173693587084395, 0.315999110707263, 0.07025161270494479, 0.07348972214233522, 0.07025161270494479, 0.07025161270494479, 0.07025161270494479]
Timestep: 48, Trans probs: [0.19402912625559238, 0.10508846815603118, 0.3467172078441591, 0.07028980218149736, 0.07300598901822805, 0.07028980218149736, 0.07028980218149736, 0.07028980218149736]
Timestep: 49, Trans probs: [0.08176436472709125, 0.08176436472709125, 0.34588508218326997, 0.08176436472709125, 0.08176436472709125, 0.1635287294541825, 0.08176436472709125, 0.08176436472709125]
Timestep: 50, Trans probs: [0.2442137701334017, 0.09962175743632003, 0.30031821642546636, 0.07071803908042706, 0.07297409968310364, 0.07071803908042706, 0.07071803908042706, 0.07071803908042706]
Timestep: 51, Trans probs: [0.21587803194479438, 0.09492751129916072, 0.3335588208590374, 0.0707496904186677, 0.0726368742223367, 0.0707496904186677, 0.0707496904186677, 0.0707496904186677]
Timestep: 52, Trans probs: [0.19155110620727367, 0.09115200875433582, 0.36031843691019083, 0.07108238539246299, 0.07264890655834776, 0.07108238539246299, 0.07108238539246299, 0.07108238539246299]
Timestep: 53, Trans probs: [0.07947064974814388, 0.07947064974814388, 0.3763895679435257, 0.07947064974814388, 0.07947064974814388, 0.14678653356761096, 0.07947064974814388, 0.07947064974814388]
Timestep: 54, Trans probs: [0.24247529371950097, 0.08819059347114, 0.3096574316980202, 0.07167755333901525, 0.07296646775527783, 0.07167755333901525, 0.07167755333901525, 0.07167755333901525]
Timestep: 55, Trans probs: [0.1795289394913154, 0.09198450165614037, 0.2685640505718423, 0.09198450165614037, 0.09198450165614037, 0.09198450165614037, 0.09198450165614037, 0.09198450165614037]
Timestep: 56, Trans probs: [0.09269782909450858, 0.09269782909450858, 0.3511151963384399, 0.09269782909450858, 0.09269782909450858, 0.09269782909450858, 0.09269782909450858, 0.09269782909450858]
Timestep: 57, Trans probs: [0.2136657501613825, 0.08544362325065236, 0.2694991322669902, 0.07172005167100202, 0.07279123596596483, 0.14344010334200405, 0.07172005167100202, 0.07172005167100202]
Timestep: 58, Trans probs: [0.10033804097638786, 0.10033804097638786, 0.2976337131652851, 0.10033804097638786, 0.10033804097638786, 0.10033804097638786, 0.10033804097638786, 0.10033804097638786]
Timestep: 59, Trans probs: [0.1923145904386571, 0.15268548196774429, 0.24024850391995053, 0.07045178052307616, 0.07137141056125203, 0.13202467154316763, 0.07045178052307616, 0.07045178052307616]
Timestep: 60, Trans probs: [0.17539448044832515, 0.1406759097074114, 0.28602077105620954, 0.06863198313284694, 0.06943765961076499, 0.12257522977874807, 0.06863198313284694, 0.06863198313284694]
Timestep: 61, Trans probs: [0.16014670764250513, 0.1300987348320404, 0.3236374226366338, 0.06774668805493686, 0.06844397899710068, 0.11443309172690931, 0.06774668805493686, 0.06774668805493686]
Timestep: 62, Trans probs: [0.16074642711828865, 0.08608155896538619, 0.2366826601240081, 0.08608155896538619, 0.17216311793077238, 0.08608155896538619, 0.08608155896538619, 0.08608155896538619]
Timestep: 63, Trans probs: [0.08772939489329787, 0.08772939489329787, 0.3858942357469149, 0.08772939489329787, 0.08772939489329787, 0.08772939489329787, 0.08772939489329787, 0.08772939489329787]
Timestep: 64, Trans probs: [0.1465425233220324, 0.12089355635495713, 0.2860982921840008, 0.06766981316924413, 0.06826502112070273, 0.17519116751057454, 0.06766981316924413, 0.06766981316924413]
Timestep: 65, Trans probs: [0.13527375167049005, 0.1130705885426057, 0.3230781122091058, 0.06699717538152347, 0.06751242027455226, 0.16007360115867583, 0.06699717538152347, 0.06699717538152347]
Timestep: 66, Trans probs: [0.0846700303707792, 0.0846700303707792, 0.4073097874045456, 0.0846700303707792, 0.0846700303707792, 0.0846700303707792, 0.0846700303707792, 0.0846700303707792]
Timestep: 67, Trans probs: [0.12539213155376094, 0.10642609766364214, 0.2858153940489222, 0.06706999734525501, 0.13458011901183353, 0.14657626568607612, 0.06706999734525501, 0.06706999734525501]
Timestep: 68, Trans probs: [0.07827609569508633, 0.07827609569508633, 0.3974518385982826, 0.07827609569508633, 0.07827609569508633, 0.13289158723119943, 0.07827609569508633, 0.07827609569508633]
Timestep: 69, Trans probs: [0.1830835131222765, 0.10047547589298073, 0.2576710034976353, 0.06598845198089952, 0.1251463248744967, 0.1356583266699122, 0.06598845198089952, 0.06598845198089952]
Timestep: 70, Trans probs: [0.16811229685545973, 0.09526683819670911, 0.2987405474512927, 0.06485547437653191, 0.11702209797332035, 0.12629179639362237, 0.06485547437653191, 0.06485547437653191]
Timestep: 71, Trans probs: [0.07778802274760925, 0.07778802274760925, 0.41166362738255713, 0.07778802274760925, 0.07778802274760925, 0.12160823613178731, 0.07778802274760925, 0.07778802274760925]
Timestep: 72, Trans probs: [0.08284106935077415, 0.08284106935077415, 0.4201125145445809, 0.08284106935077415, 0.08284106935077415, 0.08284106935077415, 0.08284106935077415, 0.08284106935077415]
Timestep: 73, Trans probs: [0.14594812637888607, 0.0810353282675105, 0.21196623481971677, 0.0810353282675105, 0.2369089974638447, 0.0810353282675105, 0.0810353282675105, 0.0810353282675105]
Timestep: 74, Trans probs: [0.21903133474080208, 0.09105226451892559, 0.2681182336620377, 0.06458782531687597, 0.10998402808886237, 0.11805066303874436, 0.06458782531687597, 0.06458782531687597]
Timestep: 75, Trans probs: [0.19883948373047233, 0.08739445469104648, 0.3059337274259006, 0.0643490442948676, 0.10388036084086703, 0.11090484042711092, 0.0643490442948676, 0.0643490442948676]
Timestep: 76, Trans probs: [0.08176436472709125, 0.08176436472709125, 0.34588508218326997, 0.08176436472709125, 0.08176436472709125, 0.1635287294541825, 0.08176436472709125, 0.08176436472709125]
Timestep: 77, Trans probs: [0.0777211929531558, 0.0777211929531558, 0.3433654157287654, 0.0777211929531558, 0.1554423859063116, 0.11258623359914399, 0.0777211929531558, 0.0777211929531558]
Timestep: 78, Trans probs: [0.1522836140928836, 0.0761418070464418, 0.29718308223801815, 0.0761418070464418, 0.1408132364503019, 0.10515283903302924, 0.0761418070464418, 0.0761418070464418]
Timestep: 79, Trans probs: [0.18049360972441944, 0.08453331502670339, 0.27270763913444085, 0.06468995016684236, 0.16341853640601062, 0.10477704920789865, 0.06468995016684236, 0.06468995016684236]
Timestep: 80, Trans probs: [0.16542886044560004, 0.08162196012687963, 0.3102557230695038, 0.06429176219410947, 0.15051634926544427, 0.09930182051024383, 0.06429176219410947, 0.06429176219410947]
Timestep: 81, Trans probs: [0.15180768757554455, 0.07950858199463051, 0.34130595761092947, 0.06455804921851724, 0.13894286121649346, 0.09476076394685028, 0.06455804921851724, 0.06455804921851724]
Timestep: 82, Trans probs: [0.13965258952696585, 0.07809798363226486, 0.36635845828419694, 0.06536927633284288, 0.12869962807505822, 0.0910835114829856, 0.06536927633284288, 0.06536927633284288]
Timestep: 83, Trans probs: [0.13918665241943518, 0.07383746250216361, 0.3373850045568092, 0.07383746250216361, 0.12934212789257832, 0.09873636512252291, 0.07383746250216361, 0.07383746250216361]
Timestep: 84, Trans probs: [0.19556390269625482, 0.07726910647381365, 0.31947836713462474, 0.06657388095639392, 0.1197868567949747, 0.08818012403115034, 0.06657388095639392, 0.06657388095639392]
Timestep: 85, Trans probs: [0.17668060571244906, 0.07601925767032498, 0.3490422349665219, 0.0669183009708133, 0.1121991590668211, 0.08530383967144296, 0.0669183009708133, 0.0669183009708133]
Timestep: 86, Trans probs: [0.15998434073653728, 0.07535857337447088, 0.3725957918411488, 0.06770741968534269, 0.10577493455295542, 0.08316410043885948, 0.06770741968534269, 0.06770741968534269]
Timestep: 87, Trans probs: [0.15894129949628777, 0.07947064974814388, 0.29691891819538185, 0.07947064974814388, 0.07947064974814388, 0.14678653356761096, 0.07947064974814388, 0.07947064974814388]
Timestep: 88, Trans probs: [0.1454610356493257, 0.0751617404003334, 0.3220790521285421, 0.06880586642773835, 0.1692347189800703, 0.08164585355851339, 0.06880586642773835, 0.06880586642773835]
Timestep: 89, Trans probs: [0.13379695074604345, 0.07407746772092319, 0.3525126697215627, 0.06867813183182502, 0.15399277309513504, 0.07958574322086057, 0.06867813183182502, 0.06867813183182502]
Timestep: 90, Trans probs: [0.1443065400938454, 0.07666411828641487, 0.338412007024159, 0.07666411828641487, 0.07666411828641487, 0.13396086144992134, 0.07666411828641487, 0.07666411828641487]
Timestep: 91, Trans probs: [0.13174629579446392, 0.0751833864111469, 0.29405819479834777, 0.0751833864111469, 0.1503667728222938, 0.12309519094030696, 0.0751833864111469, 0.0751833864111469]
Timestep: 92, Trans probs: [0.12373368877598802, 0.07366281450054885, 0.3071124910050526, 0.06913582506964265, 0.20980238785100527, 0.07828114265847735, 0.06913582506964265, 0.06913582506964265]
Timestep: 93, Trans probs: [0.11529872768327647, 0.07286090327460318, 0.33974639544991186, 0.06902403033501973, 0.18824669176985895, 0.07677519081729024, 0.06902403033501973, 0.06902403033501973]
Timestep: 94, Trans probs: [0.10819301852087342, 0.0726251106283519, 0.36571602483166454, 0.06940935804885537, 0.16933202608621542, 0.07590574578632865, 0.06940935804885537, 0.06940935804885537]
Timestep: 95, Trans probs: [0.10230213725381539, 0.07282804559832762, 0.385867213767238, 0.07016324488652134, 0.1529662561036435, 0.07554661261741151, 0.07016324488652134, 0.07016324488652134]
Timestep: 96, Trans probs: [0.09749836296995203, 0.07333539727348297, 0.4011168104442176, 0.07115078412441878, 0.13903298870564615, 0.07556408823344493, 0.07115078412441878, 0.07115078412441878]
Timestep: 97, Trans probs: [0.13341016912723813, 0.07737760560450094, 0.2677744393416189, 0.07737760560450094, 0.21192736350863822, 0.07737760560450094, 0.07737760560450094, 0.07737760560450094]
Timestep: 98, Trans probs: [0.09269782909450858, 0.09269782909450858, 0.3511151963384399, 0.09269782909450858, 0.09269782909450858, 0.09269782909450858, 0.09269782909450858, 0.09269782909450858]
Timestep: 99, Trans probs: [0.12169171072727678, 0.07296226305841334, 0.33448711311279195, 0.07296226305841334, 0.13773341669306877, 0.11423870723320916, 0.07296226305841334, 0.07296226305841334]
Timestep: 100, Trans probs: [0.09364187763913921, 0.07402570407739804, 0.34012785278878394, 0.07225217382305649, 0.1273608522670094, 0.14808719175849994, 0.07225217382305649, 0.07225217382305649]
Timestep: 101, Trans probs: [0.08962884819621422, 0.07310158538165622, 0.36890860986938995, 0.0716073285873423, 0.11803817857648426, 0.13550079221422834, 0.0716073285873423, 0.0716073285873423]
Timestep: 102, Trans probs: [0.12786506123450014, 0.07276787451928032, 0.3677378628108124, 0.07276787451928032, 0.11956494907296537, 0.09376062880460063, 0.07276787451928032, 0.07276787451928032]
Timestep: 103, Trans probs: [0.15838930130995865, 0.07295527585336706, 0.31850176099988287, 0.07171490806837114, 0.11025669738842737, 0.12475224024325056, 0.07171490806837114, 0.07171490806837114]
Timestep: 104, Trans probs: [0.14463522356046704, 0.07177565701527948, 0.3518996590859154, 0.07071785061216981, 0.10358693349486776, 0.11594897500696091, 0.07071785061216981, 0.07071785061216981]
Timestep: 105, Trans probs: [0.13266162744208818, 0.0714862906110164, 0.37728592300589664, 0.07059812086089629, 0.09819610575187664, 0.10857569060643327, 0.07059812086089629, 0.07059812086089629]
Timestep: 106, Trans probs: [0.12281696996816992, 0.14989156655999047, 0.23761052320338616, 0.07494578327999524, 0.1898978071484726, 0.07494578327999524, 0.07494578327999524, 0.07494578327999524]
Timestep: 107, Trans probs: [0.1224579777122203, 0.07181342996668807, 0.3249723807078079, 0.07107815072433091, 0.09392538844941732, 0.1735963709908736, 0.07107815072433091, 0.07107815072433091]
Timestep: 108, Trans probs: [0.11403283138687444, 0.07113443269895282, 0.3560840099744145, 0.07051161536737988, 0.08986433854250082, 0.1573495412951178, 0.07051161536737988, 0.07051161536737988]
Timestep: 109, Trans probs: [0.10700761435306207, 0.07117677940477057, 0.3798371367175527, 0.07065657199160183, 0.08682091031416428, 0.14318784323564482, 0.07065657199160183, 0.07065657199160183]
Timestep: 110, Trans probs: [0.10125401948243312, 0.0717090038299947, 0.3975009941454299, 0.07128005663446423, 0.08460867790272718, 0.13108713473602232, 0.07128005663446423, 0.07128005663446423]
Timestep: 111, Trans probs: [0.09661849778085724, 0.0725321992421215, 0.4103135857667275, 0.07218250404038455, 0.08304853825589284, 0.12093966683324713, 0.07218250404038455, 0.07218250404038455]
Timestep: 112, Trans probs: [0.09293628381355576, 0.07349123318239946, 0.4193936179486692, 0.07320892160628444, 0.08198115305316436, 0.1125709471833579, 0.07320892160628444, 0.07320892160628444]
Timestep: 113, Trans probs: [0.09004503869442142, 0.07447513944490095, 0.425692665436244, 0.07424908897681726, 0.08127312621961838, 0.10576676327436355, 0.07424908897681726, 0.07424908897681726]
Timestep: 114, Trans probs: [0.11320471466040798, 0.07196248333271897, 0.3652668631953608, 0.07196248333271897, 0.12678163334062317, 0.10689685547273207, 0.07196248333271897, 0.07196248333271897]
Timestep: 115, Trans probs: [0.0877950761053862, 0.0754117812262509, 0.3547475766203742, 0.0752319952456876, 0.1560504572388921, 0.10029912307203365, 0.0752319952456876, 0.0752319952456876]
Timestep: 116, Trans probs: [0.0848187754464627, 0.0745398725544128, 0.3807965491178179, 0.07439063903832525, 0.14147497570486706, 0.0951979100614639, 0.07439063903832525, 0.07439063903832525]
Timestep: 117, Trans probs: [0.11830491945700347, 0.07258159660883699, 0.389948976471613, 0.07258159660883699, 0.11141693241694986, 0.09000278521908564, 0.07258159660883699, 0.07258159660883699]
Timestep: 118, Trans probs: [0.15710477147859575, 0.07440614125836947, 0.3251181848245199, 0.07428397366938265, 0.1292014740017102, 0.09131750742865671, 0.07428397366938265, 0.07428397366938265]
Timestep: 119, Trans probs: [0.11406893214184245, 0.13777194692355127, 0.2867264322836485, 0.07215911303005758, 0.17279623653072754, 0.07215911303005758, 0.07215911303005758, 0.07215911303005758]
Timestep: 120, Trans probs: [0.11039817119496464, 0.07296422928345948, 0.4057589197484199, 0.07296422928345948, 0.10475893741484785, 0.08722705450792968, 0.07296422928345948, 0.07296422928345948]
Timestep: 121, Trans probs: [0.17763884554772663, 0.07366772999398445, 0.3430704512259794, 0.07366772999398445, 0.0994060639782369, 0.08521371927211922, 0.07366772999398445, 0.07366772999398445]
Timestep: 122, Trans probs: [0.2328200644609132, 0.07307624912180773, 0.29764321714116515, 0.07307624912180773, 0.09453104214795446, 0.08270067976273622, 0.07307624912180773, 0.07307624912180773]
Timestep: 123, Trans probs: [0.14303659487832932, 0.07307894289778757, 0.2851649937117399, 0.07297559707874701, 0.11943222357496933, 0.16036045370093271, 0.07297559707874701, 0.07297559707874701]
Timestep: 124, Trans probs: [0.1317085770888085, 0.07120787301459333, 0.3257424092413258, 0.07111849759048934, 0.11129506916433313, 0.14669057871947122, 0.07111849759048934, 0.07111849759048934]
Timestep: 125, Trans probs: [0.1219140877540158, 0.07043188611757761, 0.35738021240398454, 0.07035583338934127, 0.10454350757389576, 0.13466280598250246, 0.07035583338934127, 0.07035583338934127]
Timestep: 126, Trans probs: [0.20652858883036465, 0.0723403991643416, 0.33332180977151166, 0.0723403991643416, 0.09036287990781407, 0.08042512483294306, 0.0723403991643416, 0.0723403991643416]
Timestep: 127, Trans probs: [0.18402234513086185, 0.0704731073899724, 0.3109233992249752, 0.07040937849168628, 0.09905717142786528, 0.12429584135126635, 0.07040937849168628, 0.07040937849168628]
Timestep: 128, Trans probs: [0.16657671381664652, 0.06981417946612788, 0.3444770529115638, 0.06975987201473306, 0.09417248017665777, 0.11567995758480482, 0.06975987201473306, 0.06975987201473306]
Timestep: 129, Trans probs: [0.15121648169956625, 0.06988487754859288, 0.3705859003728813, 0.06983923062368606, 0.09035870747126452, 0.10843634103663674, 0.06983923062368606, 0.06983923062368606]
Timestep: 130, Trans probs: [0.1379454678597844, 0.07047134488906627, 0.3903716542872454, 0.0704334754008575, 0.08745679270243492, 0.10245431405889655, 0.0704334754008575, 0.0704334754008575]
Timestep: 131, Trans probs: [0.12669480436377503, 0.07137740768469232, 0.4049880492702946, 0.0713463610936579, 0.08530260912631353, 0.09759804627395068, 0.0713463610936579, 0.0713463610936579]
Timestep: 132, Trans probs: [0.10619525419882897, 0.07184535950110547, 0.38797853366025914, 0.07184535950110547, 0.11750321965005425, 0.10094155448643574, 0.07184535950110547, 0.07184535950110547]
Timestep: 133, Trans probs: [0.1837868575997435, 0.07217933536700966, 0.3614231430930585, 0.07217933536700966, 0.08716906304179493, 0.07890359479736443, 0.07217933536700966, 0.07217933536700966]
Timestep: 134, Trans probs: [0.17281797771417715, 0.07230168747014858, 0.33196978866923277, 0.07230168747014858, 0.10980452114530773, 0.09620096259068803, 0.07230168747014858, 0.07230168747014858]
Timestep: 135, Trans probs: [0.1643335623649327, 0.07246208226222173, 0.31055765319446726, 0.07246208226222173, 0.15726319365320934, 0.07799726173850363, 0.07246208226222173, 0.07246208226222173]
Timestep: 136, Trans probs: [0.2209244579534718, 0.07148019649302752, 0.27353309190586655, 0.07148019649302752, 0.143444198274697, 0.07617746589385453, 0.07148019649302752, 0.07148019649302752]
Timestep: 137, Trans probs: [0.2279789806921335, 0.0716312174104077, 0.29048315228727345, 0.0716312174104077, 0.1032391341135888, 0.09177386326537358, 0.0716312174104077, 0.0716312174104077]
Timestep: 138, Trans probs: [0.11732288936100053, 0.07244239708718231, 0.34310968660205177, 0.07241720815254873, 0.1561574958353014, 0.09371590665681781, 0.07241720815254873, 0.07241720815254873]
Timestep: 139, Trans probs: [0.10957033100257814, 0.07187721477400183, 0.37105461358515596, 0.07185605971547383, 0.1421857784133628, 0.08974388307847991, 0.07185605971547383, 0.07185605971547383]
Timestep: 140, Trans probs: [0.20342917921378964, 0.07089886542605428, 0.32731055811283694, 0.07089886542605428, 0.09769174708244835, 0.08797305388670797, 0.07089886542605428, 0.07089886542605428]
Timestep: 141, Trans probs: [0.10322578688017621, 0.07202063229371794, 0.3197018513805794, 0.07200311856872772, 0.202230389544518, 0.08681198419482529, 0.07200311856872772, 0.07200311856872772]
Timestep: 142, Trans probs: [0.09774732099910192, 0.071496044413488, 0.3513387070646516, 0.07148131102585205, 0.18103475354777132, 0.08393924089743102, 0.07148131102585205, 0.07148131102585205]
Timestep: 143, Trans probs: [0.09340323851709881, 0.07158540251278654, 0.37574006123628606, 0.07157315736980537, 0.16262469289630838, 0.08192713272810417, 0.07157315736980537, 0.07157315736980537]
Timestep: 144, Trans probs: [0.09002757174933874, 0.07210125781360702, 0.3940967941403498, 0.07209119676643326, 0.14690239297562277, 0.08059839302178186, 0.07209119676643326, 0.07209119676643326]
Timestep: 145, Trans probs: [0.08745273620603487, 0.07287542706258007, 0.40758280851801454, 0.07286724562631355, 0.13370216899331272, 0.07978512234111715, 0.07286724562631355, 0.07286724562631355]
Timestep: 146, Trans probs: [0.08552071596247246, 0.07377320508083292, 0.4172726302484945, 0.07376661185360403, 0.12279204701482599, 0.07934156613256196, 0.07376661185360403, 0.07376661185360403]
Timestep: 147, Trans probs: [0.08409094577770908, 0.07469612995169687, 0.4240931668571687, 0.0746908571619001, 0.11389788057054756, 0.07914930535717757, 0.0746908571619001, 0.0746908571619001]
Timestep: 148, Trans probs: [0.08304439842313441, 0.07557871477678586, 0.4288050628690682, 0.07557452470203768, 0.10673077501122423, 0.07911747481367426, 0.07557452470203768, 0.07557452470203768]
Timestep: 149, Trans probs: [0.19804179618306805, 0.07051503272082964, 0.24293484696035939, 0.07051503272082964, 0.20243982546403508, 0.07452340050921898, 0.07051503272082964, 0.07051503272082964]
Timestep: 150, Trans probs: [0.15866351417510144, 0.07638239872464499, 0.3556270496105871, 0.07637908624253101, 0.1010097976475331, 0.07917998111454037, 0.07637908624253101, 0.07637908624253101]
Timestep: 151, Trans probs: [0.18191343957350517, 0.0707882792612668, 0.3565748456418688, 0.0707882792612668, 0.09325380570725604, 0.08510479203230271, 0.0707882792612668, 0.0707882792612668]
Timestep: 152, Trans probs: [0.179170385621679, 0.06943773215298485, 0.287237135326385, 0.06943773215298485, 0.18295474750722493, 0.07288680293277174, 0.06943773215298485, 0.06943773215298485]
Timestep: 153, Trans probs: [0.14340767571383678, 0.07538411595381289, 0.3062416473960598, 0.0753813774539299, 0.17112549136345517, 0.07769693721104566, 0.0753813774539299, 0.0753813774539299]
Timestep: 154, Trans probs: [0.17731456241549867, 0.12720236631179868, 0.2557677530823746, 0.07057070902240813, 0.15743248210069552, 0.07057070902240813, 0.07057070902240813, 0.07057070902240813]
Timestep: 155, Trans probs: [0.13140448731518584, 0.0736963647823204, 0.26954549057201926, 0.07369404156243362, 0.15491903297399112, 0.14935249966918251, 0.07369404156243362, 0.07369404156243362]
Timestep: 156, Trans probs: [0.12164817829807781, 0.07141547599200658, 0.31330806507121284, 0.07141345371840205, 0.14211668637107186, 0.13727123311242473, 0.07141345371840205, 0.07141345371840205]
Timestep: 157, Trans probs: [0.11333962803168984, 0.07032112464821054, 0.34779356086941676, 0.07031939280461255, 0.1308685393458328, 0.1267189686910124, 0.07031939280461255, 0.07031939280461255]
Timestep: 158, Trans probs: [0.16260066523600686, 0.06896934942736399, 0.3237798687967314, 0.06896934942736399, 0.165829738548636, 0.07191232970916973, 0.06896934942736399, 0.06896934942736399]
Timestep: 159, Trans probs: [0.17654690775358886, 0.0701445163975453, 0.30401982913716175, 0.07014305666529727, 0.12117857852216156, 0.11768099819365076, 0.07014305666529727, 0.07014305666529727]
Timestep: 160, Trans probs: [0.234449713976831, 0.0711606029509902, 0.3080924545181772, 0.0711606029509902, 0.08978568685430809, 0.08302973284672296, 0.0711606029509902, 0.0711606029509902]
Timestep: 161, Trans probs: [0.1620709197962013, 0.11831476874231059, 0.2994394595749457, 0.06886606077391677, 0.14471060879087538, 0.06886606077391677, 0.06886606077391677, 0.06886606077391677]
Timestep: 162, Trans probs: [0.14810224535187086, 0.06907369128048703, 0.35321759420997695, 0.06907369128048703, 0.15082771164147327, 0.07155768367473075, 0.06907369128048703, 0.06907369128048703]
Timestep: 163, Trans probs: [0.21654592080728619, 0.11072504699984538, 0.26676509483861344, 0.06812467748930058, 0.13346522739705266, 0.06812467748930058, 0.06812467748930058, 0.06812467748930058]
Timestep: 164, Trans probs: [0.16053870768315534, 0.06929962524625241, 0.26984557789879404, 0.06929837353913174, 0.18235924270044782, 0.11006172585395506, 0.06929837353913174, 0.06929837353913174]
Timestep: 165, Trans probs: [0.13557073071411713, 0.06963438431638021, 0.30670579515657753, 0.06963438431638021, 0.13784468462202057, 0.141341252241764, 0.06963438431638021, 0.06963438431638021]
Timestep: 166, Trans probs: [0.21546919571772247, 0.06816176962068271, 0.24212843399010098, 0.06816068380813119, 0.1662370698859836, 0.1035214793611166, 0.06816068380813119, 0.06816068380813119]
Timestep: 167, Trans probs: [0.207692143805661, 0.0710692936401533, 0.26930850660872313, 0.0710692936401533, 0.08665277028141151, 0.15206940474359124, 0.0710692936401533, 0.0710692936401533]
Timestep: 168, Trans probs: [0.19521843453242707, 0.06720608865852404, 0.2183857094002288, 0.067205145071255, 0.2196401294609284, 0.09793420273412666, 0.067205145071255, 0.067205145071255]
Timestep: 169, Trans probs: [0.177766705032639, 0.06643150838457995, 0.26434648920362497, 0.06643068772565494, 0.19900679862503293, 0.09315643557715826, 0.06643068772565494, 0.06643068772565494]
Timestep: 170, Trans probs: [0.16233571764719837, 0.06612047082094256, 0.3032772387296044, 0.06611976161214422, 0.18069128631848774, 0.08921600164733434, 0.06611976161214422, 0.06611976161214422]
Timestep: 171, Trans probs: [0.1486541992880942, 0.06633002167735755, 0.3355767134447003, 0.06632941486052753, 0.16435968407648782, 0.08609113693177765, 0.06632941486052753, 0.06632941486052753]
Timestep: 172, Trans probs: [0.13663262902452478, 0.06699993401924767, 0.3617377095675535, 0.0669994207521556, 0.1499168823741459, 0.08371458275806123, 0.0669994207521556, 0.0669994207521556]
Timestep: 173, Trans probs: [0.12622087120104636, 0.06801844303741518, 0.38239277297203617, 0.06801801402355821, 0.13732450292505483, 0.08198936779377279, 0.06801801402355821, 0.06801801402355821]
Timestep: 174, Trans probs: [0.11735134185740884, 0.0692598667103375, 0.3982804533774754, 0.06925951222496823, 0.12652604548998098, 0.08080375588989262, 0.06925951222496823, 0.06925951222496823]
Timestep: 175, Trans probs: [0.10992142555658577, 0.070606584175714, 0.41018762171900314, 0.07060629438347905, 0.11742175730827355, 0.08004372808998651, 0.07060629438347905, 0.07060629438347905]
Timestep: 176, Trans probs: [0.1254951287587159, 0.06877923637121033, 0.3414781219183149, 0.06877923637121033, 0.12745109587216252, 0.13045870796596534, 0.06877923637121033, 0.06877923637121033]
Timestep: 177, Trans probs: [0.1757562671822066, 0.07196112675889738, 0.34692871388642604, 0.07196089210659704, 0.10986858852515229, 0.07960262732752663, 0.07196089210659704, 0.07196089210659704]
Timestep: 178, Trans probs: [0.15833256660871417, 0.07181181207638333, 0.3728287941721863, 0.07181161647672425, 0.10341042238748145, 0.07818155532506207, 0.07181161647672425, 0.07181161647672425]
Timestep: 179, Trans probs: [0.14342591501614588, 0.07217894381598837, 0.3922352256669871, 0.07217878274615776, 0.09819935118493413, 0.07742421607747134, 0.07217878274615776, 0.07217878274615776]
Timestep: 180, Trans probs: [0.13090002136769127, 0.07286736238010487, 0.40642942379525065, 0.07286723118420427, 0.09406171495570982, 0.07713978394863064, 0.07286723118420427, 0.07286723118420427]
Timestep: 181, Trans probs: [0.12054537944509273, 0.07372106660117098, 0.4165803813179299, 0.0737209607442621, 0.09082197172662436, 0.07716831867639576, 0.0737209607442621, 0.0737209607442621]
Timestep: 182, Trans probs: [0.11210610197889043, 0.07462591540347241, 0.4236910342182449, 0.07462583067106622, 0.08831421269567102, 0.07738524369052262, 0.07462583067106622, 0.07462583067106622]
Timestep: 183, Trans probs: [0.10530889215650706, 0.07550552632130102, 0.4285793857164456, 0.07550545894407773, 0.08639013947656266, 0.07769967949695052, 0.07550545894407773, 0.07550545894407773]
Timestep: 184, Trans probs: [0.0998864898006048, 0.0763141795061158, 0.43188423327549397, 0.07631412621559744, 0.08492312254127518, 0.07804959622971792, 0.07631412621559744, 0.07631412621559744]
Timestep: 185, Trans probs: [0.09559332057810398, 0.0770290313378966, 0.43408595351742457, 0.07702898936913816, 0.08380897384503948, 0.07839575261412104, 0.07702898936913816, 0.07702898936913816]
Timestep: 186, Trans probs: [0.09221379944774068, 0.07764298635411751, 0.43553419541289273, 0.07764295341351166, 0.08296445456541468, 0.07871570397929938, 0.07764295341351166, 0.07764295341351166]
Timestep: 187, Trans probs: [0.08956497012222582, 0.07815887735163747, 0.4364764479998997, 0.07815885156559492, 0.08232454468288312, 0.07899860514656913, 0.07815885156559492, 0.07815885156559492]
Timestep: 188, Trans probs: [0.0874954234091949, 0.07858511426705607, 0.4370837940284505, 0.07858509412329472, 0.08183928591472299, 0.07924110001069137, 0.07858509412329472, 0.07858509412329472]
Timestep: 189, Trans probs: [0.11682297452361841, 0.06877207217638663, 0.36858040188170393, 0.06877207217638663, 0.11848011118860237, 0.12102822370052875, 0.06877207217638663, 0.06877207217638663]
Timestep: 190, Trans probs: [0.1956785734558673, 0.10423662705120458, 0.3064987628005067, 0.0674247905444439, 0.12388687451464575, 0.0674247905444439, 0.0674247905444439, 0.0674247905444439]
Timestep: 191, Trans probs: [0.16481481918747998, 0.07893267185793201, 0.3585395153690891, 0.07893265614704144, 0.08147072489414749, 0.07944430025022696, 0.07893265614704144, 0.07893265614704144]
Timestep: 192, Trans probs: [0.10949969197965555, 0.06936959165365962, 0.31975694676930755, 0.06936959165365962, 0.11088366308885832, 0.18238133154754013, 0.06936959165365962, 0.06936959165365962]
Timestep: 193, Trans probs: [0.22548673071599887, 0.07756310567655542, 0.3066361661149956, 0.07756309280511872, 0.07964245240948956, 0.07798226666760436, 0.07756309280511872, 0.07756309280511872]
Timestep: 194, Trans probs: [0.18735532545965597, 0.06989727596505586, 0.3102257152415577, 0.06989727596505586, 0.08329477695708949, 0.13953507848147334, 0.06989727596505586, 0.06989727596505586]
Timestep: 195, Trans probs: [0.1989930673310698, 0.07607206633281967, 0.26642631085135077, 0.07607205563696305, 0.15387200946420124, 0.0764203791096693, 0.07607205563696305, 0.07607205563696305]
Timestep: 196, Trans probs: [0.17920030950440738, 0.07382898229897036, 0.3108349489551933, 0.07382897313018229, 0.1405212740773126, 0.07412756577356945, 0.07382897313018229, 0.07382897313018229]
Timestep: 197, Trans probs: [0.10318857833392026, 0.06907259321358858, 0.35100813000449677, 0.06907259321358858, 0.10436514000172016, 0.16514777880550843, 0.06907259321358858, 0.06907259321358858]
Timestep: 198, Trans probs: [0.17697753015603795, 0.0988342986970532, 0.3390568938707981, 0.0673761334492559, 0.1156267434790872, 0.0673761334492559, 0.0673761334492559, 0.0673761334492559]
Timestep: 199, Trans probs: [0.23440120454776486, 0.07264296353355298, 0.2730851035454593, 0.07264295577926931, 0.12904637765409108, 0.07289548338132393, 0.07264295577926931, 0.07264295577926931]
Timestep: 200, Trans probs: [0.208903098684377, 0.07161057391584169, 0.3133466773570686, 0.07161056733438298, 0.11948304756306422, 0.07182490047649953, 0.07161056733438298, 0.07161056733438298]
Timestep: 201, Trans probs: [0.18662261739270578, 0.07122065170189112, 0.3456338719946383, 0.0712206461698108, 0.11146011536304248, 0.07140080503828991, 0.0712206461698108, 0.0712206461698108]
Timestep: 202, Trans probs: [0.1673152621847102, 0.07136479311266851, 0.3708892758652565, 0.07136478851304406, 0.1048217224672277, 0.07151458083100487, 0.07136478851304406, 0.07136478851304406]
Timestep: 203, Trans probs: [0.16929673902524991, 0.06949263699459936, 0.3431923434716669, 0.06949263699459936, 0.0808764932881277, 0.12866387623655817, 0.06949263699459936, 0.06949263699459936]
Timestep: 204, Trans probs: [0.1508181127669943, 0.07189679255976257, 0.31826210835070334, 0.07189678877647274, 0.17131262382011703, 0.0720199961730045, 0.07189678877647274, 0.07189678877647274]
Timestep: 205, Trans probs: [0.1534548975422628, 0.06971074648222138, 0.3690788827705793, 0.06971074648222138, 0.07926277251816793, 0.1193604612401044, 0.06971074648222138, 0.06971074648222138]
Timestep: 206, Trans probs: [0.13788840464440125, 0.0712616289550497, 0.2792475900329685, 0.07126162576112945, 0.22645185945772917, 0.07136563962646313, 0.07126162576112945, 0.07126162576112945]
Timestep: 207, Trans probs: [0.09802822894438817, 0.06941196813649063, 0.3058976162385901, 0.06941196813649063, 0.099015121025141, 0.2194111612459182, 0.06941196813649063, 0.06941196813649063]
Timestep: 208, Trans probs: [0.13978850256754802, 0.07037542858515888, 0.3888883369718053, 0.07037542858515888, 0.07829282319149378, 0.11152862292851734, 0.07037542858515888, 0.07037542858515888]
Timestep: 209, Trans probs: [0.19767358419868675, 0.07054721182399294, 0.24716797016743994, 0.07054720911172999, 0.20233406924851358, 0.07063553722617702, 0.07054720911172999, 0.07054720911172999]
Timestep: 210, Trans probs: [0.17868037111223595, 0.06956693122653906, 0.29072867194963103, 0.0695669288985851, 0.18268049748903245, 0.06964274152680616, 0.0695669288985851, 0.0695669288985851]
Timestep: 211, Trans probs: [0.16039164251038157, 0.09442850502163332, 0.36508157277066455, 0.06787368714884842, 0.10860353110192685, 0.06787368714884842, 0.06787368714884842, 0.06787368714884842]
Timestep: 212, Trans probs: [0.1459132147222665, 0.09091296646224102, 0.31658425023150394, 0.06877148515759475, 0.10273214279601481, 0.1375429703151895, 0.06877148515759475, 0.06877148515759475]
Timestep: 213, Trans probs: [0.13447418571681544, 0.08716432727242304, 0.2812812054292779, 0.06811877058112148, 0.09733089155112566, 0.19539307828699362, 0.06811877058112148, 0.06811877058112148]
Timestep: 214, Trans probs: [0.16204736603671566, 0.06916857214173813, 0.25742435214090914, 0.06916857016015313, 0.16545232617447267, 0.13840167302570494, 0.06916857016015313, 0.06916857016015313]
Timestep: 215, Trans probs: [0.14892168270756065, 0.06772559945811271, 0.30002732208799804, 0.06772559772578034, 0.15189835171037938, 0.1282502508586083, 0.06772559772578034, 0.06772559772578034]
Timestep: 216, Trans probs: [0.1372424924559287, 0.06718370352990685, 0.33480536638248787, 0.06718370203519057, 0.1398108654244922, 0.11940646610161262, 0.06718370203519057, 0.06718370203519057]
Timestep: 217, Trans probs: [0.12699257836540662, 0.06738660839304593, 0.3624655442640107, 0.06738660712134233, 0.12917774834034967, 0.11181769927316011, 0.06738660712134233, 0.06738660712134233]
Timestep: 218, Trans probs: [0.11815482009941475, 0.06813769094041355, 0.3838848275587595, 0.06813768987328951, 0.11998846073846113, 0.10542113104308248, 0.06813768987328951, 0.06813768987328951]
Timestep: 219, Trans probs: [0.09351414836171981, 0.06929912300483736, 0.2694128277188618, 0.06929912300483736, 0.16364837756440612, 0.19622815433566274, 0.06929912300483736, 0.06929912300483736]
Timestep: 220, Trans probs: [0.17991765359077438, 0.06924319971754474, 0.33078960122493056, 0.0692431988336018, 0.11219333507367081, 0.10012661389227406, 0.0692431988336018, 0.0692431988336018]
Timestep: 221, Trans probs: [0.16277819746220762, 0.0692098854456764, 0.35954085497067045, 0.06920988469835807, 0.1055215321311662, 0.09531987589520514, 0.06920988469835807, 0.06920988469835807]
Timestep: 222, Trans probs: [0.14781075483928136, 0.06972639319066869, 0.3817389607843, 0.06972639256701872, 0.10002908531730974, 0.09151562816738414, 0.06972639256701872, 0.06972639256701872]
Timestep: 223, Trans probs: [0.1349800790138378, 0.0706053916604229, 0.3984416939021048, 0.07060539114627039, 0.09558768376646284, 0.0885689782183604, 0.07060539114627039, 0.07060539114627039]
Timestep: 224, Trans probs: [0.1282049077928119, 0.07131840395844473, 0.4036695607500145, 0.07131840395844473, 0.07780699281917919, 0.10504492280421536, 0.07131840395844473, 0.07131840395844473]
Timestep: 225, Trans probs: [0.08927656372692355, 0.06837578759599612, 0.3094762236825863, 0.06837578759599612, 0.14981169850694429, 0.17793236369956136, 0.06837578759599612, 0.06837578759599612]
Timestep: 226, Trans probs: [0.12417777791996226, 0.07168360936505402, 0.33901685502127205, 0.0716836089457897, 0.16373896233971544, 0.08633196851662715, 0.0716836089457897, 0.0716836089457897]
Timestep: 227, Trans probs: [0.11539933187527712, 0.07127654370799726, 0.36725401085901754, 0.07127654335559411, 0.14865159222822732, 0.08358889126269846, 0.07127654335559411, 0.07127654335559411]
Timestep: 228, Trans probs: [0.19094845709185249, 0.07239805352848767, 0.34203647193791975, 0.07239805352848767, 0.07766228325167387, 0.09976057360460305, 0.07239805352848767, 0.07239805352848767]
Timestep: 229, Trans probs: [0.10810029602398519, 0.0715177842641686, 0.316914768961576, 0.0715177839719887, 0.2071877612407409, 0.08172603759356316, 0.0715177839719887, 0.0715177839719887]
Timestep: 230, Trans probs: [0.10189364111345589, 0.07111961935320334, 0.34867263473915333, 0.0711196191074151, 0.1852482185894121, 0.07970702888253013, 0.0711196191074151, 0.0711196191074151]
Timestep: 231, Trans probs: [0.09687451704578268, 0.07128303251447689, 0.37337742107832445, 0.07128303231008093, 0.16619166371930078, 0.07842426871187247, 0.07128303231008093, 0.07128303231008093]
Timestep: 232, Trans probs: [0.09288976754138085, 0.07184392719721074, 0.39212323759797396, 0.07184392702912026, 0.14989457319146746, 0.07771671338460615, 0.07184392702912026, 0.07184392702912026]
Timestep: 233, Trans probs: [0.08978054003811747, 0.0726488137067577, 0.4060112602631896, 0.07264881356992875, 0.13618356857007913, 0.07742937671206994, 0.07264881356992875, 0.07264881356992875]
Timestep: 234, Trans probs: [0.08739163223636726, 0.07357126358627086, 0.4160700021102785, 0.07357126347588931, 0.1248255106668634, 0.07742780097255211, 0.07357126347588931, 0.07357126347588931]
Timestep: 235, Trans probs: [0.08557996870809402, 0.07451678769337491, 0.4232032184922145, 0.07451678760501466, 0.11554572314234209, 0.07760393914893059, 0.07451678760501466, 0.07451678760501466]
Timestep: 236, Trans probs: [0.08422022301957842, 0.07542129219127723, 0.4281649729891227, 0.07542129212100128, 0.1080530248271246, 0.07787661060989333, 0.07542129212100128, 0.07542129212100128]
Timestep: 237, Trans probs: [0.08320733353618305, 0.0762462837122612, 0.4315567383486014, 0.0762462836566642, 0.10206204714438336, 0.07818874628857851, 0.0762462836566642, 0.0762462836566642]
Timestep: 238, Trans probs: [0.08245643321696959, 0.07697290270454675, 0.43383975364384747, 0.0769729026607505, 0.09730913503476953, 0.07850306741761505, 0.0769729026607505, 0.0769729026607505]
Timestep: 239, Trans probs: [0.0819010305338955, 0.07759610378109466, 0.4353558083896886, 0.07759610374671175, 0.0935613638286526, 0.07879738222653344, 0.07759610374671175, 0.07759610374671175]
Timestep: 240, Trans probs: [0.08149028432025159, 0.07811970046890054, 0.4363508063449684, 0.07811970044198012, 0.09061985454560066, 0.07906025299433844, 0.07811970044198012, 0.07811970044198012]
Timestep: 241, Trans probs: [0.08118603673970344, 0.07855254110705363, 0.4369972594566034, 0.07855254108602024, 0.08831912832761614, 0.07928741111096277, 0.07855254108602024, 0.07855254108602024]
Timestep: 242, Trans probs: [0.1708150415294337, 0.07222724842016641, 0.36868871122873487, 0.07222724842016641, 0.07660503858561059, 0.0949822149755554, 0.07222724842016641, 0.07222724842016641]
Timestep: 243, Trans probs: [0.08600346114701041, 0.06817348293714434, 0.34202428115120975, 0.06817348293714434, 0.13764461204484463, 0.16163371390835773, 0.06817348293714434, 0.06817348293714434]
Timestep: 244, Trans probs: [0.15214203338363705, 0.06856137593289187, 0.29924265797674604, 0.06856137593289187, 0.12708115835496592, 0.14728864655308355, 0.06856137593289187, 0.06856137593289187]
Timestep: 245, Trans probs: [0.080960030391198, 0.07890579234714393, 0.3585078421834693, 0.07890579233073698, 0.1654299360357925, 0.0794790220501852, 0.07890579233073698, 0.07890579233073698]
Timestep: 246, Trans probs: [0.07923152984867286, 0.07754882285563847, 0.3841306566909623, 0.07754882284219891, 0.1484241442784015, 0.07801837779972809, 0.07754882284219891, 0.07754882284219891]
Timestep: 247, Trans probs: [0.07834211521867666, 0.07698048792091038, 0.402043497433026, 0.07698048791003524, 0.13433198927360115, 0.07736044642368013, 0.07698048791003524, 0.07698048791003524]
Timestep: 248, Trans probs: [0.07799520846181313, 0.07690399558187079, 0.4143146241773938, 0.07690399557315541, 0.12286568940421998, 0.07720849565523603, 0.07690399557315541, 0.07690399557315541]
Timestep: 249, Trans probs: [0.22614434301554312, 0.07253671557535754, 0.3163235005785834, 0.07253671557535754, 0.07613666876907675, 0.09124862533536658, 0.07253671557535754, 0.07253671557535754]
Timestep: 250, Trans probs: [0.20023754822682688, 0.07225736478067799, 0.27537148083333857, 0.07225736478067799, 0.14751407717063494, 0.08784743464648757, 0.07225736478067799, 0.07225736478067799]
Timestep: 251, Trans probs: [0.07797527581319906, 0.07710735541714774, 0.3454743915705596, 0.07710735541021578, 0.19077136465607486, 0.07734954631237141, 0.07710735541021578, 0.07710735541021578]
Timestep: 252, Trans probs: [0.07683137481227849, 0.07611795240723603, 0.37283108523976644, 0.07611795240153803, 0.16954869929016442, 0.07631703104594062, 0.07611795240153803, 0.07611795240153803]
Timestep: 253, Trans probs: [0.07635590334168164, 0.07577572743658491, 0.3928472274409705, 0.07577572743195111, 0.15175633549366144, 0.07593762399124805, 0.07577572743195111, 0.07577572743195111]
Timestep: 254, Trans probs: [0.07632442691278087, 0.07585696841172776, 0.4071843326369929, 0.07585696840799425, 0.1370759553421513, 0.0759874114723645, 0.07585696840799425, 0.07585696840799425]
Timestep: 255, Trans probs: [0.13993601606050493, 0.06783219086260019, 0.33466978972549755, 0.06783219086260019, 0.11831636137618146, 0.1357490693874153, 0.06783219086260019, 0.06783219086260019]
Timestep: 256, Trans probs: [0.15275035198840534, 0.07618831759783631, 0.34107300920757644, 0.07618831759485149, 0.12513076613855184, 0.07629260228307559, 0.07618831759485149, 0.07618831759485149]
Timestep: 257, Trans probs: [0.138804256861274, 0.07489120019523214, 0.37090492462050195, 0.07489120019274045, 0.115747761960562, 0.07497825578420848, 0.07489120019274045, 0.07489120019274045]
Timestep: 258, Trans probs: [0.12704539458164488, 0.07447395373860172, 0.3924328667952148, 0.0744739537365522, 0.10808036269380647, 0.07454556098107551, 0.0744739537365522, 0.0744739537365522]
Timestep: 259, Trans probs: [0.11733418537357446, 0.07462118013504714, 0.40757617233895654, 0.07462118013338195, 0.10192556249042828, 0.07467935926184778, 0.07462118013338195, 0.07462118013338195]
Timestep: 260, Trans probs: [0.1094475754693467, 0.07509127198987671, 0.4179956536690418, 0.0750912719885373, 0.09705361440250587, 0.075138068503617, 0.0750912719885373, 0.0750912719885373]
Timestep: 261, Trans probs: [0.1292130764777262, 0.06790054067939479, 0.36270291059901705, 0.06790054067939479, 0.11082908855278785, 0.1256527616528898, 0.06790054067939479, 0.06790054067939479]
Timestep: 262, Trans probs: [0.18851747682171419, 0.06855418535521991, 0.31573897586694205, 0.06855418535521991, 0.10454875390617921, 0.11697805198428485, 0.06855418535521991, 0.06855418535521991]
Timestep: 263, Trans probs: [0.17884062062244305, 0.0757140146919259, 0.34931439358240524, 0.07571401469085721, 0.09323757381354703, 0.07575135321710717, 0.07571401469085721, 0.07571401469085721]
Timestep: 264, Trans probs: [0.17052158336293402, 0.06839872873393402, 0.3472219641593907, 0.06839872873393402, 0.09904033623425723, 0.10962120130768188, 0.06839872873393402, 0.06839872873393402]
Timestep: 265, Trans probs: [0.23503085487569056, 0.07492484588186293, 0.30091500905769003, 0.0749248458809802, 0.08939906554989065, 0.07495568699192527, 0.0749248458809802, 0.0749248458809802]
Timestep: 266, Trans probs: [0.2075332390364905, 0.07398253170244211, 0.3364723301353563, 0.07398253170170578, 0.08605604653752878, 0.07400825748306507, 0.07398253170170578, 0.07398253170170578]
Timestep: 267, Trans probs: [0.15465164176294233, 0.06882978053528416, 0.37197664028522454, 0.06882978053528416, 0.09458033163609862, 0.10347226417459779, 0.06882978053528416, 0.06882978053528416]
Timestep: 268, Trans probs: [0.25764034428671695, 0.07363014100471751, 0.2905787508377203, 0.07363014100410893, 0.0836089374185508, 0.07365140343996772, 0.07363014100410893, 0.07363014100410893]
Timestep: 269, Trans probs: [0.22611256050510478, 0.07315462973348855, 0.32664714210540097, 0.07315462973298267, 0.08144947438790168, 0.07317230406915598, 0.07315462973298267, 0.07315462973298267]
Timestep: 270, Trans probs: [0.19939694691630946, 0.07304137630513405, 0.3554879850475077, 0.07304137630471616, 0.07989358608694891, 0.0730559767299513, 0.07304137630471616, 0.07304137630471616]
Timestep: 271, Trans probs: [0.14090047670421854, 0.06967225210788901, 0.390942550483528, 0.06967225210788901, 0.09104403327239453, 0.09842393110830297, 0.06967225210788901, 0.06967225210788901]
Timestep: 272, Trans probs: [0.25007487320975835, 0.07325914724102435, 0.3047424473695748, 0.07325914724068187, 0.07887497722223834, 0.07327111323535873, 0.07325914724068187, 0.07325914724068187]
Timestep: 273, Trans probs: [0.18077542702009788, 0.07083844452388931, 0.3161550966884957, 0.07083844452388931, 0.13548513942582466, 0.0842305587700246, 0.07083844452388931, 0.07083844452388931]
Timestep: 274, Trans probs: [0.12920023185486074, 0.0707615659055252, 0.4051069534297742, 0.0707615659055252, 0.08829588446102656, 0.09435066663223768, 0.0707615659055252, 0.0707615659055252]
Timestep: 275, Trans probs: [0.21938167583686136, 0.07304797979681234, 0.26462486976953215, 0.0730479797965289, 0.15074365228572584, 0.07305788292148155, 0.0730479797965289, 0.0730479797965289]
Timestep: 276, Trans probs: [0.19668655956836942, 0.0716535469755282, 0.306997592753638, 0.071653546975286, 0.13803965119896616, 0.07166200857764021, 0.071653546975286, 0.071653546975286]
Timestep: 277, Trans probs: [0.1767250902204157, 0.07102354828089372, 0.34100437999550953, 0.07102354828068899, 0.12714563503430026, 0.07103070162681391, 0.07102354828068899, 0.07102354828068899]
Timestep: 278, Trans probs: [0.15933542628444405, 0.0710269366771456, 0.3676097075848177, 0.07102693667697454, 0.11791420647344385, 0.07103291294922506, 0.07102693667697454, 0.07102693667697454]
Timestep: 279, Trans probs: [0.14441737085728226, 0.07149279749240772, 0.38790170816918507, 0.07149279749226647, 0.11021199834550699, 0.07149773265881863, 0.07149279749226647, 0.07149279749226647]
Timestep: 280, Trans probs: [0.13183118446328432, 0.07225521113717416, 0.40300173669449507, 0.07225521113705875, 0.10388699135604376, 0.07225924293782637, 0.07225521113705875, 0.07225521113705875]
Timestep: 281, Trans probs: [0.12138083882995963, 0.0731738826004939, 0.4139771867684275, 0.0731738826004005, 0.09876929899636547, 0.07317714500355196, 0.0731738826004005, 0.0731738826004005]
Timestep: 282, Trans probs: [0.11282791778715236, 0.07414135363102745, 0.42178076485669047, 0.07414135363095248, 0.0946819310901862, 0.0741439717420861, 0.07414135363095248, 0.07414135363095248]
Timestep: 283, Trans probs: [0.10591408242988458, 0.07508270115015885, 0.42721774512664623, 0.07508270115009912, 0.09145258018085586, 0.07508478766215708, 0.07508270115009912, 0.07508270115009912]
Timestep: 284, Trans probs: [0.10038225885358468, 0.07595121724205127, 0.4309371567436747, 0.07595121724200395, 0.08892284482325591, 0.07595287061142157, 0.07595121724200395, 0.07595121724200395]
Timestep: 285, Trans probs: [0.11941579212266382, 0.07196027712075147, 0.41542799363501975, 0.07196027712075147, 0.08619913941751077, 0.09111596634179972, 0.07196027712075147, 0.07196027712075147]
Timestep: 286, Trans probs: [0.1727147828009253, 0.07672237399921504, 0.35671827091491204, 0.07672237399917771, 0.08695377218967541, 0.0767236780977391, 0.07672237399917771, 0.07672237399917771]
Timestep: 287, Trans probs: [0.1547285551483585, 0.07584714440908592, 0.38177989272815177, 0.07584714440905525, 0.084254758439961, 0.07584821604727696, 0.07584714440905525, 0.07584714440905525]
Timestep: 288, Trans probs: [0.13969356415830161, 0.07562350809483294, 0.39973557835850704, 0.07562350809480803, 0.08245244658959011, 0.07562437851434413, 0.07562350809480803, 0.07562350809480803]
Timestep: 289, Trans probs: [0.08772939489329787, 0.08772939489329787, 0.29816484085361705, 0.08772939489329787, 0.17545878978659574, 0.08772939489329787, 0.08772939489329787, 0.08772939489329787]
Timestep: 290, Trans probs: [0.12479940740864282, 0.08379787868805554, 0.31932294598434247, 0.06729186989084397, 0.09260882615163499, 0.17759533209479228, 0.06729186989084397, 0.06729186989084397]
Timestep: 291, Trans probs: [0.11135989251391058, 0.07316431382189953, 0.42277591082589944, 0.07316431382189953, 0.08462476442113258, 0.08858217695145934, 0.07316431382189953, 0.07316431382189953]
Timestep: 292, Trans probs: [0.12734422578748386, 0.1516096844517898, 0.3365278278544672, 0.07580484222588486, 0.08129819281781116, 0.07580554241079321, 0.07580484222588486, 0.07580484222588486]
Timestep: 293, Trans probs: [0.11765907862295197, 0.1380025132823024, 0.36748235422051645, 0.07445000121074974, 0.07905546201714875, 0.07445058822483132, 0.07445000121074974, 0.07445000121074974]
Timestep: 294, Trans probs: [0.1048156116214209, 0.07430262416531525, 0.4278965862079999, 0.07430262416531525, 0.08345793997281885, 0.08661936553649939, 0.07430262416531525, 0.07430262416531525]
Timestep: 295, Trans probs: [0.1837021294179769, 0.12648294190945414, 0.31593947660583727, 0.07401454791414788, 0.07781677577648674, 0.07401503254780135, 0.07401454791414788, 0.07401454791414788]
Timestep: 296, Trans probs: [0.1654321485318509, 0.11714347652931069, 0.34989459592434424, 0.07286411538385554, 0.076072908484877, 0.07286452437805054, 0.07286411538385554, 0.07286411538385554]
Timestep: 297, Trans probs: [0.14958634561989054, 0.10939344154942411, 0.3756606794815474, 0.07253767308415769, 0.07520850058764642, 0.0725380135090185, 0.07253767308415769, 0.07253767308415769]
Timestep: 298, Trans probs: [0.23379715200844695, 0.07028560758367584, 0.2783127355026657, 0.07028560758367584, 0.12510563774160038, 0.08164204441258367, 0.07028560758367584, 0.07028560758367584]
Timestep: 299, Trans probs: [0.09955824992968615, 0.07533284196321274, 0.4313972247920415, 0.07533284196321274, 0.0826015914036841, 0.08511156602173724, 0.07533284196321274, 0.07533284196321274]
Timestep: 300, Trans probs: [0.13611035535960744, 0.10307481573848269, 0.32192642877675476, 0.0727821502155662, 0.14775951945929722, 0.07278243001915931, 0.0727821502155662, 0.0727821502155662]
Timestep: 301, Trans probs: [0.09537240728456158, 0.07623507181238094, 0.43375017627975815, 0.07623507181238094, 0.08197716278967379, 0.08395996639648273, 0.07623507181238094, 0.07623507181238094]
Timestep: 302, Trans probs: [0.19712993963860956, 0.09739858435489653, 0.28352841107708326, 0.07163515265586862, 0.13540221633741695, 0.07163539062438791, 0.07163515265586862, 0.07163515265586862]
Timestep: 303, Trans probs: [0.1781704851601805, 0.09249310261108468, 0.32275404097785587, 0.07036020982951437, 0.12514132749842052, 0.0703604142639152, 0.07036020982951437, 0.07036020982951437]
Timestep: 304, Trans probs: [0.09206292335918138, 0.07700540205107638, 0.4353086530797414, 0.07700540205107638, 0.08152335897195241, 0.0830834563848192, 0.07700540205107638, 0.07700540205107638]
Timestep: 305, Trans probs: [0.231267811633105, 0.08870594115682465, 0.28385924031904214, 0.0699476268853564, 0.11637632608509636, 0.06994780014986263, 0.0699476268853564, 0.0699476268853564]
Timestep: 306, Trans probs: [0.20673712195748017, 0.08543397410695254, 0.3209590410201983, 0.06947288604114209, 0.10897817132337176, 0.06947303346857094, 0.06947288604114209, 0.06947288604114209]
Timestep: 307, Trans probs: [0.2785831311071483, 0.06973050953855205, 0.24672824689983897, 0.06973050953855205, 0.1163735670911647, 0.07939301674763989, 0.06973050953855205, 0.06973050953855205]
Timestep: 308, Trans probs: [0.18514808820000703, 0.08298399797248528, 0.2813482169836679, 0.06954123024403193, 0.17235465170119685, 0.06954135441054704, 0.06954123024403193, 0.06954123024403193]
Timestep: 309, Trans probs: [0.1680102028945457, 0.08034576740939207, 0.3193679797388482, 0.06881086662724381, 0.15703247690407604, 0.06881097317140654, 0.06881086662724381, 0.06881086662724381]
Timestep: 310, Trans probs: [0.15288094927575918, 0.07853630882484042, 0.3499953495481249, 0.06875402885531885, 0.14357118657423137, 0.0687541192110877, 0.06875402885531885, 0.06875402885531885]
Timestep: 311, Trans probs: [0.2463888718297085, 0.0695019785932868, 0.2889114835397015, 0.0695019785932868, 0.10900612979600194, 0.07768560046144089, 0.0695019785932868, 0.0695019785932868]
Timestep: 312, Trans probs: [0.08946022114232292, 0.0776501689805465, 0.4363280049852052, 0.0776501689805465, 0.08119373407392505, 0.08241736387636084, 0.0776501689805465, 0.0776501689805465]
Timestep: 313, Trans probs: [0.13970065003532797, 0.07742559134087562, 0.3048142449364605, 0.06923142891608455, 0.201133722336159, 0.06923150460292325, 0.06923142891608455, 0.06923142891608455]
Timestep: 314, Trans probs: [0.08742146994313245, 0.078181442385047, 0.43698764779053, 0.078181442385047, 0.08095388053080388, 0.08191123219534562, 0.078181442385047, 0.078181442385047]
Timestep: 315, Trans probs: [0.19788888738142482, 0.0759980983436622, 0.26895860504044744, 0.06904458633485482, 0.1809759996676958, 0.06904465056220527, 0.06904458633485482, 0.06904458633485482]
Timestep: 316, Trans probs: [0.1836696725853096, 0.0813616061518245, 0.28276237179751434, 0.06724708811909659, 0.08889597005457, 0.1615691150534917, 0.06724708811909659, 0.06724708811909659]
Timestep: 317, Trans probs: [0.1789552831291148, 0.07441753129837923, 0.23990712835031236, 0.06845395916575857, 0.16445020630980606, 0.13690797341511185, 0.06845395916575857, 0.06845395916575857]
Timestep: 318, Trans probs: [0.16408414190927909, 0.07215437470871253, 0.2845948190567417, 0.06691005112001241, 0.15132847888923953, 0.12710803207598984, 0.06691005112001241, 0.06691005112001241]
Timestep: 319, Trans probs: [0.15068427265571552, 0.07079703255371642, 0.32164810800727517, 0.06623969981524647, 0.13959956369393964, 0.11855192364361378, 0.06623969981524647, 0.06623969981524647]
Timestep: 320, Trans probs: [0.13872628848463275, 0.07024192013025773, 0.3516223321891623, 0.06633508778035635, 0.12922377856352327, 0.11118041729135508, 0.06633508778035635, 0.06633508778035635]
Timestep: 321, Trans probs: [0.28815953853988974, 0.06952793612385134, 0.25447528303179107, 0.06952793612385134, 0.10282725904323269, 0.07642617488968119, 0.06952793612385134, 0.06952793612385134]
Timestep: 322, Trans probs: [0.08582910993376952, 0.07861379580861, 0.4374106826072098, 0.07861379580861, 0.0807787257277536, 0.08152629849682706, 0.07861379580861, 0.07861379580861]
Timestep: 323, Trans probs: [0.16355020263461253, 0.0789621949884347, 0.35871773054743195, 0.0789621949884347, 0.08065020051819749, 0.08123308634601925, 0.0789621949884347, 0.0789621949884347]
Timestep: 324, Trans probs: [0.12822707682043927, 0.07032643161970654, 0.3082217031472829, 0.06702336963365067, 0.18721647507230593, 0.1049382044393134, 0.06702336963365067, 0.06702336963365067]
Timestep: 325, Trans probs: [0.1468954266158802, 0.07757472807660082, 0.3844118502540063, 0.07757472807660082, 0.07895806509703023, 0.07943574572668005, 0.07757472807660082, 0.07757472807660082]
Timestep: 326, Trans probs: [0.18635838825963746, 0.06979404502540634, 0.27358388583328835, 0.06696452062168626, 0.16992635616497584, 0.0994437628516332, 0.06696452062168626, 0.06696452062168626]
Timestep: 327, Trans probs: [0.3230448183902325, 0.06968772505856281, 0.22505941878894975, 0.06968772505856281, 0.0976620230874753, 0.07548283949909111, 0.06968772505856281, 0.06968772505856281]
Timestep: 328, Trans probs: [0.2814414733047184, 0.07009775902492094, 0.19970467239417247, 0.07009775902492094, 0.16353092963060523, 0.07493188857082005, 0.07009775902492094, 0.07009775902492094]
Timestep: 329, Trans probs: [0.1698119431133064, 0.06890131959454952, 0.2453237085697782, 0.06645177916118411, 0.2220383892237092, 0.09456930201510426, 0.06645177916118411, 0.06645177916118411]
Timestep: 330, Trans probs: [0.16740921081368032, 0.07891566271685073, 0.31982856708607504, 0.06670700875695175, 0.0854326717626634, 0.14829286134987532, 0.06670700875695175, 0.06670700875695175]
Timestep: 331, Trans probs: [0.24998142689561484, 0.06941628998520445, 0.24956447534190832, 0.06941628998520445, 0.1492425261232423, 0.07354641169841677, 0.06941628998520445, 0.06941628998520445]
Timestep: 332, Trans probs: [0.15559291520183785, 0.06812365045214026, 0.22104646582033632, 0.06600039035117279, 0.20086276571383585, 0.1563730317583314, 0.06600039035117279, 0.06600039035117279]
Timestep: 333, Trans probs: [0.22306562582710857, 0.06893720380775742, 0.29164692435807277, 0.06893720380775742, 0.137076004144416, 0.07246263043937298, 0.06893720380775742, 0.06893720380775742]
Timestep: 334, Trans probs: [0.14381166532860937, 0.06681531216766792, 0.20142830030869124, 0.06494627525447959, 0.24860751983288912, 0.14449837659870365, 0.06494627525447959, 0.06494627525447959]
Timestep: 335, Trans probs: [0.13309743202160704, 0.07699168334063941, 0.4023266007460956, 0.07699168334063941, 0.07811130793826682, 0.0784979259314729, 0.07699168334063941, 0.07699168334063941]
Timestep: 336, Trans probs: [0.19953271449820556, 0.06886197268834479, 0.3265382082575665, 0.06886197268834479, 0.12663034187924774, 0.07185084461160116, 0.06886197268834479, 0.06886197268834479]
Timestep: 337, Trans probs: [0.1978141709151241, 0.06604108958095363, 0.1838195524396779, 0.06440579199413443, 0.22509860010937993, 0.13400921097246107, 0.06440579199413443, 0.06440579199413443]
Timestep: 338, Trans probs: [0.18097212849373776, 0.06524409792929858, 0.23248945168680335, 0.06380791864902936, 0.2049343309690571, 0.12493623497401515, 0.06380791864902936, 0.06380791864902936]
Timestep: 339, Trans probs: [0.16608315915814367, 0.06473410216116224, 0.2746759244637185, 0.0634763652496813, 0.18706810647470665, 0.11700961199322504, 0.0634763652496813, 0.0634763652496813]
Timestep: 340, Trans probs: [0.17894200425788748, 0.06920468647743322, 0.3548059323949004, 0.06920468647743322, 0.11771857565994899, 0.07171474177753032, 0.06920468647743322, 0.06920468647743322]
Timestep: 341, Trans probs: [0.15273969364275955, 0.06469513628902146, 0.24707704848793063, 0.06360250757672771, 0.23457236983006774, 0.11010822902003756, 0.06360250757672771, 0.06360250757672771]
Timestep: 342, Trans probs: [0.14110451107674313, 0.06469737779305175, 0.28672185066836, 0.06374916895244848, 0.21212082809090718, 0.1041079255135925, 0.06374916895244848, 0.06374916895244848]
Timestep: 343, Trans probs: [0.1308381209329552, 0.06504703364020313, 0.3204538826586294, 0.06423056941856736, 0.1919873947126833, 0.09898185979982685, 0.06423056941856736, 0.06423056941856736]
Timestep: 344, Trans probs: [0.12187617240417907, 0.07690924351019375, 0.3376545760586985, 0.07690924351019375, 0.15471582964307934, 0.07811644785326807, 0.07690924351019375, 0.07690924351019375]
Timestep: 345, Trans probs: [0.18691377759028258, 0.06576778098466653, 0.28345239210628514, 0.06507190420115602, 0.173959723533972, 0.09469061318132577, 0.06507190420115602, 0.06507190420115602]
Timestep: 346, Trans probs: [0.1702176167683679, 0.06579498024421251, 0.3186249131116501, 0.06519516439832307, 0.1590517795460286, 0.09072521713477169, 0.06519516439832307, 0.06519516439832307]
Timestep: 347, Trans probs: [0.1129665222536361, 0.0753775311625018, 0.3687186685416509, 0.0753775311625018, 0.14041802080492005, 0.07638666374978573, 0.0753775311625018, 0.0753775311625018]
Timestep: 348, Trans probs: [0.22111595837112363, 0.06628935003904006, 0.28189579305666046, 0.06577784351158458, 0.14581619465207463, 0.08754917334634751, 0.06577784351158458, 0.06577784351158458]
Timestep: 349, Trans probs: [0.19910566152287892, 0.06644351764791194, 0.3171896930807911, 0.06600523670079761, 0.1345855625821243, 0.08465985506390086, 0.06600523670079761, 0.06600523670079761]
Timestep: 350, Trans probs: [0.16109349352850058, 0.06989300660868772, 0.377143488499294, 0.06989300660868772, 0.11021192824181099, 0.07197906329564353, 0.06989300660868772, 0.06989300660868772]
Timestep: 351, Trans probs: [0.17956538499686361, 0.06697898264576714, 0.27977977849218344, 0.06660702668596342, 0.19141612924310786, 0.08243864456418774, 0.06660702668596342, 0.06660702668596342]
Timestep: 352, Trans probs: [0.14583348187622178, 0.07082258184183318, 0.3943536300636536, 0.07082258184183318, 0.1039842315463539, 0.07253832914643794, 0.07082258184183318, 0.07082258184183318]
Timestep: 353, Trans probs: [0.16353106392980987, 0.06686544177677238, 0.24957419608092846, 0.06654608390124643, 0.24025208496038514, 0.08013896154836489, 0.06654608390124643, 0.06654608390124643]
Timestep: 354, Trans probs: [0.14977435829015423, 0.06676872747371528, 0.2901530807261582, 0.06649449862871532, 0.21565379511250413, 0.0781665425113221, 0.06649449862871532, 0.06649449862871532]
Timestep: 355, Trans probs: [0.1377798996403718, 0.0669993474423749, 0.32424913514036535, 0.06676550705243027, 0.19395660561699202, 0.07671849100260517, 0.06676550705243027, 0.06676550705243027]
Timestep: 356, Trans probs: [0.1273699114408142, 0.06758897526510813, 0.35225246415057965, 0.0673914747230457, 0.17481650475299212, 0.07579772022136876, 0.0673914747230457, 0.0673914747230457]
Timestep: 357, Trans probs: [0.11844055629132633, 0.0684840913865779, 0.3746846869360189, 0.06831904832219345, 0.15808971913954753, 0.0753438012799488, 0.06831904832219345, 0.06831904832219345]
Timestep: 358, Trans probs: [0.11089487319129625, 0.06959469636767879, 0.3921961348266082, 0.06945825140994238, 0.14367376256351624, 0.07526577882107328, 0.06945825140994238, 0.06945825140994238]
Timestep: 359, Trans probs: [0.13298270031448034, 0.07188726675332127, 0.4072864984683559, 0.07188726675332127, 0.09889701287518021, 0.07328472132869847, 0.07188726675332127, 0.07188726675332127]
Timestep: 360, Trans probs: [0.1223204287447991, 0.07299513038388014, 0.3437791515465449, 0.07299513038388014, 0.1677965351234323, 0.07412336304970303, 0.07299513038388014, 0.07299513038388014]
Timestep: 361, Trans probs: [0.1057439096701093, 0.07480039635997895, 0.39108121359354103, 0.07480039635997895, 0.12834217012209115, 0.07563112117434279, 0.07480039635997895, 0.07480039635997895]
Timestep: 362, Trans probs: [0.17483439571153442, 0.07484138187232771, 0.3319220382772341, 0.07484138187232771, 0.1183614235373338, 0.0755166149845869, 0.07484138187232771, 0.07484138187232771]
Timestep: 363, Trans probs: [0.10461892614747106, 0.0708233094931206, 0.33480558232604035, 0.07071165763492705, 0.20215329653517802, 0.07546391259340889, 0.07071165763492705, 0.07071165763492705]
Timestep: 364, Trans probs: [0.15749583612007112, 0.07378619158859508, 0.36278872217241825, 0.07378619158859508, 0.11021920903550264, 0.07435146631762757, 0.07378619158859508, 0.07378619158859508]
Timestep: 365, Trans probs: [0.16999840053297569, 0.07095003634958677, 0.2911574997304375, 0.07085689913923279, 0.18050225363303848, 0.07482111233626325, 0.07085689913923279, 0.07085689913923279]
Timestep: 366, Trans probs: [0.15462430915243497, 0.07013993843142728, 0.3280287658678459, 0.07006049604313204, 0.16358368396514425, 0.07344181445375147, 0.07006049604313204, 0.07006049604313204]
Timestep: 367, Trans probs: [0.1412222814757517, 0.07002116338060875, 0.35731702874681415, 0.06995421150746942, 0.1487729976455502, 0.0728038942288669, 0.06995421150746942, 0.06995421150746942]
Timestep: 368, Trans probs: [0.12970854052445327, 0.070431554971302, 0.37998946934646377, 0.07037581560480029, 0.13599472963618892, 0.0727482587071912, 0.07037581560480029, 0.07037581560480029]
Timestep: 369, Trans probs: [0.11998060805671518, 0.07119955440902545, 0.3970990073079374, 0.07115368458278117, 0.12515372753027784, 0.0731060489477007, 0.07115368458278117, 0.07115368458278117]
Timestep: 370, Trans probs: [0.11189574186511618, 0.07217198051203186, 0.4096955473902005, 0.0721346274436829, 0.11610835614981253, 0.07372449175179022, 0.0721346274436829, 0.0721346274436829]
Timestep: 371, Trans probs: [0.10527729600382767, 0.07322604136085226, 0.41875400501870536, 0.07319590290808321, 0.10867625845230575, 0.07447869044005917, 0.07319590290808321, 0.07319590290808321]
Timestep: 372, Trans probs: [0.09993030459313737, 0.07427219988074261, 0.4251270008410216, 0.07424807303810785, 0.10265128807375322, 0.07527498749702148, 0.07424807303810785, 0.07424807303810785]
Timestep: 373, Trans probs: [0.09565779178537002, 0.07525167770376869, 0.4295220451984234, 0.07523248941575006, 0.0978218136389708, 0.07604920342621686, 0.07523248941575006, 0.07523248941575006]
Timestep: 374, Trans probs: [0.14264331090536786, 0.07352029948565862, 0.3856836529907253, 0.07352029948565862, 0.10360476460473005, 0.07398707355654234, 0.07352029948565862, 0.07352029948565862]
Timestep: 375, Trans probs: [0.1683897400090952, 0.07613113427014084, 0.3563835520139964, 0.07611595500423833, 0.09398567629514752, 0.07676203239890514, 0.07611595500423833, 0.07611595500423833]
Timestep: 376, Trans probs: [0.15134757744313088, 0.07531190775066604, 0.38158358266635056, 0.07529939763695802, 0.09002687172665455, 0.07583186750232379, 0.07529939763695802, 0.07529939763695802]
Timestep: 377, Trans probs: [0.13705789986860992, 0.07515361000625886, 0.3996475123724588, 0.07514342492196455, 0.08713376877868721, 0.07557693420809157, 0.07514342492196455, 0.07514342492196455]
Timestep: 378, Trans probs: [0.13017301403622333, 0.07377612681488334, 0.40224372439576345, 0.07377612681488334, 0.09832179043090503, 0.07415696387757485, 0.07377612681488334, 0.07377612681488334]
Timestep: 379, Trans probs: [0.1862397821552303, 0.07254332026669255, 0.2984641670155706, 0.07254332026669255, 0.15163814107547577, 0.07348462868695319, 0.07254332026669255, 0.07254332026669255]
Timestep: 380, Trans probs: [0.20068827817932194, 0.07540304052470574, 0.3369217887694219, 0.07539483207925887, 0.08505818690216435, 0.07574420938660949, 0.07539483207925887, 0.07539483207925887]
Timestep: 381, Trans probs: [0.17823020177938628, 0.07467065738207859, 0.36550335319493543, 0.07466387236185912, 0.08265150635245277, 0.07495266420556965, 0.07466387236185912, 0.07466387236185912]
Timestep: 382, Trans probs: [0.15922222261181396, 0.07452140989304731, 0.38690781955189424, 0.0745158604603007, 0.08104890475516259, 0.07475206180717983, 0.0745158604603007, 0.0745158604603007]
Timestep: 383, Trans probs: [0.14337775401063044, 0.07476356737838763, 0.402579708349676, 0.07475907191013938, 0.0800513413245159, 0.07495041320637184, 0.07475907191013938, 0.07475907191013938]
Timestep: 384, Trans probs: [0.13035897552240117, 0.07523910127328978, 0.41381932140830185, 0.07523548992618073, 0.0794869317770672, 0.07538920024039786, 0.07523548992618073, 0.07523548992618073]
Timestep: 385, Trans probs: [0.16809231297740893, 0.07149584577860758, 0.334933949917882, 0.07149584577860758, 0.13869477296546096, 0.07229558102481781, 0.07149584577860758, 0.07149584577860758]
Timestep: 386, Trans probs: [0.11979637127630241, 0.07582921690583051, 0.34590256174305, 0.07582633626326751, 0.1550438957958447, 0.07594894548916986, 0.07582633626326751, 0.07582633626326751]
Timestep: 387, Trans probs: [0.15224427161634835, 0.0712176948570816, 0.3634112533803399, 0.0712176948570816, 0.12758517070524097, 0.0718885248697443, 0.0712176948570816, 0.0712176948570816]
Timestep: 388, Trans probs: [0.13863137017495317, 0.07150714404318163, 0.3135668148451954, 0.07150714404318163, 0.1897103641966785, 0.0720628746104464, 0.07150714404318163, 0.07150714404318163]
Timestep: 389, Trans probs: [0.11132766477258005, 0.07472320378670005, 0.2995703506163668, 0.07472080553350806, 0.21539348147631152, 0.07482288274751729, 0.07472080553350806, 0.07472080553350806]
Timestep: 390, Trans probs: [0.1043005356597877, 0.0734688633031027, 0.3363228297471915, 0.07346684327181, 0.19195441930467896, 0.07355282216980907, 0.07346684327181, 0.07346684327181]
Timestep: 391, Trans probs: [0.12763803240921193, 0.07096597000256868, 0.3462995962205462, 0.07096597000256868, 0.1707633256704719, 0.07143516568949522, 0.07096597000256868, 0.07096597000256868]
Timestep: 392, Trans probs: [0.09864750847625339, 0.07298402142326005, 0.2917768681629923, 0.07298234000143099, 0.24459067531968048, 0.07305390661352075, 0.07298234000143099, 0.07298234000143099]
Timestep: 393, Trans probs: [0.11831966188199973, 0.071046778915708, 0.3717625293873447, 0.071046778915708, 0.15429253554589475, 0.07143815752192874, 0.071046778915708, 0.071046778915708]
Timestep: 394, Trans probs: [0.0938835471732785, 0.07239301570210231, 0.25560952672491044, 0.07239160768421841, 0.2884875499842911, 0.07245153736276227, 0.07239160768421841, 0.07239160768421841]
Timestep: 395, Trans probs: [0.0900069409708321, 0.07205994756548027, 0.2971249638888187, 0.07205877171332833, 0.2525230127482398, 0.07210881968664412, 0.07205877171332833, 0.07205877171332833]
Timestep: 396, Trans probs: [0.08687385777629937, 0.07193138573601875, 0.3312484838062286, 0.0719304067342714, 0.22218297634464973, 0.07197207613398938, 0.0719304067342714, 0.0719304067342714]
Timestep: 397, Trans probs: [0.11054590718887738, 0.07157081671149677, 0.39107285418147325, 0.07157081671149677, 0.1402044750147794, 0.07189349676888276, 0.07157081671149677, 0.07157081671149677]
Timestep: 398, Trans probs: [0.08445496940694826, 0.072096465685805, 0.2865704371155399, 0.07209565598064342, 0.2684610402656487, 0.0721301195841278, 0.07209565598064342, 0.07209565598064342]
Timestep: 399, Trans probs: [0.11988556398504821, 0.07433820320217198, 0.3396158259508248, 0.07433820320217198, 0.16850002170400225, 0.07464577555143698, 0.07433820320217198, 0.07433820320217198]
Timestep: 400, Trans probs: [0.15437562048832665, 0.07205622586388591, 0.2501786620306246, 0.07205555339694274, 0.2351386557169929, 0.07208417570934175, 0.07205555339694274, 0.07205555339694274]
Timestep: 401, Trans probs: [0.11154080452248138, 0.07351242587113305, 0.3685103058326811, 0.07351242587113305, 0.1521299621441319, 0.07376922401617358, 0.07351242587113305, 0.07351242587113305]
Timestep: 402, Trans probs: [0.2121298839175033, 0.07087216497167158, 0.22317344001862632, 0.07087158998754786, 0.21031367800562456, 0.07089606312393076, 0.07087158998754786, 0.07087158998754786]
Timestep: 403, Trans probs: [0.19121194180401535, 0.06973506512157855, 0.2704435984419175, 0.06973457065461411, 0.18965006594170009, 0.06975561672694633, 0.06973457065461411, 0.06973457065461411]
Timestep: 404, Trans probs: [0.17296792576315428, 0.06911293850950433, 0.3098184581430177, 0.0691125157717645, 0.17163262144678978, 0.0691305088222404, 0.0691125157717645, 0.0691125157717645]
Timestep: 405, Trans probs: [0.15698509130098728, 0.06904768613192475, 0.3419082289375976, 0.06904732818609191, 0.15585444558240127, 0.06906256348881322, 0.06904732818609191, 0.06904732818609191]
Timestep: 406, Trans probs: [0.1431024845535352, 0.06946146235176541, 0.367422991229393, 0.06946116259881077, 0.14215565303963443, 0.0694739210292397, 0.06946116259881077, 0.06946116259881077]
Timestep: 407, Trans probs: [0.13121176180328872, 0.07023025903006967, 0.38719967209297573, 0.07023001080720301, 0.1304276986973678, 0.07024057595468905, 0.07023001080720301, 0.07023001080720301]
Timestep: 408, Trans probs: [0.1211864826166584, 0.07122344291674437, 0.40214437189653185, 0.07122323954410878, 0.12054408821332518, 0.07123189572441388, 0.07122323954410878, 0.07122323954410878]
Timestep: 409, Trans probs: [0.11286511972856961, 0.07232457985498093, 0.41316174325272664, 0.07232441483626928, 0.11234387410221623, 0.07233143855269884, 0.07232441483626928, 0.07232441483626928]
Timestep: 410, Trans probs: [0.10605704185448399, 0.07344107975260922, 0.421094754026922, 0.07344094699058723, 0.1056376856335772, 0.07344659776064594, 0.07344094699058723, 0.07344094699058723]
Timestep: 411, Trans probs: [0.10055700066333717, 0.07450675689201265, 0.4266830633153848, 0.07450665085549515, 0.10022206245892297, 0.07451116410385696, 0.07450665085549515, 0.07450665085549515]
Timestep: 412, Trans probs: [0.0961604544524909, 0.0754799489571101, 0.43054199746677135, 0.07547986477790618, 0.09589455707979049, 0.07548344771011854, 0.07547986477790618, 0.07547986477790618]
Timestep: 413, Trans probs: [0.0926757904483839, 0.0763392127521174, 0.433159836781591, 0.07633914625470486, 0.09246574465964225, 0.0763419765941509, 0.07633914625470486, 0.07633914625470486]
Timestep: 414, Trans probs: [0.08993204083073415, 0.07707816527548343, 0.43490834161142783, 0.0770781129542763, 0.08976677350978192, 0.07708033990974365, 0.0770781129542763, 0.0770781129542763]
Timestep: 415, Trans probs: [0.08778232683371315, 0.07770055248409466, 0.43606062670588963, 0.0777005114466191, 0.08765270150553534, 0.07770225813090992, 0.0777005114466191, 0.0777005114466191]
Timestep: 416, Trans probs: [0.08610407024789388, 0.07821614185858344, 0.4368113302344886, 0.07821610975107367, 0.08600265205793546, 0.07821747634787765, 0.07821610975107367, 0.07821610975107367]
Timestep: 417, Trans probs: [0.08479717976368593, 0.07863764114187424, 0.4372956635061586, 0.07863761606970868, 0.08471798415906436, 0.07863868322009078, 0.07863761606970868, 0.07863761606970868]
Timestep: 418, Trans probs: [0.08378123101276881, 0.07897859147463475, 0.43760557615253787, 0.07897857192567483, 0.08371948159201592, 0.07897940399101817, 0.07897857192567483, 0.07897857192567483]
Timestep: 419, Trans probs: [0.08299235105422716, 0.07925205932647934, 0.4378025045443643, 0.07925204410176542, 0.08294426065606146, 0.07925269211357143, 0.07925204410176542, 0.07925204410176542]
Timestep: 420, Trans probs: [0.08238022997984142, 0.07946991968032491, 0.4379269038091025, 0.07946990783401853, 0.08234281097852363, 0.07947041205015205, 0.07946990783401853, 0.07946990783401853]
Timestep: 421, Trans probs: [0.08190546814258104, 0.07964254181739366, 0.43800509474828586, 0.0796425326062389, 0.08187637281100821, 0.07964292466201464, 0.0796425326062389, 0.0796425326062389]
Timestep: 422, Trans probs: [0.08153733061230976, 0.07977872819920281, 0.4380540327730223, 0.07977872104087917, 0.08151471957113507, 0.07977902572169251, 0.07977872104087917, 0.07977872104087917]
Timestep: 423, Trans probs: [0.1041633055686284, 0.07237101761322909, 0.4053623610080584, 0.07237101761322909, 0.1283560326955364, 0.0726342302748606, 0.07237101761322909, 0.07237101761322909]
Timestep: 424, Trans probs: [0.0812519038085556, 0.07988579836987252, 0.35819875784058436, 0.07988579280919275, 0.16112013206416145, 0.07988602948924795, 0.07988579280919275, 0.07988579280919275]
Timestep: 425, Trans probs: [0.1047362231619294, 0.07340828757191814, 0.38983704854752105, 0.07340828757191814, 0.13817373905714883, 0.07361983894572825, 0.07340828757191814, 0.07340828757191814]
Timestep: 426, Trans probs: [0.1730485667512965, 0.07376975310486347, 0.33142479065525177, 0.07376975310486347, 0.12650561941153451, 0.07394201076246333, 0.07376975310486347, 0.07376975310486347]
Timestep: 427, Trans probs: [0.22909869233335456, 0.07293634819140697, 0.28893003631275416, 0.07293634819140697, 0.11714512581961291, 0.07308075276865054, 0.07293634819140697, 0.07293634819140697]
Timestep: 428, Trans probs: [0.15765844157236122, 0.07826983459766117, 0.30619522734630983, 0.0782698300437226, 0.1447969824788005, 0.0782700238736996, 0.0782698300437226, 0.0782698300437226]
Timestep: 429, Trans probs: [0.14320926239329704, 0.07588610369646118, 0.34505758756542615, 0.07588609983462834, 0.13230248263452649, 0.07588626420640408, 0.07588609983462834, 0.07588609983462834]
Timestep: 430, Trans probs: [0.13084336262228224, 0.07471147903051824, 0.37384947747052, 0.07471147581064627, 0.12174964058619646, 0.0747116128585442, 0.07471147581064627, 0.07471147581064627]
Timestep: 431, Trans probs: [0.12050357493311167, 0.07438182063369307, 0.3945556623850923, 0.07438181798802834, 0.1130315574881618, 0.07438193059585606, 0.07438181798802834, 0.07438181798802834]
Timestep: 432, Trans probs: [0.15286653722269875, 0.07728109460091974, 0.2830532542856157, 0.06685325513441563, 0.149700755692512, 0.13653859279500688, 0.06685325513441563, 0.06685325513441563]
Timestep: 433, Trans probs: [0.11202660962829498, 0.07458757165857295, 0.33448663231493475, 0.07458756951097159, 0.10596124743465807, 0.14917523043062442, 0.07458756951097159, 0.07458756951097159]
Timestep: 434, Trans probs: [0.10489257613838776, 0.07331150231631244, 0.36585650522874, 0.07331150050473925, 0.09977624138240967, 0.13622867341993228, 0.07331150050473925, 0.07331150050473925]
Timestep: 435, Trans probs: [0.09918898367539147, 0.07297714549373303, 0.38876244478585326, 0.07297714399015327, 0.09494249923149804, 0.12519749484306447, 0.07297714399015327, 0.07297714399015327]
Timestep: 436, Trans probs: [0.0947130375028977, 0.07325479223047314, 0.40502630222833014, 0.07325479099957194, 0.09123666533429631, 0.11600482970528683, 0.07325479099957194, 0.07325479099957194]
Timestep: 437, Trans probs: [0.09125124453841658, 0.07388362445575289, 0.4162925381587734, 0.07388362345950067, 0.08843757965931286, 0.10848414280924214, 0.07388362345950067, 0.07388362345950067]
Timestep: 438, Trans probs: [0.08860241561510955, 0.07467529778061076, 0.4239287618357097, 0.07467529698171477, 0.08634613397539405, 0.10242149984803159, 0.07467529698171477, 0.07467529698171477]
Timestep: 439, Trans probs: [0.08659025046617103, 0.07550457034054828, 0.4290072320617559, 0.0755045697046446, 0.08479429980154439, 0.09758993821604664, 0.0755045697046446, 0.0755045697046446]
Timestep: 440, Trans probs: [0.09899920929030624, 0.07330941632016458, 0.41569285098916264, 0.07330941632016458, 0.11854816884129209, 0.07352210559858076, 0.07330941632016458, 0.07330941632016458]
Timestep: 441, Trans probs: [0.08506808171660445, 0.07629559808258071, 0.3560345296944938, 0.07629559757936803, 0.15994248117060567, 0.09377251659761132, 0.07629559757936803, 0.07629559757936803]
Timestep: 442, Trans probs: [0.20387025028166472, 0.07204446200276983, 0.32642185680258223, 0.07204446200276983, 0.1093636825338554, 0.07216636237081829, 0.07204446200276983, 0.07204446200276983]
Timestep: 443, Trans probs: [0.15788855146416844, 0.07531785617543736, 0.30659803471233127, 0.07531785575939547, 0.1444747159059663, 0.0897672744639102, 0.07531785575939547, 0.07531785575939547]
Timestep: 444, Trans probs: [0.14384221115093446, 0.07347733613041997, 0.3440463979788998, 0.07347733577587848, 0.13241124451927236, 0.08579080289283787, 0.07347733577587848, 0.07347733577587848]
Timestep: 445, Trans probs: [0.09487390966064396, 0.07428239753970116, 0.423000352158079, 0.07428239753970116, 0.11054327056261024, 0.07445287745986214, 0.07428239753970116, 0.07428239753970116]
Timestep: 446, Trans probs: [0.13170609884693116, 0.07271775709094194, 0.29954144269064403, 0.07271775679372243, 0.19484103799089286, 0.08304039299942267, 0.07271775679372243, 0.07271775679372243]
Timestep: 447, Trans probs: [0.12175599096042768, 0.07158324461466391, 0.33609219097169507, 0.0715832443618628, 0.17545564063575703, 0.08036319973186792, 0.0715832443618628, 0.0715832443618628]
Timestep: 448, Trans probs: [0.11336968941302906, 0.07126220411663119, 0.36451358303533027, 0.0712622039044678, 0.15843712888590464, 0.07863078283570138, 0.0712622039044678, 0.0712622039044678]
Timestep: 449, Trans probs: [0.1064220832973593, 0.0715347061332514, 0.3860374114432372, 0.07153470595746735, 0.1437618756797203, 0.07763980557402973, 0.07153470595746735, 0.07153470595746735]
Timestep: 450, Trans probs: [0.10076233047187164, 0.07219285757700986, 0.4019337809609335, 0.07219285743305928, 0.13134010022938522, 0.07719235846162192, 0.07219285743305928, 0.07219285743305928]
Timestep: 451, Trans probs: [0.09622110989226729, 0.07306407990958826, 0.4134001698448716, 0.0730640797929089, 0.12100596797081967, 0.0771164330037265, 0.0730640797929089, 0.0730640797929089]
Timestep: 452, Trans probs: [0.09262426433195463, 0.0740178603527623, 0.4214918064211867, 0.07401786025901178, 0.11253860923375898, 0.07727387888330199, 0.07401786025901178, 0.07401786025901178]
Timestep: 453, Trans probs: [0.09161295337184704, 0.07521918378788102, 0.42806741027201317, 0.07521918378788102, 0.10408799117606825, 0.07535491002854738, 0.07521918378788102, 0.07521918378788102]
Timestep: 454, Trans probs: [0.08980514905859735, 0.07496382737537172, 0.3521249927412508, 0.074963827300592, 0.18065357174521363, 0.07756097717779048, 0.074963827300592, 0.074963827300592]
Timestep: 455, Trans probs: [0.08665959278106587, 0.07441429272828852, 0.3775091372569538, 0.07441429266658917, 0.1616169462340622, 0.07655715299986221, 0.07441429266658917, 0.07441429266658917]
Timestep: 456, Trans probs: [0.18193026529105918, 0.07177889885856517, 0.35611118345875237, 0.07177889885856517, 0.10296219910174519, 0.07188075671418258, 0.07177889885856517, 0.07177889885856517]
Timestep: 457, Trans probs: [0.15885048271189123, 0.07443066391478731, 0.32168155594964865, 0.07443066386445579, 0.14556659465170996, 0.07617871117859536, 0.07443066386445579, 0.07443066386445579]
Timestep: 458, Trans probs: [0.08905645570625254, 0.0760768120727884, 0.43151855074203244, 0.0760768120727884, 0.0989334729586575, 0.07618427230190387, 0.0760768120727884, 0.0760768120727884]
Timestep: 459, Trans probs: [0.14440739710351974, 0.07319086719137666, 0.28177163411679473, 0.07319086714891701, 0.20639198088358507, 0.07466551925797285, 0.07319086714891701, 0.07319086714891701]
Timestep: 460, Trans probs: [0.13255629092057888, 0.07186429971493968, 0.32148483221660895, 0.07186429967875482, 0.1853806537237921, 0.07312102438781612, 0.07186429967875482, 0.07186429967875482]
Timestep: 461, Trans probs: [0.12244421711180235, 0.07134350351518388, 0.3528595039935077, 0.0713435034847174, 0.16692063946849794, 0.07240162545685609, 0.0713435034847174, 0.0713435034847174]
Timestep: 462, Trans probs: [0.1139436265210594, 0.07144761023845901, 0.37700757814928415, 0.07144761021312268, 0.15093079628119013, 0.07232755817063923, 0.07144761021312268, 0.07144761021312268]
Timestep: 463, Trans probs: [0.1069140182123347, 0.07198335673493711, 0.3951293572403827, 0.0719833567141113, 0.13731654576471508, 0.07270665190529661, 0.0719833567141113, 0.0719833567141113]
Timestep: 464, Trans probs: [0.10119149921628891, 0.07277889712504114, 0.4084047699676372, 0.07277889710810141, 0.12592091690776105, 0.07336722545896757, 0.07277889710810141, 0.07277889710810141]
Timestep: 465, Trans probs: [0.1630578835802986, 0.07200649641534837, 0.3790427502190663, 0.07200649641534837, 0.09778268817292152, 0.07209069236632004, 0.07200649641534837, 0.07200649641534837]
Timestep: 466, Trans probs: [0.08706451995900158, 0.07683376334272347, 0.4338322232119596, 0.07683376334272347, 0.09484973829455043, 0.07691846516359438, 0.07683376334272347, 0.07683376334272347]
Timestep: 467, Trans probs: [0.170295187796376, 0.07369719318255033, 0.3442145308436751, 0.07369719316889677, 0.11653011779530294, 0.07417139087540528, 0.07369719316889677, 0.07369719316889677]
Timestep: 468, Trans probs: [0.15359145928386636, 0.07312325187690868, 0.37159326504030005, 0.07312325186553496, 0.10880399944692346, 0.07351826875539667, 0.07312325186553496, 0.07312325186553496]
Timestep: 469, Trans probs: [0.08322963924463808, 0.08322963924463808, 0.2603304991082148, 0.08322963924463808, 0.15706202617931855, 0.16645927848927616, 0.08322963924463808, 0.08322963924463808]
Timestep: 470, Trans probs: [0.0855191433094548, 0.07748367198424992, 0.43536213733669055, 0.07748367198424992, 0.09163383267624381, 0.07755019874061103, 0.07748367198424992, 0.07748367198424992]
Timestep: 471, Trans probs: [0.13936678820650228, 0.14637160360711093, 0.31866212740300204, 0.0731858017988783, 0.10253139239245959, 0.0735106829942902, 0.0731858017988783, 0.0731858017988783]
Timestep: 472, Trans probs: [0.12824814077782332, 0.13421326692307936, 0.3528216441292286, 0.07189006283266428, 0.0968800361134079, 0.072166723558468, 0.07189006283266428, 0.07189006283266428]
Timestep: 473, Trans probs: [0.11877748039183608, 0.12377580105084658, 0.37850665493031654, 0.07155371035984098, 0.09249340160452629, 0.07178553094295159, 0.07155371035984098, 0.07155371035984098]
Timestep: 474, Trans probs: [0.14706199300297493, 0.07257571680762895, 0.32375241949065814, 0.07257571680762895, 0.1662381254087672, 0.07264459486708394, 0.07257571680762895, 0.07257571680762895]
Timestep: 475, Trans probs: [0.1827475522089223, 0.11500496607441797, 0.32540517317580847, 0.07187105226178614, 0.08916662249767753, 0.0720625292578155, 0.07187105226178614, 0.07187105226178614]
Timestep: 476, Trans probs: [0.16481996284409983, 0.1076584140781441, 0.35645700195688784, 0.07126179182679127, 0.08585588452220372, 0.0714233611182907, 0.07126179182679127, 0.07126179182679127]
Timestep: 477, Trans probs: [0.1492316276792557, 0.10164512112535509, 0.3801130846613241, 0.07134524051163414, 0.08349469941699007, 0.0714797455821725, 0.07134524051163414, 0.07134524051163414]
Timestep: 478, Trans probs: [0.13593777732422066, 0.09680937528320167, 0.39767702728255166, 0.07189504564848365, 0.08188503959962898, 0.07200564356494593, 0.07189504564848365, 0.07189504564848365]
Timestep: 479, Trans probs: [0.1248063343344505, 0.0929817846259837, 0.41040642320760234, 0.07271805596458798, 0.08084328067354027, 0.07280800926465929, 0.07271805596458798, 0.07271805596458798]
Timestep: 480, Trans probs: [0.13460465217610587, 0.0718531254607337, 0.3553119637289768, 0.0718531254607337, 0.150759729949141, 0.0719111523028416, 0.0718531254607337, 0.0718531254607337]
Timestep: 481, Trans probs: [0.18930078032841777, 0.08999274064252256, 0.3457622417949854, 0.07366494770756614, 0.08021196522909994, 0.07373742888227604, 0.07366494770756614, 0.07366494770756614]
Timestep: 482, Trans probs: [0.12400610244365477, 0.07183410545651446, 0.3793375950729895, 0.07183410545651446, 0.1374375313350149, 0.07188234932228299, 0.07183410545651446, 0.07183410545651446]
Timestep: 483, Trans probs: [0.24241227297394932, 0.08683737133421876, 0.2987066357082024, 0.0733120781996091, 0.078735366667862, 0.07337211871694035, 0.0733120781996091, 0.0733120781996091]
Timestep: 484, Trans probs: [0.08432356990909907, 0.0780299278125239, 0.43636189191442715, 0.0780299278125239, 0.08911279319779307, 0.07808203372858503, 0.0780299278125239, 0.0780299278125239]
Timestep: 485, Trans probs: [0.2139217417689258, 0.08404715285512536, 0.2609165149695945, 0.0727561806784958, 0.15003974561339553, 0.07280630275747116, 0.0727561806784958, 0.0727561806784958]
Timestep: 486, Trans probs: [0.19255221279387616, 0.08089267450043697, 0.30414119186788174, 0.07118527330155196, 0.13762973522804484, 0.07122836570510452, 0.07118527330155196, 0.07118527330155196]
Timestep: 487, Trans probs: [0.17359632219631688, 0.0787110311073997, 0.33888359498469267, 0.07046194103815277, 0.12692466878625944, 0.07049855981087294, 0.07046194103815277, 0.07046194103815277]
Timestep: 488, Trans probs: [0.15697030364363498, 0.07735682384832311, 0.36608997549003064, 0.07043542688551813, 0.11781046450383173, 0.07046615185762527, 0.07043542688551813, 0.07043542688551813]
Timestep: 489, Trans probs: [0.14263024489571932, 0.07665212909756952, 0.38685024351431485, 0.07091615660307495, 0.11017729335980364, 0.07094161932336794, 0.07091615660307495, 0.07091615660307495]
Timestep: 490, Trans probs: [0.13047977170701053, 0.0764217568009445, 0.4022992430852606, 0.07172208808720308, 0.10389001362356487, 0.07174295052161025, 0.07172208808720308, 0.07172208808720308]
Timestep: 491, Trans probs: [0.08340013635589369, 0.07848149307731585, 0.43700863852633687, 0.07848149307731585, 0.08714303761673309, 0.07852221519177288, 0.07848149307731585, 0.07848149307731585]
Timestep: 492, Trans probs: [0.12035702839107473, 0.07651175503692557, 0.34082385548912897, 0.07269995654994833, 0.171490613818902, 0.07271687761412365, 0.07269995654994833, 0.07269995654994833]
Timestep: 493, Trans probs: [0.11514688069361587, 0.0722940440678118, 0.3971641358887409, 0.0722940440678118, 0.12617913671545133, 0.07233367043094459, 0.0722940440678118, 0.0722940440678118]
Timestep: 494, Trans probs: [0.18433756224425393, 0.07543634098516015, 0.29638075877383613, 0.07224997306635488, 0.15483130103395848, 0.0722641177637266, 0.07224997306635488, 0.07224997306635488]
Timestep: 495, Trans probs: [0.16660493179560915, 0.07391371192146375, 0.3331720788108609, 0.07120163646494318, 0.14149069236021736, 0.0712136757170193, 0.07120163646494318, 0.07120163646494318]
Timestep: 496, Trans probs: [0.1510931985253394, 0.07320770922384184, 0.36198312231288654, 0.07092883832063769, 0.12999050045408378, 0.07093895452193537, 0.07092883832063769, 0.07092883832063769]
Timestep: 497, Trans probs: [0.13774653670539785, 0.07312218403287285, 0.38396070968113705, 0.0712313240246147, 0.12023687971114679, 0.07123971779560118, 0.0712313240246147, 0.0712313240246147]
Timestep: 498, Trans probs: [0.1264647552731697, 0.07346394808533299, 0.40030723353430037, 0.07191318428542744, 0.11210444192535016, 0.07192006832556457, 0.07191318428542744, 0.07191318428542744]
Timestep: 499, Trans probs: [0.11708796749655125, 0.074066682485879, 0.41217655654254964, 0.07280791200746861, 0.10543155760095092, 0.07281349985166342, 0.07280791200746861, 0.07280791200746861]
