Timestep: 0, Trans probs: [0.1111111111111111, 0.1111111111111111, 0.2222222222222222, 0.1111111111111111, 0.1111111111111111, 0.1111111111111111, 0.1111111111111111, 0.1111111111111111]
Timestep: 1, Trans probs: [0.125, 0.125, 0.125, 0.125, 0.125, 0.125, 0.125, 0.125]
Timestep: 2, Trans probs: [0.1111111111111111, 0.1111111111111111, 0.1111111111111111, 0.1111111111111111, 0.2222222222222222, 0.1111111111111111, 0.1111111111111111, 0.1111111111111111]
Timestep: 3, Trans probs: [0.1111111111111111, 0.1111111111111111, 0.2222222222222222, 0.1111111111111111, 0.1111111111111111, 0.1111111111111111, 0.1111111111111111, 0.1111111111111111]
Timestep: 4, Trans probs: [0.10009152897083819, 0.10009152897083819, 0.2993592972041328, 0.10009152897083819, 0.10009152897083819, 0.10009152897083819, 0.10009152897083819, 0.10009152897083819]
Timestep: 5, Trans probs: [0.09141882065360006, 0.09141882065360006, 0.36006825542479953, 0.09141882065360006, 0.09141882065360006, 0.09141882065360006, 0.09141882065360006, 0.09141882065360006]
Timestep: 6, Trans probs: [0.08467833765747725, 0.08467833765747725, 0.40725163639765927, 0.08467833765747725, 0.08467833765747725, 0.08467833765747725, 0.08467833765747725, 0.08467833765747725]
Timestep: 7, Trans probs: [0.07948302666357679, 0.07948302666357679, 0.44361881335496245, 0.07948302666357679, 0.07948302666357679, 0.07948302666357679, 0.07948302666357679, 0.07948302666357679]
Timestep: 8, Trans probs: [0.07549346426776284, 0.07549346426776284, 0.47154575012566025, 0.07549346426776284, 0.07549346426776284, 0.07549346426776284, 0.07549346426776284, 0.07549346426776284]
Timestep: 9, Trans probs: [0.07243134167183846, 0.07243134167183846, 0.4929806082971308, 0.07243134167183846, 0.07243134167183846, 0.07243134167183846, 0.07243134167183846, 0.07243134167183846]
Timestep: 10, Trans probs: [0.07007801018259521, 0.07007801018259521, 0.5094539287218336, 0.07007801018259521, 0.07007801018259521, 0.07007801018259521, 0.07007801018259521, 0.07007801018259521]
Timestep: 11, Trans probs: [0.06826558505652805, 0.06826558505652805, 0.5221409046043036, 0.06826558505652805, 0.06826558505652805, 0.06826558505652805, 0.06826558505652805, 0.06826558505652805]
Timestep: 12, Trans probs: [0.06686647658047863, 0.06686647658047863, 0.5319346639366496, 0.06686647658047863, 0.06686647658047863, 0.06686647658047863, 0.06686647658047863, 0.06686647658047863]
Timestep: 13, Trans probs: [0.10009152897083819, 0.10009152897083819, 0.20018305794167637, 0.10009152897083819, 0.19926776823329462, 0.10009152897083819, 0.10009152897083819, 0.10009152897083819]
Timestep: 14, Trans probs: [0.125, 0.125, 0.125, 0.125, 0.125, 0.125, 0.125, 0.125]
Timestep: 15, Trans probs: [0.06578399962112522, 0.06578399962112522, 0.4737280030309983, 0.06578399962112522, 0.13156799924225043, 0.06578399962112522, 0.06578399962112522, 0.06578399962112522]
Timestep: 16, Trans probs: [0.1111111111111111, 0.1111111111111111, 0.2222222222222222, 0.1111111111111111, 0.1111111111111111, 0.1111111111111111, 0.1111111111111111, 0.1111111111111111]
Timestep: 17, Trans probs: [0.20018305794167637, 0.10009152897083819, 0.19926776823329462, 0.10009152897083819, 0.10009152897083819, 0.10009152897083819, 0.10009152897083819, 0.10009152897083819]
Timestep: 18, Trans probs: [0.12854172823466428, 0.06427086411733214, 0.4272930621166599, 0.06427086411733214, 0.12281088906201514, 0.06427086411733214, 0.06427086411733214, 0.06427086411733214]
Timestep: 19, Trans probs: [0.12037796748932057, 0.06249429222386174, 0.45193391670255345, 0.06249429222386174, 0.11521665468881727, 0.06249429222386174, 0.06249429222386174, 0.06249429222386174]
Timestep: 20, Trans probs: [0.11319895219738843, 0.06117591493380209, 0.4723612583162809, 0.06117591493380209, 0.10856021481732031, 0.06117591493380209, 0.06117591493380209, 0.06117591493380209]
Timestep: 21, Trans probs: [0.18118444040875756, 0.09120770198766302, 0.27156934766526425, 0.09120770198766302, 0.09120770198766302, 0.09120770198766302, 0.09120770198766302, 0.09120770198766302]
Timestep: 22, Trans probs: [0.1671095968452165, 0.06022282655891133, 0.42905038324137124, 0.06022282655891133, 0.10272588711885564, 0.06022282655891133, 0.06022282655891133, 0.06022282655891133]
Timestep: 23, Trans probs: [0.16495251055072738, 0.08412930390450517, 0.3302716660222417, 0.08412930390450517, 0.08412930390450517, 0.08412930390450517, 0.08412930390450517, 0.08412930390450517]
Timestep: 24, Trans probs: [0.2147478920945217, 0.05908790178770224, 0.3923232250818875, 0.05908790178770224, 0.0974893738850797, 0.05908790178770224, 0.05908790178770224, 0.05908790178770224]
Timestep: 25, Trans probs: [0.19917191328916234, 0.0579610587658136, 0.4182248779711204, 0.0579610587658136, 0.0927979149106494, 0.0579610587658136, 0.0579610587658136, 0.0579610587658136]
Timestep: 26, Trans probs: [0.18503533384417992, 0.05714002493719503, 0.44057261853563523, 0.05714002493719503, 0.08869192293420965, 0.05714002493719503, 0.05714002493719503, 0.05714002493719503]
Timestep: 27, Trans probs: [0.125, 0.125, 0.125, 0.125, 0.125, 0.125, 0.125, 0.125]
Timestep: 28, Trans probs: [0.1509701063769594, 0.07856588099071352, 0.3776346076787594, 0.07856588099071352, 0.07856588099071352, 0.07856588099071352, 0.07856588099071352, 0.07856588099071352]
Timestep: 29, Trans probs: [0.213159456654519, 0.07424055361975235, 0.341397221626967, 0.07424055361975235, 0.07424055361975235, 0.07424055361975235, 0.07424055361975235, 0.07424055361975235]
Timestep: 30, Trans probs: [0.2659807966126434, 0.07055297808638486, 0.31070133486904744, 0.07055297808638486, 0.07055297808638486, 0.07055297808638486, 0.07055297808638486, 0.07055297808638486]
Timestep: 31, Trans probs: [0.3111117391012773, 0.0674947516237551, 0.28391975115619217, 0.0674947516237551, 0.0674947516237551, 0.0674947516237551, 0.0674947516237551, 0.0674947516237551]
Timestep: 32, Trans probs: [0.3497351410782723, 0.06501073416054966, 0.26020045395842967, 0.06501073416054966, 0.06501073416054966, 0.06501073416054966, 0.06501073416054966, 0.06501073416054966]
Timestep: 33, Trans probs: [0.2222222222222222, 0.1111111111111111, 0.1111111111111111, 0.1111111111111111, 0.1111111111111111, 0.1111111111111111, 0.1111111111111111, 0.1111111111111111]
Timestep: 34, Trans probs: [0.3197603413472691, 0.06303013206362328, 0.23902873420736795, 0.06303013206362328, 0.06303013206362328, 0.12606026412724655, 0.06303013206362328, 0.06303013206362328]
Timestep: 35, Trans probs: [0.1722076039855779, 0.05657435875843863, 0.40324504983040027, 0.05657435875843863, 0.08510119363339017, 0.11314871751687726, 0.05657435875843863, 0.05657435875843863]
Timestep: 36, Trans probs: [0.29479716766809483, 0.060932933888272985, 0.28218894916036386, 0.060932933888272985, 0.060932933888272985, 0.1183492137301764, 0.060932933888272985, 0.060932933888272985]
Timestep: 37, Trans probs: [0.21673647217330477, 0.05561546721274505, 0.37192309665882656, 0.05561546721274505, 0.0816437867311744, 0.10723477558571412, 0.05561546721274505, 0.05561546721274505]
Timestep: 38, Trans probs: [0.20209458300390282, 0.0546842460369433, 0.39875977444132654, 0.0546842460369433, 0.07849767341616408, 0.10191098499083327, 0.0546842460369433, 0.0546842460369433]
Timestep: 39, Trans probs: [0.18865440788389384, 0.05402918666017815, 0.42229172413000404, 0.05402918666017815, 0.07577724039226515, 0.09715988095312429, 0.05402918666017815, 0.05402918666017815]
Timestep: 40, Trans probs: [0.1763183435643401, 0.0536103271900391, 0.44288409891990815, 0.0536103271900391, 0.07343321408454914, 0.09292303467104622, 0.0536103271900391, 0.0536103271900391]
Timestep: 41, Trans probs: [0.18241540397532605, 0.09120770198766302, 0.18118444040875756, 0.09120770198766302, 0.18036164567760127, 0.09120770198766302, 0.09120770198766302, 0.09120770198766302]
Timestep: 42, Trans probs: [0.1650047601686232, 0.05339085841273936, 0.40747012558520934, 0.05339085841273936, 0.12481240313054406, 0.08914927746466599, 0.05339085841273936, 0.05339085841273936]
Timestep: 43, Trans probs: [0.15503315502602572, 0.05281933932067087, 0.4298975065336842, 0.05281933932067087, 0.11822578506202862, 0.08556619609557795, 0.05281933932067087, 0.05281933932067087]
Timestep: 44, Trans probs: [0.2724040943081659, 0.059191511074113655, 0.3201007701329373, 0.059191511074113655, 0.059191511074113655, 0.11153758018832856, 0.059191511074113655, 0.059191511074113655]
Timestep: 45, Trans probs: [0.19836633971001197, 0.052483678076854945, 0.39704294627296133, 0.052483678076854945, 0.11224952781171814, 0.0824064738978889, 0.052483678076854945, 0.052483678076854945]
Timestep: 46, Trans probs: [0.18573009516206232, 0.05203910809623442, 0.41984205099041433, 0.05203910809623442, 0.10681021903177661, 0.07946120243080901, 0.05203910809623442, 0.05203910809623442]
Timestep: 47, Trans probs: [0.1740669197112044, 0.05179777379624327, 0.43997537902074446, 0.05179777379624327, 0.10188953466868635, 0.07687707141439169, 0.05179777379624327, 0.05179777379624327]
Timestep: 48, Trans probs: [0.16331181423811753, 0.051730003890134456, 0.4577076767516327, 0.051730003890134456, 0.09744333017404315, 0.07461716327566871, 0.051730003890134456, 0.051730003890134456]
Timestep: 49, Trans probs: [0.1665461893988448, 0.08388969889451851, 0.24932033416653088, 0.08388969889451851, 0.1646849819620317, 0.08388969889451851, 0.08388969889451851, 0.08388969889451851]
Timestep: 50, Trans probs: [0.15340865292389236, 0.051808241385257484, 0.42146973468411647, 0.051808241385257484, 0.1452405857381988, 0.0726480611127624, 0.051808241385257484, 0.051808241385257484]
Timestep: 51, Trans probs: [0.125, 0.125, 0.125, 0.125, 0.125, 0.125, 0.125, 0.125]
Timestep: 52, Trans probs: [0.14455558187965004, 0.10313018713001071, 0.3899003645782543, 0.051565093565005354, 0.13707970117521373, 0.07063888454185524, 0.051565093565005354, 0.051565093565005354]
Timestep: 53, Trans probs: [0.15292884694797726, 0.07797314504223621, 0.3059643867622803, 0.07797314504223621, 0.15124104107856148, 0.07797314504223621, 0.07797314504223621, 0.07797314504223621]
Timestep: 54, Trans probs: [0.13666299863806272, 0.09847081321219643, 0.36285887415655843, 0.050930322002900826, 0.18070092471302918, 0.06851542327145081, 0.050930322002900826, 0.050930322002900826]
Timestep: 55, Trans probs: [0.1295016812416204, 0.09419391590489225, 0.3888582427242669, 0.05024386463409557, 0.17021369450907875, 0.06650087171785504, 0.05024386463409557, 0.05024386463409557]
Timestep: 56, Trans probs: [0.12292749260080703, 0.09035311100859901, 0.41201121695093185, 0.049805494147590834, 0.16048774720524403, 0.06480394979164555, 0.049805494147590834, 0.049805494147590834]
Timestep: 57, Trans probs: [0.11689426858267621, 0.08690865035347348, 0.4325872725007751, 0.04958344877270081, 0.1514695206706456, 0.06338994157432734, 0.04958344877270081, 0.04958344877270081]
Timestep: 58, Trans probs: [0.11136263412980157, 0.08382530060332537, 0.4508273868665427, 0.04954765066407239, 0.14311486418991598, 0.0622268622181972, 0.04954765066407239, 0.04954765066407239]
Timestep: 59, Trans probs: [0.10629817957924877, 0.08107148274924836, 0.4669487476199692, 0.04967004432635145, 0.13538610418287078, 0.06128535288960853, 0.04967004432635145, 0.04967004432635145]
Timestep: 60, Trans probs: [0.10167013280351568, 0.07861857225436261, 0.48114879380779657, 0.0499246784792933, 0.12824999221864866, 0.060538473477796555, 0.0499246784792933, 0.0499246784792933]
Timestep: 61, Trans probs: [0.2521384633706502, 0.0577902563635756, 0.35340534426611947, 0.0577902563635756, 0.0577902563635756, 0.10550491054535226, 0.0577902563635756, 0.0577902563635756]
Timestep: 62, Trans probs: [0.1477380390380207, 0.07644033258481844, 0.44332090366094046, 0.05028768224723981, 0.12167619991807152, 0.059961478056429394, 0.05028768224723981, 0.05028768224723981]
Timestep: 63, Trans probs: [0.13953058182954678, 0.07425088635630757, 0.46046994127693636, 0.05030569744653779, 0.11566853905346498, 0.05916295914413102, 0.05030569744653779, 0.05030569744653779]
Timestep: 64, Trans probs: [0.23370715434352435, 0.05669956519212983, 0.38263811556564653, 0.05669956519212983, 0.05669956519212983, 0.10015690413018005, 0.05669956519212983, 0.05669956519212983]
Timestep: 65, Trans probs: [0.18243162829510431, 0.07233913489453607, 0.4250968585143912, 0.05046851452031947, 0.11016843590126542, 0.058558398833744724, 0.05046851452031947, 0.05046851452031947]
Timestep: 66, Trans probs: [0.17132000540670062, 0.07044868717153342, 0.44406989101922345, 0.05040991577463864, 0.1051094650556324, 0.057822204022994324, 0.05040991577463864, 0.05040991577463864]
Timestep: 67, Trans probs: [0.16103195731641845, 0.06881834952055543, 0.4608714135266563, 0.05049949101217131, 0.1005042185428314, 0.05727558805702444, 0.05049949101217131, 0.05049949101217131]
Timestep: 68, Trans probs: [0.15152309114110804, 0.06742126312280827, 0.47570035218500023, 0.05071386467491016, 0.0963198125974269, 0.05689388692892626, 0.05071386467491016, 0.05071386467491016]
Timestep: 69, Trans probs: [0.14275333872164697, 0.0662326192846851, 0.48873986639830963, 0.05103125946555057, 0.09252619516274198, 0.05665420203596472, 0.05103125946555057, 0.05103125946555057]
Timestep: 70, Trans probs: [0.13468528997648235, 0.0652294514686245, 0.5001597125922221, 0.051431578154489774, 0.08909543670004788, 0.056535374799153805, 0.051431578154489774, 0.051431578154489774]
Timestep: 71, Trans probs: [0.12728301372146653, 0.06439047244201726, 0.5101180168052554, 0.051896442629395335, 0.08600121811276758, 0.05651795103030726, 0.051896442629395335, 0.051896442629395335]
Timestep: 72, Trans probs: [0.12051125662900401, 0.06369595842641833, 0.5187625121541026, 0.05240921416207006, 0.08321847945491935, 0.05658415084934562, 0.05240921416207006, 0.05240921416207006]
Timestep: 73, Trans probs: [0.11433494832005127, 0.06312767442588399, 0.526231323119491, 0.05295500221958727, 0.08072320086044552, 0.05671784661536654, 0.05295500221958727, 0.05295500221958727]
Timestep: 74, Trans probs: [0.10871895631286271, 0.06266883047598691, 0.5326533971063142, 0.053520660702969326, 0.07849228962267517, 0.056904544373253034, 0.053520660702969326, 0.053520660702969326]
Timestep: 75, Trans probs: [0.1411231449532905, 0.07327101663074231, 0.3529264789579457, 0.07327101663074231, 0.13959529293505227, 0.07327101663074231, 0.07327101663074231, 0.07327101663074231]
Timestep: 76, Trans probs: [0.10362804027263486, 0.06230405683507573, 0.4840539238416863, 0.05409476729864121, 0.13059831548839684, 0.05713136166628253, 0.05409476729864121, 0.05409476729864121]
Timestep: 77, Trans probs: [0.09890916720552483, 0.06154086610395277, 0.49703669809287626, 0.05411739968787027, 0.12329774936091419, 0.056863320173121075, 0.05411739968787027, 0.05411739968787027]
Timestep: 78, Trans probs: [0.09467599354603327, 0.06095912196868382, 0.5081616788904346, 0.05426103678869445, 0.1166814545449628, 0.05673864068380221, 0.05426103678869445, 0.05426103678869445]
Timestep: 79, Trans probs: [0.0908858512260396, 0.06052933425618112, 0.5176607506791603, 0.05449880630623633, 0.11069816236264939, 0.05672948255726052, 0.05449880630623633, 0.05449880630623633]
Timestep: 80, Trans probs: [0.08749935018448358, 0.06022567443966678, 0.5257409073826478, 0.05480757380446681, 0.10529963175933771, 0.056811714820463655, 0.05480757380446681, 0.05480757380446681]
Timestep: 81, Trans probs: [0.08447992653285863, 0.06002558906055471, 0.5325870844934656, 0.05516756909171114, 0.1004401548792795, 0.056964537758708175, 0.05516756909171114, 0.05516756909171114]
Timestep: 82, Trans probs: [0.08179353634006539, 0.05990947483693688, 0.5383643972401664, 0.055562057618948224, 0.09607626303967952, 0.05717015568630727, 0.055562057618948224, 0.055562057618948224]
Timestep: 83, Trans probs: [0.07940845725531535, 0.059860398479517705, 0.5432199438647848, 0.055977044044235764, 0.0921665817452688, 0.05741348652240588, 0.055977044044235764, 0.055977044044235764]
Timestep: 84, Trans probs: [0.07729516445764908, 0.05986384648109987, 0.5472843134171013, 0.05640099695965012, 0.08867178897670974, 0.057681895788489666, 0.05640099695965012, 0.05640099695965012]
Timestep: 85, Trans probs: [0.07542625247314497, 0.05990749390731531, 0.5506729086473834, 0.05682458728226986, 0.08555463688119253, 0.05796494624415429, 0.05682458728226986, 0.05682458728226986]
Timestep: 86, Trans probs: [0.21690069739958198, 0.05588445534387436, 0.4082612858103843, 0.05588445534387436, 0.05588445534387436, 0.095415740070662, 0.05588445534387436, 0.05588445534387436]
Timestep: 87, Trans probs: [0.13101681658998576, 0.05998098520579025, 0.4962467268265924, 0.05724043645331654, 0.08278000386907458, 0.058254158148607425, 0.05724043645331654, 0.05724043645331654]
Timestep: 88, Trans probs: [0.12326937801896123, 0.0595092666410994, 0.5081406712761174, 0.05704941377122702, 0.07997313594411119, 0.057959306806029766, 0.05704941377122702, 0.05704941377122702]
Timestep: 89, Trans probs: [0.11632488897851095, 0.05920068505684432, 0.518137100749944, 0.05699684422408386, 0.07753475345524838, 0.05781203908720048, 0.05699684422408386, 0.05699684422408386]
Timestep: 90, Trans probs: [0.130861150552182, 0.06958851252482252, 0.391714835420058, 0.06958851252482252, 0.1294814514036474, 0.06958851252482252, 0.06958851252482252, 0.06958851252482252]
Timestep: 91, Trans probs: [0.12193696307839508, 0.0667422988102785, 0.35691512009775855, 0.0667422988102785, 0.18743642277245387, 0.0667422988102785, 0.0667422988102785, 0.0667422988102785]
Timestep: 92, Trans probs: [0.11011016751694493, 0.059022015685672675, 0.46946472956542, 0.05705104458504401, 0.13246985192328856, 0.05778010155354171, 0.05705104458504401, 0.05705104458504401]
Timestep: 93, Trans probs: [0.10448823819724755, 0.05839113891007154, 0.48534840926060285, 0.0566127216594749, 0.12466349518272764, 0.057270553470925835, 0.0566127216594749, 0.0566127216594749]
Timestep: 94, Trans probs: [0.09948319717100568, 0.05797418872828675, 0.498808749929089, 0.05637277914262484, 0.11765039045419114, 0.05696513628955279, 0.05637277914262484, 0.05637277914262484]
Timestep: 95, Trans probs: [0.20155932610359734, 0.05530905412799077, 0.43068027487765304, 0.05530905412799077, 0.05530905412799077, 0.0912151283787958, 0.05530905412799077, 0.05530905412799077]
Timestep: 96, Trans probs: [0.15132277326191226, 0.05772945506149623, 0.4538953688875941, 0.05629031224523087, 0.11135881870761148, 0.05682264734569328, 0.05629031224523087, 0.05629031224523087]
Timestep: 97, Trans probs: [0.14184303097862874, 0.05713923343404541, 0.47151397405940804, 0.05583678082214368, 0.10567486448195917, 0.0563185545795276, 0.05583678082214368, 0.05583678082214368]
Timestep: 98, Trans probs: [0.11420233259549692, 0.06416805658788993, 0.39137942039978113, 0.06416805658788993, 0.17357796406527223, 0.06416805658788993, 0.06416805658788993, 0.06416805658788993]
Timestep: 99, Trans probs: [0.13326389629467508, 0.056762029095066904, 0.4310125620951752, 0.055585693917213234, 0.15618361359230198, 0.05602081717114103, 0.055585693917213234, 0.055585693917213234]
Timestep: 100, Trans probs: [0.10745714340728921, 0.06218766325141475, 0.4204261445182029, 0.06218766325141475, 0.16117839581743404, 0.06218766325141475, 0.06218766325141475, 0.06218766325141475]
Timestep: 101, Trans probs: [0.12562989626454651, 0.05610857230827241, 0.39620997764550114, 0.05503957383837434, 0.20149783873707494, 0.055434993529481925, 0.05503957383837434, 0.05503957383837434]
Timestep: 102, Trans probs: [0.1187750960604529, 0.05537002400558935, 0.4199455257416833, 0.05439507242018721, 0.1879684325128836, 0.054755704418829196, 0.05439507242018721, 0.05439507242018721]
Timestep: 103, Trans probs: [0.1875544602384831, 0.0549388732832147, 0.45025369317755787, 0.0549388732832147, 0.0549388732832147, 0.08749748016788549, 0.0549388732832147, 0.0549388732832147]
Timestep: 104, Trans probs: [0.22951991834231353, 0.05474188039165123, 0.41255858275451296, 0.05474188039165123, 0.05474188039165123, 0.08421209694491731, 0.05474188039165123, 0.05474188039165123]
Timestep: 105, Trans probs: [0.16656202773414758, 0.05486360048673385, 0.3867640569738332, 0.05397602884599857, 0.175577889031802, 0.054304339235487595, 0.05397602884599857, 0.05397602884599857]
Timestep: 106, Trans probs: [0.21308624417257682, 0.054414574180388295, 0.43367187105480376, 0.054414574180388295, 0.054414574180388295, 0.08116901387067804, 0.054414574180388295, 0.054414574180388295]
Timestep: 107, Trans probs: [0.2523024255989134, 0.054241239937535074, 0.39799992007580554, 0.054241239937535074, 0.054241239937535074, 0.07849145463760561, 0.054241239937535074, 0.054241239937535074]
Timestep: 108, Trans probs: [0.20971060512451326, 0.054177645485340056, 0.3577568828342045, 0.05336581074236082, 0.16459132807407417, 0.05366610625478551, 0.05336581074236082, 0.05336581074236082]
Timestep: 109, Trans probs: [0.19609644791053352, 0.05346100238327492, 0.38458253062556175, 0.05271648874109906, 0.1547186704999615, 0.05299188235737115, 0.05271648874109906, 0.05271648874109906]
Timestep: 110, Trans probs: [0.23389066122418856, 0.05397758151622828, 0.42021565270638006, 0.05397758151622828, 0.05397758151622828, 0.07600577848829006, 0.05397758151622828, 0.05397758151622828]
Timestep: 111, Trans probs: [0.23584357128879316, 0.05295963795644171, 0.3561554142412571, 0.05227791426154208, 0.14567755168558064, 0.052530082043301056, 0.05227791426154208, 0.05227791426154208]
Timestep: 112, Trans probs: [0.22018805760230759, 0.052446861132998984, 0.3823596986675203, 0.05182158396315526, 0.13748775838229663, 0.052052872325410636, 0.05182158396315526, 0.05182158396315526]
Timestep: 113, Trans probs: [0.205737495245249, 0.0521089853775346, 0.4058013520686542, 0.05153631508616126, 0.12999507774610453, 0.051748144303973814, 0.05153631508616126, 0.05153631508616126]
Timestep: 114, Trans probs: [0.19239331098988444, 0.05192935799842173, 0.42671928711195317, 0.05140576030840744, 0.12314132527303662, 0.05159943770148157, 0.05140576030840744, 0.05140576030840744]
Timestep: 115, Trans probs: [0.2170446036144015, 0.053844674000276975, 0.4399054800197813, 0.053844674000276975, 0.053844674000276975, 0.07382654636443223, 0.053844674000276975, 0.053844674000276975]
Timestep: 116, Trans probs: [0.23148806590267773, 0.051889942067417524, 0.393919518088455, 0.05141211200313388, 0.11687727785888279, 0.05158886007316523, 0.05141211200313388, 0.05141211200313388]
Timestep: 117, Trans probs: [0.21595577243054015, 0.05173838333812968, 0.4157781135011339, 0.05130147451129529, 0.11116022127188963, 0.0514630859244206, 0.05130147451129529, 0.05130147451129529]
Timestep: 118, Trans probs: [0.20163477989550044, 0.05382742243247965, 0.4573034488362209, 0.05382742243247965, 0.05382742243247965, 0.07192465910588038, 0.05382742243247965, 0.05382742243247965]
Timestep: 119, Trans probs: [0.25292365748259693, 0.051713187416440744, 0.3840052306908038, 0.05131438114678333, 0.10595288244446928, 0.051461898525339285, 0.05131438114678333, 0.05131438114678333]
Timestep: 120, Trans probs: [0.1111111111111111, 0.1111111111111111, 0.2222222222222222, 0.1111111111111111, 0.1111111111111111, 0.1111111111111111, 0.1111111111111111, 0.1111111111111111]
Timestep: 121, Trans probs: [0.1875510312681797, 0.05391012141435538, 0.4726255150310222, 0.05391012141435538, 0.05391012141435538, 0.07027284662902103, 0.05391012141435538, 0.05391012141435538]
Timestep: 122, Trans probs: [0.2287738426250759, 0.05407722618119805, 0.43199440383946613, 0.05407722618119805, 0.05407722618119805, 0.06884562262946772, 0.05407722618119805, 0.05407722618119805]
Timestep: 123, Trans probs: [0.23552283433287607, 0.10284972732282514, 0.3553374751770855, 0.051242599942737464, 0.10118472566661643, 0.051377437672384535, 0.051242599942737464, 0.051242599942737464]
Timestep: 124, Trans probs: [0.2204255348870352, 0.09826148306612692, 0.3814918048251167, 0.05074216339637928, 0.09672836642180524, 0.050866320610778205, 0.05074216339637928, 0.05074216339637928]
Timestep: 125, Trans probs: [0.2064139565976401, 0.09411664377139531, 0.404906783089645, 0.05043528393841478, 0.09270735129263154, 0.05054941343344357, 0.05043528393841478, 0.05043528393841478]
Timestep: 126, Trans probs: [0.1934074987813367, 0.09037768894100404, 0.4258206075338698, 0.05030119838309881, 0.08908470042291629, 0.05040590917157674, 0.05030119838309881, 0.05030119838309881]
Timestep: 127, Trans probs: [0.1813416456350709, 0.08701121781003546, 0.44444942723413616, 0.05031860907949616, 0.08582740353072063, 0.05041447855154824, 0.05031860907949616, 0.05031860907949616]
Timestep: 128, Trans probs: [0.21220769848606832, 0.05402968524080549, 0.45024223326445084, 0.05402968524080549, 0.05402968524080549, 0.06740164204545347, 0.05402968524080549, 0.05402968524080549]
Timestep: 129, Trans probs: [0.2511589533775695, 0.05408057202396961, 0.4122689525319604, 0.05408057202396961, 0.05408057202396961, 0.06616923397062212, 0.05408057202396961, 0.05408057202396961]
Timestep: 130, Trans probs: [0.2206291008696974, 0.08398704888626866, 0.41052456054008085, 0.0504665330738666, 0.08290557589643209, 0.05055411458592121, 0.0504665330738666, 0.0504665330738666]
Timestep: 131, Trans probs: [0.20622886369100382, 0.08114936993927213, 0.43052083526204765, 0.050465337555005534, 0.080159410464049, 0.050545507978610786, 0.050465337555005534, 0.050465337555005534]
Timestep: 132, Trans probs: [0.19288370934922458, 0.07861693609674253, 0.4483718001281832, 0.05058543975982787, 0.07771255543855889, 0.05065867970780719, 0.05058543975982787, 0.05058543975982787]
Timestep: 133, Trans probs: [0.1805331810710602, 0.07636472101018761, 0.46425304565710335, 0.0508105049987981, 0.07554026489061497, 0.0508772723746396, 0.0508105049987981, 0.0508105049987981]
Timestep: 134, Trans probs: [0.16912419412764418, 0.0743692691455575, 0.47832910017661745, 0.05112434626083527, 0.07361931779065145, 0.0511850799770236, 0.05112434626083527, 0.05112434626083527]
Timestep: 135, Trans probs: [0.232581122693778, 0.05398285693688699, 0.43256663221710906, 0.05398285693688699, 0.05398285693688699, 0.06493796040467799, 0.05398285693688699, 0.05398285693688699]
Timestep: 136, Trans probs: [0.21011965438215607, 0.07260847665381563, 0.4392436799898076, 0.051511312100060026, 0.07192781846362806, 0.0515664342104125, 0.051511312100060026, 0.051511312100060026]
Timestep: 137, Trans probs: [0.10157228182837288, 0.06069479446650447, 0.44487218559847536, 0.06069479446650447, 0.15008156024062946, 0.06069479446650447, 0.06069479446650447, 0.06069479446650447]
Timestep: 138, Trans probs: [0.09643712897462936, 0.05959829443237021, 0.40581936280433206, 0.05959829443237021, 0.19975203605918737, 0.05959829443237021, 0.05959829443237021, 0.05959829443237021]
Timestep: 139, Trans probs: [0.19602069643616168, 0.07085578193445576, 0.40457311776821986, 0.05165279901174444, 0.12188903477121199, 0.05170297205471736, 0.05165279901174444, 0.05165279901174444]
Timestep: 140, Trans probs: [0.18363833200883717, 0.06897596990401073, 0.4260754827691025, 0.05138430381976862, 0.11572703700177596, 0.05143026685696771, 0.05138430381976862, 0.05138430381976862]
Timestep: 141, Trans probs: [0.17219735747999634, 0.06737068464128211, 0.4451263755511068, 0.05128802428569947, 0.1101114648376455, 0.051330044632870914, 0.05128802428569947, 0.05128802428569947]
Timestep: 142, Trans probs: [0.16163823569973837, 0.06601046779126175, 0.46195590049179075, 0.0513391167869158, 0.10500059595390603, 0.05137744970255577, 0.0513391167869158, 0.0513391167869158]
Timestep: 143, Trans probs: [0.21561287002424517, 0.05398194280348251, 0.45058113538794814, 0.05398194280348251, 0.05398194280348251, 0.06389628057039407, 0.05398194280348251, 0.05398194280348251]
Timestep: 144, Trans probs: [0.2034232363359815, 0.06486813052573476, 0.4252598379301003, 0.05151418626548082, 0.10035715931591743, 0.051549077095823403, 0.05151418626548082, 0.05151418626548082]
Timestep: 145, Trans probs: [0.19015235056050697, 0.06367378576751416, 0.44413732789052274, 0.051483778806127714, 0.09606957083101599, 0.05151562853205705, 0.051483778806127714, 0.051483778806127714]
Timestep: 146, Trans probs: [0.17790481675444994, 0.0626855369491885, 0.4608604239088584, 0.05158070013189184, 0.09219740743769299, 0.05160971455413468, 0.05158070013189184, 0.05158070013189184]
Timestep: 147, Trans probs: [0.16661963098624807, 0.061880225790700544, 0.47562419252340643, 0.05178543952747173, 0.08870781720073503, 0.05181181491649468, 0.05178543952747173, 0.05178543952747173]
Timestep: 148, Trans probs: [0.09182278424957227, 0.05845694154076369, 0.43049485960571354, 0.05845694154076369, 0.18539764844089582, 0.05845694154076369, 0.05845694154076369, 0.05845694154076369]
Timestep: 149, Trans probs: [0.20012210661742671, 0.05406748934120293, 0.466514060464612, 0.05406748934120293, 0.05406748934120293, 0.06302638621194655, 0.05406748934120293, 0.05406748934120293]
Timestep: 150, Trans probs: [0.1454296125165118, 0.057630844122291205, 0.394011130885036, 0.057630844122291205, 0.17240503598699625, 0.057630844122291205, 0.057630844122291205, 0.057630844122291205]
Timestep: 151, Trans probs: [0.15624190200847643, 0.061236135899198546, 0.43653006141982287, 0.052079477993256594, 0.13765006442727026, 0.05210340226546224, 0.052079477993256594, 0.052079477993256594]
Timestep: 152, Trans probs: [0.1470095298908297, 0.060324368709546224, 0.4547197033975878, 0.051969650896466685, 0.13004596543170668, 0.051991479880929656, 0.051969650896466685, 0.051969650896466685]
Timestep: 153, Trans probs: [0.13853677549325552, 0.0596164096163718, 0.47069397258280554, 0.052010062951947315, 0.12309271683954506, 0.052029936612180055, 0.052010062951947315, 0.052010062951947315]
Timestep: 154, Trans probs: [0.13077467883282995, 0.059084719237074285, 0.48467604134348097, 0.05217523929504548, 0.11674555050103534, 0.05219329220044291, 0.05217523929504548, 0.05217523929504548]
Timestep: 155, Trans probs: [0.12367848062549115, 0.05870419159584556, 0.4968695403418384, 0.05244196813625113, 0.11096355312094311, 0.052458329907128544, 0.05244196813625113, 0.05244196813625113]
Timestep: 156, Trans probs: [0.18599463969627866, 0.05422808113110274, 0.4263263159041692, 0.05422808113110274, 0.10845616226220547, 0.062310557612935816, 0.05422808113110274, 0.05422808113110274]
Timestep: 157, Trans probs: [0.22763807131545413, 0.05384843761927236, 0.39255279343435473, 0.05384843761927236, 0.10320983084867032, 0.06120555392443141, 0.05384843761927236, 0.05384843761927236]
Timestep: 158, Trans probs: [0.16999560125122717, 0.058452013206544834, 0.454671907338371, 0.05278927076629605, 0.10570859967585622, 0.052804066229112566, 0.05278927076629605, 0.05278927076629605]
Timestep: 159, Trans probs: [0.15928428688258933, 0.05793557621375378, 0.47073210374080193, 0.052790397945514725, 0.10087299819588066, 0.05280384113043004, 0.052790397945514725, 0.052790397945514725]
Timestep: 160, Trans probs: [0.1494700548573948, 0.057580377903867254, 0.48476536691582756, 0.052915407172451925, 0.09651038312166589, 0.052927595683888766, 0.052915407172451925, 0.052915407172451925]
Timestep: 161, Trans probs: [0.14049579131000542, 0.057361734751259504, 0.4969840700561781, 0.053141261315200826, 0.09258233148102635, 0.053152288455928176, 0.053141261315200826, 0.053141261315200826]
Timestep: 162, Trans probs: [0.1323082321125626, 0.05725731726053393, 0.5075822822960016, 0.0534472013393764, 0.08905340800386823, 0.0534571563089045, 0.0534472013393764, 0.0534472013393764]
Timestep: 163, Trans probs: [0.13653165758072613, 0.05657870279015941, 0.4194783067941217, 0.05657870279015941, 0.16109652167435512, 0.05657870279015941, 0.05657870279015941, 0.05657870279015941]
Timestep: 164, Trans probs: [0.12485679852692579, 0.05724703979923857, 0.4629231370877337, 0.0538146896585125, 0.13970529799890619, 0.053823657611658214, 0.0538146896585125, 0.0538146896585125]
Timestep: 165, Trans probs: [0.11815493602658508, 0.05683452790430729, 0.4784943591953951, 0.05372146973920414, 0.13162216420133074, 0.05372960345476925, 0.05372146973920414, 0.05372146973920414]
Timestep: 166, Trans probs: [0.11208380022283052, 0.056587701305262444, 0.49196794222817786, 0.05377032632102874, 0.12427188979719883, 0.05377768748344416, 0.05377032632102874, 0.05377032632102874]
Timestep: 167, Trans probs: [0.21198151419878747, 0.053399754488704106, 0.4158647370020303, 0.053399754488704106, 0.09844166195796016, 0.060113068886405725, 0.053399754488704106, 0.053399754488704106]
Timestep: 168, Trans probs: [0.12850240128800272, 0.05583159028590274, 0.4415097585299274, 0.05583159028590274, 0.15082988875255612, 0.05583159028590274, 0.05583159028590274, 0.05583159028590274]
Timestep: 169, Trans probs: [0.16052755058481977, 0.056477646951180085, 0.44965384844511497, 0.05393337716039469, 0.11760079777687568, 0.05394002476082538, 0.05393337716039469, 0.05393337716039469]
Timestep: 170, Trans probs: [0.150544641424414, 0.05605611072387901, 0.46684813164430655, 0.05374563944191092, 0.11156252170185084, 0.053751676179816923, 0.05374563944191092, 0.05374563944191092]
Timestep: 171, Trans probs: [0.14143430236109625, 0.05580847167641613, 0.481784325021732, 0.05371471467411262, 0.10610857173170438, 0.053720185186713405, 0.05371471467411262, 0.05371471467411262]
Timestep: 172, Trans probs: [0.13313472516839361, 0.05570508874657411, 0.49471783527719526, 0.05381174835912714, 0.1011904105019278, 0.053816695228527806, 0.05381174835912714, 0.05381174835912714]
Timestep: 173, Trans probs: [0.1255890523270166, 0.05571965377413853, 0.5058783287601645, 0.054011179341866576, 0.09676378391466363, 0.05401564319841706, 0.054011179341866576, 0.054011179341866576]
Timestep: 174, Trans probs: [0.11874410870878051, 0.05582894006808515, 0.5154730063453954, 0.054290513242450496, 0.09278787234724979, 0.0542945328031377, 0.054290513242450496, 0.054290513242450496]
Timestep: 175, Trans probs: [0.19759253471498225, 0.053135027945909394, 0.38331668162850097, 0.053135027945909394, 0.1473002580098136, 0.059250413863065614, 0.053135027945909394, 0.053135027945909394]
Timestep: 176, Trans probs: [0.12125967027270565, 0.05533917351560308, 0.46053128094549534, 0.05533917351560308, 0.1415131812037837, 0.05533917351560308, 0.05533917351560308, 0.05533917351560308]
Timestep: 177, Trans probs: [0.16717965206515215, 0.0560125643878783, 0.46905908019533027, 0.05463009937467885, 0.08922469378511165, 0.05463371144249118, 0.05463009937467885, 0.05463009937467885]
Timestep: 178, Trans probs: [0.18490905241535205, 0.05260583596644173, 0.35500683797500926, 0.05260583596644173, 0.1914540770092902, 0.058206688734581534, 0.05260583596644173, 0.05260583596644173]
Timestep: 179, Trans probs: [0.22553173169496074, 0.05199402245065187, 0.3298023302207846, 0.05199402245065187, 0.17955046116867035, 0.05713938711297697, 0.05199402245065187, 0.05199402245065187]
Timestep: 180, Trans probs: [0.2108761060908522, 0.055821252163045884, 0.42917129395693504, 0.05457165108737136, 0.08584147851523101, 0.05457491601182196, 0.05457165108737136, 0.05457165108737136]
Timestep: 181, Trans probs: [0.19611840655212553, 0.05545046799132503, 0.44847567555041207, 0.05431681236632707, 0.08268523845556784, 0.05431977435158834, 0.05431681236632707, 0.05431681236632707]
Timestep: 182, Trans probs: [0.18262967477418512, 0.0552382330481805, 0.46538057794944454, 0.05421157391059127, 0.07990253615813968, 0.054214256338276395, 0.05421157391059127, 0.05421157391059127]
Timestep: 183, Trans probs: [0.21109100806502296, 0.05139179758811976, 0.35843850503998537, 0.05139179758811976, 0.16877644351446958, 0.05612685302804295, 0.05139179758811976, 0.05139179758811976]
Timestep: 184, Trans probs: [0.22454719009190383, 0.05515988727669749, 0.42590796361034894, 0.05423183899042946, 0.07745517827945608, 0.054234263770305345, 0.05423183899042946, 0.05423183899042946]
Timestep: 185, Trans probs: [0.20851475079013454, 0.05490809596459956, 0.445182635881717, 0.05406650754326598, 0.07512628831064445, 0.054068706423106634, 0.05406650754326598, 0.05406650754326598]
Timestep: 186, Trans probs: [0.19385655020329648, 0.054789027108019146, 0.46215051299208226, 0.05402709646540827, 0.07309353308285371, 0.05402908721752361, 0.05402709646540827, 0.05402709646540827]
Timestep: 187, Trans probs: [0.18046865816665927, 0.05478352568691434, 0.47703975692935563, 0.054094915207447344, 0.07132659920413795, 0.05409671439059077, 0.054094915207447344, 0.054094915207447344]
Timestep: 188, Trans probs: [0.19775286116640295, 0.050975906472279994, 0.3841534627464546, 0.050975906472279994, 0.1588622310537615, 0.05532781914426081, 0.050975906472279994, 0.050975906472279994]
Timestep: 189, Trans probs: [0.22251114071805597, 0.05487336056828379, 0.43580779033277567, 0.05425213719508743, 0.06979753648463019, 0.05425376031099211, 0.05425213719508743, 0.05425213719508743]
Timestep: 190, Trans probs: [0.2064985828734891, 0.054745348231407746, 0.45376726225495095, 0.05418298898140106, 0.0682553813972585, 0.05418445829869048, 0.05418298898140106, 0.05418298898140106]
Timestep: 191, Trans probs: [0.19188018227429293, 0.054727221403041565, 0.4695779541996031, 0.054218967088768354, 0.0669374458146365, 0.054220295042120906, 0.054218967088768354, 0.054218967088768354]
Timestep: 192, Trans probs: [0.1785501040318605, 0.054802836019596124, 0.48344922166365484, 0.05434425982519813, 0.06581960082841366, 0.05434545798088052, 0.05434425982519813, 0.05434425982519813]
Timestep: 193, Trans probs: [0.16641369866189692, 0.054956671929692405, 0.4955747074662567, 0.054543640272680764, 0.06487928169330424, 0.05454471943080737, 0.054543640272680764, 0.054543640272680764]
Timestep: 194, Trans probs: [0.15538442911754705, 0.05517416059743737, 0.5061337008699976, 0.05480280659249078, 0.06409551278118888, 0.05480377685635672, 0.05480280659249078, 0.05480280659249078]
Timestep: 195, Trans probs: [0.1453818234433866, 0.055441881646254396, 0.5152921721897669, 0.055108586884307656, 0.06344890435967333, 0.055109457707995885, 0.055108586884307656, 0.055108586884307656]
Timestep: 196, Trans probs: [0.2993592972041328, 0.10009152897083819, 0.10009152897083819, 0.10009152897083819, 0.10009152897083819, 0.10009152897083819, 0.10009152897083819, 0.10009152897083819]
Timestep: 197, Trans probs: [0.13633013831131938, 0.05574767320260057, 0.4677544996750896, 0.05544905489143831, 0.06292163413181895, 0.11089889000485664, 0.05544905489143831, 0.05544905489143831]
Timestep: 198, Trans probs: [0.12835344471768487, 0.05544819716498475, 0.48338051720935876, 0.05517802868764069, 0.06193868360980158, 0.10534507123524786, 0.05517802868764069, 0.05517802868764069]
Timestep: 199, Trans probs: [0.18541852977166237, 0.05073196197901234, 0.40719680698198285, 0.05073196197901234, 0.14973141867114237, 0.05472539665916317, 0.05073196197901234, 0.05073196197901234]
Timestep: 200, Trans probs: [0.17622266229483186, 0.055324132179858126, 0.44165818180310445, 0.05508022612966296, 0.061183694065697604, 0.10037065126751903, 0.05508022612966296, 0.05508022612966296]
Timestep: 201, Trans probs: [0.11473191324520662, 0.055057095314951246, 0.4769161176049152, 0.055057095314951246, 0.1330664925751219, 0.055057095314951246, 0.055057095314951246, 0.055057095314951246]
Timestep: 202, Trans probs: [0.10885568409915578, 0.054946630003191374, 0.4360457542616002, 0.054946630003191374, 0.18036541162328706, 0.054946630003191374, 0.054946630003191374, 0.054946630003191374]
Timestep: 203, Trans probs: [0.17401075639903857, 0.050642888898942584, 0.4277942670072192, 0.050642888898942584, 0.14132269502911762, 0.05430072596885431, 0.050642888898942584, 0.050642888898942584]
Timestep: 204, Trans probs: [0.21415712931940986, 0.050690498820336084, 0.39546158340055143, 0.050690498820336084, 0.133584999341155, 0.054034292657539375, 0.050690498820336084, 0.050690498820336084]
Timestep: 205, Trans probs: [0.2509542187307542, 0.05059516956956673, 0.366465479247458, 0.05059516956956673, 0.12654095714043007, 0.05365866660309097, 0.05059516956956673, 0.05059516956956673]
Timestep: 206, Trans probs: [0.1581026203927049, 0.05458144007648538, 0.40055100788963843, 0.05458144007648538, 0.16843917133522973, 0.05458144007648538, 0.05458144007648538, 0.05458144007648538]
Timestep: 207, Trans probs: [0.16464260079164056, 0.054933989238591975, 0.40551039525052496, 0.054712658225792625, 0.1149638700823376, 0.09581116995952693, 0.054712658225792625, 0.054712658225792625]
Timestep: 208, Trans probs: [0.15451945555222293, 0.05416038648332523, 0.42881803086399395, 0.05395791765169775, 0.1090744253405398, 0.09155394880482494, 0.05395791765169775, 0.05395791765169775]
Timestep: 209, Trans probs: [0.23421992448583168, 0.050449223780882485, 0.3401676487006194, 0.050449223780882485, 0.17055644731728778, 0.05325908437273111, 0.050449223780882485, 0.050449223780882485]
Timestep: 210, Trans probs: [0.2693780156837833, 0.050120976249279296, 0.3167675833263383, 0.050120976249279296, 0.16066342328315655, 0.052707072709604674, 0.050120976249279296, 0.050120976249279296]
Timestep: 211, Trans probs: [0.1987320801685707, 0.05365694163639681, 0.39562667924091566, 0.0534721376846739, 0.10377987317259624, 0.08778801272749898, 0.0534721376846739, 0.0534721376846739]
Timestep: 212, Trans probs: [0.1858960083300387, 0.05306692235255972, 0.41906809930799116, 0.052897718033744365, 0.09895888737031915, 0.08431692853785813, 0.052897718033744365, 0.052897718033744365]
Timestep: 213, Trans probs: [0.17407421373286286, 0.052703582285217467, 0.4396807703541261, 0.05254897431763896, 0.09463669303118083, 0.08125781764369583, 0.05254897431763896, 0.05254897431763896]
Timestep: 214, Trans probs: [0.16319566098644595, 0.05253291952708839, 0.4577611052962441, 0.052391951804175316, 0.09076649331440825, 0.07856796546328748, 0.052391951804175316, 0.052391951804175316]
Timestep: 215, Trans probs: [0.26864943477119946, 0.09141882065360006, 0.18283764130720012, 0.09141882065360006, 0.09141882065360006, 0.09141882065360006, 0.09141882065360006, 0.09141882065360006]
Timestep: 216, Trans probs: [0.15319897701247143, 0.052523787697327795, 0.4211792518593557, 0.052395542616784495, 0.08730669862536225, 0.12860465695512935, 0.052395542616784495, 0.052395542616784495]
Timestep: 217, Trans probs: [0.2517086661496679, 0.04982637298400525, 0.3451692805358342, 0.04982637298400525, 0.15160902387129543, 0.05220753750718147, 0.04982637298400525, 0.04982637298400525]
Timestep: 218, Trans probs: [0.19634146661244237, 0.05214801594184265, 0.38963268762665854, 0.05203061432133303, 0.08398993994932358, 0.12179604690573373, 0.05203061432133303, 0.05203061432133303]
Timestep: 219, Trans probs: [0.18404665450271465, 0.05167488943043061, 0.41305802710889117, 0.05156711297000935, 0.0809062564902051, 0.11561283355773035, 0.05156711297000935, 0.05156711297000935]
Timestep: 220, Trans probs: [0.23534240330509645, 0.049648205537748034, 0.37095700807054316, 0.049648205537748034, 0.1432693320207919, 0.051838434452576326, 0.049648205537748034, 0.049648205537748034]
Timestep: 221, Trans probs: [0.2697441530888817, 0.049586779153281614, 0.34472703779226316, 0.049586779153281614, 0.1355830645537045, 0.05159862795202411, 0.049586779153281614, 0.049586779153281614]
Timestep: 222, Trans probs: [0.3013396897183254, 0.049505888183483414, 0.3207441919882568, 0.049505888183483414, 0.1285377582952931, 0.051354807264191005, 0.049505888183483414, 0.049505888183483414]
Timestep: 223, Trans probs: [0.3303020598791857, 0.0494492672358532, 0.29868308471164456, 0.0494492672358532, 0.12206959561098804, 0.05114819085476899, 0.0494492672358532, 0.0494492672358532]
Timestep: 224, Trans probs: [0.22399241294582697, 0.05140877150904158, 0.38249325763302805, 0.05131003111333838, 0.07818935735446658, 0.10998610721762164, 0.05131003111333838, 0.05131003111333838]
Timestep: 225, Trans probs: [0.3073424317691983, 0.04944353170214324, 0.32775118393360647, 0.04944353170214324, 0.11612865394780322, 0.05100360354081906, 0.04944353170214324, 0.04944353170214324]
Timestep: 226, Trans probs: [0.26047603333251484, 0.051081075601520705, 0.35496431404594486, 0.050990447521773306, 0.07566142139005466, 0.1048458130646449, 0.050990447521773306, 0.050990447521773306]
Timestep: 227, Trans probs: [0.28615886792586503, 0.049474411658991344, 0.35436323309711404, 0.049474411658991344, 0.11067409841880416, 0.05090615392225126, 0.049474411658991344, 0.049474411658991344]
Timestep: 228, Trans probs: [0.3161225317128249, 0.04955975086625884, 0.3290956321097517, 0.04955975086625884, 0.10567039568929959, 0.05087243702308844, 0.04955975086625884, 0.04955975086625884]
Timestep: 229, Trans probs: [0.1484680081877468, 0.053976863682296816, 0.42374475995194855, 0.053976863682296816, 0.1579029134488205, 0.053976863682296816, 0.053976863682296816, 0.053976863682296816]
Timestep: 230, Trans probs: [0.29379000669988625, 0.05076574435251024, 0.329900634510562, 0.050682497052609715, 0.07334425890583654, 0.10015186437337589, 0.050682497052609715, 0.050682497052609715]
Timestep: 231, Trans probs: [0.27374178884559064, 0.05050678737581641, 0.3573422774987678, 0.05043031883339127, 0.07124675251679706, 0.09587143726285442, 0.05043031883339127, 0.05043031883339127]
Timestep: 232, Trans probs: [0.2551896805727948, 0.05036301777480466, 0.38218918541333385, 0.05029285495871021, 0.06939273004395749, 0.0919868213189784, 0.05029285495871021, 0.05029285495871021]
Timestep: 233, Trans probs: [0.23799895191091022, 0.05033252156016993, 0.4046267653002915, 0.05026823693501453, 0.06776793804047321, 0.0884691123831115, 0.05026823693501453, 0.05026823693501453]
Timestep: 234, Trans probs: [0.13968074393438895, 0.053595823022115754, 0.4440638500255756, 0.053595823022115754, 0.14827629092945654, 0.053595823022115754, 0.053595823022115754, 0.053595823022115754]
Timestep: 235, Trans probs: [0.22206507723344204, 0.050408780019353505, 0.3744775966480443, 0.05034997962174724, 0.11670673194387624, 0.0852918752900422, 0.05034997962174724, 0.05034997962174724]
Timestep: 236, Trans probs: [0.2080681067231962, 0.050101572393432076, 0.39837303533460383, 0.05004746138685777, 0.11111219576495046, 0.0822027056232442, 0.05004746138685777, 0.05004746138685777]
Timestep: 237, Trans probs: [0.1950615534555857, 0.049963997065395525, 0.41977730318063156, 0.04991429429220336, 0.10600429954218128, 0.07944996387959591, 0.04991429429220336, 0.04991429429220336]
Timestep: 238, Trans probs: [0.18298087183769093, 0.049976533090092506, 0.4388985644984655, 0.049930972815703266, 0.10134613268621787, 0.07700497944042331, 0.049930972815703266, 0.049930972815703266]
Timestep: 239, Trans probs: [0.24351773340252408, 0.08429396355544465, 0.2507184852648081, 0.08429396355544465, 0.08429396355544465, 0.08429396355544465, 0.08429396355544465, 0.08429396355544465]
Timestep: 240, Trans probs: [0.17177287806152824, 0.05011952887989779, 0.4058497865306556, 0.0500778568561031, 0.09710509262791367, 0.12491914333169533, 0.0500778568561031, 0.0500778568561031]
Timestep: 241, Trans probs: [0.16178305018476014, 0.04990130756298722, 0.42692109610756784, 0.049862982776435194, 0.09311283265093105, 0.1186927651644482, 0.049862982776435194, 0.049862982776435194]
Timestep: 242, Trans probs: [0.15252517711743527, 0.049859260375482495, 0.445647594293205, 0.04982409244501322, 0.08951140319175198, 0.11298428768708563, 0.04982409244501322, 0.04982409244501322]
Timestep: 243, Trans probs: [0.14395681776691982, 0.04996804062149091, 0.4622408977096349, 0.049935845021583596, 0.08626885527124852, 0.10775785356595506, 0.049935845021583596, 0.049935845021583596]
Timestep: 244, Trans probs: [0.13167219642245703, 0.05340399838830562, 0.46182056505968255, 0.05340399838830562, 0.13948724657633235, 0.05340399838830562, 0.05340399838830562, 0.05340399838830562]
Timestep: 245, Trans probs: [0.13604086161609186, 0.05020385465683175, 0.42671974493416526, 0.050174451423624165, 0.13353070335972617, 0.10298148116231247, 0.050174451423624165, 0.050174451423624165]
Timestep: 246, Trans probs: [0.1288777452288221, 0.05008417497261475, 0.44576188259838323, 0.05005718444948757, 0.12657356037972758, 0.09853108347198948, 0.05005718444948757, 0.05005718444948757]
Timestep: 247, Trans probs: [0.12228767833704414, 0.05013188178268831, 0.46258384319895723, 0.05010716501088412, 0.12017760396607356, 0.09449749768258443, 0.05010716501088412, 0.05010716501088412]
Timestep: 248, Trans probs: [0.29397390075514335, 0.04964685592994596, 0.30586483043458035, 0.04964685592994596, 0.15072380269744556, 0.05085004239304686, 0.04964685592994596, 0.04964685592994596]
Timestep: 249, Trans probs: [0.16653266510997217, 0.05032017078725239, 0.4270983663502289, 0.05029759181672562, 0.114307503325418, 0.09084851897695168, 0.05029759181672562, 0.05029759181672562]
Timestep: 250, Trans probs: [0.15680190199237454, 0.05024905652051452, 0.44593758776696074, 0.05022835432690382, 0.10891772546038032, 0.08740866527905837, 0.05022835432690382, 0.05022835432690382]
Timestep: 251, Trans probs: [0.1478018399079697, 0.05033200829784538, 0.4626034514417391, 0.05031307084651539, 0.10399951250231126, 0.0843239753105884, 0.05031307084651539, 0.05031307084651539]
Timestep: 252, Trans probs: [0.13949233176967873, 0.05054447572368185, 0.47729742462517943, 0.05052719401028446, 0.09951972641890232, 0.08156445943170423, 0.05052719401028446, 0.05052719401028446]
Timestep: 253, Trans probs: [0.27433443364531357, 0.04946459823232274, 0.3347430164121175, 0.04946459823232274, 0.1424921891808268, 0.050571967832451166, 0.04946459823232274, 0.04946459823232274]
Timestep: 254, Trans probs: [0.3055248856954277, 0.04936605780766717, 0.31171122398400586, 0.04936605780766717, 0.1349152520372442, 0.050384407052653596, 0.04936605780766717, 0.04936605780766717]
Timestep: 255, Trans probs: [0.18268502420097604, 0.05086372020182346, 0.43935651787833235, 0.05084798786487376, 0.09544813891168985, 0.07910263521255709, 0.05084798786487376, 0.05084798786487376]
Timestep: 256, Trans probs: [0.17133021268433415, 0.05091664495074404, 0.4566917839466694, 0.050902274080759986, 0.09164275491410588, 0.0767117812618666, 0.050902274080759986, 0.050902274080759986]
Timestep: 257, Trans probs: [0.16084080666312386, 0.05109431415969694, 0.4720042723159319, 0.051081216361793774, 0.0882126207252537, 0.07460433705061227, 0.051081216361793774, 0.051081216361793774]
Timestep: 258, Trans probs: [0.12438237303887248, 0.05337014186613584, 0.4772940000014043, 0.05337014186613584, 0.131472917629044, 0.05337014186613584, 0.05337014186613584, 0.05337014186613584]
Timestep: 259, Trans probs: [0.15117027860602963, 0.05137564834192266, 0.43411729858072734, 0.05136373825833635, 0.1364917881143561, 0.07275377158195538, 0.05136373825833635, 0.05136373825833635]
Timestep: 260, Trans probs: [0.14252222080852975, 0.05127128113786087, 0.4525057650717727, 0.051260390709027874, 0.1291003959391215, 0.07081916491563145, 0.051260390709027874, 0.051260390709027874]
Timestep: 261, Trans probs: [0.11775756243345539, 0.05346611556166634, 0.4907348205207942, 0.05346611556166634, 0.12417703923741873, 0.05346611556166634, 0.05346611556166634, 0.05346611556166634]
Timestep: 262, Trans probs: [0.1345714346353869, 0.05132297851619674, 0.41737018252120656, 0.051313043151255885, 0.17363971403173825, 0.06915656084170392, 0.051313043151255885, 0.051313043151255885]
Timestep: 263, Trans probs: [0.1273729930410864, 0.05114200325432905, 0.43746599771968137, 0.051132905395478066, 0.16314799412201234, 0.06747229567645666, 0.051132905395478066, 0.051132905395478066]
Timestep: 264, Trans probs: [0.28480574264192776, 0.04930196085447597, 0.3397952141490331, 0.04930196085447597, 0.1279530030069736, 0.050238196784161686, 0.04930196085447597, 0.04930196085447597]
Timestep: 265, Trans probs: [0.1718947446321395, 0.0511242799388279, 0.4041198775693984, 0.0511159669575783, 0.15346744849935082, 0.06604574848754861, 0.0511159669575783, 0.0511159669575783]
Timestep: 266, Trans probs: [0.26563369564014644, 0.049301625760626466, 0.36544825203154047, 0.049301625760626466, 0.12154990397463589, 0.050161645311171454, 0.049301625760626466, 0.049301625760626466]
Timestep: 267, Trans probs: [0.2125280378841595, 0.050889254743741744, 0.37461730537422483, 0.05088163100782854, 0.14474695346812874, 0.06457355550625948, 0.05088163100782854, 0.05088163100782854]
Timestep: 268, Trans probs: [0.2478585267326471, 0.04937534593005344, 0.3888130391450311, 0.04937534593005344, 0.11566264247103146, 0.05016440793107646, 0.04937534593005344, 0.04937534593005344]
Timestep: 269, Trans probs: [0.24968215929797982, 0.0505720126542703, 0.3480762855794483, 0.050565006483487704, 0.13682671428746837, 0.0631478087303702, 0.050565006483487704, 0.050565006483487704]
Timestep: 270, Trans probs: [0.2313648093360284, 0.04952642516604943, 0.41002530356975897, 0.04952642516604943, 0.11025486999078177, 0.05024931643923322, 0.04952642516604943, 0.04952642516604943]
Timestep: 271, Trans probs: [0.28365881775700874, 0.05025480968281071, 0.323920352952671, 0.05024836490971684, 0.12959800549622166, 0.061822919382137305, 0.05024836490971684, 0.05024836490971684]
Timestep: 272, Trans probs: [0.26471788345484343, 0.049987060288970396, 0.35173947787360854, 0.04998113112158813, 0.12298250664055434, 0.06062967837725901, 0.04998113112158813, 0.04998113112158813]
Timestep: 273, Trans probs: [0.2471690909821215, 0.04983583744780876, 0.37697055273736324, 0.0498303886637309, 0.11691716610559746, 0.05961618673591642, 0.0498303886637309, 0.0498303886637309]
Timestep: 274, Trans probs: [0.23088616977905502, 0.049799960491632794, 0.39979564449902427, 0.04979496032244583, 0.11135828025293165, 0.05877506401001874, 0.04979496032244583, 0.04979496032244583]
Timestep: 275, Trans probs: [0.2157718558765569, 0.04987341046989056, 0.4203836633810299, 0.0498688296666469, 0.1062688123640053, 0.05809576890857675, 0.0498688296666469, 0.0498688296666469]
Timestep: 276, Trans probs: [0.2160611446183915, 0.0497533644949747, 0.4292158191689453, 0.0497533644949747, 0.10529506376407793, 0.050414514468686555, 0.0497533644949747, 0.0497533644949747]
Timestep: 277, Trans probs: [0.25179146125942253, 0.05004715148002904, 0.38885023272574176, 0.05004296268837932, 0.10161640166863004, 0.05756586480103851, 0.05004296268837932, 0.05004296268837932]
Timestep: 278, Trans probs: [0.2348111297478007, 0.05011773862693224, 0.41039994446366873, 0.050113903861355294, 0.09732848625747607, 0.0570009893200565, 0.050113903861355294, 0.050113903861355294]
Timestep: 279, Trans probs: [0.1117487167989711, 0.053666782516005325, 0.5023691945159996, 0.053666782516005325, 0.11754817610500254, 0.053666782516005325, 0.053666782516005325, 0.053666782516005325]
Timestep: 280, Trans probs: [0.21907668375581724, 0.05027771059051583, 0.37955460580530825, 0.050274205838733495, 0.1436997825983575, 0.056568599733800635, 0.050274205838733495, 0.050274205838733495]
Timestep: 281, Trans probs: [0.22187108904777983, 0.0785393964212554, 0.3068925324246877, 0.0785393964212554, 0.0785393964212554, 0.0785393964212554, 0.0785393964212554, 0.0785393964212554]
Timestep: 282, Trans probs: [0.20512021685432652, 0.050122069736923285, 0.35247763322062037, 0.05011885152995093, 0.13590605165074612, 0.10601747394753099, 0.05011885152995093, 0.05011885152995093]
Timestep: 283, Trans probs: [0.2018727092959454, 0.05005140369792551, 0.44651164798814924, 0.05005140369792551, 0.10075506465660199, 0.05065496326760132, 0.05005140369792551, 0.05005140369792551]
Timestep: 284, Trans probs: [0.24244325780355253, 0.049597888841412925, 0.3290371767845116, 0.04959491455030199, 0.12888009071898757, 0.1012568422006293, 0.04959491455030199, 0.04959491455030199]
Timestep: 285, Trans probs: [0.22748118471850082, 0.04912206618582537, 0.3566896156996616, 0.0491193153189331, 0.1224487097983563, 0.09690047764085666, 0.0491193153189331, 0.0491193153189331]
Timestep: 286, Trans probs: [0.21353964504128098, 0.04882345774361628, 0.3816856649320357, 0.048820917294268996, 0.1165412467894174, 0.09294723361084258, 0.048820917294268996, 0.048820917294268996]
Timestep: 287, Trans probs: [0.20053687604267686, 0.04868877767491456, 0.4042332945876193, 0.04868643569257078, 0.11111626377069046, 0.08936548084638643, 0.04868643569257078, 0.04868643569257078]
Timestep: 288, Trans probs: [0.1884101282826751, 0.04870237886542264, 0.4245211168842851, 0.0487002241260091, 0.10613874901406116, 0.08612695457552869, 0.0487002241260091, 0.0487002241260091]
Timestep: 289, Trans probs: [0.18873600399047438, 0.050413623893017054, 0.462036923781327, 0.050413623893017054, 0.09660905763555318, 0.0509635190205771, 0.050413623893017054, 0.050413623893017054]
Timestep: 290, Trans probs: [0.2274268535037792, 0.05083175034007335, 0.425081573527095, 0.05083175034007335, 0.0928328540552494, 0.051331717553582866, 0.05083175034007335, 0.05083175034007335]
Timestep: 291, Trans probs: [0.22595497674508946, 0.04884752243675732, 0.39387655184331377, 0.048845544228719055, 0.10157830203941202, 0.08320601424927038, 0.048845544228719055, 0.048845544228719055]
Timestep: 292, Trans probs: [0.21170407757034437, 0.04887899446225063, 0.41496122864887386, 0.04887717578166774, 0.09735743713812675, 0.08046673483540105, 0.04887717578166774, 0.04887717578166774]
Timestep: 293, Trans probs: [0.1984257549255779, 0.049028003039418934, 0.43394768838091663, 0.04902633433589184, 0.0935086826280167, 0.07801086801839437, 0.04902633433589184, 0.04902633433589184]
Timestep: 294, Trans probs: [0.21195303846582916, 0.05103725835129095, 0.44309587673452117, 0.05103725835129095, 0.08930921634399835, 0.051492835050487386, 0.05103725835129095, 0.05103725835129095]
Timestep: 295, Trans probs: [0.20289702765119033, 0.07396048755288964, 0.35334004703147176, 0.07396048755288964, 0.07396048755288964, 0.07396048755288964, 0.07396048755288964, 0.07396048755288964]
Timestep: 296, Trans probs: [0.1976726536786374, 0.05131398917350614, 0.4079053424482014, 0.05131398917350614, 0.08612370550972935, 0.10304234166940729, 0.05131398917350614, 0.05131398917350614]
Timestep: 297, Trans probs: [0.235347229801525, 0.0492813066038763, 0.401707491127523, 0.049279778766149224, 0.09000709120104648, 0.07581754496758135, 0.049279778766149224, 0.049279778766149224]
Timestep: 298, Trans probs: [0.185220495150064, 0.05108059833966095, 0.4289824852821063, 0.05108059833966095, 0.08298422203784439, 0.09849040417134142, 0.05108059833966095, 0.05108059833966095]
Timestep: 299, Trans probs: [0.26939666295675013, 0.049403400018052046, 0.3725191384764436, 0.04940199924694846, 0.08674211814479524, 0.07373268266311371, 0.04940199924694846, 0.04940199924694846]
Timestep: 300, Trans probs: [0.2512777200348004, 0.0494686367403559, 0.3953436607350953, 0.04946735175404066, 0.08372101508999398, 0.07178691213763243, 0.04946735175404066, 0.04946735175404066]
Timestep: 301, Trans probs: [0.23445307095020926, 0.04961989256893007, 0.4160190968315272, 0.04961871567391154, 0.08099100755608189, 0.07006078507151686, 0.04961871567391154, 0.04961871567391154]
Timestep: 302, Trans probs: [0.21883539614521175, 0.04985270944292462, 0.43468274064824236, 0.0498516334733182, 0.07853357367845643, 0.06854067966521027, 0.0498516334733182, 0.0498516334733182]
Timestep: 303, Trans probs: [0.17369967606700507, 0.051017195969739124, 0.447658190868331, 0.051017195969739124, 0.0801958055590638, 0.09437754362664369, 0.051017195969739124, 0.051017195969739124]
Timestep: 304, Trans probs: [0.25451169518247846, 0.05016004186815879, 0.4013080892038714, 0.05015906007205232, 0.07633063318262506, 0.06721236034670915, 0.05015906007205232, 0.05015906007205232]
Timestep: 305, Trans probs: [0.23702909512576822, 0.05033503731098796, 0.42147526260108314, 0.050334140349812984, 0.0742442830091121, 0.06591390090360975, 0.050334140349812984, 0.050334140349812984]
Timestep: 306, Trans probs: [0.22085081057231115, 0.0505811374677633, 0.43965067060530966, 0.05058031941662745, 0.07238697048058894, 0.06478945262414453, 0.05058031941662745, 0.05058031941662745]
Timestep: 307, Trans probs: [0.20589464819073233, 0.05089259325884082, 0.4559671688315567, 0.05089184856012387, 0.0707431565732739, 0.06382688746522469, 0.05089184856012387, 0.05089184856012387]
Timestep: 308, Trans probs: [0.1920893596225085, 0.051261898259632135, 0.4705545254769315, 0.051261221661958414, 0.06929717165922036, 0.06301337999583219, 0.051261221661958414, 0.051261221661958414]
Timestep: 309, Trans probs: [0.17937098918830133, 0.05168051614795289, 0.4835396352366531, 0.05167990266620595, 0.06803338205577016, 0.062335769372704714, 0.05167990266620595, 0.05167990266620595]
Timestep: 310, Trans probs: [0.16768029394059708, 0.05213942205952243, 0.49504651126770116, 0.052138866949855776, 0.06693633164686867, 0.06178084023574331, 0.052138866949855776, 0.052138866949855776]
Timestep: 311, Trans probs: [0.15696095323124537, 0.05262951117785884, 0.5051960891707217, 0.05262900992327181, 0.0659908688519676, 0.06133554779839105, 0.05262900992327181, 0.05262900992327181]
Timestep: 312, Trans probs: [0.14715837534818582, 0.0531419094694863, 0.5141058740558645, 0.053141457772626265, 0.06518226473667559, 0.06098720307190906, 0.053141457772626265, 0.053141457772626265]
Timestep: 313, Trans probs: [0.13821896317520244, 0.05366820909022178, 0.5218894675447532, 0.053667802870845466, 0.06449632422704663, 0.0607236273502396, 0.053667802870845466, 0.053667802870845466]
Timestep: 314, Trans probs: [0.1300897333154596, 0.05420064296325347, 0.5286560186560001, 0.05420027835835684, 0.0639194895525657, 0.060533280437650744, 0.05420027835835684, 0.05420027835835684]
Timestep: 315, Trans probs: [0.12271820291864516, 0.05473220813287653, 0.5345096468805467, 0.0547318814979612, 0.06343893330876287, 0.060405364265285234, 0.0547318814979612, 0.0547318814979612]
Timestep: 316, Trans probs: [0.1160524715154851, 0.05525674478149559, 0.539548885649237, 0.05525645269182159, 0.06304263783504456, 0.060329902143272905, 0.05525645269182159, 0.05525645269182159]
Timestep: 317, Trans probs: [0.11004143516283475, 0.055768976518805045, 0.5438661896824685, 0.05576871576980829, 0.06271945776898362, 0.06029779355748322, 0.05576871576980829, 0.05576871576980829]
Timestep: 318, Trans probs: [0.10463507919539332, 0.05626451713237831, 0.5475475412462769, 0.05626428473871409, 0.06245916342405813, 0.060300844785751005, 0.05626428473871409, 0.05626428473871409]
Timestep: 319, Trans probs: [0.16305406147737567, 0.051098837305817386, 0.4641567046564747, 0.051098837305817386, 0.07772609308836516, 0.09066779155451486, 0.051098837305817386, 0.051098837305817386]
Timestep: 320, Trans probs: [0.20453660102927212, 0.051302113730399806, 0.42738075723938307, 0.051302113730399806, 0.07554555036870056, 0.08732863644104509, 0.051302113730399806, 0.051302113730399806]
Timestep: 321, Trans probs: [0.15652444699067028, 0.05673984899294026, 0.49393253731766873, 0.056739642185853874, 0.06225246378431239, 0.06033177635684676, 0.056739642185853874, 0.056739642185853874]
Timestep: 322, Trans probs: [0.14618975041527293, 0.056688252558754974, 0.505514998758855, 0.056688067063755045, 0.06163277597052466, 0.05991002110532726, 0.056688067063755045, 0.056688067063755045]
Timestep: 323, Trans probs: [0.1912059640102834, 0.05129991630489972, 0.4459669007367079, 0.05129991630489972, 0.07343464238810248, 0.08419282764530735, 0.05129991630489972, 0.05129991630489972]
Timestep: 324, Trans probs: [0.1936194073113364, 0.05673692691429606, 0.4586468770921048, 0.05673676080947542, 0.06116458897967439, 0.059621917274162044, 0.05673676080947542, 0.05673676080947542]
Timestep: 325, Trans probs: [0.17973040700880094, 0.05647239776959715, 0.4748508607631986, 0.05647224819786629, 0.06045935658404506, 0.05907023328075919, 0.05647224819786629, 0.05647224819786629]
Timestep: 326, Trans probs: [0.17889411525904983, 0.05142224513694021, 0.4624353686247396, 0.05142224513694021, 0.0715897430738998, 0.08139179249455, 0.05142224513694021, 0.05142224513694021]
Timestep: 327, Trans probs: [0.2191919625655879, 0.051649733380558685, 0.425326974043636, 0.051649733380558685, 0.06998524275848508, 0.07889688711005628, 0.051649733380558685, 0.051649733380558685]
Timestep: 328, Trans probs: [0.2235087969691123, 0.05634715921149628, 0.4324886185605408, 0.05634702473963861, 0.05993161835430333, 0.05868273268563136, 0.05634702473963861, 0.05634702473963861]
Timestep: 329, Trans probs: [0.2069178661897531, 0.0560258269204076, 0.4515836919660295, 0.05602570553649979, 0.05926141588083679, 0.05813408243347358, 0.05602570553649979, 0.05602570553649979]
Timestep: 330, Trans probs: [0.20439121608133715, 0.05168403898910925, 0.44395801069453994, 0.05168403898910925, 0.06839602790838646, 0.07651858935929938, 0.05168403898910925, 0.05168403898910925]
Timestep: 331, Trans probs: [0.24770561977043493, 0.05584650451594743, 0.4123987882762054, 0.05584639510159022, 0.05876303515557319, 0.05774686697706833, 0.05584639510159022, 0.05584639510159022]
Timestep: 332, Trans probs: [0.22899275314788398, 0.0555378895938295, 0.43342537758456456, 0.055537790675139226, 0.058174649507355035, 0.05725595814094933, 0.055537790675139226, 0.055537790675139226]
Timestep: 333, Trans probs: [0.21198092588934422, 0.055358973003965944, 0.4519332894956986, 0.05535888368483051, 0.05773984880349377, 0.05691031175300594, 0.05535888368483051, 0.05535888368483051]
Timestep: 334, Trans probs: [0.19074358659258075, 0.05182644013373789, 0.4605030415829702, 0.05182644013373789, 0.06702927379567945, 0.07441833749381815, 0.05182644013373789, 0.05182644013373789]
Timestep: 335, Trans probs: [0.2518118682832151, 0.05529342600217391, 0.4128821625110963, 0.05529334546363306, 0.0574402477541962, 0.05669225905841926, 0.05529334546363306, 0.05529334546363306]
Timestep: 336, Trans probs: [0.17817830914121405, 0.052061055105502844, 0.47514305382572414, 0.052061055105502844, 0.06586309239089869, 0.0725713242201517, 0.052061055105502844, 0.052061055105502844]
Timestep: 337, Trans probs: [0.2878633558746858, 0.05508544380231928, 0.37841820849886226, 0.05508537097913887, 0.057026606209079615, 0.05635027267763661, 0.05508537097913887, 0.05508537097913887]
Timestep: 338, Trans probs: [0.1666318149584564, 0.05237239127487786, 0.48804765188578475, 0.05237239127487786, 0.06487672970141899, 0.07095423835482853, 0.05237239127487786, 0.05237239127487786]
Timestep: 339, Trans probs: [0.3204704360420598, 0.05482921099919013, 0.3476510343817082, 0.054829145047889175, 0.05658719774687601, 0.055974685686498375, 0.054829145047889175, 0.054829145047889175]
Timestep: 340, Trans probs: [0.29532679780142845, 0.05458317936510501, 0.3745429749895951, 0.054583119595184776, 0.05617639627160249, 0.05562129278671454, 0.054583119595184776, 0.054583119595184776]
Timestep: 341, Trans probs: [0.10631032500318502, 0.05394984385033231, 0.5124019563803708, 0.05394984385033231, 0.11153849936478255, 0.05394984385033231, 0.05394984385033231, 0.05394984385033231]
Timestep: 342, Trans probs: [0.15604524311695206, 0.05274568600008124, 0.4993762702166772, 0.05274568600008124, 0.06405059705125445, 0.0695451456147913, 0.05274568600008124, 0.05274568600008124]
Timestep: 343, Trans probs: [0.2724991130795452, 0.05440797505882435, 0.3442615396179165, 0.05440792091288267, 0.11025920105496839, 0.05534840845009736, 0.05440792091288267, 0.05440792091288267]
Timestep: 344, Trans probs: [0.2530480770540443, 0.05377769660669788, 0.3723952203527254, 0.053777647133424936, 0.10480909180096265, 0.054636972785295085, 0.053777647133424936, 0.053777647133424936]
Timestep: 345, Trans probs: [0.2565320569415203, 0.07036243769707103, 0.3212933168760536, 0.07036243769707103, 0.07036243769707103, 0.07036243769707103, 0.07036243769707103, 0.07036243769707103]
Timestep: 346, Trans probs: [0.14636275296144893, 0.053167135227465585, 0.5092790105554434, 0.053167135227465585, 0.06336628997940551, 0.06832340559383981, 0.053167135227465585, 0.053167135227465585]
Timestep: 347, Trans probs: [0.15569530300062773, 0.05429566535772812, 0.4667234186408301, 0.05429566535772812, 0.10610295156990153, 0.05429566535772812, 0.05429566535772812, 0.05429566535772812]
Timestep: 348, Trans probs: [0.23520252444230577, 0.05332962736555208, 0.34412995590922674, 0.053329582211588615, 0.09990567978746259, 0.1074434658606871, 0.053329582211588615, 0.053329582211588615]
Timestep: 349, Trans probs: [0.21980376328854848, 0.05251144934339231, 0.37250999042009175, 0.05251140780938062, 0.0953535424167985, 0.10228703110302716, 0.05251140780938062, 0.05251140780938062]
Timestep: 350, Trans probs: [0.20557265584270468, 0.051936745033965365, 0.3977498779023897, 0.05193670689045737, 0.09128155314298203, 0.09764904740658609, 0.05193670689045737, 0.05193670689045737]
Timestep: 351, Trans probs: [0.13753042147236358, 0.053624047210973226, 0.4642731168439834, 0.053624047210973226, 0.11643065167703996, 0.06726962116272024, 0.053624047210973226, 0.053624047210973226]
Timestep: 352, Trans probs: [0.24398927628047953, 0.05157752315710592, 0.36857592616594165, 0.05157748819188924, 0.08764394213256119, 0.09348086768824389, 0.05157748819188924, 0.05157748819188924]
Timestep: 353, Trans probs: [0.22781429516048976, 0.05120764772200578, 0.39337475147972206, 0.051207615628905453, 0.08431149526235188, 0.08966896348871414, 0.051207615628905453, 0.051207615628905453]
Timestep: 354, Trans probs: [0.2128343278012359, 0.051007121895591125, 0.4155468427251415, 0.05100709248822267, 0.08134065254056111, 0.0862497775728024, 0.05100709248822267, 0.05100709248822267]
Timestep: 355, Trans probs: [0.1296842510138794, 0.053519913280021085, 0.4797983291761583, 0.053519913280021085, 0.11053135581438828, 0.06590641087548968, 0.053519913280021085, 0.053519913280021085]
Timestep: 356, Trans probs: [0.20018305794167637, 0.10009152897083819, 0.19926776823329462, 0.10009152897083819, 0.10009152897083819, 0.10009152897083819, 0.10009152897083819, 0.10009152897083819]
Timestep: 357, Trans probs: [0.1225467333946789, 0.1071315962263732, 0.43963997263800075, 0.0535657981131866, 0.10520023418627077, 0.06478406921511658, 0.0535657981131866, 0.0535657981131866]
Timestep: 358, Trans probs: [0.16923900826554825, 0.10204092358934597, 0.4057194316319663, 0.053119504439930895, 0.10027701872427759, 0.06336510446906932, 0.053119504439930895, 0.053119504439930895]
Timestep: 359, Trans probs: [0.2499198640047509, 0.050957349000200734, 0.38436094080748584, 0.05095732210457947, 0.07870002693448838, 0.08318985293933572, 0.05095732210457947, 0.05095732210457947]
Timestep: 360, Trans probs: [0.23303792895665273, 0.05084157737842314, 0.4069914844625267, 0.050841552749240765, 0.07624643669336227, 0.08035791426131286, 0.050841552749240765, 0.050841552749240765]
Timestep: 361, Trans probs: [0.15900476610995587, 0.09738069911448215, 0.4283866271201454, 0.052517265495743135, 0.09576310849263053, 0.06191300267555669, 0.052517265495743135, 0.052517265495743135]
Timestep: 362, Trans probs: [0.26825932476648445, 0.050849928606701934, 0.3764335442939534, 0.050849906091300155, 0.07407443544289372, 0.07783304861606596, 0.050849906091300155, 0.050849906091300155]
Timestep: 363, Trans probs: [0.24972607757631246, 0.05080495926623899, 0.39950620821058247, 0.05080493866552449, 0.07205447724318934, 0.07549346170710325, 0.05080493866552449, 0.05080493866552449]
Timestep: 364, Trans probs: [0.3024432999831589, 0.0673527760371839, 0.2934400437937377, 0.0673527760371839, 0.0673527760371839, 0.0673527760371839, 0.0673527760371839, 0.0673527760371839]
Timestep: 365, Trans probs: [0.1495928487707658, 0.09320932027546888, 0.44822744793078007, 0.05216109332178813, 0.09172929029095657, 0.060757812766664254, 0.05216109332178813, 0.05216109332178813]
Timestep: 366, Trans probs: [0.2325882168936199, 0.050860258804782, 0.369422543654324, 0.05086023998462951, 0.07027313736252176, 0.12427512333086398, 0.05086023998462951, 0.05086023998462951]
Timestep: 367, Trans probs: [0.14094679313769265, 0.08948017416886216, 0.4655505933671786, 0.05201154614308364, 0.08812920977716587, 0.05985859111984987, 0.05201154614308364, 0.05201154614308364]
Timestep: 368, Trans probs: [0.1850500999002206, 0.08615183236273201, 0.42859791901591615, 0.05203326205070383, 0.08492165725315971, 0.05917870531586013, 0.05203326205070383, 0.05203326205070383]
Timestep: 369, Trans probs: [0.1460081059998861, 0.054220307709571494, 0.4817736598723625, 0.054220307709571494, 0.10111669557989394, 0.054220307709571494, 0.054220307709571494, 0.054220307709571494]
Timestep: 370, Trans probs: [0.2680987997093674, 0.05055185641977307, 0.3432880017036531, 0.05055183912538778, 0.06839091492772185, 0.11801490986332135, 0.05055183912538778, 0.05055183912538778]
Timestep: 371, Trans probs: [0.25028332348358795, 0.05026795806735479, 0.3696811531349328, 0.05026794216668185, 0.06666941033413828, 0.1122943284799406, 0.05026794216668185, 0.05026794216668185]
Timestep: 372, Trans probs: [0.23376431788960708, 0.050119599413939016, 0.3935093845631371, 0.050119584814687604, 0.06517864289221124, 0.10706930079704265, 0.050119584814687604, 0.050119584814687604]
Timestep: 373, Trans probs: [0.21843632156268455, 0.05009865988196678, 0.41496504899277675, 0.05009864649958439, 0.06390250998624562, 0.1023015200775732, 0.05009864649958439, 0.05009864649958439]
Timestep: 374, Trans probs: [0.20421629338895783, 0.050193987951014596, 0.43422628519889866, 0.050193975706663764, 0.06282396508003846, 0.09795754126109917, 0.050193975706663764, 0.050193975706663764]
Timestep: 375, Trans probs: [0.1910362588452229, 0.05039274902318558, 0.4514596961392932, 0.050392737842412307, 0.06192565204880397, 0.09400743041625736, 0.050392737842412307, 0.050392737842412307]
Timestep: 376, Trans probs: [0.1788383120774454, 0.050681313618443566, 0.4668223257018887, 0.050681303430313705, 0.061190310707269095, 0.09042382760401206, 0.050681303430313705, 0.050681303430313705]
Timestep: 377, Trans probs: [0.16757113608499896, 0.051045856855883746, 0.4804631411609512, 0.05104584759244365, 0.06060104178466543, 0.0871812813361697, 0.05104584759244365, 0.05104584759244365]
Timestep: 378, Trans probs: [0.15718754939607632, 0.051472775934517774, 0.4925241072848698, 0.051472767530483236, 0.06014148899671367, 0.08425577579637267, 0.051472767530483236, 0.051472767530483236]
Timestep: 379, Trans probs: [0.14764278441610573, 0.051948991022638974, 0.5031408957075538, 0.05194898341524487, 0.05979597408468631, 0.08162440452328047, 0.05194898341524487, 0.05194898341524487]
Timestep: 380, Trans probs: [0.13889331366427915, 0.05246216828224503, 0.5124432682381237, 0.05246216141120603, 0.05954960530188016, 0.07926516027985386, 0.05246216141120603, 0.05246216141120603]
Timestep: 381, Trans probs: [0.1308961014005583, 0.0530008867962431, 0.5205551825678912, 0.05300088060378719, 0.059388369285325135, 0.07715681813862083, 0.05300088060378719, 0.05300088060378719]
Timestep: 382, Trans probs: [0.12360819091708526, 0.05355476084187539, 0.5275946811095249, 0.05355475527281984, 0.05929920946017019, 0.07527889185288468, 0.05355475527281984, 0.05355475527281984]
Timestep: 383, Trans probs: [0.1169865548886657, 0.05411452318499172, 0.5336736322202307, 0.05411451818683764, 0.059270090232341255, 0.07361164491325782, 0.05411451818683764, 0.05411451818683764]
Timestep: 384, Trans probs: [0.11098814551698309, 0.0546720723713214, 0.5388973951912406, 0.05467206789434805, 0.059290044513757086, 0.07213613872365371, 0.05467206789434805, 0.05467206789434805]
Timestep: 385, Trans probs: [0.10557008747047107, 0.055220486253576055, 0.5433644757960087, 0.05522048225092086, 0.05934920196145169, 0.07083430176572995, 0.05522048225092086, 0.05522048225092086]
Timestep: 386, Trans probs: [0.1006899624219411, 0.05575400437443211, 0.5471662289772068, 0.0557540008021467, 0.05943879613752827, 0.06968900568245162, 0.0557540008021467, 0.0557540008021467]
Timestep: 387, Trans probs: [0.09630614050148352, 0.05626798269671225, 0.5503866512964606, 0.05626797951378852, 0.0595511501309658, 0.0686841368330122, 0.05626797951378852, 0.05626797951378852]
Timestep: 388, Trans probs: [0.1733935272889876, 0.08302017612671406, 0.3959478058399783, 0.05184258714827375, 0.13373862783827428, 0.058372101461224596, 0.05184258714827375, 0.05184258714827375]
Timestep: 389, Trans probs: [0.1491369437217575, 0.05675882509147834, 0.4963434679424263, 0.056758822259841975, 0.05967964163964903, 0.0678046548251629, 0.056758822259841975, 0.056758822259841975]
Timestep: 390, Trans probs: [0.13956522054117393, 0.05669651406600272, 0.5077267842734087, 0.05669651152585527, 0.05931666148605251, 0.06660528505579635, 0.05669651152585527, 0.05669651152585527]
Timestep: 391, Trans probs: [0.1309510535453812, 0.056739918748348696, 0.5173894605028819, 0.056739916473578955, 0.05908633058036721, 0.06561348720228397, 0.056739916473578955, 0.056739916473578955]
Timestep: 392, Trans probs: [0.12321235603772673, 0.0568648523563808, 0.5255674579021394, 0.05686485032265238, 0.05896263145770546, 0.06479815127809041, 0.05686485032265238, 0.05686485032265238]
Timestep: 393, Trans probs: [0.13719299104224494, 0.05427682561145753, 0.49478237812068687, 0.05427682561145753, 0.09664050277978044, 0.05427682561145753, 0.05427682561145753, 0.05427682561145753]
Timestep: 394, Trans probs: [0.27239214239642057, 0.09120770198766302, 0.18036164567760127, 0.09120770198766302, 0.09120770198766302, 0.09120770198766302, 0.09120770198766302, 0.09120770198766302]
Timestep: 395, Trans probs: [0.116272973263549, 0.057050957203536555, 0.4754165579096987, 0.057050955388223384, 0.1159743976248922, 0.06413224783365352, 0.057050955388223384, 0.057050955388223384]
Timestep: 396, Trans probs: [0.163046806055949, 0.08000671355323288, 0.4189011317712313, 0.05135900004604448, 0.1266096652813377, 0.05735868320011561, 0.05135900004604448, 0.05135900004604448]
Timestep: 397, Trans probs: [0.20459139697834403, 0.07736054234566225, 0.3880799993903523, 0.05109453881178443, 0.12008902378179467, 0.05659542106849357, 0.05109453881178443, 0.05109453881178443]
Timestep: 398, Trans probs: [0.3418304838029246, 0.06489195499497029, 0.26881778622725366, 0.06489195499497029, 0.06489195499497029, 0.06489195499497029, 0.06489195499497029, 0.06489195499497029]
Timestep: 399, Trans probs: [0.16669020550882796, 0.05664068272825904, 0.4339399309297656, 0.0566406810911352, 0.10978025666765222, 0.06302688089208945, 0.0566406810911352, 0.0566406810911352]
Timestep: 400, Trans probs: [0.19180107873228483, 0.0748775099750289, 0.36042481612862487, 0.05073938028126816, 0.11414445156332699, 0.10653400275693001, 0.05073938028126816, 0.05073938028126816]
Timestep: 401, Trans probs: [0.21180868185519042, 0.05598319653049649, 0.39828746200446014, 0.05598319504521796, 0.1041940077410414, 0.06177706673315758, 0.05598319504521796, 0.05598319504521796]
Timestep: 402, Trans probs: [0.19712250592734168, 0.055260076601404834, 0.4221515551963721, 0.05526007524921768, 0.0991508611149325, 0.06053477541229574, 0.05526007524921768, 0.05526007524921768]
Timestep: 403, Trans probs: [0.18053589835339542, 0.07237934150789983, 0.3865672144711639, 0.05005110585690611, 0.10870202003356674, 0.10166220806325575, 0.05005110585690611, 0.05005110585690611]
Timestep: 404, Trans probs: [0.23847158120926457, 0.05477467769718034, 0.38819957905116576, 0.05477467646833504, 0.0946618959907609, 0.05956823664662335, 0.05477467646833504, 0.05477467646833504]
Timestep: 405, Trans probs: [0.17006571815549756, 0.07022274070132721, 0.40987098862898713, 0.04961079082316858, 0.10375343434474521, 0.09725474569993717, 0.04961079082316858, 0.04961079082316858]
Timestep: 406, Trans probs: [0.27583180677740665, 0.0542489605721803, 0.35797364845151547, 0.05424895945279583, 0.09058317819478934, 0.05861552764572071, 0.05424895945279583, 0.05424895945279583]
Timestep: 407, Trans probs: [0.24687288615875636, 0.08413100623026418, 0.24834107645965853, 0.08413100623026418, 0.08413100623026418, 0.08413100623026418, 0.08413100623026418, 0.08413100623026418]
Timestep: 408, Trans probs: [0.1291869776196338, 0.10887792475603865, 0.4515498946299547, 0.054438962378019325, 0.09262935348229552, 0.054438962378019325, 0.054438962378019325, 0.054438962378019325]
Timestep: 409, Trans probs: [0.1220508378454093, 0.10357792088992528, 0.4152690118023938, 0.0540607701933247, 0.14285914868897284, 0.0540607701933247, 0.0540607701933247, 0.0540607701933247]
Timestep: 410, Trans probs: [0.255832164792402, 0.10751674536795595, 0.33074190478444576, 0.05375837217356332, 0.08689357858365639, 0.05774048995084993, 0.05375837217356332, 0.05375837217356332]
Timestep: 411, Trans probs: [0.16033571462921176, 0.06837239606942885, 0.4306025822185609, 0.0493871518277548, 0.09925683020477465, 0.09327102139475939, 0.0493871518277548, 0.0493871518277548]
Timestep: 412, Trans probs: [0.2915550149596341, 0.10231602916533529, 0.3075190428386405, 0.05289785328184793, 0.08335787952535854, 0.056558473665487774, 0.05289785328184793, 0.05289785328184793]
Timestep: 413, Trans probs: [0.27158372749887116, 0.09762309514318186, 0.3384536207193462, 0.05219473327328257, 0.08019554613248801, 0.05555981068626509, 0.05219473327328257, 0.05219473327328257]
Timestep: 414, Trans probs: [0.2531654785839109, 0.09339722304847894, 0.3662549504676633, 0.05167508149552103, 0.07739148045032763, 0.05476562296305621, 0.05167508149552103, 0.05167508149552103]
Timestep: 415, Trans probs: [0.1513012260590783, 0.06679601703826235, 0.44900024264798405, 0.04935045224047873, 0.09517576238640782, 0.08967539514683116, 0.04935045224047873, 0.04935045224047873]
Timestep: 416, Trans probs: [0.192397385632889, 0.06546408593191025, 0.4158058379595192, 0.04947287147943656, 0.09147795244922949, 0.08643612358814236, 0.04947287147943656, 0.04947287147943656]
Timestep: 417, Trans probs: [0.28746766060742457, 0.08959752660318758, 0.33986427915029865, 0.0513297268434674, 0.07491696299946589, 0.05416439010922115, 0.0513297268434674, 0.0513297268434674]
Timestep: 418, Trans probs: [0.3127111889095347, 0.06291905473219077, 0.3097744826973206, 0.06291905473219077, 0.06291905473219077, 0.06291905473219077, 0.06291905473219077, 0.06291905473219077]
Timestep: 419, Trans probs: [0.2676734903007783, 0.08614152660740937, 0.3157437112204076, 0.051033505522944514, 0.07267313961449444, 0.10466761568807681, 0.051033505522944514, 0.051033505522944514]
Timestep: 420, Trans probs: [0.25050202140670985, 0.0828065345923653, 0.34528276906501426, 0.050374468266061, 0.07036471626225621, 0.09992055387547144, 0.050374468266061, 0.050374468266061]
Timestep: 421, Trans probs: [0.23454512473617928, 0.07983440435897331, 0.3719005130326731, 0.04991357321449043, 0.06835596380449056, 0.09562327442421267, 0.04991357321449043, 0.04991357321449043]
Timestep: 422, Trans probs: [0.21969300514905424, 0.07719525857892205, 0.39584186087105555, 0.04963639902995949, 0.06662293424893982, 0.0917377440621498, 0.04963639902995949, 0.04963639902995949]
Timestep: 423, Trans probs: [0.11562452683103706, 0.09872276625256218, 0.4373210853548602, 0.05341714247809126, 0.13466305164917558, 0.05341714247809126, 0.05341714247809126, 0.05341714247809126]
Timestep: 424, Trans probs: [0.20586313043758847, 0.07486112705916385, 0.3678015017299524, 0.049525527734708, 0.11466723325261619, 0.08823042431655505, 0.049525527734708, 0.049525527734708]
Timestep: 425, Trans probs: [0.18075221586622847, 0.06411600828152422, 0.4354593461805596, 0.04942203425891507, 0.08801957607927711, 0.08338675081566525, 0.04942203425891507, 0.04942203425891507]
Timestep: 426, Trans probs: [0.24271015435038815, 0.07251005088371063, 0.3433374804860953, 0.049086938756577415, 0.10931134682991697, 0.0848701511801568, 0.049086938756577415, 0.049086938756577415]
Timestep: 427, Trans probs: [0.16992247726019535, 0.0629924763341242, 0.4529547470341464, 0.04952130225891951, 0.08490684220454983, 0.08065955039022556, 0.04952130225891951, 0.04952130225891951]
Timestep: 428, Trans probs: [0.2764953977920619, 0.07035519306684941, 0.32090063176502404, 0.04868621399709624, 0.10440047736851912, 0.08178965801625673, 0.04868621399709624, 0.04868621399709624]
Timestep: 429, Trans probs: [0.22490981001165739, 0.07840838634172018, 0.2262314855963014, 0.07840838634172018, 0.15681677268344035, 0.07840838634172018, 0.07840838634172018, 0.07840838634172018]
Timestep: 430, Trans probs: [0.15986766907686978, 0.062069194830571287, 0.4684781867091154, 0.04974842180661732, 0.08211213439516117, 0.07822754956843055, 0.04974842180661732, 0.04974842180661732]
Timestep: 431, Trans probs: [0.20063430458599077, 0.06132346319357186, 0.4321192532043463, 0.05008234683479369, 0.07961006058315749, 0.07606587792855247, 0.05008234683479369, 0.05008234683479369]
Timestep: 432, Trans probs: [0.23810613167485278, 0.06047990963871724, 0.3996495255712867, 0.05019757844517988, 0.0772067937631542, 0.07396490401644934, 0.05019757844517988, 0.05019757844517988]
Timestep: 433, Trans probs: [0.25908749097856765, 0.11677240636593066, 0.3001622701072131, 0.04836431556296885, 0.09989993101969155, 0.07898495483969042, 0.04836431556296885, 0.04836431556296885]
Timestep: 434, Trans probs: [0.1098132234728497, 0.09438472329564522, 0.4564969641376591, 0.05302821364759189, 0.12719223450347847, 0.05302821364759189, 0.05302821364759189, 0.05302821364759189]
Timestep: 435, Trans probs: [0.2436682686520489, 0.11137834228725473, 0.28184960073760207, 0.047789149899729044, 0.14348357134878767, 0.07625276727511954, 0.047789149899729044, 0.047789149899729044]
Timestep: 436, Trans probs: [0.22978639882754698, 0.10640813464501678, 0.3124982643250149, 0.047102604790025614, 0.1363506067715158, 0.07364878106082869, 0.047102604790025614, 0.047102604790025614]
Timestep: 437, Trans probs: [0.22233224236351945, 0.05962268709157752, 0.4205134145719101, 0.050203843879796976, 0.07494488358809913, 0.0719752407455029, 0.050203843879796976, 0.050203843879796976]
Timestep: 438, Trans probs: [0.25802318802382385, 0.05893610465138957, 0.38889209473034375, 0.05032462338934786, 0.07294491709855777, 0.07022982532784136, 0.05032462338934786, 0.05032462338934786]
Timestep: 439, Trans probs: [0.2908107666265751, 0.058242076349973526, 0.36022358924701975, 0.05036069756617375, 0.07106318735836754, 0.06857828771954276, 0.05036069756617375, 0.05036069756617375]
Timestep: 440, Trans probs: [0.26339760090385056, 0.10185437962043613, 0.2938437062486406, 0.04660656760795385, 0.12974817089552723, 0.07133643950768387, 0.04660656760795385, 0.04660656760795385]
Timestep: 441, Trans probs: [0.2704992728414195, 0.05758807471379223, 0.38441794568603377, 0.050372856716215976, 0.06932550206430055, 0.06705063454580586, 0.050372856716215976, 0.050372856716215976]
Timestep: 442, Trans probs: [0.2943340299308668, 0.09766646011596773, 0.27648092178379235, 0.0462099133545506, 0.12364609845486974, 0.06924274965085155, 0.0462099133545506, 0.0462099133545506]
Timestep: 443, Trans probs: [0.27685089199108676, 0.0938203040792606, 0.30616749117478836, 0.045931768035830774, 0.1179985073457232, 0.06736750130164874, 0.045931768035830774, 0.045931768035830774]
Timestep: 444, Trans probs: [0.2604685628891597, 0.09028915431198864, 0.33348977708808, 0.04576302982932311, 0.1127697264354166, 0.06569368978738574, 0.04576302982932311, 0.04576302982932311]
Timestep: 445, Trans probs: [0.24507700575822897, 0.08705513916235413, 0.3585915579801695, 0.045709941398075625, 0.10792970911642917, 0.06421676378859137, 0.045709941398075625, 0.045709941398075625]
Timestep: 446, Trans probs: [0.2517164524362285, 0.05705995690783985, 0.40633126208997894, 0.050463361415292556, 0.06779103397030338, 0.06571121034977172, 0.050463361415292556, 0.050463361415292556]
Timestep: 447, Trans probs: [0.2763686339193708, 0.08410152505739528, 0.33583047446737607, 0.045772290100029527, 0.10345338064568774, 0.06292911561008145, 0.045772290100029527, 0.045772290100029527]
Timestep: 448, Trans probs: [0.2595511446214299, 0.08136652273036388, 0.36050242815164707, 0.045844689179754185, 0.09930096347428641, 0.06174487348301021, 0.045844689179754185, 0.045844689179754185]
Timestep: 449, Trans probs: [0.2437482645944409, 0.0788753591488953, 0.3831650071991817, 0.04600727074661706, 0.09546996378766819, 0.06071959302996287, 0.04600727074661706, 0.04600727074661706]
Timestep: 450, Trans probs: [0.23434216444099523, 0.056653076697292075, 0.4261113150836364, 0.050631479359359896, 0.06644876981588331, 0.06455023588411334, 0.050631479359359896, 0.050631479359359896]
Timestep: 451, Trans probs: [0.27515385410090304, 0.07661641083046154, 0.35766151874443236, 0.04625909992247541, 0.0919433615873367, 0.05984755496944016, 0.04625909992247541, 0.04625909992247541]
Timestep: 452, Trans probs: [0.25785449002889166, 0.0745094049601868, 0.38052363193593647, 0.04647507723239295, 0.08866351636644314, 0.059023725011363014, 0.04647507723239295, 0.04647507723239295]
Timestep: 453, Trans probs: [0.2416335726558342, 0.07260730154206822, 0.40148493504779564, 0.046762387961567384, 0.08565601059817311, 0.058331016271426527, 0.046762387961567384, 0.046762387961567384]
Timestep: 454, Trans probs: [0.2182786750858382, 0.05635994123518836, 0.44390060662588915, 0.050872775821166054, 0.06528624192755052, 0.0635562076620356, 0.050872775821166054, 0.050872775821166054]
Timestep: 455, Trans probs: [0.2801165549363082, 0.0734542988954013, 0.2078640034385033, 0.0734542988954013, 0.144747947148182, 0.0734542988954013, 0.0734542988954013, 0.0734542988954013]
Timestep: 456, Trans probs: [0.2735498516475638, 0.07090110514825221, 0.37351628671915743, 0.04712003152376259, 0.08290781237910537, 0.05776484953463339, 0.04712003152376259, 0.04712003152376259]
Timestep: 457, Trans probs: [0.20344359233901962, 0.10735164291466927, 0.4086568703687913, 0.051180409787872846, 0.06429010443179584, 0.06271656058210531, 0.051180409787872846, 0.051180409787872846]
Timestep: 458, Trans probs: [0.3031816159337422, 0.06929035670867746, 0.3477684696127949, 0.04740609937762205, 0.08033938985527382, 0.05720186975664546, 0.04740609937762205, 0.04740609937762205]
Timestep: 459, Trans probs: [0.28294663946043597, 0.0677959535245961, 0.3716261402923555, 0.04766517569402195, 0.07795968118288597, 0.056676058457660564, 0.04766517569402195, 0.04766517569402195]
Timestep: 460, Trans probs: [0.1904941572305827, 0.10245671768419799, 0.4295000873786733, 0.050993805647645205, 0.06300463440697378, 0.061562986356636575, 0.050993805647645205, 0.050993805647645205]
Timestep: 461, Trans probs: [0.22947584383040387, 0.09801842285753765, 0.397024407826297, 0.05096741944711742, 0.06194856144925968, 0.06063050569514955, 0.05096741944711742, 0.05096741944711742]
Timestep: 462, Trans probs: [0.31205735014720415, 0.06645752781455659, 0.345551274346616, 0.04796570425643855, 0.07579377205368447, 0.05624296286862304, 0.04796570425643855, 0.04796570425643855]
Timestep: 463, Trans probs: [0.2907253845761023, 0.06521687754991305, 0.36971711459025136, 0.048237779262395315, 0.07378936949881182, 0.05583791599773557, 0.048237779262395315, 0.048237779262395315]
Timestep: 464, Trans probs: [0.2709068518378969, 0.06410992699332596, 0.39188390864241407, 0.04853967042608871, 0.07197111589774821, 0.05550918535034873, 0.04853967042608871, 0.04853967042608871]
Timestep: 465, Trans probs: [0.2524877095863573, 0.06313678320304543, 0.41213886449503034, 0.04888007939931081, 0.0703347790274289, 0.055261625490205676, 0.04888007939931081, 0.04888007939931081]
Timestep: 466, Trans probs: [0.21433412360467452, 0.0939328104094032, 0.418630155990814, 0.050838989186947584, 0.06089657214922538, 0.05968937028504002, 0.050838989186947584, 0.050838989186947584]
Timestep: 467, Trans probs: [0.2846384493215675, 0.0622944129171634, 0.3813092318193647, 0.04926268609979334, 0.06887393624227897, 0.05509591140024552, 0.04926268609979334, 0.04926268609979334]
Timestep: 468, Trans probs: [0.264788783194305, 0.06146500864755162, 0.4027380042159631, 0.04954807159712148, 0.06748169134709447, 0.0548822978037213, 0.04954807159712148, 0.04954807159712148]
Timestep: 469, Trans probs: [0.20031017449355634, 0.0902433698081041, 0.43791914871363175, 0.050848457263013146, 0.06004275913679237, 0.058939176058876046, 0.050848457263013146, 0.050848457263013146]
Timestep: 470, Trans probs: [0.2962771252485406, 0.0607530851552253, 0.37236477108164656, 0.04987189357668106, 0.06624683550768483, 0.054742502276859506, 0.04987189357668106, 0.04987189357668106]
Timestep: 471, Trans probs: [0.1873340074844056, 0.08691883710018516, 0.45508573813975955, 0.050978420125314776, 0.05936648400940721, 0.05835967289029823, 0.050978420125314776, 0.050978420125314776]
Timestep: 472, Trans probs: [0.22655710489646716, 0.08393058908510315, 0.4190989504009226, 0.051211486339960574, 0.05884773397304551, 0.057931162624579764, 0.051211486339960574, 0.051211486339960574]
Timestep: 473, Trans probs: [0.26251689689288993, 0.08112169652001583, 0.3869109516042766, 0.05127057926006965, 0.05823747334933517, 0.057401243853273574, 0.05127057926006965, 0.05127057926006965]
Timestep: 474, Trans probs: [0.3252906871904382, 0.060054323915729735, 0.3446710906153765, 0.05011576992434972, 0.06507215069499013, 0.05456443781041637, 0.05011576992434972, 0.05011576992434972]
Timestep: 475, Trans probs: [0.2442013963105539, 0.07851547519618096, 0.4090721534783681, 0.05124953955212545, 0.05761308314155581, 0.05684927321696481, 0.05124953955212545, 0.05124953955212545]
Timestep: 476, Trans probs: [0.2786187437553509, 0.0761915282720649, 0.37765124381407034, 0.051325652786025654, 0.05712905101194558, 0.05643247478849141, 0.051325652786025654, 0.051325652786025654]
Timestep: 477, Trans probs: [0.3519365459879955, 0.05940231205847154, 0.31930761247479844, 0.05032665959151969, 0.06398447280614467, 0.054389077898030706, 0.05032665959151969, 0.05032665959151969]
Timestep: 478, Trans probs: [0.3257848290505102, 0.058818647586307754, 0.34654395136652716, 0.050536224531568745, 0.06300031870640016, 0.05424357969554862, 0.050536224531568745, 0.050536224531568745]
Timestep: 479, Trans probs: [0.30180290656819414, 0.058290968374382746, 0.3714744370898558, 0.05073619540673986, 0.062105259884108414, 0.054117841863239174, 0.05073619540673986, 0.05073619540673986]
Timestep: 480, Trans probs: [0.2797629431366913, 0.0578350909593734, 0.39420896943842454, 0.050949947870159315, 0.06131129639147779, 0.054031856463554934, 0.050949947870159315, 0.050949947870159315]
Timestep: 481, Trans probs: [0.2594850795248781, 0.05745937662490892, 0.41485944438744443, 0.05119168260399817, 0.06062384128743567, 0.05399721036333835, 0.05119168260399817, 0.05119168260399817]
Timestep: 482, Trans probs: [0.2587968429895664, 0.07403338272959718, 0.4005250866059987, 0.05133729818273694, 0.056634293129427124, 0.05599849999719961, 0.05133729818273694, 0.05133729818273694]
Timestep: 483, Trans probs: [0.29195438017043995, 0.07211593818916948, 0.36970928016657095, 0.05142872448692268, 0.0562568729816841, 0.05567735503136738, 0.05142872448692268, 0.05142872448692268]
Timestep: 484, Trans probs: [0.32230302592071897, 0.07033404553065524, 0.341752644109052, 0.0514663702182754, 0.055869860193787195, 0.05534131359096053, 0.0514663702182754, 0.0514663702182754]
Timestep: 485, Trans probs: [0.2922926510960508, 0.05716672693110252, 0.3820710795782391, 0.05146890745053274, 0.06004347048934974, 0.05401934955365967, 0.05146890745053274, 0.05146890745053274]
Timestep: 486, Trans probs: [0.2707498184905825, 0.05682866546000508, 0.40407630480559975, 0.05164470236715408, 0.059445970638662506, 0.053965133503687944, 0.05164470236715408, 0.05164470236715408]
Timestep: 487, Trans probs: [0.10456346672653491, 0.0905131777518321, 0.473129324801087, 0.05285100029671154, 0.12039002953369984, 0.05285100029671154, 0.05285100029671154, 0.05285100029671154]
Timestep: 488, Trans probs: [0.2509683895877163, 0.056567147693696605, 0.3721290796355143, 0.05185621168336691, 0.11080184027966936, 0.05396490775330281, 0.05185621168336691, 0.05185621168336691]
Timestep: 489, Trans probs: [0.23387410034005737, 0.05590182217761363, 0.39638443908673116, 0.05158901015096544, 0.10555310887169465, 0.05351949907100679, 0.05158901015096544, 0.05158901015096544]
Timestep: 490, Trans probs: [0.09982770791304528, 0.08706318621012116, 0.48751298242676677, 0.052847542505509375, 0.1142059534280292, 0.052847542505509375, 0.052847542505509375, 0.052847542505509375]
Timestep: 491, Trans probs: [0.21808649115340542, 0.05540590135439656, 0.36663365832297473, 0.05146365365474644, 0.15225471660324388, 0.05322827160174, 0.05146365365474644, 0.05146365365474644]
Timestep: 492, Trans probs: [0.20409216115465395, 0.05470809154275641, 0.3915860471367224, 0.05108805914971266, 0.14364107473908214, 0.05270844797764703, 0.05108805914971266, 0.05108805914971266]
Timestep: 493, Trans probs: [0.19114770460842312, 0.054199683682096086, 0.4139139591071749, 0.05088101474233215, 0.1357291002755312, 0.052366508099778275, 0.05088101474233215, 0.05088101474233215]
Timestep: 494, Trans probs: [0.29850972334672643, 0.06870561958247744, 0.3677460942178878, 0.05149767117325618, 0.05551380072099177, 0.0550317486121481, 0.05149767117325618, 0.05149767117325618]
Timestep: 495, Trans probs: [0.22999975143017592, 0.053861376186584556, 0.3830164717030776, 0.05082464157113243, 0.1284645396960223, 0.052183936270742234, 0.05082464157113243, 0.05082464157113243]
Timestep: 496, Trans probs: [0.09556304587399962, 0.08399443382039329, 0.4999104961826874, 0.052984458092717235, 0.10859419175205075, 0.052984458092717235, 0.052984458092717235, 0.052984458092717235]
Timestep: 497, Trans probs: [0.2766747307925555, 0.06725211377464485, 0.39134082983906837, 0.05157035034945687, 0.055230286557700466, 0.05479098798766009, 0.05157035034945687, 0.05157035034945687]
Timestep: 498, Trans probs: [0.21491247819768858, 0.0534574379487112, 0.35517334239756276, 0.05067385311726701, 0.17251534848935088, 0.05191983361488551, 0.05067385311726701, 0.05067385311726701]
Timestep: 499, Trans probs: [0.20140734694448628, 0.052903293251090895, 0.38076028986565336, 0.05034299144427549, 0.16241106899030386, 0.05148902661563914, 0.05034299144427549, 0.05034299144427549]
