0.0,0.5,1
900.0,0.5533333333333332,1
2140.8101855773216,0.5594405594405594,1
3002.833152198981,0.3855391402590942,0
377.0,0.3657520742364322,1
860.0,0.5724288246392596,1
540.0,0.588323102083402,1
2250.0,0.6000848884319029,1
912.0,0.3978621857414584,1
434.0,0.5900309210864119,1
351.0,0.6095840360392106,1
1938.0,0.6181531117221342,1
476.0,0.6117384476028442,1
486.0,0.6178515738474792,1
400.0,0.6241722030812922,1
1170.0,0.6284750684329433,1
735.0,0.6310694299337892,1
1110.0,0.6322828447962174,1
1968.0,0.6120882048499188,1
1155.0,0.6055399895416427,1
540.0,0.6207150477332982,1
1648.0,0.6303239747232066,1
1513.0,0.6276226925460738,1
1121.0,0.6361428466887536,1
1552.0,0.6379915757541684,1
1734.0,0.6385845758438805,1
1020.0,0.6204924278367249,1
527.0,0.6215086180359148,1
2096.0,0.6343390598811138,1
1730.0,0.4301136490911185,1
1066.0,0.6013634673188368,1
1938.0,0.6261485940558483,1
1155.0,0.6265639197542192,1
2720.0,0.6305422858768037,0
1460.0,0.4205618638707445,1
2132.0,0.615000758598275,1
486.0,0.4234314493547505,1
2528.0,0.6167915963290624,1
1185.0,0.4276802276867804,1
420.0,0.6207013526339238,1
2771.0,0.6370146724494321,0
3000.0,0.4145957091845477,0
480.0,0.3977388943290787,1
2006.0,0.6136875267922892,1
900.0,0.41570212744267593,1
1335.0,0.6196037823263132,1
1680.0,0.634502331599833,1
2900.0,0.6233021910870834,0
1908.0,0.4188821471655022,1
803.0,0.612330616832499,1
1746.0,0.6350039925580399,1
396.0,0.6401764641139137,1
1853.0,0.6457160070205129,1
1920.0,0.6275993736092147,1
1008.0,0.6233775269211999,1
494.0,0.6436324401438788,1
1776.0,0.6488553812416812,1
384.0,0.641451043918304,1
1290.0,0.6508446697175878,1
2624.0,0.6516754549666351,1
1729.0,0.44229862671770864,1
2788.0,0.6299116903335541,0
2064.0,0.41787683344593807,1
1180.0,0.415237334748752,1
1580.0,0.6219618604984405,1
2580.0,0.6199541189407226,1
1952.0,0.4341731431647563,1
1683.0,0.6156173334580828,1
1209.0,0.6374861018661131,1
3078.0,0.6408316404649407,0
1664.0,0.41831561644115844,1
1840.0,0.6129784506975353,1
900.0,0.6290556347446256,1
2415.0,0.6378362112664826,1
2296.0,0.4277369365925542,1
828.0,0.4252224775242599,1
1914.0,0.6256286256800685,1
1458.0,0.6263048653898247,1
506.0,0.6465188014612765,1
1488.0,0.6443311880404015,1
608.0,0.63541648687387,1
2020.0,0.6526423074700592,1
1067.0,0.45722007015732385,1
1248.0,0.6417435446052134,1
1300.0,0.657933200034558,1
2074.0,0.6549130525670711,1
1067.0,0.45725143440611754,1
819.0,0.6403547008773052,1
470.0,0.6569065470609669,1
3078.0,0.6623895949029194,0
676.0,0.42472983611007115,1
1060.0,0.6345114829372039,1
1272.0,0.6467121938377405,1
1530.0,0.6292287812760013,1
1122.0,0.6541210393723946,1
720.0,0.6463849236648397,1
510.0,0.6653473303021855,1
396.0,0.6632498567286835,1
720.0,0.6635088244102041,1
2635.0,0.6634962990311513,1
1620.0,0.4465373531254881,1
624.0,0.639685352535301,1
940.0,0.6555162845857013,1
770.0,0.6609397842491536,1
1340.0,0.6629253233886208,1
1918.0,0.6633537126060376,1
663.0,0.6392600611198959,1
2185.0,0.6578790971398811,1
1782.0,0.4572888686344832,1
1391.0,0.625954543426169,1
714.0,0.647409635043133,1
2340.0,0.6559607879795218,1
1248.0,0.45662978376102065,1
1422.0,0.6365174341560282,1
1536.0,0.6495207546369282,1
1860.0,0.655689742496687,1
2145.0,0.640793446183954,1
1106.0,0.4517340993372589,1
1083.0,0.6378316063506206,1
1700.0,0.6515482358182914,1
1302.0,0.6514490862995262,1
1245.0,0.6642146975450497,1
1411.0,0.6618292829541063,1
1469.0,0.661171668313583,1
2704.0,0.6488388460356742,0
756.0,0.4419037265964066,1
1160.0,0.6390426443911039,1
2394.0,0.6508678372883329,1
1417.0,0.4452891322665343,1
429.0,0.6343662361031919,1
2784.0,0.6546140615714141,0
1188.0,0.4250820764711619,1
2400.0,0.6370954768772389,1
1400.0,0.4395610821010776,1
1100.0,0.634157753008364,1
1134.0,0.6380882391610849,1
880.0,0.6545951814260402,1
1824.0,0.6534199239266381,1
816.0,0.6496903166652253,1
1312.0,0.662835581012091,1
3078.0,0.6600542841846581,0
420.0,0.4278414043238031,1
1420.0,0.6439256587430835,1
1738.0,0.6368148195825938,1
1411.0,0.6370127950208067,1
2144.0,0.6536040287805249,1
1056.0,0.43920402572133,1
969.0,0.6461781961623521,1
1180.0,0.6510520317207934,1
1260.0,0.6581247928707956,1
1344.0,0.663123180382617,1
450.0,0.6664357200874682,1
1664.0,0.6681835769951583,1
2223.0,0.6577996347451124,1
740.0,0.4706459774253741,1
970.0,0.6536153544766061,1
760.0,0.6632641919925114,1
2080.0,0.6672914817915804,1
675.0,0.45576553654411467,1
407.0,0.6519975503760524,1
2170.0,0.6642060658901643,1
714.0,0.4570520914294357,1
1550.0,0.6530150343245511,1
1044.0,0.6485103039492731,1
3380.0,0.667297963237464,0
2736.0,0.4346305704229262,0
1260.0,0.4239647417662552,1
2366.0,0.637699349030517,1
2115.0,0.4364899952074535,1
348.0,0.4312459940220066,1
1308.0,0.6385066328114557,1
1133.0,0.6402549918677333,1
1441.0,0.6510826606192993,1
1972.0,0.6547008510446807,1
576.0,0.6450496108156561,1
1152.0,0.6571345705585897,1
1950.0,0.6548808924615424,1
1170.0,0.6430812084219328,1
3000.0,0.6459966489598569,0
1180.0,0.44317080401878256,1
360.0,0.6340844880993731,1
2805.0,0.6539639502314795,0
2964.0,0.42376722028968417,0
1265.0,0.41261021412380045,1
1680.0,0.6195211427729209,1
979.0,0.6215121850785228,1
480.0,0.6420526747471329,1
660.0,0.6417713004074406,1
693.0,0.648550133407166,1
1560.0,0.6545778347279833,1
2907.0,0.6364632409335247,0
2272.0,0.4357304443922109,1
1001.0,0.42669754548186334,1
2278.0,0.6345901189721345,1
624.0,0.4417952162234872,1
1120.0,0.6372258418235268,1
2385.0,0.6520230668860076,1
310.0,0.4495844473364831,1
1003.0,0.6402881296162256,1
1717.0,0.6544704367741125,1
1045.0,0.6521769246335513,1
1335.0,0.6677412518476945,1
1340.0,0.6656751707124389,1
1664.0,0.6648789691358172,1
756.0,0.642688606280143,1
2940.0,0.6627366231691869,0
1848.0,0.4196816259565537,1
3480.0,0.6225792841075862,0
2580.0,0.4206330181058197,1
1644.0,0.4197532900634871,1
806.0,0.6125681178950503,1
1404.0,0.637462650391879,1
948.0,0.6177410519982087,1
756.0,0.6417209892220378,1
1660.0,0.6453921011156922,1
1156.0,0.6519078255720915,1
616.0,0.6565494192246915,1
2460.0,0.6591832920823549,1
546.0,0.445659214472976,1
1420.0,0.641209635898096,1
748.0,0.655461258629231,1
1560.0,0.6611697050960891,1
1870.0,0.6504229748985885,1
1313.0,0.6459213716114014,1
1410.0,0.6533141743940118,1
2869.0,0.6478476977833413,0
2916.0,0.4443161255214765,0
1911.0,0.4260742033248994,1
1222.0,0.6206866913009177,1
2376.0,0.6498731506231827,1
595.0,0.4450581910821023,1
1414.0,0.6361002184507636,1
1988.0,0.6455389163841252,1
2235.0,0.6523868285258638,1
1456.0,0.4545803397755177,1
936.0,0.6395284823187951,1
1424.0,0.6606495458329061,1
2520.0,0.6608525872729081,1
330.0,0.4559822629767213,1
1053.0,0.6427248283993977,1
1881.0,0.6581006513369912,1
1807.0,0.663835977835482,1
840.0,0.6490370628859707,1
2147.0,0.6620331611357165,1
2261.0,0.4555803133119389,1
416.0,0.44815535080865865,1
475.0,0.6435526000359268,1
375.0,0.6589768715329141,1
1330.0,0.6647432889456304,1
560.0,0.6676029262266041,1
1110.0,0.6685663933820705,1
1463.0,0.6682996026782191,1
1105.0,0.6463941094941703,1
1485.0,0.6612428653437874,1
616.0,0.6624297914971891,1
690.0,0.664442509498018,1
1066.0,0.6654735745546603,1
705.0,0.6655204088336477,1
686.0,0.6650175779010861,1
854.0,0.6643200033812269,1
672.0,0.663631034390427,1
1001.0,0.6630398189963944,1
649.0,0.6625696350612145,1
2100.0,0.6622125197773014,1
1938.0,0.4564855688742114,1
1696.0,0.6276910371370386,1
2754.0,0.650156440427194,0
1677.0,0.4379329889658181,1
396.0,0.6210743309389806,1
2964.0,0.6498153301055871,0
2128.0,0.4149993288948666,1
1824.0,0.4212855893709636,1
1639.0,0.6280298300635191,1
1932.0,0.6175003751836544,1
867.0,0.6345102884443795,1
1118.0,0.6431934673385841,1
1500.0,0.6437904777440033,1
1824.0,0.6306616589144803,1
460.0,0.6369255723624045,1
403.0,0.6512728079781291,1
2718.0,0.6523995869242091,0
1694.0,0.42472248971333915,1
1111.0,0.6222163744161371,1
2355.0,0.6424387630536227,1
869.0,0.44447329114343537,1
2054.0,0.6382676877070067,1
1995.0,0.44004227428166875,1
2016.0,0.63693399769405,1
3249.0,0.4500622284597479,0
1072.0,0.4288502303183661,1
1540.0,0.6313708242802631,1
464.0,0.6401526291782063,1
986.0,0.646917188728287,1
1300.0,0.6522535999122028,1
1815.0,0.6366229607605927,1
1100.0,0.6471753443719384,1
1053.0,0.6575166504138675,1
300.0,0.6573266036266463,1
403.0,0.6597851217887258,1
2704.0,0.6615255736568886,0
1650.0,0.42317133773017734,1
360.0,0.6200738858101731,1
1080.0,0.6442372407785035,1
1400.0,0.6470342310632979,1
1568.0,0.6519945706987897,1
1744.0,0.6555886024980714,1
1220.0,0.6444902129428052,1
3135.0,0.6505332722513433,0
744.0,0.4359766589052779,1
540.0,0.6370591582575645,1
528.0,0.6458305344802563,1
1078.0,0.6514653331002301,1
741.0,0.6541610096998243,1
1668.0,0.6552450469048225,1
1400.0,0.6341202557056282,1
2180.0,0.6496819450120495,1
1750.0,0.4515952300560518,1
1210.0,0.6398624827618479,1
475.0,0.6416772950173321,1
1712.0,0.654391559675698,1
1962.0,0.6507882191510491,1
486.0,0.6464734538168284,1
2000.0,0.6571772795422527,1
1068.0,0.4651710675152709,1
1696.0,0.6528580232271715,1
847.0,0.6443404829753832,1
378.0,0.6618091968893769,1
1716.0,0.6637607417503969,1
1859.0,0.6461688196927372,1
576.0,0.6472264734552065,1
1672.0,0.6621646111235429,1
1764.0,0.6479579421729608,1
2278.0,0.6580729654859319,1
2376.0,0.47360990136658343,1
650.0,0.4500347187777157,1
430.0,0.6464430086787947,1
950.0,0.6582965547654286,1
2041.0,0.6639703007527515,1
1560.0,0.46137715518327127,1
1610.0,0.641771318720846,1
1938.0,0.6633675470450999,1
513.0,0.6700088894523946,1
2109.0,0.6741994344385411,1
2839.0,0.47442262664540935,0
1875.0,0.44336738368939654,1
1360.0,0.635270119940803,1
2480.0,0.6561154444249377,1
2608.0,0.4539384072481818,1
1755.0,0.4454986641757623,1
1780.0,0.6382787112377293,1
1170.0,0.658410588122421,1
1078.0,0.6600148751229353,1
2176.0,0.6636118405677808,1
2920.0,0.4695186689434987,0
1734.0,0.4414197283146044,1
814.0,0.6444692317349797,1
1300.0,0.6604470024821602,1
420.0,0.653501700562951,1
1118.0,0.6629749752829328,1
2299.0,0.6619232395131074,1
1957.0,0.4647707219254997,1
1550.0,0.6501056172522767,1
1032.0,0.651279102538031,1
2296.0,0.6637879670051255,1
1078.0,0.4584362574816331,1
1280.0,0.6514018806001953,1
1521.0,0.6604860261944938,1
1235.0,0.6591968023331186,1
1716.0,0.6706292162764282,1
430.0,0.6624800724030204,1
1380.0,0.671233728187582,1
784.0,0.667322728338658,1
1937.0,0.669727435754014,1
325.0,0.6544794527130305,1
1484.0,0.6712581535296251,1
2240.0,0.6544775442758839,1
804.0,0.46518556209716794,1
592.0,0.6556959998998242,1
1125.0,0.6661625873038034,1
1206.0,0.6710947664857752,1
854.0,0.6739216488163162,1
1260.0,0.6750174546245511,1
1540.0,0.674863083907904,1
2318.0,0.6739858895018245,1
850.0,0.4573431931461853,1
460.0,0.6550950385511921,1
1995.0,0.6672748180564196,1
869.0,0.6486775437498496,1
1566.0,0.669628208203852,1
598.0,0.6693362074180275,1
1254.0,0.671393949285829,1
550.0,0.6727869274004926,1
2622.0,0.6731481227762709,1
540.0,0.4566686917791837,1
1045.0,0.6548256981609482,1
1695.0,0.6668949938832649,1
2074.0,0.6591017008111167,1
1940.0,0.4756035783350316,1
430.0,0.657181367907201,1
696.0,0.6657372328634135,1
600.0,0.6692536871743999,1
1241.0,0.6711090434790491,1
901.0,0.6717371175459496,1
2754.0,0.6716009051614936,0
784.0,0.4283131235989961,1
924.0,0.6466255128855227,1
1734.0,0.653912586759032,1
2052.0,0.6473740960614396,1
1650.0,0.4681090514199171,1
500.0,0.6496579872089202,1
1474.0,0.6678692823652551,1
1408.0,0.6437245530197206,1
1248.0,0.6661849656953757,1
588.0,0.6588671247959488,1
1824.0,0.6781585122464775,1
793.0,0.6509850495091002,1
2400.0,0.6715323853312043,1
2071.0,0.4708886111838223,1
481.0,0.4526100740653028,1
774.0,0.6558905155234054,1
560.0,0.6646566271025165,1
1335.0,0.6691136077415561,1
2052.0,0.6720098251582509,1
1298.0,0.46176232621641106,1
1106.0,0.6530144457152165,1
532.0,0.6726533824029814,1
1008.0,0.6709561607808343,1
1560.0,0.6731599009227093,1
1670.0,0.6634730497456613,1
3200.0,0.6597808651199293,0
390.0,0.45574509840184035,1
1854.0,0.6534720699744461,1
1872.0,0.6565860501842964,1
640.0,0.6534434313229218,1
310.0,0.6655657615309682,1
2934.0,0.6666682643108977,0
2385.0,0.436118266951045,1
1305.0,0.44103876138246284,1
924.0,0.6485486264625693,1
2550.0,0.6541389837350596,1
2242.0,0.4500813818705085,1
620.0,0.4487080876257075,1
660.0,0.6527501538301903,1
2820.0,0.660424276271323,0
3021.0,0.43903112663315136,0
1596.0,0.43303104480826793,1
2093.0,0.6296405854345632,1
2093.0,0.44205541039963403,1
1870.0,0.43767937344989327,1
768.0,0.6313871852003237,1
406.0,0.6506687775799702,1
1188.0,0.6489966016947292,1
1120.0,0.6548164495411662,1
950.0,0.6409827715925305,1
1240.0,0.6621288030386154,1
1395.0,0.647384210065888,1
2170.0,0.6650398181128078,1
1692.0,0.46117539561311005,1
1064.0,0.6450180219994064,1
1785.0,0.6645699637125595,1
2115.0,0.6529371115875267,1
1240.0,0.4674307636425745,1
1335.0,0.6463446056621162,1
1540.0,0.6631801548687244,1
2900.0,0.6551402580155895,0
518.0,0.45661875330110246,1
1615.0,0.6484900574968975,1
2052.0,0.6553998842036306,1
1420.0,0.45972392279255153,1
770.0,0.6442797811203991,1
2160.0,0.6606670606715771,1
550.0,0.46144168993164103,1
3100.0,0.6512861167937183,0
1264.0,0.44040989259002905,1
1600.0,0.6470287190141604,1
2208.0,0.6451969617317838,1
1456.0,0.4687699826954932,1
1440.0,0.6571869654057209,1
1742.0,0.6600666741349662,1
658.0,0.6505939287960151,1
363.0,0.6669029257450125,1
840.0,0.6677805858000194,1
1833.0,0.6715147654385242,1
1360.0,0.6572577807832658,1
2295.0,0.6735442424121145,1
1394.0,0.46873311470255086,1
1551.0,0.6623004845385388,1
1498.0,0.6577316816627842,1
1703.0,0.6610396493283761,1
2340.0,0.6607943122677051,1
845.0,0.47688607769360386,1
1944.0,0.6608503448208587,1
378.0,0.6597651322348927,1
804.0,0.6708313884952597,1
2158.0,0.6667263644876296,1
492.0,0.46789457551006314,1
2142.0,0.6611654584185117,1
1562.0,0.46646334713246507,1
3220.0,0.6571929730033603,0
2384.0,0.4601913309750365,1
