0.0,0.5,1
2220.0,0.5533333333333332,1
1754.7404131590904,0.375,1
442.0,0.5581714966191692,1
1738.0,0.5691249053807512,1
1120.0,0.5779240971024908,1
806.0,0.5841759784004721,1
1056.0,0.5913281917468456,1
1071.0,0.600964291100388,1
832.0,0.6085611231805109,1
1190.0,0.6132149209315295,1
671.0,0.615448819387621,1
1044.0,0.616176808358085,1
540.0,0.6161629198583773,1
810.0,0.6158764042000994,1
1656.0,0.6155481922867749,1
1530.0,0.6152675733854818,1
1248.0,0.5992266875107288,1
2660.0,0.604554110045407,1
1742.0,0.40548775109230906,1
3120.0,0.5843226710384013,0
1140.0,0.3959854182803374,1
864.0,0.5904201488853175,1
480.0,0.6104609353837729,1
2831.0,0.6193790203016531,0
312.0,0.3949567638849367,1
920.0,0.602394440729696,1
360.0,0.6145054980174695,1
1648.0,0.6235891547885257,1
1800.0,0.6184480826343046,1
1760.0,0.6093857769990112,1
1881.0,0.6102970482639387,1
980.0,0.6286328326607575,1
450.0,0.633150290519534,1
2482.0,0.6368708514980496,1
1920.0,0.4263398126323663,1
540.0,0.616154720216359,1
2512.0,0.6325085752957504,1
2700.0,0.42741167989567136,1
1872.0,0.41406660711896986,1
2040.0,0.611976389002421,1
1920.0,0.43743147776977953,1
1872.0,0.6105960681219638,1
1035.0,0.6312688452981625,1
920.0,0.6384926461459661,1
715.0,0.6385706183291587,1
600.0,0.6417799095159805,1
2145.0,0.64398211926994,1
516.0,0.4351133574892678,1
1090.0,0.6201850371989996,1
1071.0,0.6301737094743762,1
2286.0,0.6410106351526316,1
1292.0,0.4375897737051387,1
1875.0,0.6205634061521257,1
1526.0,0.6318980645879407,1
1512.0,0.638772686700941,1
590.0,0.639585396612019,1
1368.0,0.6395751028733643,1
2603.0,0.6351706005860742,1
1170.0,0.4381139789423479,1
2790.0,0.6188402904804985,0
855.0,0.4116887197150252,1
1936.0,0.6169179313710826,1
720.0,0.6134308809142843,1
1876.0,0.6330505888667316,1
2890.0,0.6189553375935225,0
900.0,0.4166745350231056,1
1290.0,0.6201673174416502,1
720.0,0.6253984052919601,1
1210.0,0.6333357684018737,1
2208.0,0.6214961152051752,1
1480.0,0.42887690136502676,1
2500.0,0.628114770548513,1
1802.0,0.4390796986555364,1
1539.0,0.6182577595200123,1
432.0,0.6400682970408367,1
646.0,0.642969404290332,1
770.0,0.6475935016018458,1
594.0,0.6506540554719338,1
1495.0,0.6517403414648528,1
1520.0,0.6395833637580012,1
1665.0,0.6505186708006372,1
781.0,0.640094254476698,1
1270.0,0.6495239429161144,1
456.0,0.6316741840148479,1
2120.0,0.6461648726677949,1
1904.0,0.44048206217297214,1
697.0,0.621985411999598,1
1242.0,0.642482679801984,1
2520.0,0.6435879249736325,1
1920.0,0.4427918617944453,1
2072.0,0.6293357221696586,1
1674.0,0.44681937193643134,1
2000.0,0.6330783498813258,1
2907.0,0.44989086523653676,0
1664.0,0.4219265569512379,1
2422.0,0.6173560736678829,1
1836.0,0.4334547431693786,1
512.0,0.6241346173329922,1
931.0,0.6367248032270428,1
432.0,0.6372915632745904,1
756.0,0.6434898927110122,1
2160.0,0.6477130326518584,1
1331.0,0.43924937013294973,1
3000.0,0.6319135304752113,0
2280.0,0.4322995345406381,1
1836.0,0.4343002873764446,1
1008.0,0.621149590102274,1
1520.0,0.6445834832273315,1
1088.0,0.6469183452793597,1
2760.0,0.6484617567663008,0
624.0,0.41871723599731125,1
779.0,0.6300420567325817,1
1635.0,0.6337515415337127,1
890.0,0.6283394757047719,1
1122.0,0.6458921902060697,1
338.0,0.6381802229785041,1
406.0,0.6567704717372076,1
744.0,0.6535496638752812,1
1744.0,0.6535199765410933,1
612.0,0.6410361347588034,1
1056.0,0.6544531322031139,1
756.0,0.6527039102245418,1
552.0,0.6547264393470547,1
3230.0,0.6557144833299485,0
817.0,0.41247294544068586,1
1330.0,0.635699652690856,1
1680.0,0.6170585764405968,1
1394.0,0.63630474541232,1
1080.0,0.6449098149735137,1
2254.0,0.6439657058626107,1
1235.0,0.43839973246979846,1
1742.0,0.642575245635128,1
790.0,0.6400624096034507,1
2622.0,0.654218346360109,1
1455.0,0.4537330163671591,1
2145.0,0.6456732003677865,1
1908.0,0.44367548873668095,1
1177.0,0.6305668118280826,1
2192.0,0.6487938833632091,1
1960.0,0.451704029292821,1
1045.0,0.6321052332490905,1
1157.0,0.6461046536191786,1
848.0,0.6446495381424738,1
715.0,0.6491069617475844,1
1600.0,0.6528986185604022,1
2052.0,0.6405679859067746,1
1924.0,0.45927796822672506,1
2340.0,0.6365699433785638,1
1529.0,0.452483934296101,1
1680.0,0.6350538853976081,1
250.0,0.6446803687656159,1
1443.0,0.651458627942119,1
1960.0,0.6487536804598157,1
2900.0,0.6569261028363836,0
3460.0,0.42951154370612316,0
792.0,0.4218163432328223,1
1764.0,0.6277575060680062,1
1836.0,0.6310293339032593,1
645.0,0.6436995213914893,1
2610.0,0.6529357779532506,1
2346.0,0.44277733159073934,1
2754.0,0.43238289113441336,0
2528.0,0.42283741078541126,1
1200.0,0.4265746608367505,1
480.0,0.6299647024233316,1
730.0,0.6399687356101948,1
2688.0,0.6460390551630176,1
744.0,0.43858222321110885,1
1272.0,0.6369598172979196,1
1760.0,0.6412242866343564,1
405.0,0.64012209598692,1
1395.0,0.6489100228824398,1
451.0,0.6486631647345728,1
1980.0,0.6515594422398707,1
570.0,0.6445588878511639,1
370.0,0.6566885592520112,1
680.0,0.6540319935540384,1
1232.0,0.655550676872279,1
578.0,0.6566447876545698,1
1311.0,0.6566935288532452,1
600.0,0.6561233819494163,1
1188.0,0.6553609184076644,1
1332.0,0.6546493324870948,1
1314.0,0.6320562050138493,1
1460.0,0.6507464070377598,1
1848.0,0.6530172168011777,1
420.0,0.6352030647922058,1
2416.0,0.652758849416762,1
2505.0,0.4433288231447011,1
1410.0,0.4338060530387571,1
2158.0,0.6273543204250915,1
585.0,0.4463086910104108,1
1920.0,0.6370517152636345,1
2052.0,0.6341506134052607,1
792.0,0.45614536001006123,1
792.0,0.6417884186041942,1
2480.0,0.6468352263119376,1
1332.0,0.44487541099290795,1
585.0,0.6366937203375419,1
2180.0,0.6548670123100881,1
1308.0,0.45496164506513137,1
1695.0,0.6323221045243967,1
850.0,0.6481565754340188,1
2788.0,0.6524696067173065,0
768.0,0.41894629234118363,1
481.0,0.6330703696632742,1
2272.0,0.6355735407235056,1
930.0,0.43494258853011253,1
1311.0,0.6401996858310288,1
520.0,0.6476295707771673,1
2754.0,0.6547984906256474,0
640.0,0.4224487852608126,1
1275.0,0.6422273521837812,1
370.0,0.64524200243307,1
450.0,0.651950754492174,1
860.0,0.6558008240661465,1
1170.0,0.6576004937919138,1
1386.0,0.6581915682369031,1
612.0,0.6582111273993079,1
468.0,0.6580289740124421,1
680.0,0.6578170917540465,1
1311.0,0.657637777867728,1
390.0,0.6575037802424172,1
504.0,0.6574097754514733,1
2415.0,0.6573461392280845,1
1067.0,0.44456328953915414,1
486.0,0.6462696659665772,1
1404.0,0.6543098960091085,1
612.0,0.6582208956188585,1
960.0,0.6596506538076358,1
444.0,0.6597492593898837,1
1070.0,0.659339024090729,1
1065.0,0.6455631433966134,1
2574.0,0.6610139621775339,1
1496.0,0.4488473103979074,1
1661.0,0.6408516780013518,1
495.0,0.6460353861697543,1
1309.0,0.6548026299296034,1
1248.0,0.6549519698662534,1
1918.0,0.652772742230761,1
1326.0,0.6515463400229164,1
975.0,0.6554217853535991,1
2108.0,0.6664096954331178,1
990.0,0.45258517953150046,1
1482.0,0.6499870405741178,1
1152.0,0.6592466887486967,1
2700.0,0.6630955619937566,1
1547.0,0.454305647996078,1
2920.0,0.6366146373901507,0
1955.0,0.44456252259431217,1
688.0,0.6301688792641505,1
1547.0,0.6519513492000457,1
1837.0,0.6537571762028396,1
312.0,0.6395228390979937,1
2119.0,0.6547148882797671,1
420.0,0.44823015387305165,1
462.0,0.6445384201459545,1
702.0,0.649849374587961,1
720.0,0.6545512956627453,1
2505.0,0.6572088109142187,1
833.0,0.446729643813883,1
450.0,0.6454722957298628,1
2774.0,0.65255935671506,0
470.0,0.42006963065082586,1
2016.0,0.6378038849416058,1
1360.0,0.4283993897672057,1
2040.0,0.6397826053882136,1
2432.0,0.43795879566858464,1
672.0,0.43684890347167227,1
2325.0,0.6388266934861023,1
407.0,0.4375985356608009,1
800.0,0.6434207751824951,1
570.0,0.6483767782774127,1
1377.0,0.6554589609970507,1
2400.0,0.6599628194868246,1
670.0,0.45067489164949576,1
408.0,0.6486473858800973,1
1905.0,0.6568700577737645,1
1807.0,0.6491137344792431,1
2085.0,0.6558943247445015,1
1968.0,0.4583909204978194,1
1428.0,0.6427027220554804,1
1900.0,0.656361822451529,1
976.0,0.6651196921930835,1
1504.0,0.6609653915218754,1
1920.0,0.6606763073111906,1
1380.0,0.6401583218918282,1
324.0,0.6517847105318622,1
385.0,0.6617089438026317,1
1760.0,0.6581518034005928,1
2224.0,0.6593350105389894,1
2822.0,0.4474311576028801,0
726.0,0.43239364757836135,1
440.0,0.6425943929829308,1
2106.0,0.6486803652770639,1
1560.0,0.4381171840407575,1
1080.0,0.639551428410062,1
1860.0,0.6497299087439974,1
1800.0,0.6575192715327571,1
3460.0,0.6528558209593187,0
2771.0,0.4169122962276566,0
1260.0,0.4140896048651426,1
1210.0,0.6333110575317963,1
1924.0,0.6258030073583264,1
960.0,0.6238113729177857,1
2184.0,0.6428976650354512,1
1350.0,0.43028345515780153,1
2869.0,0.6391216562131967,0
760.0,0.4138577064669588,1
3268.0,0.6345300672135827,0
1540.0,0.3994694372255239,1
980.0,0.6220973073996003,1
2312.0,0.6300351644171425,1
2250.0,0.4142802882542317,1
969.0,0.4240441206130943,1
627.0,0.6305468503537786,1
338.0,0.6319093797236219,1
1900.0,0.6423438252298194,1
817.0,0.6501088200829046,1
1560.0,0.6553163409641063,1
880.0,0.6337780191465163,1
1960.0,0.6549007389978834,1
1720.0,0.6563248831162466,1
1387.0,0.6591629600730808,1
240.0,0.6602228290131162,1
1080.0,0.6599671779027645,1
950.0,0.6591437975086925,1
1649.0,0.6582419754652228,1
1330.0,0.6574770252451365,1
1188.0,0.6425138472847441,1
1660.0,0.6568890161067092,1
1339.0,0.6552029902707712,1
1470.0,0.6479231226763994,1
580.0,0.6411359479881774,1
1712.0,0.6547985736105405,1
450.0,0.6451426734219838,1
2812.0,0.6566397543648436,0
476.0,0.41803876609266144,1
561.0,0.6339950211969895,1
486.0,0.6374559448067979,1
1278.0,0.6465983687825785,1
380.0,0.6523741277244555,1
507.0,0.6554909207480146,1
1066.0,0.6567015183650071,1
3021.0,0.6568741689538421,0
1183.0,0.40918023870181175,1
946.0,0.6373297331039522,1
3002.0,0.6410850703082697,0
1368.0,0.4001186588414944,1
2140.0,0.6369969550201099,1
1320.0,0.42482989515221947,1
1358.0,0.6179135035721157,1
570.0,0.6395648825318521,1
1830.0,0.6406873879939243,1
2610.0,0.6351787700073475,1
1313.0,0.44136032421831134,1
1815.0,0.6374999089305621,1
1424.0,0.6478018501650687,1
1856.0,0.6565487106367935,1
468.0,0.6436699891941998,1
1937.0,0.6580578283789147,1
2368.0,0.6339802259756446,1
1326.0,0.44592239707236636,1
2010.0,0.6312933896048668,1
3300.0,0.45766256495618507,0
504.0,0.4294034035017027,1
1968.0,0.6386320479077969,1
510.0,0.6230475684060568,1
1938.0,0.642131630204114,1
1358.0,0.6350282510063389,1
2669.0,0.6495740747077131,1
1254.0,0.43922017637284594,1
2142.0,0.6438514334625612,1
312.0,0.4472044391044901,1
1904.0,0.6470774414418674,1
560.0,0.6350113223041616,1
798.0,0.6519659514994273,1
966.0,0.6481340614439333,1
1199.0,0.6549541181628866,1
3024.0,0.649862085779226,0
480.0,0.4418693083891632,1
2048.0,0.646923666345037,1
1501.0,0.4497991737163766,1
2768.0,0.6486518523458493,0
2520.0,0.4153958672284209,1
884.0,0.4251749158648398,1
1287.0,0.6340490211561227,1
600.0,0.6368619096797173,1
2768.0,0.6456204654750983,0
2249.0,0.4087858607262407,1
2235.0,0.42422476568911216,1
1258.0,0.42263816167039786,1
540.0,0.6336938069899553,1
720.0,0.6365395439254325,1
2869.0,0.6441958895701787,0
988.0,0.4042965339447705,1
1008.0,0.6369265769708611,1
2720.0,0.6357665572186638,0
1116.0,0.39678211292199433,1
1846.0,0.6364429181585136,1
512.0,0.6040466631882324,1
784.0,0.6396433902396146,1
1221.0,0.6373740958312907,1
2622.0,0.6303282072618207,1
1353.0,0.4480897993257592,1
1156.0,0.6377088635848288,1
1560.0,0.651590999691356,1
696.0,0.6299243984193548,1
825.0,0.6548932478700061,1
2550.0,0.6532643608513914,1
2430.0,0.444870680127614,1
714.0,0.4522828700901599,1
1360.0,0.6518998819150598,1
912.0,0.6558437861805164,1
1456.0,0.6601103481329539,1
2451.0,0.6624229164980477,1
1200.0,0.459045735455065,1
1755.0,0.6550954073128628,1
1364.0,0.6491225863518392,1
392.0,0.6462098820223859,1
2960.0,0.6594920252486873,0
810.0,0.42321835462174323,1
1260.0,0.6413074220283825,1
1278.0,0.6299554893614143,1
500.0,0.6513658195767436,1
1275.0,0.6464809941454888,1
2227.0,0.6532317213674883,1
2550.0,0.4438945796920707,1
1050.0,0.44176173640274585,1
448.0,0.6476018718221798,1
1020.0,0.6529806843988322,1
1130.0,0.6492511685598717,1
2584.0,0.6466015836296249,1
300.0,0.4536785486376519,1
3249.0,0.6497094837057079,0
1980.0,0.4223892430429501,1
1062.0,0.640051672797522,1
912.0,0.640430172778351,1
3160.0,0.6489053970976363,0
954.0,0.41401110790995244,1
2608.0,0.641285863696745,1
1746.0,0.4242863578659503,1
1210.0,0.6433302186445757,1
2272.0,0.6313615948702593,1
760.0,0.4453334309937162,1
720.0,0.6445146714107297,1
1044.0,0.6463273058736562,1
1080.0,0.6540434675008435,1
407.0,0.658571088913464,1
1020.0,0.6605252386035014,1
1668.0,0.6607257353446062,1
1241.0,0.6465241329504354,1
1976.0,0.6615182526568859,1
605.0,0.6505717492018633,1
810.0,0.6681458403628171,1
260.0,0.6625505401003866,1
1344.0,0.6612316679741957,1
2394.0,0.6604096432648855,1
972.0,0.4463865878217616,1
430.0,0.6489186507156366,1
484.0,0.6555491877843567,1
1860.0,0.659292369474812,1
765.0,0.6605437060606947,1
1274.0,0.6604848460003002,1
1080.0,0.6599499918210852,1
1261.0,0.6593566459376339,1
1890.0,0.6588598304643546,1
770.0,0.6373043187195029,1
3230.0,0.6558284408580931,0
1728.0,0.4172942061514585,1
2240.0,0.6214164615570208,1
2898.0,0.4288592906747434,0
1095.0,0.42257659664694186,1
420.0,0.6310125977668103,1
3078.0,0.6332975572550049,0
1560.0,0.4021532486462225,1
400.0,0.6139042601742224,1
2862.0,0.63283952685183,0
836.0,0.39283127159989495,1
372.0,0.6285012268393975,1
750.0,0.6225150958694038,1
2210.0,0.6347177651378767,1
2660.0,0.4328252906793594,1
1500.0,0.4408904652354566,1
561.0,0.6422304916861882,1
2040.0,0.6466245659876144,1
1649.0,0.43728317983480647,1
2550.0,0.6462203523145608,1
1155.0,0.4396741637803272,1
2983.0,0.6464818604074276,0
2016.0,0.4166404944207358,1
288.0,0.4287613219119388,1
2688.0,0.6362822256953732,1
1116.0,0.4260265120231409,1
1320.0,0.6395010477243273,1
1056.0,0.6340716879178266,1
325.0,0.6514973007994727,1
2898.0,0.6474645832709851,0
682.0,0.4189213093782481,1
