0.0,0.5,1
5639.669136826311,0.5342465753424657,0
5049.444140974465,0.4690341483734475,0
1008.0,0.4545454545454545,1
7356.059140240617,0.5248035192494703,0
4649.332478182953,0.31050180827648705,0
504.0,0.4594233513064546,1
4650.04767286891,0.5171634395625118,0
6877.050318279888,0.42265145013282934,0
4851.044344387719,0.307296190424176,0
2376.0,0.4644301564338107,1
5742.000596078004,0.5106841339601873,0
5816.959282740838,0.44545968576985,0
1428.0,0.4648656338393722,1
7244.833944659196,0.5063503915445153,0
3714.273875517439,0.29790734740351893,0
2088.0,0.4678529441002608,1
4596.385251414989,0.5098189822984877,0
5357.47735780028,0.40590974875790814,0
1850.0,0.46990887686123073,1
6200.026831603059,0.5066209413408675,0
7809.043009705006,0.3001145783994036,0
4172.0,0.35515150543431756,0
3451.0,0.47226741287853735,1
2436.0,0.4720831880491905,1
3384.0,0.5492667021106618,1
2080.0,0.4727206867906202,1
5584.162198984893,0.5086850316814644,0
5459.678396999877,0.4053089359846034,0
2268.0,0.46753240518979466,1
2808.0,0.5592837854230369,1
2112.0,0.5640829972852285,1
675.0,0.5801410216136302,1
3724.0,0.5874058918399725,0
3335.0,0.4826597061601946,1
2484.0,0.49529102028376754,1
2016.0,0.5741125379764811,1
2688.0,0.5801951869721422,1
3556.0,0.5611368550866769,1
5005.716603593018,0.409118042567052,0
1340.0,0.4899615282326615,1
1173.0,0.5800364943272551,1
2944.0,0.5883638784057217,1
2424.0,0.5864205593588273,1
3321.0,0.5933037901600686,1
1316.0,0.5237249187125159,1
1600.0,0.5932450336832547,1
3220.0,0.5938906597201005,1
4089.0,0.5194188660291746,0
783.0,0.4890407095524172,1
4942.488235223298,0.5029205188675326,0
3240.0,0.4862192199347607,1
1612.0,0.5024301089934257,1
3780.0,0.5884883978467469,0
1624.0,0.4771096128470371,1
2712.0,0.5696938996802446,1
2475.0,0.5557536848805624,1
5203.106704401927,0.5044607387834905,0
1586.0,0.4843503017975517,1
1300.0,0.5855741002232487,1
957.0,0.5881092728858907,1
2436.0,0.5966458568041472,1
2262.0,0.6009100003545812,1
1944.0,0.6019424481782378,1
2121.0,0.601664786793041,1
2928.0,0.5912425767939884,1
2040.0,0.5918484772090197,1
2583.0,0.5935079716604821,1
2904.0,0.5953311001278813,1
2727.0,0.5945789167679381,1
946.0,0.5975744619107929,1
3600.0,0.6041839472085447,1
2697.0,0.5013976991295761,1
4502.233048646373,0.5041181423390877,0
1827.0,0.49672437468351704,1
4522.6535098888835,0.5036600734147908,0
2232.0,0.4950409607079945,1
1520.0,0.5955920454526142,1
1540.0,0.6006636006241832,1
1470.0,0.6046594389820205,1
2680.0,0.6058064371695524,1
700.0,0.5720154191050024,1
4883.411491168522,0.5039338902430254,0
2943.0,0.4963000582020678,1
6444.674969981204,0.48821423166878075,0
2525.0,0.36711110884718595,1
3100.0,0.5889836610652446,1
2592.0,0.5084323404913624,1
4579.66638143916,0.5020598476086174,0
2254.0,0.5187263034334303,1
483.0,0.603252054615648,1
3496.0,0.6060290935665081,1
2332.0,0.50963680399558,1
3383.221524829084,0.4895601601334615,1
3175.0,0.5094471843092088,1
3900.8429402209795,0.4067013433874955,0
1496.0,0.510044599612809,1
3929.7661313532953,0.5024766019332605,0
1875.0,0.5046657678629998,1
4820.598712843464,0.5045045911305335,0
1104.0,0.5038937732382592,1
868.0,0.6049868659241986,1
693.0,0.6059198338228875,1
990.0,0.6084097039339964,1
2499.0,0.6088747235619326,1
1850.0,0.5978990470483638,1
780.0,0.609906775777495,1
4495.0,0.6086814378169819,0
1566.0,0.4870944576664619,1
1360.0,0.5909295184009666,1
1218.0,0.5961520099700661,1
2262.0,0.6045856704278959,1
1596.0,0.6080677917591537,1
3648.0,0.6091221754472196,0
2751.0,0.4820665791097366,1
2310.0,0.5790934144195279,1
1647.0,0.5898102715734805,1
1863.0,0.5932062382534389,1
870.0,0.6010847037647082,1
3040.0,0.6050622041902297,1
2150.0,0.5018405039820102,1
7781.389153913715,0.5039862986805435,0
1372.0,0.3715764879224148,1
3576.0,0.6025884084862164,1
2632.0,0.5101194302678498,1
6016.396700970634,0.505818811448252,0
3542.0,0.38019165061651383,1
1885.0,0.5012739674883243,1
6641.534476625221,0.5059527708820264,0
1152.0,0.3795341267643573,1
2040.0,0.605921614174193,1
1740.0,0.603454056770962,1
1533.0,0.6195563094546157,1
4050.0,0.6145462238085909,0
3612.0,0.4999365284685616,0
1725.0,0.4872952834836809,1
2080.0,0.589537223288068,1
1034.0,0.5944227129063884,1
1800.0,0.6023316302813246,1
1200.0,0.6060779231572837,1
2552.0,0.6074630247877348,1
3509.0,0.5938131976148915,1
1015.0,0.5050965135298833,1
2350.0,0.5982819267624454,1
3406.0,0.6054637152909358,1
2730.0,0.5046214310170127,1
1300.0,0.5731805626631507,1
1680.0,0.6013126565150175,1
3348.0,0.6056141991721481,1
1953.0,0.5051840275879808,1
2460.0,0.6002873965817908,1
2046.0,0.6063035142554454,1
819.0,0.6100420168898485,1
3243.0,0.6108764792121071,1
4200.0,0.5042514269597549,0
1428.0,0.49477400531668136,1
1058.0,0.5930739958665974,1
1274.0,0.5982948824432534,1
2117.0,0.6019327081074063,1
2750.0,0.6030150508416736,1
736.0,0.5889566098858131,1
702.0,0.6043189493793916,1
3796.0,0.6052589507551932,0
3888.0,0.49529256705942465,0
1728.0,0.4771849380258263,1
1932.0,0.5836795189876319,1
3243.0,0.5865256088455068,1
3584.0,0.4949543352012984,1
2448.0,0.49409480594082933,1
2220.0,0.5668153951473354,1
1518.0,0.5975502186172355,1
3741.0,0.6017123979525475,0
3432.0,0.49003168133234926,1
2808.0,0.4860002324969418,1
1491.0,0.5783726493077822,1
924.0,0.5879027013379159,1
1431.0,0.591186083293895,1
880.0,0.5984857003992878,1
987.0,0.6023453780316759,1
1955.0,0.6038848368199158,1
3800.0,0.6044155379003253,0
2346.0,0.4785047686186874,1
2448.0,0.5814893460252328,1
460.0,0.5921420877004647,1
2720.0,0.6098532868150828,1
1247.0,0.5715076095271684,1
1525.0,0.6005621529840093,1
1610.0,0.6063470832414599,1
1792.0,0.6103465204450302,1
2288.0,0.611088775660994,1
3565.0,0.601373616868389,1
1876.0,0.5078447339776441,1
3726.0,0.6008782077406165,0
770.0,0.4849333512686973,1
2970.0,0.5927618376606656,1
1701.0,0.5963716693923649,1
4408.0,0.6057037887339418,0
780.0,0.47448002197965755,1
2700.0,0.5944846500803241,1
1134.0,0.5580193917041862,1
3213.0,0.59761546140507,1
4158.0,0.5195341556623113,0
3161.0,0.4854615491109908,1
1189.0,0.512157539588333,1
3422.0,0.5936645016179815,1
1840.0,0.5161335258458913,1
2794.0,0.5987979570939371,1
3168.0,0.5910990309115999,1
988.0,0.5014292228570695,1
1595.0,0.5939288959134981,1
960.0,0.5985344163519364,1
2592.0,0.6057972949564305,1
4470.0,0.6092902310809623,0
2050.0,0.48386786123795256,1
2394.0,0.5887294571110155,1
1344.0,0.5830753543648165,1
2852.0,0.6009421912931321,1
2668.0,0.5917333924103152,1
3090.0,0.6047855759120019,1
2100.0,0.5267324656933697,1
1875.0,0.6126515709222092,1
2980.0,0.6117682871558938,1
704.0,0.5833586436713205,1
4190.689632654986,0.5071168179846752,0
2163.0,0.5050259255304316,1
6556.041694718323,0.49544908305218127,0
3668.0,0.3840549372251568,0
1736.0,0.4960281326520144,1
775.0,0.590536895888918,1
3388.0,0.6046537723338894,1
640.0,0.50652538743815,1
1690.0,0.59155390326657,1
1120.0,0.6060454038945824,1
3100.0,0.6097697700154914,1
2760.0,0.5113943012284028,1
3278.0,0.5845421616516625,1
1260.0,0.5105162160020914,1
675.0,0.5886344463898626,1
2457.0,0.6026463086647627,1
1428.0,0.6062942495130623,1
1274.0,0.6067846269559998,1
2415.0,0.6061750191389764,1
868.0,0.5933604006414057,1
3724.0,0.6046876926132814,0
2976.0,0.48439477132627595,1
1827.0,0.5716319774114377,1
2001.0,0.5861810421908095,1
736.0,0.5895168092456768,1
1742.0,0.5976107436132658,1
989.0,0.601682389189327,1
2596.0,0.6029461125119624,1
2016.0,0.5913418986644522,1
897.0,0.6006821560148725,1
3360.0,0.6017812643660551,1
3080.0,0.5016939275317804,1
1134.0,0.49295889845283125,1
1036.0,0.58498032232478,1
3082.0,0.5989462446079078,1
1998.0,0.524040547120206,1
896.0,0.5985439656317882,1
2210.0,0.6014493124654291,1
3225.0,0.6043886962889267,1
2208.0,0.5242764484590623,1
1566.0,0.598418375024741,1
690.0,0.6020097171086908,1
648.0,0.6046069564412326,1
1218.0,0.6050504326372328,1
2380.0,0.6044639483258366,1
2058.0,0.592364052581867,1
540.0,0.6011585013771421,1
1300.0,0.6020318244808179,1
2952.0,0.6043190619797982,1
2541.0,0.5727279840280848,1
4225.504037129215,0.49492725139843935,0
870.0,0.49813663850163936,1
2068.0,0.5901757329488238,1
2640.0,0.5996290743601382,1
3915.0,0.5954302483043099,0
2940.0,0.4958005046382449,1
3672.0,0.5808025539423878,0
2522.0,0.4904179458348803,1
2997.0,0.5799889857028637,1
2323.0,0.5782438432296997,1
2640.0,0.5891203898271122,1
1092.0,0.5894507398750833,1
1073.0,0.5985341005159268,1
714.0,0.5965356575155581,1
1188.0,0.6021410134775582,1
750.0,0.6050551459195455,1
925.0,0.6054622112805894,1
3192.0,0.6049751579627307,1
3248.0,0.5000204668153388,1
2424.0,0.5158255903744717,1
2070.0,0.5980147232250024,1
736.0,0.6113229261897591,1
900.0,0.6085948554644016,1
2346.0,0.6079978969931982,1
2668.0,0.599150997845141,1
2880.0,0.6016378633122771,1
1342.0,0.578934193013043,1
5761.296101322765,0.5022616359250018,0
2592.0,0.49797404265822964,1
1792.0,0.5924203636756152,1
1404.0,0.607817471260488,1
2024.0,0.6073345983698304,1
2100.0,0.6094699562762871,1
3874.0,0.599668168691669,0
3810.0,0.5177890900904067,0
1600.0,0.5042886708788299,1
3144.0,0.587115749337128,1
4200.0,0.5114285609932626,0
2142.0,0.48658089631035123,1
3750.0,0.5765636869528088,0
1161.0,0.4760796878367369,1
1992.0,0.5726046081249083,1
3496.0,0.5750397856479397,1
1064.0,0.4872093720181413,1
1080.0,0.5855253058938896,1
1694.0,0.592641945493948,1
690.0,0.5990332406680174,1
4500.0,0.6015484987451252,0
3125.0,0.48833456833497274,1
2436.0,0.4994569755655167,1
2304.0,0.5837152511702827,1
940.0,0.5883492862353125,1
3240.0,0.5959591851153339,1
3212.0,0.49698999639275443,1
3952.0,0.4960715418135422,0
1584.0,0.5065749175580588,1
1848.0,0.5868769916048815,1
3087.0,0.5916114976083107,1
1032.0,0.5147421076144538,1
1748.0,0.5973939806199192,1
2958.0,0.5995964125807121,1
4050.0,0.5957707960180676,0
2754.0,0.48824278454188796,1
4200.0,0.5769207205659728,0
2112.0,0.47566400111414364,1
4320.0,0.582918425547366,0
2232.0,0.473452086640207,1
832.0,0.5783551824504115,1
3654.0,0.5787775044828605,0
2064.0,0.4692751765508723,1
1334.0,0.5818759627005248,1
1638.0,0.582677401469768,1
850.0,0.594413859578069,1
500.0,0.600645223499404,1
1210.0,0.6034368535749037,1
2050.0,0.6044741715575472,1
3450.0,0.6048205995408988,1
2772.0,0.5206619839243106,1
1408.0,0.5967796816450376,1
3108.0,0.607556387030457,1
2583.0,0.5278380464561713,1
2000.0,0.5791609721045722,1
1728.0,0.6006281777619341,1
1848.0,0.605263441130068,1
667.0,0.6098154094644458,1
2987.0,0.6114015376417787,1
702.0,0.6030381913799255,1
3270.0,0.6171209490816798,1
1050.0,0.5283422914667129,1
2884.0,0.6084421729112155,1
4050.0,0.6037525391249112,0
3384.0,0.5143207759486834,1
925.0,0.5138415959195719,1
2820.0,0.5924895887699243,1
1120.0,0.5957308618327928,1
960.0,0.6031184919574925,1
3159.0,0.6066276152572245,1
3480.0,0.5253425079671297,1
3565.0,0.528349263988719,1
2850.0,0.5292301836849482,1
3289.0,0.6025344811819942,1
624.0,0.5106356216532135,1
6311.656438229895,0.5041777939004758,0
504.0,0.3801687108654745,1
3741.0,0.6056704728908942,0
3174.0,0.49421908247650204,1
3030.0,0.5002038143670167,1
1900.0,0.5166223286450365,1
2349.0,0.603030808859836,1
2820.0,0.6055368288886555,1
2886.0,0.6095939617302064,1
3900.0,0.5996260292510608,0
1540.0,0.5003143622144993,1
2150.0,0.5945684160246631,1
648.0,0.5993500223211882,1
2604.0,0.602911091547464,1
1118.0,0.5915496170625956,1
924.0,0.6064314936364708,1
2520.0,0.6062466737235704,1
2100.0,0.5754783829025066,1
3066.0,0.5979092880992587,1
1720.0,0.5363909757636343,1
540.0,0.6089024441093138,1
630.0,0.6081123601908524,1
1911.0,0.6108025466415772,1
3718.0,0.6115412419258861,0
1200.0,0.4770088423237581,1
3410.0,0.5953370949891721,1
702.0,0.4888091257210209,1
2016.0,0.5992754721672519,1
4234.0,0.602906426786189,0
1608.0,0.5011002783955221,1
3132.0,0.597910866401355,1
4379.0,0.5136444598415817,0
1500.0,0.4921747957385187,1
2610.0,0.5907472848110036,1
2728.0,0.5923519179568101,1
1950.0,0.5678461654558162,1
696.0,0.6009611050176598,1
1940.0,0.6042566698552259,1
2548.0,0.6089992799729952,1
1575.0,0.6107652484919617,1
3780.0,0.6106995784884051,0
1056.0,0.4934987626996264,1
3225.0,0.5927298575251249,1
1914.0,0.5074117403373047,1
1827.0,0.6003731973363917,1
2484.0,0.6016723168251298,1
3668.0,0.6089106809550454,0
1512.0,0.4837638612138622,1
1794.0,0.593708593830129,1
672.0,0.5963206459105134,1
1826.0,0.6050789435406437,1
2550.0,0.6090056023259738,1
4620.0,0.5985408982280627,0
1770.0,0.48167269878841856,1
2295.0,0.5944217268688525,1
4131.0,0.5968073087020049,0
3180.0,0.4661760495822762,1
2236.0,0.48527670008346047,1
2996.0,0.588111922177763,1
1664.0,0.578296983101143,1
975.0,0.5977245942222573,1
1450.0,0.5989829415934654,1
2560.0,0.606748350650175,1
3741.0,0.5973691295678747,0
3450.0,0.5172982398533569,1
4350.0,0.5159246589867604,0
528.0,0.4854956695291862,1
2496.0,0.5884132613264554,1
2030.0,0.5906092441592053,1
3976.0,0.5948184427470372,0
2997.0,0.47186659129763364,1
2160.0,0.5747751274825571,1
4437.0,0.5724990407034632,0
1100.0,0.47858932736962345,1
2160.0,0.582078093861019,1
1680.0,0.5818492962338498,1
1537.0,0.5906299601549929,1
2850.0,0.5943760966008191,1
4620.0,0.582879967639593,0
2460.0,0.4875029082776371,1
3321.0,0.5626289970904678,1
1533.0,0.49555053122438975,1
3375.0,0.5940983743841812,1
3094.0,0.520671148367669,1
2680.0,0.5286534827528013,1
3058.0,0.5783608218716311,1
5406.292330224671,0.3944916044087158,0
2760.0,0.5062986292300995,1
3420.0,0.5965725715020197,1
1740.0,0.5257474158715065,1
1656.0,0.6034502084658154,1
2436.0,0.6018558136789086,1
616.0,0.6071990709915741,1
3570.0,0.6098125073034141,1
3672.0,0.5058996963804893,0
1650.0,0.5181160257393038,1
2162.0,0.5978060762958379,1
1875.0,0.599504244957662,1
2929.0,0.6026526641087364,1
2150.0,0.594912909027232,1
2054.0,0.6079870536845479,1
1220.0,0.6038515563426294,1
4320.0,0.6030815926648567,0
945.0,0.48852291764255584,1
1274.0,0.5859286455996917,1
3312.0,0.5883368132706162,1
3393.0,0.5113904622960687,1
1340.0,0.5212036291074934,1
2040.0,0.6024763216963511,1
3350.0,0.5970880551585016,1
1219.0,0.5342589562798387,1
1420.0,0.610888480979484,1
1276.0,0.6100851941876946,1
3297.0,0.6130509818713146,1
3256.0,0.5311060686957534,1
2754.0,0.5100493590474147,1
1794.0,0.6002587093251919,1
1144.0,0.6185113241431659,1
3016.0,0.6146831169480924,1
2662.0,0.5321518035511931,1
1534.0,0.6063315552052301,1
1950.0,0.6144085063300473,1
1740.0,0.6116081153476567,1
1620.0,0.6136624413568476,1
1587.0,0.6139844576239467,1
