Timestep: 0 State: 2 Beliefs: [0.125, 0.125, 0.125, 0.125, 0.125, 0.125, 0.125, 0.125]
Timestep: 1 State: 0 Beliefs: [0.09707602339181286, 0.0783625730994152, 0.19415204678362571, 0.1567251461988304, 0.08736842105263157, 0.07052631578947367, 0.17473684210526313, 0.14105263157894735]
Timestep: 2 State: 5 Beliefs: [0.11301829483647663, 0.08900190718372536, 0.13562195380377198, 0.10680228862047042, 0.14127286854559581, 0.1112523839796567, 0.16952744225471497, 0.13350286077558804]
Timestep: 3 State: 5 Beliefs: [0.09738004265954099, 0.15349981074098357, 0.0756375879013542, 0.13382034782547284, 0.10411291511127581, 0.18419977288918027, 0.09076510548162504, 0.16058441739056742]
Timestep: 4 State: 4 Beliefs: [0.0756449601726599, 0.12516775201402844, 0.08843373783599834, 0.1564596900175355, 0.0848963883225584, 0.17552535821297877, 0.106120485403198, 0.18775162802104262]
Timestep: 5 State: 0 Beliefs: [0.07598601527742359, 0.12423237104030986, 0.08777287084369718, 0.15529046380038733, 0.09679566721492051, 0.16824661025036014, 0.10532744501243663, 0.18634855656046478]
Timestep: 6 State: 2 Beliefs: [0.1444899178567168, 0.09942447131705934, 0.15395953580813293, 0.12428058914632417, 0.12681103448430955, 0.10061833892844596, 0.13856358222731963, 0.11185253023169174]
Timestep: 7 State: 2 Beliefs: [0.11544791531495636, 0.07353735765975934, 0.20725836898133915, 0.14707471531951868, 0.0891538735310697, 0.07118319354955058, 0.16397733185623947, 0.1323672437875668]
Timestep: 8 State: 2 Beliefs: [0.09646911490932453, 0.06265705995096311, 0.2006893836942228, 0.12531411990192623, 0.0989593206174351, 0.07924620118961016, 0.18628785585420674, 0.15037694388231146]
Timestep: 9 State: 2 Beliefs: [0.10639996533086295, 0.07069251265100088, 0.24480281646325655, 0.14138502530200175, 0.08435316279677954, 0.06748624259385615, 0.15763375209044073, 0.12724652277180157]
Timestep: 10 State: 4 Beliefs: [0.10121971758760971, 0.06889433208630218, 0.2677350204078571, 0.13778866417260435, 0.08147198362200955, 0.06525640655195183, 0.15362407781632154, 0.12400979775534389]
Timestep: 11 State: 2 Beliefs: [0.07776772758265035, 0.1191620120772686, 0.12068137779801048, 0.14895251509658577, 0.1033781562713023, 0.15028653064494316, 0.10102866241333643, 0.17874301811590287]
Timestep: 12 State: 0 Beliefs: [0.09811254665435462, 0.07120544315371756, 0.23208343499648346, 0.14241088630743512, 0.09775019997651287, 0.0714901806800973, 0.1587775105547075, 0.12816979767669162]
Timestep: 13 State: 2 Beliefs: [0.10141643500757477, 0.13685528884185302, 0.13554373439377954, 0.17106911105231626, 0.08403536526228897, 0.13009575248153318, 0.08702211301356959, 0.15396219994708463]
Timestep: 14 State: 0 Beliefs: [0.10444807924471795, 0.07023298137514285, 0.23833884273578418, 0.1404659627502857, 0.0938842664432339, 0.06960143504354337, 0.15660906593203494, 0.12641936647525714]
Timestep: 15 State: 0 Beliefs: [0.1624721685004753, 0.09050788722238266, 0.2012571942546158, 0.11313485902797833, 0.11868323945750432, 0.08598635349559462, 0.12613692491626838, 0.1018213731251805]
Timestep: 16 State: 2 Beliefs: [0.15101657310888011, 0.0780032847701305, 0.17496006856651583, 0.09750410596266312, 0.136431490762132, 0.10013314737774769, 0.14494640229673503, 0.11700492715519573]
Timestep: 17 State: 2 Beliefs: [0.12372257819817582, 0.06703877004941347, 0.2517594442568803, 0.13407754009882694, 0.08800604534647238, 0.06523938453766927, 0.1494864514236175, 0.12066978608894423]
Timestep: 18 State: 0 Beliefs: [0.11826091797036999, 0.06632373578765136, 0.26784008039921464, 0.1326474715753027, 0.08479871182661768, 0.06285432628165158, 0.1478920317414196, 0.11938272441777244]
Timestep: 19 State: 2 Beliefs: [0.1191206926714608, 0.13312370252304692, 0.14483472393741004, 0.16640462815380863, 0.07615526810128204, 0.1259475084311047, 0.08464931084345918, 0.14976416533842776]
Timestep: 20 State: 0 Beliefs: [0.11437614250340492, 0.06883393122004962, 0.24538308381287222, 0.13766786244009924, 0.08822449867370757, 0.06812401225414393, 0.15348939289963304, 0.12390107619608931]
Timestep: 21 State: 2 Beliefs: [0.10545364974376795, 0.11685408407408664, 0.12173783258004126, 0.1460676050926083, 0.08758160721683914, 0.14795215433610562, 0.09907194084542129, 0.17528112611112995]
Timestep: 22 State: 2 Beliefs: [0.11433624189586128, 0.06953657737363379, 0.23745612786163067, 0.13907315474726759, 0.08950976760531616, 0.06986610229418422, 0.15505618894956552, 0.12516583927254085]
Timestep: 23 State: 2 Beliefs: [0.11655276490925763, 0.06680264986487255, 0.2690414378418987, 0.1336052997297451, 0.081291215692121, 0.06350192355142445, 0.14895993865390983, 0.12024476975677059]
Timestep: 24 State: 2 Beliefs: [0.10891100536711462, 0.06547591088099983, 0.289940595434313, 0.13095182176199965, 0.07889703568971636, 0.06196548253943916, 0.1460015087406175, 0.11785663958579969]
Timestep: 25 State: 2 Beliefs: [0.10232129349004615, 0.064819184016846, 0.3031248472243761, 0.129638368033692, 0.07760594230632577, 0.06127872784590175, 0.1445371058524894, 0.1166745312303228]
Timestep: 26 State: 2 Beliefs: [0.09718465623895825, 0.06458604540432317, 0.3108416873257774, 0.12917209080864633, 0.07692093211841487, 0.06102246483272695, 0.14401724154337137, 0.11625488172778173]
Timestep: 27 State: 0 Beliefs: [0.09360222963504715, 0.06459706921034, 0.31463987935303056, 0.12919413842068, 0.07663745941718506, 0.06101267639966044, 0.1440418229854447, 0.116274724578612]
Timestep: 28 State: 4 Beliefs: [0.10614921460259295, 0.13343882779967497, 0.16058415215453037, 0.16679853474959372, 0.07204518400268754, 0.1260157160001885, 0.08484968941609769, 0.15011868127463435]
Timestep: 29 State: 4 Beliefs: [0.0826537194815464, 0.11859228025759065, 0.1188054083592733, 0.14824035032198835, 0.0968919961128367, 0.1563821961663344, 0.10054562891404427, 0.177888420386386]
Timestep: 30 State: 2 Beliefs: [0.07970527015800068, 0.1185226955228324, 0.11167821108142421, 0.1481533694035405, 0.10401889078249113, 0.1596508866068001, 0.10048663316066227, 0.17778404328424863]
Timestep: 31 State: 2 Beliefs: [0.10109944313201898, 0.06952169965812141, 0.24031643364675787, 0.13904339931624282, 0.09942922076748834, 0.07042773023022487, 0.1550230138645274, 0.12513905938461853]
Timestep: 32 State: 2 Beliefs: [0.10156292480364998, 0.06615685611504338, 0.2802131979035447, 0.13231371223008676, 0.09021872839838568, 0.06293232456329372, 0.14751991497891762, 0.11908234100707807]
Timestep: 33 State: 5 Beliefs: [0.09656169887836044, 0.06501601213466714, 0.2970552754760069, 0.13003202426933427, 0.08781296988702005, 0.06151719433431087, 0.14497600317789955, 0.11702882184240083]
Timestep: 34 State: 2 Beliefs: [0.07414048591158946, 0.1136819364485337, 0.13257632592103655, 0.1421024205606671, 0.09280749240461697, 0.17778592274395563, 0.0963825113368003, 0.1705229046728005]
Timestep: 35 State: 2 Beliefs: [0.09237136341438629, 0.06784892482169613, 0.2612969295247067, 0.13569784964339227, 0.09482943676207693, 0.07453445550750366, 0.15129297564718508, 0.12212806467905302]
Timestep: 36 State: 4 Beliefs: [0.09095001612377802, 0.06529367474978945, 0.29138208269890703, 0.1305873494995789, 0.08745517792681305, 0.07120793508407154, 0.14559514936744095, 0.11752861454962099]
Timestep: 37 State: 2 Beliefs: [0.10450436251246928, 0.0762077822198703, 0.1980431471689093, 0.09525972777483788, 0.16289210500242818, 0.1071712186129655, 0.14160998337871422, 0.11431167332980544]
Timestep: 38 State: 2 Beliefs: [0.08887608967089808, 0.0645158532152327, 0.2879861778784604, 0.1290317064304654, 0.10248607082281942, 0.06711484275655935, 0.14386072343814574, 0.11612853578741887]
Timestep: 39 State: 2 Beliefs: [0.08644585144233088, 0.06402817727550363, 0.3002226837082704, 0.12805635455100725, 0.09758477112291276, 0.06563816392406502, 0.14277327888000357, 0.11525071909590653]
Timestep: 40 State: 2 Beliefs: [0.08474829616437671, 0.06344621234794387, 0.31291181720154687, 0.12689242469588774, 0.09279430459963911, 0.06352817881232434, 0.14147558395198231, 0.11420318222629898]
Timestep: 41 State: 5 Beliefs: [0.08369584325993194, 0.06325993156283138, 0.32047955338318007, 0.12651986312566277, 0.08910598512789036, 0.06201074112312326, 0.14106020560428373, 0.11386787681309651]
Timestep: 42 State: 2 Beliefs: [0.0672635009581874, 0.11226591504398317, 0.14204034960078402, 0.14033239380497897, 0.09334695226042271, 0.18117004431533523, 0.09518197145033357, 0.16839887256597474]
Timestep: 43 State: 2 Beliefs: [0.08618167796502381, 0.06618453832264456, 0.2846554522088865, 0.13236907664528913, 0.09110928197423314, 0.072786161732967, 0.14758164217019548, 0.11913216898076022]
Timestep: 44 State: 0 Beliefs: [0.08405374500584425, 0.06418350915636738, 0.30739211688502266, 0.12836701831273475, 0.08614932437449335, 0.07120432399360944, 0.14311964579046696, 0.1155303164814613]
Timestep: 45 State: 2 Beliefs: [0.14098131572546357, 0.08666223780773764, 0.23884742324445682, 0.10832779725967205, 0.11486137080301886, 0.0920474278453865, 0.12077740978055974, 0.09749501753370485]
Timestep: 46 State: 2 Beliefs: [0.09957191673012242, 0.06318491120948304, 0.3036458788899831, 0.12636982241896608, 0.08658930888620905, 0.06601240027478222, 0.14089292141338455, 0.11373284017706947]
Timestep: 47 State: 2 Beliefs: [0.09725782081267008, 0.06301518564161587, 0.3127567623089675, 0.12603037128323175, 0.08222361239695473, 0.06477445467243649, 0.14051445872921509, 0.11342733415490858]
Timestep: 48 State: 2 Beliefs: [0.09203831040218764, 0.06252954089483738, 0.3250051704089195, 0.12505908178967476, 0.08084838331205797, 0.06253479615342591, 0.1394315434281896, 0.11255317361070728]
Timestep: 49 State: 0 Beliefs: [0.08822170037060023, 0.06239049000355459, 0.3323223738321462, 0.12478098000710917, 0.07991808310093196, 0.060942009984766225, 0.13912148069449334, 0.11230288200639826]
Timestep: 50 State: 0 Beliefs: [0.130411471539457, 0.0756399758123667, 0.22041165320016498, 0.09454996976545837, 0.12825506079369836, 0.09671702474284692, 0.14055488042745753, 0.11345996371855005]
Timestep: 51 State: 5 Beliefs: [0.10319830727730936, 0.12987360044104213, 0.17221760399999694, 0.16234200055130266, 0.07833365959948564, 0.12534435778902822, 0.08258266984566266, 0.14610780049617236]
Timestep: 52 State: 2 Beliefs: [0.08317797565520249, 0.11530607708502563, 0.13594391832485878, 0.14413259635628203, 0.0897257899457701, 0.16099502686801803, 0.09775950013730435, 0.17295911562753843]
Timestep: 53 State: 0 Beliefs: [0.08020426660056694, 0.11544129044674561, 0.14187750083242814, 0.14430161305843203, 0.08933735144282816, 0.157801904396205, 0.09787413755267564, 0.17316193567011842]
Timestep: 54 State: 0 Beliefs: [0.09815253933267686, 0.13267473492764928, 0.15771295587177572, 0.16584341865956162, 0.0768046382525534, 0.13518881014840078, 0.084363826013777, 0.14925907679360545]
Timestep: 55 State: 2 Beliefs: [0.09180800291043022, 0.11556959163146054, 0.13310406487503776, 0.14446198953932565, 0.08794124167221466, 0.1557778072802762, 0.09798291464406438, 0.17335438744719078]
Timestep: 56 State: 2 Beliefs: [0.10866071260656003, 0.06581174952582672, 0.28011254098156635, 0.13162349905165344, 0.08281654915814858, 0.06576342073634625, 0.14675037879341057, 0.11846114914648807]
Timestep: 57 State: 0 Beliefs: [0.11494486815542236, 0.0638291272214048, 0.2956435552205256, 0.1276582544428096, 0.07792384255697944, 0.06277849643600303, 0.1423294269683265, 0.11489242899852863]
Timestep: 58 State: 0 Beliefs: [0.1520121105042553, 0.07538202615380181, 0.20412847010950275, 0.09422753269225227, 0.12237565183264844, 0.09872561341492146, 0.14007555606191532, 0.11307303923070272]
Timestep: 59 State: 0 Beliefs: [0.14973145650208894, 0.07447185393518686, 0.20899332717998342, 0.09308981741898356, 0.12521265426867326, 0.09840884389781462, 0.13838426589448902, 0.11170778090278027]
Timestep: 60 State: 2 Beliefs: [0.10733998305704513, 0.11273321191558551, 0.1415238714548868, 0.1409165148944819, 0.08609766090941988, 0.14671078196677137, 0.0955781579284312, 0.16909981787337824]
Timestep: 61 State: 2 Beliefs: [0.11315115663655365, 0.06554988035430444, 0.28116367895684224, 0.13109976070860888, 0.08136610564863979, 0.06351318343143621, 0.1461664496258669, 0.11798978463774797]
Timestep: 62 State: 2 Beliefs: [0.11776026472115869, 0.06385691633281736, 0.2961822490341973, 0.1277138326656347, 0.07678492382327437, 0.06036797148469829, 0.14239139253914795, 0.11494244939907125]
Timestep: 63 State: 2 Beliefs: [0.11000025781193061, 0.06305805298587051, 0.3116359061055787, 0.12611610597174103, 0.07557866351713675, 0.05949647172438365, 0.14061004650879183, 0.11350449537456692]
Timestep: 64 State: 2 Beliefs: [0.10322844223749743, 0.06269579840216932, 0.32204549360295076, 0.12539159680433865, 0.07501271516720999, 0.05897124380694258, 0.13980227285498653, 0.11285243712390478]
Timestep: 65 State: 2 Beliefs: [0.09825080849576656, 0.06262040342198774, 0.3279650288935053, 0.12524080684397548, 0.07482347833708754, 0.05874859454593577, 0.1396341533021637, 0.11271672615957794]
Timestep: 66 State: 0 Beliefs: [0.11415046802782379, 0.07540970465095916, 0.24874614178357232, 0.09426213081369894, 0.12003527301445224, 0.09415473623985461, 0.14012698849320024, 0.11311455697643873]
Timestep: 67 State: 2 Beliefs: [0.13490618035041163, 0.07524889881736378, 0.22346131718449044, 0.09406112352170472, 0.12427554135877687, 0.09534541288804578, 0.13982817765316105, 0.11287334822604567]
Timestep: 68 State: 2 Beliefs: [0.10927329578635116, 0.06305294684178699, 0.30951113864824636, 0.12610589368357397, 0.0782104982139584, 0.05975226194126991, 0.14059866056959663, 0.11349530431521658]
Timestep: 69 State: 2 Beliefs: [0.10548629745530576, 0.06299914670916701, 0.3176121545781793, 0.12599829341833402, 0.07526637746894056, 0.05876057198984815, 0.14047869430372462, 0.1133984640765006]
Timestep: 70 State: 0 Beliefs: [0.09908980625577402, 0.06258870661818516, 0.327974829128817, 0.12517741323637033, 0.07462574862356479, 0.0583203500640054, 0.13956347416055018, 0.1126596719127333]
Timestep: 71 State: 4 Beliefs: [0.1412137347237145, 0.07572511485022412, 0.21985304627785093, 0.09465639356278016, 0.12027564705355706, 0.09397530470649357, 0.14071308655004333, 0.11358767227533619]
Timestep: 72 State: 0 Beliefs: [0.08956279863502067, 0.11351377792216885, 0.15140347461729753, 0.14189222240271107, 0.09447299621823683, 0.14264412116990777, 0.09623994215140402, 0.17027066688325326]
Timestep: 73 State: 2 Beliefs: [0.08730156229569733, 0.11610534238552676, 0.13939908626732012, 0.14513167798190849, 0.09196744639839917, 0.1474997329833897, 0.09843713810946834, 0.17415801357829014]
Timestep: 74 State: 2 Beliefs: [0.10612846811128086, 0.06596934929779308, 0.2827980797370446, 0.13193869859558616, 0.08448667605911417, 0.06283209670061199, 0.1471018027625416, 0.11874482873602756]
Timestep: 75 State: 2 Beliefs: [0.10862006420789852, 0.0637566971688093, 0.30402213471544925, 0.1275133943376186, 0.08005331747977737, 0.059104418425095985, 0.14216791876149415, 0.11476205490385673]
Timestep: 76 State: 2 Beliefs: [0.10206001461834444, 0.062951366246569, 0.31812753942199884, 0.125902732493138, 0.078978316110985, 0.05829542086159724, 0.1403721510035434, 0.11331245924382417]
Timestep: 77 State: 2 Beliefs: [0.09708603182666174, 0.06271204399856753, 0.3257115968334077, 0.12542408799713506, 0.07831690929643353, 0.0580291527401344, 0.13983849811023863, 0.11288167919742156]
Timestep: 78 State: 0 Beliefs: [0.09367419770652426, 0.06272367712335872, 0.3293221515077914, 0.12544735424671744, 0.07805543847151238, 0.05801012387981432, 0.13986443824223568, 0.11290261882204568]
Timestep: 79 State: 4 Beliefs: [0.13797199321685838, 0.07602214338852369, 0.21612618806000425, 0.09502767923565461, 0.12583791446391843, 0.09371583891238668, 0.14126502763986865, 0.11403321508278552]
Timestep: 80 State: 2 Beliefs: [0.09054500801840451, 0.11377766027841658, 0.146671499349859, 0.14222207534802075, 0.09752836005332527, 0.14212523803743063, 0.09646366849691841, 0.17066649041762488]
Timestep: 81 State: 2 Beliefs: [0.10202219958338488, 0.06576972641713177, 0.2853899777048745, 0.13153945283426355, 0.08779455047985135, 0.062441911896530054, 0.14665667353312667, 0.11838550755083718]
Timestep: 82 State: 2 Beliefs: [0.10351721982072626, 0.06380161199504776, 0.3050308303031036, 0.12760322399009552, 0.08393545314543589, 0.0590006870342044, 0.14226807212030054, 0.11484290159108598]
Timestep: 83 State: 2 Beliefs: [0.09763629742330107, 0.06305439377375335, 0.31787681980660687, 0.1261087875475067, 0.08297478107973623, 0.05824912456441798, 0.14060188701192164, 0.11349790879275602]
Timestep: 84 State: 2 Beliefs: [0.09325832593318914, 0.06282454264462671, 0.3249982735382025, 0.12564908528925342, 0.08209185325751876, 0.05800438927677347, 0.1400893533001079, 0.11308417676032807]
Timestep: 85 State: 5 Beliefs: [0.10826342692517386, 0.07532835417426138, 0.2460545321796445, 0.09416044271782673, 0.1305255411522384, 0.09269934928057443, 0.13997582230888866, 0.11299253126139207]
Timestep: 86 State: 2 Beliefs: [0.07411967001773105, 0.11193508159403977, 0.1500720749606306, 0.13991885199254972, 0.09215838453036858, 0.16899183229258702, 0.09490148222103373, 0.16790262239105966]
Timestep: 87 State: 4 Beliefs: [0.07938537350619607, 0.05752225096624546, 0.2584389701958492, 0.11504450193249093, 0.09951393815322289, 0.08102018393482588, 0.17102137899218056, 0.13805340231898913]
Timestep: 88 State: 2 Beliefs: [0.10657116370321836, 0.0762927994522953, 0.20151046318465185, 0.09536599931536914, 0.15535067254014992, 0.10870173946451749, 0.1417679631613547, 0.11443919917844296]
Timestep: 89 State: 2 Beliefs: [0.0898320445365917, 0.06357766432635104, 0.29938834593248376, 0.12715532865270207, 0.09732575718011208, 0.06651236134019564, 0.141768702244132, 0.11443979578743184]
Timestep: 90 State: 0 Beliefs: [0.08670779339532782, 0.0633227375946598, 0.3057489391213057, 0.1266454751893196, 0.09566980155942677, 0.06672407178834618, 0.14120025368122646, 0.11398092767038764]
Timestep: 91 State: 2 Beliefs: [0.12530583135020193, 0.0747255855860223, 0.20995674562974787, 0.09340698198252786, 0.14421025532170895, 0.10145046943046247, 0.13885575232029518, 0.11208837837903345]
Timestep: 92 State: 2 Beliefs: [0.10058701685082337, 0.062476936714744385, 0.3090078951744915, 0.12495387342948877, 0.08898679713757573, 0.062214750648383964, 0.1393142439579524, 0.1124584860865399]
Timestep: 93 State: 2 Beliefs: [0.09936057801123287, 0.06225313750790205, 0.3144861892801223, 0.1245062750158041, 0.08653802909828635, 0.06198493844286801, 0.1388152051295607, 0.11205564751422369]
Timestep: 94 State: 4 Beliefs: [0.0831421561504292, 0.054594119475819845, 0.2903081871117375, 0.10918823895163969, 0.09848989522854977, 0.07093586559980684, 0.16231565074004944, 0.13102588674196763]
Timestep: 95 State: 2 Beliefs: [0.07492133958833669, 0.11320167428637005, 0.1523287933292786, 0.14150209285796259, 0.10832303302601558, 0.1439452229353416, 0.09597533254713984, 0.16980251142955508]
Timestep: 96 State: 2 Beliefs: [0.08887433205592146, 0.0648934325829063, 0.3011443911760953, 0.1297868651658126, 0.09203405291728671, 0.061756078379817926, 0.14470266907292834, 0.1168081786492313]
Timestep: 97 State: 0 Beliefs: [0.08772257043847807, 0.06273876479886668, 0.3185252044559027, 0.12547752959773337, 0.09351658231821422, 0.059191490246118424, 0.1398980815067266, 0.11292977663796004]
Timestep: 98 State: 2 Beliefs: [0.1008843991780595, 0.12962943217124334, 0.1737883658151663, 0.16203679021405418, 0.08410654699685012, 0.12129394375787203, 0.08242741067410582, 0.14583311119264875]
Timestep: 99 State: 2 Beliefs: [0.08609085764258821, 0.05711526877288015, 0.2627141500408937, 0.1142305375457603, 0.10145493714102824, 0.07150623753988145, 0.16981136626205562, 0.13707664505491235]
Timestep: 100 State: 2 Beliefs: [0.09756430131541374, 0.06321883454525339, 0.31553181467771463, 0.12643766909050677, 0.08371475226445221, 0.058770160536235155, 0.140968565388968, 0.11379390218145609]
Timestep: 101 State: 2 Beliefs: [0.09304405844206395, 0.06193597915246375, 0.33307244541082126, 0.1238719583049275, 0.08116616972867234, 0.057316637152615244, 0.13810798933400126, 0.11148476247443474]
Timestep: 102 State: 4 Beliefs: [0.08873751475394151, 0.06168799116447147, 0.34191190102623753, 0.12337598232894294, 0.07882227041432988, 0.05687094308211713, 0.137555013133911, 0.11103838409604865]
Timestep: 103 State: 2 Beliefs: [0.07186533598104, 0.11359103378465556, 0.1575270458934602, 0.14198879223081945, 0.10912078540421422, 0.13921501434183675, 0.09630544168699058, 0.1703865506769833]
Timestep: 104 State: 2 Beliefs: [0.08627859447799427, 0.06507884954903839, 0.3054245245952846, 0.13015769909807678, 0.0900399158798413, 0.0607623659782668, 0.1451161212332289, 0.11714192918826911]
Timestep: 105 State: 2 Beliefs: [0.08454030936535684, 0.0629607980903238, 0.3242247445308699, 0.1259215961806476, 0.09081498627215794, 0.057814946390682465, 0.14039318260737874, 0.11332943656258285]
Timestep: 106 State: 2 Beliefs: [0.08249748309262424, 0.062208151022771115, 0.3376392255581039, 0.12441630204554223, 0.08551621938563876, 0.057033055072212346, 0.13871489198211945, 0.11197467184098801]
Timestep: 107 State: 4 Beliefs: [0.08127726256946485, 0.062046575472412525, 0.34406131094811565, 0.12409315094482505, 0.08165728592856066, 0.05682597566570502, 0.13835460262057359, 0.11168383585034254]
Timestep: 108 State: 2 Beliefs: [0.09764150459433547, 0.07523228280898743, 0.22757354925732037, 0.09404035351123428, 0.161062062466136, 0.09180452151090913, 0.13979730163759604, 0.11284842421348112]
Timestep: 109 State: 0 Beliefs: [0.08170290667609795, 0.0628203722804235, 0.324849253429048, 0.125640744560847, 0.09384110765706348, 0.057988891281380586, 0.14008005401037715, 0.11307667010476231]
Timestep: 110 State: 0 Beliefs: [0.14031318275798563, 0.0861091318809462, 0.24371394538413024, 0.10763641485118274, 0.126541003531146, 0.07880697823774849, 0.12000656999079629, 0.09687277336606447]
Timestep: 111 State: 5 Beliefs: [0.12711679506979814, 0.07480022107225542, 0.21991848097004124, 0.09350027634031928, 0.14170560472402127, 0.09176384956599024, 0.13899444064919106, 0.11220033160838312]
Timestep: 112 State: 2 Beliefs: [0.08339192512219841, 0.11288181124998178, 0.1494397561043341, 0.14110226406247722, 0.09494916544970926, 0.1532082168156897, 0.09570414432063673, 0.16932271687497266]
Timestep: 113 State: 2 Beliefs: [0.09779938914642773, 0.06582155674308046, 0.28914930378274206, 0.13164311348616092, 0.08562735366349712, 0.06470823361642417, 0.14677224742412273, 0.11847880213754483]
Timestep: 114 State: 4 Beliefs: [0.10107145167479592, 0.06390553022647334, 0.30040992056586063, 0.12781106045294668, 0.0864071338865351, 0.06286515451954047, 0.14249979426619577, 0.11502995440765203]
Timestep: 115 State: 2 Beliefs: [0.11439814933052063, 0.0750308210008688, 0.20752551585003137, 0.09378852625108598, 0.1586147008744466, 0.09867311169012925, 0.13942294350161438, 0.11254623150130318]
Timestep: 116 State: 2 Beliefs: [0.09384010645122795, 0.06327019923252741, 0.3049428813116088, 0.12654039846505483, 0.09304351739430879, 0.06339343755150499, 0.14108310097521784, 0.11388635861854934]
Timestep: 117 State: 2 Beliefs: [0.1095681483849183, 0.0747161336016325, 0.22683758156749623, 0.09339516700204062, 0.14684243843867933, 0.09772814204452694, 0.1388381885582574, 0.11207420040244874]
Timestep: 118 State: 2 Beliefs: [0.08853113397743033, 0.06224692453991807, 0.3282781990927383, 0.12449384907983614, 0.08347166156724295, 0.06213241643271662, 0.13880135113826506, 0.11204446417185253]
Timestep: 119 State: 2 Beliefs: [0.05337834947753544, 0.0839607481477224, 0.20273838317004741, 0.1679214962954448, 0.06729369484296958, 0.10930695241570565, 0.11389458009604085, 0.2015057955545338]
Timestep: 120 State: 2 Beliefs: [0.07642965625290041, 0.05806952924810796, 0.2693907188225335, 0.11613905849621592, 0.09411097371325126, 0.07384468243238104, 0.17264851083915084, 0.13936687019545912]
Timestep: 121 State: 2 Beliefs: [0.08550621089327234, 0.06399574603077604, 0.3253247974148556, 0.12799149206155208, 0.07739895433713037, 0.06188949436227144, 0.14270096204474536, 0.11519234285539688]
Timestep: 122 State: 2 Beliefs: [0.08450414868694238, 0.06318717967245266, 0.3341601123143826, 0.12637435934490532, 0.07567364559029145, 0.06146565123338051, 0.14089797974723023, 0.11373692341041479]
Timestep: 123 State: 1 Beliefs: [0.08398465610470703, 0.06314019393784813, 0.3360875921091366, 0.12628038787569626, 0.07469636480883762, 0.06136524750378938, 0.14079320857185837, 0.11365234908812663]
Timestep: 124 State: 0 Beliefs: [0.06859761232593234, 0.14694240025077462, 0.14845183002127815, 0.1417923193430023, 0.0809770986187738, 0.1469157744133824, 0.09617218181525373, 0.17015078321160274]
Timestep: 125 State: 0 Beliefs: [0.07867236615358827, 0.1301747340926467, 0.14449708554805368, 0.14412420946214913, 0.08253509021585892, 0.14929365153792779, 0.0977538116351968, 0.17294905135457894]
Timestep: 126 State: 2 Beliefs: [0.12002043725207782, 0.08741232343565428, 0.21315624654931056, 0.09703911260624201, 0.1216130300001482, 0.10005675658755885, 0.14425515844151798, 0.11644693512749042]
Timestep: 127 State: 2 Beliefs: [0.09656526916941569, 0.07547157285790014, 0.31004222429545253, 0.12675184772016845, 0.07440104222473498, 0.06137252966930231, 0.14131885111487438, 0.11407666294815161]
Timestep: 128 State: 2 Beliefs: [0.09298981181840225, 0.07574459318284062, 0.31724820016169647, 0.1262617451763648, 0.07323245990724854, 0.06011519574136901, 0.14077242335335, 0.1136355706587283]
Timestep: 129 State: 0 Beliefs: [0.09188082162169131, 0.07122161877546529, 0.327502581152043, 0.1252161066307097, 0.07236890817406288, 0.05950885327071727, 0.13960661440767186, 0.11269449596763874]
Timestep: 130 State: 2 Beliefs: [0.13710582203422936, 0.08251122731004179, 0.21989596701315425, 0.09451949706814577, 0.11626580276572997, 0.09576870661069523, 0.14050958071622863, 0.11342339648177492]
Timestep: 131 State: 2 Beliefs: [0.10813964317272705, 0.0662853553505925, 0.3166474679933285, 0.12485029964493106, 0.07259735053761879, 0.0599158467028067, 0.13919876691755745, 0.11236526968043796]
Timestep: 132 State: 2 Beliefs: [0.10523508968081377, 0.06624225454608146, 0.32341053927902585, 0.1243430781945509, 0.07148212990990423, 0.05874488516179733, 0.1386332528527306, 0.11190877037509579]
Timestep: 133 State: 4 Beliefs: [0.09954260476960981, 0.06454736196283496, 0.3346135103474062, 0.12344702877084444, 0.07086151645460011, 0.05825142718628665, 0.13763422461465788, 0.11110232589376]
Timestep: 134 State: 2 Beliefs: [0.11523882526689874, 0.07684218274311296, 0.22461083005616797, 0.09319278750457276, 0.14614029694594802, 0.09360639463519382, 0.1385373378426186, 0.1118313450054873]
Timestep: 135 State: 2 Beliefs: [0.09583864347554549, 0.06348105205459458, 0.3209328367980106, 0.12438648646770901, 0.08550602545277093, 0.05922546809255257, 0.13868164983787856, 0.11194783782093813]
Timestep: 136 State: 2 Beliefs: [0.0933753753825554, 0.06338987076161375, 0.32547605093019455, 0.12406223570587811, 0.08536412558320404, 0.05835619506500875, 0.13832013443625513, 0.1116560121352903]
Timestep: 137 State: 2 Beliefs: [0.0909884429534192, 0.06255384292024503, 0.33662159916341355, 0.12322682872922551, 0.08041370541763389, 0.05790271695866819, 0.13738871800109173, 0.11090414585630295]
Timestep: 138 State: 2 Beliefs: [0.08939075713295594, 0.06215332628798318, 0.342739627285049, 0.12304346787065108, 0.07699360472104866, 0.057755811291298996, 0.13718428432742738, 0.11073912108358597]
Timestep: 139 State: 2 Beliefs: [0.08848139308197175, 0.06203994918345643, 0.3453188713496951, 0.12326896282270797, 0.07469576600487725, 0.05781729664586508, 0.13743569437098932, 0.11094206654043716]
Timestep: 140 State: 4 Beliefs: [0.0880090397913111, 0.06205394388521248, 0.3460876460066906, 0.1236011336508142, 0.0732553132058774, 0.05794586311890136, 0.13780604005546, 0.11124102028573278]
Timestep: 141 State: 2 Beliefs: [0.07352805514337857, 0.11402401450388769, 0.15657077290577137, 0.142171806717904, 0.10451617698301627, 0.14215343243241385, 0.0964295732521436, 0.17060616806148482]
Timestep: 142 State: 2 Beliefs: [0.09449354620173743, 0.06475166460718508, 0.30436005578150177, 0.12935866255767933, 0.08534393885792392, 0.06104408057178287, 0.14422525512027828, 0.1164227963019114]
Timestep: 143 State: 2 Beliefs: [0.08932955329674591, 0.06293517131879492, 0.32339978722781143, 0.12567141165223714, 0.08637877237919067, 0.05906678810951821, 0.14011424552868826, 0.11310427048701342]
Timestep: 144 State: 4 Beliefs: [0.08775373666223651, 0.0621564795522455, 0.33628047761149354, 0.12417229687302318, 0.08119076439426304, 0.05824833329691558, 0.13844284442410196, 0.11175506718572087]
Timestep: 145 State: 2 Beliefs: [0.07286627770793525, 0.11342168384726926, 0.15535658582509634, 0.14166995191044052, 0.10891964710239344, 0.1416727265402988, 0.09608918477403793, 0.1700039422925286]
Timestep: 146 State: 0 Beliefs: [0.09397131265338653, 0.06458054076595367, 0.303868760042717, 0.12911690805326703, 0.08738199491425143, 0.060919549433244506, 0.14395571688923953, 0.11620521724794033]
Timestep: 147 State: 2 Beliefs: [0.09037005340562032, 0.11392022333475398, 0.14498477935053328, 0.14233215833630067, 0.09835689994021765, 0.14269896214873973, 0.0965383334802735, 0.1707985900035608]
Timestep: 148 State: 2 Beliefs: [0.10334256360309442, 0.06466702029558603, 0.29832472857779657, 0.1293050558824388, 0.08300563245150462, 0.0608149612175012, 0.14416548767788323, 0.11637455029419491]
Timestep: 149 State: 2 Beliefs: [0.10281014906724079, 0.06269237821319773, 0.3136090766299716, 0.12533942102199755, 0.08453617240024115, 0.058463222996162155, 0.1397441007513913, 0.11280547891979781]
Timestep: 150 State: 0 Beliefs: [0.09252428481191521, 0.1283745012093377, 0.19694740429120167, 0.1604238726054439, 0.07605107403788758, 0.11969045120002338, 0.08160692649929105, 0.1443814853448995]
Timestep: 151 State: 0 Beliefs: [0.09145987508914545, 0.11462659705432683, 0.15336742618036128, 0.14326678986576544, 0.08480491119568576, 0.14338199530162538, 0.09717225747417134, 0.1719201478389185]
Timestep: 152 State: 2 Beliefs: [0.09152052280468921, 0.11541317927883869, 0.1497401480164136, 0.14425368487398335, 0.08440677893846135, 0.1437196344982189, 0.0978416297406148, 0.17310442184878]
Timestep: 153 State: 2 Beliefs: [0.10946526869920961, 0.06457354656966666, 0.29914299327998306, 0.12913592492203174, 0.07743102859413953, 0.06005198622639796, 0.14397691927874282, 0.11622233242982856]
Timestep: 154 State: 2 Beliefs: [0.10953237400903629, 0.06249848771492153, 0.31818770534969865, 0.12498107860410648, 0.07543855991891829, 0.05753424796220871, 0.1393445756974142, 0.11248297074369583]
Timestep: 155 State: 4 Beliefs: [0.10299877230929852, 0.06178510827201435, 0.3325036977386521, 0.12355871016857951, 0.07333077283597941, 0.05686135848505482, 0.1377587410386998, 0.11120283915172156]
Timestep: 156 State: 2 Beliefs: [0.08202739575524257, 0.11331185136993346, 0.1555280711497032, 0.14163079127761533, 0.10256701618907595, 0.1389153010761259, 0.0960626236491652, 0.1699569495331384]
Timestep: 157 State: 2 Beliefs: [0.09942639044357139, 0.06449649929334549, 0.30283930200142, 0.12898924878096996, 0.08447067785838866, 0.05987417139199179, 0.14381338632743962, 0.11609032390287294]
Timestep: 158 State: 2 Beliefs: [0.09593464850524032, 0.06256801674638662, 0.32103169258401554, 0.1251307272808367, 0.08567546638794293, 0.057530371138668046, 0.1395114228041567, 0.11261765455275302]
Timestep: 159 State: 2 Beliefs: [0.09274792683293083, 0.06184317160929122, 0.3349837083355081, 0.12368250986006672, 0.08070804657338058, 0.056823609458837285, 0.13789676845592513, 0.11131425887406006]
Timestep: 160 State: 2 Beliefs: [0.10947723383337883, 0.07443956450786435, 0.25789366374887934, 0.09304749203286457, 0.12401526539871909, 0.0911484436735829, 0.1383213463652733, 0.11165699043943747]
Timestep: 161 State: 0 Beliefs: [0.09074304672742502, 0.06133043211483372, 0.3479313114884929, 0.1226595986972945, 0.07344309898355965, 0.05674257431474128, 0.13675629884608803, 0.11039363882756505]
Timestep: 162 State: 2 Beliefs: [0.13698094324285157, 0.07548873538073989, 0.22856502156561848, 0.09436010972161024, 0.11870238888057213, 0.09239802882219217, 0.1402726407204833, 0.1132321316659323]
Timestep: 163 State: 2 Beliefs: [0.1062230262697054, 0.062426610340647004, 0.32418725041208185, 0.12485251350037624, 0.07309152555485629, 0.057650576570828914, 0.13920123520116573, 0.11236726215033861]
Timestep: 164 State: 2 Beliefs: [0.1037970881787494, 0.06226059280552084, 0.32906700496087365, 0.12452046562330905, 0.07241267463155966, 0.05704272814108102, 0.13883102659792815, 0.11206841906097816]
Timestep: 165 State: 4 Beliefs: [0.09773335142490468, 0.06184411353859282, 0.3395815796265358, 0.12368773731622651, 0.07128663725806952, 0.05664502057163227, 0.13790259667943464, 0.11131896358460386]
Timestep: 166 State: 5 Beliefs: [0.07851999646373334, 0.11373859197167951, 0.15772797614450068, 0.14217286626952946, 0.10198230642820694, 0.13882053129436436, 0.09643029190455044, 0.17060743952343538]
Timestep: 167 State: 4 Beliefs: [0.07845422389377155, 0.11495055144358596, 0.14778212938099392, 0.14368801776061998, 0.09103773774913881, 0.15420375858672533, 0.09745795987242051, 0.17242562131274397]
Timestep: 168 State: 2 Beliefs: [0.11524663736294653, 0.07719151788450933, 0.2026682436104591, 0.09648928975114165, 0.14716003131532868, 0.10201932253523426, 0.14343780983901055, 0.11578714770136998]
Timestep: 169 State: 2 Beliefs: [0.08839757937185563, 0.12941179897626967, 0.17771517884735458, 0.16176449404456628, 0.08492068981832816, 0.12991331950493215, 0.08228889479658373, 0.14558804464010966]
Timestep: 170 State: 2 Beliefs: [0.11543735599115668, 0.07619450966345861, 0.21785165726050376, 0.09524304243450482, 0.14117680908201552, 0.09821979514730271, 0.14158517949965196, 0.11429165092140578]
Timestep: 171 State: 2 Beliefs: [0.09099799905595603, 0.06218573429536923, 0.326274064477015, 0.12437136255824345, 0.08334713946516036, 0.062224686038362155, 0.13866478780747443, 0.11193422630241913]
Timestep: 172 State: 2 Beliefs: [0.08857084703802592, 0.06217534159282777, 0.33406981593594787, 0.12435058061133372, 0.08052011969892546, 0.05975615508517733, 0.13864161748756162, 0.11191552255020035]
Timestep: 173 State: 2 Beliefs: [0.08770044105338812, 0.0622656359440388, 0.3368306482796929, 0.1245312057768297, 0.07805063537548122, 0.05970034730382298, 0.13884300106759967, 0.11207808519914673]
Timestep: 174 State: 2 Beliefs: [0.08725526156679826, 0.062407638027329744, 0.33772225802753186, 0.12481523474907379, 0.07657622242936422, 0.05973000175027586, 0.13915967217545985, 0.11233371127416641]
Timestep: 175 State: 2 Beliefs: [0.0870333459785924, 0.06253803869614333, 0.33786048569563054, 0.12507605195124422, 0.075683039228569, 0.05979012780179132, 0.13945046389190957, 0.1125684467561198]
Timestep: 176 State: 2 Beliefs: [0.08692336198801637, 0.06263664184123643, 0.3377560140493002, 0.12527326812308892, 0.07514945231148774, 0.059844975170198544, 0.1396703452058917, 0.11274594131078003]
Timestep: 177 State: 4 Beliefs: [0.08686766788361285, 0.06270446439186539, 0.3376124086007912, 0.1254089193005291, 0.07483082269771672, 0.05988610360949326, 0.1398215861455153, 0.1128680273704762]
Timestep: 178 State: 2 Beliefs: [0.10488778514685046, 0.07579107951080495, 0.219518598388281, 0.09473884503257612, 0.15405157765659094, 0.09648984402812484, 0.14083565619768035, 0.11368661403909135]
Timestep: 179 State: 2 Beliefs: [0.08952360410040196, 0.06327171095208231, 0.3121798934917084, 0.1265434180796863, 0.09171123346200172, 0.06179459602221418, 0.14108646762018756, 0.11388907627171768]
Timestep: 180 State: 2 Beliefs: [0.08742061659632752, 0.0630321290860563, 0.3205968019223178, 0.12606425429997842, 0.08912721556464553, 0.05974891789638943, 0.14055223576430428, 0.11345782886998057]
Timestep: 181 State: 2 Beliefs: [0.10370925074824724, 0.0748851917870048, 0.24789546333883797, 0.09360648775099778, 0.1339037371467159, 0.0945197528822322, 0.13915233104476685, 0.11232778530119732]
Timestep: 182 State: 2 Beliefs: [0.08743116604392434, 0.06187355153097958, 0.3370692294008594, 0.12374710175178195, 0.08058295845430012, 0.05995481764665344, 0.1379687835948972, 0.11137239157660378]
Timestep: 183 State: 2 Beliefs: [0.08603645500207763, 0.06223308721753221, 0.33996860620952324, 0.12446617332510254, 0.07780494006829382, 0.058700687447786205, 0.1387704947370919, 0.11201955599259229]
Timestep: 184 State: 2 Beliefs: [0.08615759216369683, 0.06237158433042247, 0.34032622086859193, 0.12474316797047759, 0.07631089057194787, 0.058742369825990515, 0.1390793230954429, 0.11226885117342983]
Timestep: 185 State: 2 Beliefs: [0.08628104429316882, 0.06246613621385229, 0.34037295198400225, 0.12493227200440737, 0.0754273717471639, 0.05879101897240546, 0.13929015998103328, 0.11243904480396663]
Timestep: 186 State: 2 Beliefs: [0.08637304520048399, 0.06253453647270674, 0.3402921985448106, 0.12506907268705594, 0.07489477737635546, 0.05883152176705651, 0.13944268253318026, 0.11256216541835036]
Timestep: 187 State: 0 Beliefs: [0.08643764572792968, 0.0625816233127268, 0.3401863106580854, 0.1251632464681435, 0.0745751544089297, 0.058861418331657055, 0.1395476792711988, 0.11264692182132917]
Timestep: 188 State: 2 Beliefs: [0.09201062329727862, 0.11480101069399827, 0.15323889699677648, 0.1435012632578683, 0.08296773940972263, 0.1439476588339248, 0.09733129160098895, 0.17220151590944197]
Timestep: 189 State: 4 Beliefs: [0.1044757954345887, 0.0655648548867689, 0.2888745886556368, 0.13112970972916085, 0.08355164528617821, 0.0621868267026409, 0.14619984054878082, 0.11801673875624477]
Timestep: 190 State: 2 Beliefs: [0.08365710925088318, 0.11444349727745144, 0.14408094621844827, 0.14305437152998668, 0.1021858951733355, 0.14388475228487652, 0.09702818242903444, 0.171665245835984]
Timestep: 191 State: 0 Beliefs: [0.10077645575651781, 0.0655940835563644, 0.2838000412659212, 0.1311881670826196, 0.09254226042206809, 0.0617646254067531, 0.14626501613539827, 0.11806935037435766]
Timestep: 192 State: 2 Beliefs: [0.09592208537293766, 0.11411973583636256, 0.1401077945103395, 0.14264966974476848, 0.09720649474489085, 0.14206092705270085, 0.09675368904427775, 0.17117960369372215]
Timestep: 193 State: 5 Beliefs: [0.10743704926896357, 0.06546624351170517, 0.2808895473980544, 0.13093248700089055, 0.08996279878990629, 0.06149268380480494, 0.1459799519248735, 0.11783923830080151]
Timestep: 194 State: 0 Beliefs: [0.08716903871169249, 0.11221816880871925, 0.1344566234107814, 0.14027271097427044, 0.09164367881851351, 0.1707710351852193, 0.09514149092167908, 0.16832725316912447]
Timestep: 195 State: 0 Beliefs: [0.0913937635909789, 0.11434796441801731, 0.13296014553183436, 0.14293495550492724, 0.09208061183334705, 0.15781342530294487, 0.0969471872120376, 0.17152194660591266]
Timestep: 196 State: 2 Beliefs: [0.10995605242887295, 0.13195325121854218, 0.14568156113168015, 0.16494156400318036, 0.07896236865999132, 0.1361527384836877, 0.08390505647118306, 0.1484474076028623]
Timestep: 197 State: 2 Beliefs: [0.12058141654663519, 0.06601178156382488, 0.26096658334303585, 0.13202356311005506, 0.085962331930951, 0.06843669634344675, 0.14719642036300168, 0.11882120679904956]
Timestep: 198 State: 0 Beliefs: [0.11258479855667879, 0.06377443956296783, 0.2879341979461972, 0.12754887910128793, 0.08207962246285543, 0.06907658955398492, 0.1422074816248688, 0.11479399119115914]
Timestep: 199 State: 2 Beliefs: [0.1494744069422675, 0.07438296857441559, 0.2022016137162699, 0.09297871070265987, 0.12606080402777364, 0.10510794489513932, 0.13821909829828244, 0.11157445284319184]
Timestep: 200 State: 0 Beliefs: [0.11899883429370323, 0.0624954809828839, 0.29758113611979314, 0.12499096195118836, 0.07944013929445083, 0.06464598671006364, 0.13935559489184732, 0.11249186575606952]
Timestep: 201 State: 2 Beliefs: [0.16021686983834865, 0.07426099134553008, 0.19826730056538405, 0.09282623917007703, 0.12324131726655328, 0.10180335568554184, 0.1379924391244727, 0.11139148700409243]
Timestep: 202 State: 2 Beliefs: [0.12363383870462379, 0.06263528478961751, 0.29470865425042325, 0.12527056956858484, 0.07823242872126818, 0.06310837483475171, 0.13966733651900431, 0.11274351261172637]
Timestep: 203 State: 2 Beliefs: [0.12048335294305444, 0.0628517647711846, 0.2984780257142763, 0.12570352953129194, 0.07662605385164804, 0.06257404204340422, 0.14015005456697768, 0.11313317657816274]
Timestep: 204 State: 4 Beliefs: [0.1499787208820261, 0.08405111346493142, 0.2659991290676261, 0.10506389182443973, 0.10120295667066492, 0.08200828665300794, 0.11713839879530817, 0.09455750264199575]
Timestep: 205 State: 2 Beliefs: [0.08743881765746048, 0.11157949937619353, 0.15712473870506696, 0.1394743742146762, 0.09894088353691255, 0.14347242711516797, 0.09460001033691083, 0.16736924905761144]
Timestep: 206 State: 4 Beliefs: [0.10992571231762337, 0.06501330644198088, 0.28173588806442273, 0.13002661288100834, 0.08998473072910271, 0.06131982808920317, 0.14496996988375108, 0.11702395159290752]
Timestep: 207 State: 2 Beliefs: [0.08276121756497501, 0.1130984010183193, 0.14210865310653173, 0.14137300126845986, 0.11275964175337105, 0.14236370899280104, 0.09588777477339017, 0.16964760152215183]
Timestep: 208 State: 2 Beliefs: [0.06505070576619257, 0.0864012702954525, 0.16696364973026567, 0.17280254058822628, 0.07676314852373652, 0.10745043494780579, 0.11720520144244914, 0.20736304870587158]
Timestep: 209 State: 2 Beliefs: [0.10352989620278136, 0.0666668367791015, 0.27332429777930334, 0.13333367355647704, 0.09284783512644897, 0.06164005861373249, 0.14865709574132588, 0.12000030620082933]
Timestep: 210 State: 4 Beliefs: [0.0955284114660972, 0.06294600517046785, 0.3154388228585524, 0.1258920103389566, 0.08823087277838303, 0.058300871480690054, 0.14036019660179191, 0.11330280930506095]
Timestep: 211 State: 2 Beliefs: [0.11079633772918526, 0.07439041717446172, 0.21729754403180088, 0.09298802146691952, 0.16316517351710594, 0.09154394094551904, 0.13823293937470424, 0.11158562576030343]
Timestep: 212 State: 2 Beliefs: [0.0955564550792618, 0.06260579165360278, 0.31119250329543363, 0.12521158330612722, 0.09533699084815453, 0.05780467960358161, 0.1396015712383239, 0.1126904249755145]
Timestep: 213 State: 0 Beliefs: [0.09194050656789163, 0.06264724037274769, 0.31647829304606767, 0.1252944807444141, 0.0937374166160128, 0.0574430342872556, 0.1396939956956378, 0.1127650326699727]
Timestep: 214 State: 0 Beliefs: [0.15187670604747017, 0.08519206236154991, 0.24525610681574808, 0.10649007795129982, 0.11869512285069109, 0.07792036392211449, 0.11872848989495666, 0.09584107015616983]
Timestep: 215 State: 2 Beliefs: [0.14311408194407516, 0.07426819561390212, 0.2149700223814709, 0.09283524451694247, 0.13464291214212037, 0.0907614238037331, 0.1380058261774249, 0.11140229342033095]
Timestep: 216 State: 2 Beliefs: [0.11444407572901026, 0.06288111841735265, 0.30113173247195973, 0.12576223683419038, 0.08467721599752975, 0.05770209857061838, 0.14021550882856748, 0.11318601315077134]
Timestep: 217 State: 2 Beliefs: [0.10988423201533189, 0.06266593596243722, 0.3091966325524112, 0.12533187192433673, 0.08320061546974421, 0.05718634327297072, 0.13973568407086495, 0.11279868473190305]
Timestep: 218 State: 0 Beliefs: [0.10420246125780824, 0.0621652914750702, 0.3224735585531941, 0.12433058294975428, 0.0796494595550129, 0.05666179996711824, 0.13861932158726334, 0.11189752465477885]
Timestep: 219 State: 2 Beliefs: [0.10129059185732903, 0.11383022398113812, 0.15103342231554984, 0.14228777997611614, 0.08612704289513891, 0.13817736962828384, 0.09650823337510485, 0.17074533597133934]
Timestep: 220 State: 2 Beliefs: [0.1178727063622325, 0.06522052201667863, 0.2817746364708422, 0.13044104403322881, 0.08220497501519207, 0.05965714678114097, 0.14543202969077898, 0.11739693962990591]
Timestep: 221 State: 0 Beliefs: [0.110405322475576, 0.0629642581758681, 0.3132310563476112, 0.12592851635156815, 0.0764376501991512, 0.05729663365228955, 0.14040089808152448, 0.11333566471641135]
Timestep: 222 State: 2 Beliefs: [0.17043266034177185, 0.08506194814113759, 0.24452701724632983, 0.106327435176314, 0.10206598077010584, 0.07734311132729058, 0.118547155338368, 0.09569469165868258]
Timestep: 223 State: 2 Beliefs: [0.12077473703075026, 0.06221526393324206, 0.3099465335480413, 0.12443052786638428, 0.07517202989566676, 0.05674267993543942, 0.13873075271072993, 0.11198747507974585]
Timestep: 224 State: 2 Beliefs: [0.11338281377217124, 0.06260072492235798, 0.3153245014931136, 0.12520144984462814, 0.07432463328013843, 0.05689429864244444, 0.1395902731849809, 0.11268130486016531]
Timestep: 225 State: 0 Beliefs: [0.1053340589433257, 0.06227347144005254, 0.3268945641115544, 0.12454694288004456, 0.07341614325965364, 0.056582024010055625, 0.13886054676327353, 0.11209224859204009]
Timestep: 226 State: 2 Beliefs: [0.14702739953609129, 0.07538678433919363, 0.22102417282468675, 0.09423348042396094, 0.11785731329354042, 0.09130627530919906, 0.1400843977645748, 0.11308017650875314]
Timestep: 227 State: 4 Beliefs: [0.11503961621149751, 0.0628441454962306, 0.3106195065318628, 0.1256882909924331, 0.07516719887570864, 0.05738871526572315, 0.1401330647333545, 0.11311946189318978]
Timestep: 228 State: 2 Beliefs: [0.09165257307919572, 0.11416527190572481, 0.14347714251029384, 0.1427065898821249, 0.10168112931910596, 0.13827708969886804, 0.0967922957461369, 0.17124790785854987]
Timestep: 229 State: 2 Beliefs: [0.11227972146175925, 0.06569860990900174, 0.2766404616259195, 0.13139721981799052, 0.08928283305844845, 0.059945561956302636, 0.14649809433438643, 0.11825749783619148]
Timestep: 230 State: 0 Beliefs: [0.10477026156920445, 0.06339070600877779, 0.3053751953329581, 0.12678141201753687, 0.08671453276114571, 0.05751280839444434, 0.14135181310014933, 0.1141032708157832]
Timestep: 231 State: 2 Beliefs: [0.14344396077656202, 0.07490779338451113, 0.2134152460301754, 0.09363474173062779, 0.13244896378040247, 0.09059327173782565, 0.13919433248314222, 0.11236169007675335]
Timestep: 232 State: 2 Beliefs: [0.11364065823438883, 0.0627297312615128, 0.30649008591286553, 0.12545946252301515, 0.08175123968178545, 0.05713736804901385, 0.13987793806670495, 0.11291351627071364]
Timestep: 233 State: 5 Beliefs: [0.11070198684209318, 0.06259924253710458, 0.3122780632042304, 0.1251984850741983, 0.08019144615983449, 0.056765171928557394, 0.1395869676872032, 0.1126786365667785]
Timestep: 234 State: 2 Beliefs: [0.08475424609867348, 0.1117374788786341, 0.14675356286693264, 0.13967184859828397, 0.08471742306613866, 0.1700252726893431, 0.09473394948405346, 0.16760621831794073]
Timestep: 235 State: 2 Beliefs: [0.1069934292947543, 0.06460116968341983, 0.2917750800809618, 0.12920233936683595, 0.08121827385544886, 0.06587663586002922, 0.14405096642839768, 0.11628210543015234]
Timestep: 236 State: 1 Beliefs: [0.09930389868784963, 0.06262055024574717, 0.3168467014982783, 0.12524110049148876, 0.07625911279894956, 0.06737716513811969, 0.139634480697227, 0.11271699044233989]
Timestep: 237 State: 2 Beliefs: [0.07794743234660863, 0.13966955693321648, 0.14946982189162522, 0.13837682279644167, 0.08118837954655976, 0.15344021497223173, 0.09385558415758653, 0.16605218735572996]
Timestep: 238 State: 4 Beliefs: [0.10113359748354278, 0.0713142987241434, 0.3040990063980534, 0.12714958083928374, 0.07827346727989382, 0.06183313265861579, 0.14176229386111183, 0.11443462275535536]
Timestep: 239 State: 4 Beliefs: [0.11054520190725217, 0.08857802251170195, 0.2164008651935891, 0.09240705437422898, 0.14454796781529816, 0.09926313017761279, 0.1373692927712419, 0.11088846524907478]
Timestep: 240 State: 2 Beliefs: [0.07641570092608946, 0.12619989478257856, 0.15097907104622454, 0.1381665566544002, 0.10420897208213313, 0.14451696766204847, 0.09371296886124535, 0.1657998679852802]
Timestep: 241 State: 2 Beliefs: [0.0990159613543146, 0.06976960406577819, 0.29562575798585883, 0.12721550935833725, 0.09109072171217025, 0.06095268786121945, 0.14183579923981782, 0.11449395842250354]
Timestep: 242 State: 2 Beliefs: [0.12224728832662284, 0.09617714505124432, 0.2641966865621697, 0.10396126646127023, 0.12207755563006402, 0.08186586435263653, 0.11590905380084905, 0.09356513981514321]
Timestep: 243 State: 0 Beliefs: [0.0892802229259006, 0.06614303865890851, 0.3416521323530347, 0.11946311437334542, 0.08534895441710509, 0.05740327696720373, 0.13319245736849109, 0.10751680293601089]
Timestep: 244 State: 2 Beliefs: [0.14700714257288455, 0.09063765452931624, 0.25896760699588905, 0.10334002126652295, 0.11299982836460967, 0.0788253153606194, 0.11521641177028755, 0.09300601913987067]
Timestep: 245 State: 0 Beliefs: [0.10468078804275868, 0.0650392592035916, 0.32506162414177797, 0.12116875027709469, 0.08274620404032589, 0.057157384930155715, 0.13509411411491004, 0.10905187524938521]
Timestep: 246 State: 2 Beliefs: [0.14575249670262067, 0.0783327668210605, 0.2175055678415328, 0.09155427953300385, 0.12911827309086676, 0.09176989487747225, 0.13610158569383857, 0.10986513543960462]
Timestep: 247 State: 2 Beliefs: [0.11213445501769069, 0.0642842557740484, 0.3135729246316214, 0.12285963342015403, 0.08243530479604402, 0.05716043364819064, 0.13697932263411206, 0.11057367007813865]
Timestep: 248 State: 2 Beliefs: [0.11064478450536896, 0.06449020391520785, 0.3177111215426546, 0.12298032844054511, 0.07924521215061914, 0.05713216527435686, 0.137113888574757, 0.1106822955964906]
Timestep: 249 State: 2 Beliefs: [0.10241706139905786, 0.06322293709728136, 0.33253013337884557, 0.12215158301978445, 0.07723311266143901, 0.05631884844850367, 0.13618989927728203, 0.10993642471780601]
Timestep: 250 State: 2 Beliefs: [0.0963635716838129, 0.06241636532981198, 0.3423062412534725, 0.12179393289894717, 0.07588244242059518, 0.05583176072145177, 0.13579114608285603, 0.10961453960905247]
Timestep: 251 State: 2 Beliefs: [0.08792457420682556, 0.1300960720854051, 0.208052197908859, 0.15995167300346602, 0.07188238382926204, 0.11676987264825613, 0.08136672061480664, 0.1439565057031194]
Timestep: 252 State: 2 Beliefs: [0.09571063533733506, 0.06293490050053147, 0.3293127364969517, 0.12507788516979523, 0.07802138995822336, 0.056919848090560825, 0.13945250779378662, 0.11257009665281571]
Timestep: 253 State: 5 Beliefs: [0.08708666972714811, 0.06204543169658368, 0.3481668447050505, 0.12331866317635977, 0.07496313239960396, 0.05594135488020077, 0.13749110655632946, 0.11098679685872379]
Timestep: 254 State: 1 Beliefs: [0.07085827046356172, 0.11215149208627981, 0.15667105787421154, 0.13962035291841499, 0.08217833003194068, 0.17627705114404668, 0.0946990219794467, 0.16754442350209797]
Timestep: 255 State: 2 Beliefs: [0.07607729157546163, 0.12936679767305642, 0.1473049208375779, 0.14101593588978292, 0.0860310766184995, 0.155339263038725, 0.09564559129915712, 0.16921912306773948]
Timestep: 256 State: 2 Beliefs: [0.09264771188724247, 0.07202694942959341, 0.3060990333614301, 0.127485981468161, 0.07952386622446898, 0.06534171884997375, 0.14213735545778544, 0.1147373833213449]
Timestep: 257 State: 2 Beliefs: [0.08500980333633393, 0.06585238081145463, 0.33092465062008447, 0.12459669470300197, 0.07511088409331411, 0.06745254487006058, 0.13891601633304845, 0.11213702523270176]
Timestep: 258 State: 2 Beliefs: [0.08340424192673335, 0.06516732110996536, 0.34237136432686766, 0.12315183883274643, 0.07405208203703974, 0.06371138695439711, 0.13730510986277847, 0.11083665494947177]
Timestep: 259 State: 4 Beliefs: [0.0825496778782583, 0.06468342113525195, 0.348568029774857, 0.12268303159134294, 0.0735518602845796, 0.06076682612927302, 0.1367824247742286, 0.11041472843220865]
Timestep: 260 State: 2 Beliefs: [0.0996944453781974, 0.07827470286291675, 0.2308783666958582, 0.09305923635516511, 0.15290745967791752, 0.09517590031457604, 0.13833880508917082, 0.11167108362619813]
Timestep: 261 State: 2 Beliefs: [0.08466231914495459, 0.06675644684697175, 0.32745617162898005, 0.12354769445125324, 0.09043095330228013, 0.058207030283482925, 0.1377464593359495, 0.11119292500612793]
Timestep: 262 State: 4 Beliefs: [0.08244664997860639, 0.064671169743059, 0.3355531221568737, 0.12325759758010602, 0.08770481103241591, 0.058011788713202866, 0.1374230229736406, 0.11093183782209541]
Timestep: 263 State: 2 Beliefs: [0.06824089524434228, 0.1175850874182123, 0.15780885953432064, 0.14010837436326407, 0.11416452336135069, 0.13893218301359658, 0.09503002782899651, 0.16813004923591687]
Timestep: 264 State: 2 Beliefs: [0.12126991996816464, 0.09519381813850475, 0.2606872304160751, 0.10667716874755404, 0.12287078520315386, 0.07835454348296862, 0.11893708217078038, 0.09600945187279862]
Timestep: 265 State: 0 Beliefs: [0.08307851084665013, 0.06450857444498709, 0.34391778628446906, 0.1209187164673345, 0.08840060978257624, 0.05553361227711493, 0.13481534507626697, 0.10882684482060105]
Timestep: 266 State: 2 Beliefs: [0.0871586383099857, 0.11760176036388668, 0.15764381190642987, 0.14041077801186416, 0.09630569033679615, 0.1371512510661448, 0.0952351363906557, 0.16849293361423698]
Timestep: 267 State: 2 Beliefs: [0.10024698526560975, 0.07045047340258523, 0.30713051747068215, 0.12649901584884032, 0.08313548818120528, 0.05765144312072753, 0.1410369624463936, 0.11384911426395629]
Timestep: 268 State: 2 Beliefs: [0.09762884208295654, 0.06459078226902874, 0.3283004860316256, 0.12318805422012365, 0.08193250246390014, 0.05614459681719077, 0.13734548731706323, 0.11086924879811129]
Timestep: 269 State: 5 Beliefs: [0.09235121904054956, 0.06369284324625825, 0.34361272329335363, 0.12160560379216705, 0.07842160477178618, 0.05528978925972782, 0.13558117318320714, 0.10944504341295036]
Timestep: 270 State: 0 Beliefs: [0.07331383573450603, 0.11524604237789017, 0.15922239816007136, 0.13763537990006156, 0.08376033968436554, 0.17230685580907654, 0.0933526924539548, 0.16516245588007386]
Timestep: 271 State: 2 Beliefs: [0.08405253706625855, 0.12423074666382557, 0.152389518020649, 0.13956135134127406, 0.08426398336789818, 0.1533692384121364, 0.09465900351842936, 0.16747362160952886]
Timestep: 272 State: 2 Beliefs: [0.10266093750155822, 0.06951612797261635, 0.3041501954366586, 0.12640295610742464, 0.07786669758375102, 0.06471056189795656, 0.14092986300335253, 0.11376266049668217]
Timestep: 273 State: 2 Beliefs: [0.09127725943829106, 0.06423529894177987, 0.33122012227975417, 0.12321367978845238, 0.07511365292928936, 0.06667361689943217, 0.13737405791339394, 0.11089231180960715]
Timestep: 274 State: 2 Beliefs: [0.08889658831459475, 0.06360203265834734, 0.34346162974038347, 0.12183406540668193, 0.07343155893864989, 0.06328757524131175, 0.135835890834017, 0.10965065886601373]
Timestep: 275 State: 2 Beliefs: [0.07729264843753285, 0.056232456150238065, 0.31120635977895605, 0.10796572884832845, 0.08562782672002323, 0.07161779808433744, 0.16049830736258977, 0.12955887461799417]
Timestep: 276 State: 0 Beliefs: [0.08744768320453043, 0.06461771180714364, 0.3435749274689624, 0.12349674927055118, 0.07304509487058966, 0.05898109977338071, 0.13768965926134585, 0.11114707434349605]
Timestep: 277 State: 2 Beliefs: [0.1500317343136198, 0.08784776203966158, 0.26494372392820587, 0.10575173839470195, 0.09895114623209773, 0.07939203414716445, 0.11790529638931695, 0.09517656455523174]
Timestep: 278 State: 2 Beliefs: [0.10635763692260214, 0.06432875835576327, 0.3315240846015856, 0.12223980088305247, 0.07231927817469878, 0.05692636465614713, 0.13628825561140326, 0.11001582079474721]
Timestep: 279 State: 2 Beliefs: [0.10152630979290682, 0.0637068210332574, 0.3358905296812712, 0.12283102226524269, 0.07158353634216373, 0.056966437514892936, 0.1369474233315467, 0.11054792003871843]
Timestep: 280 State: 2 Beliefs: [0.09557737662876524, 0.06334802763681677, 0.34567211371392753, 0.12213883298700597, 0.07100946688709545, 0.056153548515854516, 0.13617568394222904, 0.10992494968830538]
Timestep: 281 State: 2 Beliefs: [0.09142407166389745, 0.06321392795150951, 0.3512213053851757, 0.12195298862242182, 0.07075364572031786, 0.055707889551797875, 0.13596848134470013, 0.10975768976017963]
Timestep: 282 State: 0 Beliefs: [0.08868713460835156, 0.06327409071682379, 0.3535921528523133, 0.12211768873987838, 0.07074520309101245, 0.055525700441119284, 0.13615210968461067, 0.10990591986589053]
Timestep: 283 State: 2 Beliefs: [0.1533754484781945, 0.08770942878714565, 0.2651238464767508, 0.10582179976294478, 0.09799669038734636, 0.07674975673452018, 0.11798340958644739, 0.09523961978665031]
Timestep: 284 State: 0 Beliefs: [0.10777330074558192, 0.06430902496435643, 0.3314915643587642, 0.12242134693532178, 0.0718575071699318, 0.055477377672783726, 0.1364906659114707, 0.1101792122417896]
Timestep: 285 State: 0 Beliefs: [0.10489656345165761, 0.11751055975658536, 0.1528776835503482, 0.14175125212763678, 0.07986458956721891, 0.13685352146333984, 0.0961443275300493, 0.1701015025531641]
Timestep: 286 State: 2 Beliefs: [0.14744050308624768, 0.08233265338023849, 0.2106072350904697, 0.09454601571140019, 0.11972423162610571, 0.09134513979132884, 0.14054900246052923, 0.11345521885368023]
Timestep: 287 State: 0 Beliefs: [0.12310918288811855, 0.06581270379156903, 0.30702396725450437, 0.12413957388093208, 0.07358490339392856, 0.05619769156817369, 0.13840636072993473, 0.11172561649283888]
Timestep: 288 State: 0 Beliefs: [0.18793744815143332, 0.08748974511168602, 0.23254569107713285, 0.10547695039772832, 0.09773625700039264, 0.07628572462441321, 0.11759892827925827, 0.09492925535795547]
Timestep: 289 State: 2 Beliefs: [0.11840206349241669, 0.11755288706795972, 0.14685714753109638, 0.13981831905549694, 0.07987256610798868, 0.13488173921471694, 0.09483329466372836, 0.16778198286659632]
Timestep: 290 State: 4 Beliefs: [0.1287845166423507, 0.06921075537027145, 0.28529400840795305, 0.12723734180802546, 0.07550714891542498, 0.05759248043681867, 0.14186014079193285, 0.11451360762722292]
Timestep: 291 State: 2 Beliefs: [0.14848647354097275, 0.07753264071025501, 0.1965185739261193, 0.09339924500536477, 0.14314311185513157, 0.08999661017162439, 0.1388442507840945, 0.11207909400643772]
Timestep: 292 State: 2 Beliefs: [0.12049495256675578, 0.06615558556118548, 0.2949509557466276, 0.12486993664711514, 0.08548148431251752, 0.056443481473850136, 0.13922066070954478, 0.11238294298240363]
Timestep: 293 State: 2 Beliefs: [0.11710658499702203, 0.06482718841825226, 0.2992533960803907, 0.12500365050379691, 0.08550253617770363, 0.056433616688318214, 0.13936974168109892, 0.11250328545341721]
Timestep: 294 State: 2 Beliefs: [0.10972401308763612, 0.06379324750886434, 0.3192096105691953, 0.12299068711574752, 0.08095369708691139, 0.05551168850290042, 0.13712543772457222, 0.11069161840417277]
Timestep: 295 State: 2 Beliefs: [0.10386567219899068, 0.06310412538276955, 0.3335330788029357, 0.12172681838109245, 0.0775719097439195, 0.05492794054331486, 0.1357163184039941, 0.1095541365429832]
Timestep: 296 State: 2 Beliefs: [0.09923632855039312, 0.06290074233429145, 0.3421025782898027, 0.12139302425222985, 0.07500428105961605, 0.05476516082633814, 0.13534416286032194, 0.10925372182700686]
Timestep: 297 State: 2 Beliefs: [0.09599888336037564, 0.06299526756885847, 0.3462201663707347, 0.12160981087419337, 0.07328754632238658, 0.05485363195097208, 0.13558586376570514, 0.10944882978677405]
Timestep: 298 State: 0 Beliefs: [0.09392742943897783, 0.06319508882335641, 0.3477683033439342, 0.1220098374574584, 0.0722308905750455, 0.05502773309619954, 0.13603186355331554, 0.10980885371171255]
Timestep: 299 State: 2 Beliefs: [0.1418951968502584, 0.07741567004941764, 0.22981817001960134, 0.0934182562356653, 0.1166018734962536, 0.08987641361119544, 0.13887251225480993, 0.11210190748279834]
Timestep: 300 State: 0 Beliefs: [0.1125388260762345, 0.06522304225888652, 0.32242452565398977, 0.12314951985844381, 0.0729169457415557, 0.05561004815880151, 0.13730252437948887, 0.11083456787259943]
Timestep: 301 State: 0 Beliefs: [0.17585169553466548, 0.08713027450551611, 0.24659374308345727, 0.10507989194605641, 0.09779439784629174, 0.07582185659569042, 0.11715623773687185, 0.09457190275145076]
Timestep: 302 State: 2 Beliefs: [0.1816617557710365, 0.08672483919113005, 0.2491884802705008, 0.10318589841975719, 0.0968132634403876, 0.07451387803155751, 0.11504457629784867, 0.09286730857778146]
Timestep: 303 State: 2 Beliefs: [0.13007438071783473, 0.06422544769433548, 0.30989222876035016, 0.12234702679500585, 0.07172355634069187, 0.05521723107497916, 0.13640780450129755, 0.11011232411550527]
Timestep: 304 State: 2 Beliefs: [0.12008313353414965, 0.06414230939014799, 0.31506026005155335, 0.12378592062724589, 0.071686241449765, 0.05582274263850832, 0.13801206374410846, 0.11140732856452128]
Timestep: 305 State: 2 Beliefs: [0.11071614461961055, 0.06366471253614854, 0.328984372671349, 0.12281933537891082, 0.07095658757410143, 0.05538705205341746, 0.13693439332544236, 0.11053740184101972]
Timestep: 306 State: 2 Beliefs: [0.10386467508902937, 0.06332188957656376, 0.33885091768875597, 0.12219593940544948, 0.07044657791086181, 0.055104301527314485, 0.13623935333712053, 0.10997634546490455]
Timestep: 307 State: 2 Beliefs: [0.09896289755395994, 0.06324808898276651, 0.344383884410337, 0.12208733052736974, 0.07026698579707184, 0.05505395271066041, 0.13611826254320178, 0.10987859747463276]
Timestep: 308 State: 5 Beliefs: [0.09570883320231867, 0.06332557465225296, 0.3469635048864407, 0.12225498789220857, 0.07028368173864903, 0.055128740531889014, 0.13630518799325342, 0.11002948910298771]
Timestep: 309 State: 2 Beliefs: [0.0774757736724271, 0.1150230626978259, 0.15554404139033945, 0.13879574581042686, 0.07761136030900792, 0.17485539790212776, 0.094139723245333, 0.16655489497251222]
Timestep: 310 State: 0 Beliefs: [0.09113346779707558, 0.060485098594258, 0.27477204590424137, 0.11121508085653987, 0.08728371266786616, 0.07632380978931502, 0.16532868736285627, 0.13345809702784786]
Timestep: 311 State: 2 Beliefs: [0.1354708335182462, 0.07818224896434296, 0.21692564187655827, 0.09413881996242666, 0.11576726287004395, 0.10660493022275815, 0.1399436786307119, 0.11296658395491199]
Timestep: 312 State: 2 Beliefs: [0.13159107977601933, 0.07748398489968497, 0.2368236955137217, 0.09185593005087735, 0.1143871711851502, 0.10108101306472661, 0.13655000944876694, 0.11022711606105282]
Timestep: 313 State: 2 Beliefs: [0.10526594183523874, 0.06360680823875049, 0.3349587692286549, 0.1209176853484492, 0.07049789733162719, 0.06111278574801625, 0.134814195455659, 0.10882591681360426]
Timestep: 314 State: 2 Beliefs: [0.10066243409588145, 0.06242709045118563, 0.34136781577579495, 0.12106712199900323, 0.06937745638956391, 0.0611568653204299, 0.1349808061690379, 0.10896040979910289]
Timestep: 315 State: 2 Beliefs: [0.09585526807387215, 0.062259928526427456, 0.3497298428064476, 0.12075442919389752, 0.06916919109803862, 0.05892017700017977, 0.13463217702662902, 0.10867898627450777]
Timestep: 316 State: 2 Beliefs: [0.09238516620609724, 0.06225029969933455, 0.3542624817577351, 0.12088766946565525, 0.06919034863499281, 0.057444401730760104, 0.13478072998633503, 0.10879890251908975]
Timestep: 317 State: 0 Beliefs: [0.09012836490416255, 0.06237932537023302, 0.3560673018543195, 0.12124401610086348, 0.06935658799269828, 0.05652675939538648, 0.13517802989155972, 0.10911961449077713]
Timestep: 318 State: 2 Beliefs: [0.09562318964887077, 0.11630098782261317, 0.16369684902059692, 0.14136061770607986, 0.0786830070727986, 0.13882323199414284, 0.09587937548760199, 0.16963274124729583]
Timestep: 319 State: 2 Beliefs: [0.10872503483242754, 0.06712396191590583, 0.31510500070194214, 0.12555128944736677, 0.07326257308787049, 0.05725566127725581, 0.13998031823460144, 0.11299616050263009]
Timestep: 320 State: 4 Beliefs: [0.1408303791194495, 0.08600208310297518, 0.2860742243701764, 0.10449022325102107, 0.09568683564261908, 0.07637625244080579, 0.11649880114703394, 0.09404120092591896]
Timestep: 321 State: 2 Beliefs: [0.11873657687366021, 0.0752964798419312, 0.24515136808595606, 0.09056244391846792, 0.1390772708358564, 0.0878737723049607, 0.13462715543700604, 0.10867493270216151]
Timestep: 322 State: 2 Beliefs: [0.09800609181978338, 0.06378259170118249, 0.32931589732830435, 0.12208416830224465, 0.08534943174758078, 0.055471330730709895, 0.13611473689817424, 0.10987575147202018]
Timestep: 323 State: 0 Beliefs: [0.0837195302788531, 0.055588529063214695, 0.29688682880765493, 0.10812445769386424, 0.09975263975891088, 0.06544439671249375, 0.16073426845237132, 0.1297493492326371]
Timestep: 324 State: 2 Beliefs: [0.13398134392595348, 0.07677676682538552, 0.22853063494524664, 0.09290885129175672, 0.1284386248381615, 0.08975790903146318, 0.13811524759192492, 0.11149062155010807]
Timestep: 325 State: 2 Beliefs: [0.10741670081152681, 0.06372486561269636, 0.3287125621760431, 0.12185438980569516, 0.07759615008717265, 0.05516782965956976, 0.13585855102217057, 0.10966895082512565]
Timestep: 326 State: 4 Beliefs: [0.10472629661397412, 0.06255888144418623, 0.3338395524367148, 0.12169159588845643, 0.07693459279150926, 0.0550495965722991, 0.13567704795324917, 0.10952243629961081]
Timestep: 327 State: 4 Beliefs: [0.11861370195368681, 0.0752124155453671, 0.23007985991843286, 0.09144970399108883, 0.15079994557858498, 0.08815860109648141, 0.13594612712705145, 0.10973964478930659]
Timestep: 328 State: 2 Beliefs: [0.08133447368741241, 0.1162314347747608, 0.16094757935731016, 0.1390069847669997, 0.10737412479627748, 0.1340140225331357, 0.09428299836370416, 0.16680838172039963]
Timestep: 329 State: 0 Beliefs: [0.10158368178897532, 0.06683227931915874, 0.30811406768711774, 0.12520855273669937, 0.08937136261284133, 0.05660416601260428, 0.13959819237957377, 0.11268769746302942]
Timestep: 330 State: 2 Beliefs: [0.13761448443518645, 0.0755833695483302, 0.21512962891264636, 0.09182949947106941, 0.14469189799621301, 0.08844500165457699, 0.13651071861669423, 0.11019539936528329]
Timestep: 331 State: 2 Beliefs: [0.10844103022699222, 0.06401080660217148, 0.31438790514251325, 0.12244976561508383, 0.08868125579771885, 0.055302096943336765, 0.13652235061860837, 0.11020478905357545]
Timestep: 332 State: 4 Beliefs: [0.10681334247541753, 0.0630158335082787, 0.3189513924077511, 0.12256127385374543, 0.08639817229273788, 0.05530816501049259, 0.13664667398320574, 0.1103051464683709]
Timestep: 333 State: 2 Beliefs: [0.11975636036908908, 0.07493852706091736, 0.22136552152743558, 0.09109439720224766, 0.16044857052831432, 0.08766540694774844, 0.13541793972155025, 0.1093132766426972]
Timestep: 334 State: 4 Beliefs: [0.09808697647731607, 0.06351797794786866, 0.3234479176243512, 0.12153691886530985, 0.09366656671659568, 0.05485582077427758, 0.13550459461550216, 0.10938322697877886]
Timestep: 335 State: 2 Beliefs: [0.07985858862328245, 0.11435561673704073, 0.14864512357567278, 0.13903076086340718, 0.12321507790447907, 0.13375879450050104, 0.09429912475952835, 0.16683691303608858]
Timestep: 336 State: 0 Beliefs: [0.09951823696955546, 0.06683431123765339, 0.30680431293718924, 0.12521740458249464, 0.09276912708046187, 0.0565528815413502, 0.13960806152704996, 0.11269566412424516]
Timestep: 337 State: 0 Beliefs: [0.13461215563713658, 0.07566243061447905, 0.20702268671019003, 0.09193135981557174, 0.15536827170171488, 0.0884233228820584, 0.13666214086016337, 0.11031763177868609]
Timestep: 338 State: 0 Beliefs: [0.1372143975223983, 0.07624528798175541, 0.21881824074416553, 0.0911673766115134, 0.14387952471781068, 0.0877478919735148, 0.13552642851502592, 0.1094008519338161]
Timestep: 339 State: 2 Beliefs: [0.1018979372747733, 0.11626538397243733, 0.1467546292608901, 0.13903889225841584, 0.10106701695086663, 0.1338248296059401, 0.0943046399665777, 0.16684667071009898]
Timestep: 340 State: 2 Beliefs: [0.11599913545918832, 0.0673207221675832, 0.29213994051909115, 0.12611886698496927, 0.08734747765693028, 0.05695375209326997, 0.14061312483249558, 0.11350698028647234]
Timestep: 341 State: 2 Beliefs: [0.11406508365976174, 0.06396095397855092, 0.3007299635534677, 0.12430927307119899, 0.09042200884032407, 0.05603880846965398, 0.13859556266296363, 0.11187834576407908]
Timestep: 342 State: 4 Beliefs: [0.10735979665110343, 0.06292059398416225, 0.3209842567405803, 0.1223293530096481, 0.08478043577068112, 0.05514104658557881, 0.13638809954956285, 0.1100964177086833]
Timestep: 343 State: 2 Beliefs: [0.08563652725261527, 0.11459419417142663, 0.15424745486753572, 0.13930636144144704, 0.110614019744913, 0.13394775494508354, 0.09448605384724233, 0.16716763372973642]
Timestep: 344 State: 4 Beliefs: [0.10556562812087285, 0.06681254333960229, 0.30627627964643306, 0.12516514072412163, 0.0874676572499118, 0.056514333042096736, 0.13954979122525205, 0.11264862665170948]
Timestep: 345 State: 0 Beliefs: [0.08303081102416739, 0.11498651254523573, 0.1458251688358064, 0.13970400602411862, 0.11972955247291557, 0.1343233812611508, 0.09475576060766307, 0.16764480722894234]
Timestep: 346 State: 2 Beliefs: [0.09215000787306554, 0.12049745466056226, 0.14558717125085147, 0.14107553124371885, 0.0998289716590132, 0.13588421332458628, 0.09568601249573974, 0.1692906374924626]
Timestep: 347 State: 0 Beliefs: [0.11052939062008714, 0.06761906947797817, 0.2912310074075682, 0.12657788958280097, 0.09184581556541266, 0.05715182594797167, 0.14112490077366016, 0.11392010062452088]
Timestep: 348 State: 4 Beliefs: [0.10041529405523958, 0.11586019980610389, 0.13760899121349998, 0.14074077776387112, 0.10571310536890766, 0.13531373616632408, 0.09545896230940824, 0.16888893331664534]
Timestep: 349 State: 2 Beliefs: [0.13796481327189197, 0.07977658622875403, 0.20372721958725043, 0.0933702499355777, 0.1443820162520093, 0.08993366713639726, 0.13880114766542595, 0.11204429992269323]
Timestep: 350 State: 2 Beliefs: [0.11766797037998815, 0.06512418775616606, 0.28772305526321545, 0.12448721581692612, 0.09801673000039685, 0.056148391002933805, 0.13879395554514, 0.1120384942352335]
Timestep: 351 State: 0 Beliefs: [0.11188280199669008, 0.06408701011075166, 0.2956560208678981, 0.12459846719703857, 0.09656812171220579, 0.05615096510645753, 0.1389179925316236, 0.11213862047733471]
Timestep: 352 State: 0 Beliefs: [0.10370848958672307, 0.11516318030163411, 0.1434869436576263, 0.13993020381406712, 0.10035883497851335, 0.13452692136718825, 0.09490918171736727, 0.16791624457688054]
Timestep: 353 State: 2 Beliefs: [0.14672298782057602, 0.07923292337611239, 0.21001695376707497, 0.09272072726019677, 0.13289941218828868, 0.0893065342917001, 0.1378355885838149, 0.11126487271223612]
Timestep: 354 State: 2 Beliefs: [0.12660421981452977, 0.0640228075177605, 0.29987517859839014, 0.12236718692887918, 0.08537890429197327, 0.05519095306639717, 0.13643028154607872, 0.11013046823599126]
Timestep: 355 State: 0 Beliefs: [0.12023683675133963, 0.06300141807498871, 0.307974879100653, 0.12251495056153004, 0.0842036521313021, 0.05520978090546173, 0.13659502696934767, 0.11026345550537703]
Timestep: 356 State: 5 Beliefs: [0.11065525736822286, 0.11475938604297024, 0.1489897787329107, 0.1394820163750545, 0.09003912515614224, 0.1340908229593797, 0.09460519371525436, 0.1673784196500654]
Timestep: 357 State: 0 Beliefs: [0.09895599266202522, 0.1193804586185359, 0.14671503463575647, 0.1397150699121499, 0.08573020861562183, 0.14708188685135093, 0.09476326480997993, 0.16765808389457987]
Timestep: 358 State: 2 Beliefs: [0.15188931845444556, 0.07834407436607926, 0.20722235833554584, 0.0928242899651969, 0.12356230682386193, 0.09677896259613249, 0.1379895415005017, 0.11138914795823628]
Timestep: 359 State: 2 Beliefs: [0.12865810961086047, 0.06336344100032146, 0.30086894748595666, 0.12218583021754925, 0.07801052207047722, 0.06071782007201191, 0.13622808234702877, 0.10996724719579432]
Timestep: 360 State: 0 Beliefs: [0.12086031503087476, 0.0626460451728973, 0.3103094524862291, 0.12246432297292562, 0.07705491847195844, 0.059908474203249774, 0.13653858098623198, 0.11021789067563305]
Timestep: 361 State: 4 Beliefs: [0.12582164663898315, 0.12952782220710032, 0.1688515063025378, 0.15831164364331596, 0.07118142517560538, 0.12329303194361221, 0.08053244480986073, 0.14248047927898436]
Timestep: 362 State: 2 Beliefs: [0.14973081496447202, 0.07703380561130375, 0.21021120382250597, 0.09201938497870983, 0.12990615507249584, 0.09388237739875488, 0.13679299617730595, 0.11042326197445179]
Timestep: 363 State: 4 Beliefs: [0.12619200378556428, 0.06351450954781997, 0.29798538793293955, 0.12261781498534086, 0.08330738444625096, 0.059317152689830364, 0.1367097131254472, 0.11035603348680675]
Timestep: 364 State: 0 Beliefs: [0.14082503334886212, 0.07471783533213165, 0.19813844235551772, 0.0913464303814939, 0.15642693674927696, 0.09313700140482362, 0.13579260397010137, 0.10961571645779268]
Timestep: 365 State: 2 Beliefs: [0.10373124569477986, 0.11440192717186347, 0.14005735050697837, 0.13808588445079528, 0.10245831723596965, 0.14190396153638052, 0.09365825206227854, 0.1657030613409543]
Timestep: 366 State: 2 Beliefs: [0.14630320449191647, 0.07797298413331978, 0.20490387734169188, 0.09255033107818174, 0.13719678299929733, 0.09243013944704487, 0.13758228321472987, 0.11106039729381807]
Timestep: 367 State: 2 Beliefs: [0.11949560259937082, 0.06325193023441528, 0.3028149285657423, 0.12217184237826613, 0.0880265904576932, 0.05807196067397607, 0.1362124869500967, 0.10995465814043952]
Timestep: 368 State: 0 Beliefs: [0.1102671321724372, 0.06229842744549155, 0.31604281150445734, 0.12190029112302511, 0.08652948100388025, 0.05734186717446385, 0.135909727565522, 0.10971026201072258]
Timestep: 369 State: 0 Beliefs: [0.15097705567616393, 0.0744847845410493, 0.21534934157325034, 0.09112197074937424, 0.13213090233461733, 0.09113065057498726, 0.13545892965130857, 0.10934636489924908]
Timestep: 370 State: 2 Beliefs: [0.12728758140363575, 0.13025489972417778, 0.16933759850422148, 0.15732090241785096, 0.07615458007170095, 0.11802716664631012, 0.08002845905603723, 0.14158881217606586]
Timestep: 371 State: 2 Beliefs: [0.12882162552649243, 0.06496993563745032, 0.29449145177123637, 0.1244023419767756, 0.07913869039470746, 0.05751451936699909, 0.13869932754724085, 0.11196210777909804]
Timestep: 372 State: 2 Beliefs: [0.12140235746992686, 0.06263493043032893, 0.3112782566956259, 0.1225974220923707, 0.07841865244061798, 0.05664372441635289, 0.13668697657164314, 0.11033767988313363]
Timestep: 373 State: 4 Beliefs: [0.11415756383601468, 0.06211902067145155, 0.3247911598657677, 0.12162794051808806, 0.07611971316347113, 0.05611337851323848, 0.13560607696568924, 0.10946514646627926]
Timestep: 374 State: 4 Beliefs: [0.1304788308664514, 0.07457296402694832, 0.21833732442370768, 0.09128293925751742, 0.15038303244149887, 0.0897071617248745, 0.1356982201499811, 0.10953952710902087]
Timestep: 375 State: 2 Beliefs: [0.13508372250974807, 0.07463774611683824, 0.21515479112237473, 0.09020349002677425, 0.1535718698758868, 0.08901064594808893, 0.13409354636815993, 0.1082441880321291]
Timestep: 376 State: 0 Beliefs: [0.11208711206875506, 0.06292618612618012, 0.3066615383969157, 0.12168784025840323, 0.09509969769177615, 0.05634570851939622, 0.13567286070601076, 0.10951905623256292]
Timestep: 377 State: 4 Beliefs: [0.1476486439725738, 0.07429690781812867, 0.20750562214270687, 0.09092314031976806, 0.14602157454937315, 0.08933298795031155, 0.13516335486341638, 0.10910776838372166]
Timestep: 378 State: 4 Beliefs: [0.10047203768190148, 0.11391672111207063, 0.14619602647686036, 0.13766302082624432, 0.10799755613447656, 0.1351875725643704, 0.0933714402125831, 0.16519562499149318]
Timestep: 379 State: 2 Beliefs: [0.14182012794208645, 0.07742184979112261, 0.19910979929953296, 0.092100598047887, 0.15223131316091293, 0.08988186924174663, 0.13691372485924697, 0.11052071765746439]
Timestep: 380 State: 0 Beliefs: [0.11892185077377429, 0.06365985139219191, 0.28815574425719703, 0.12306605107648683, 0.10162478087304934, 0.05660281274184213, 0.1372094629166204, 0.11075944596883816]
Timestep: 381 State: 0 Beliefs: [0.15590913181191635, 0.07429337799091852, 0.19379150473048243, 0.09090602138375155, 0.152033541120242, 0.08884129088693868, 0.13513790641524856, 0.10908722566050187]
Timestep: 382 State: 2 Beliefs: [0.1795656712485031, 0.08420739583710891, 0.22659706837665436, 0.10176347741178833, 0.1282014106971156, 0.07461916373343537, 0.11345868302478489, 0.09158712967060949]
Timestep: 383 State: 2 Beliefs: [0.13471860196031982, 0.06232109803624707, 0.28863473472764933, 0.12110911885431414, 0.0938199549873786, 0.055370654936592364, 0.1350276295286159, 0.10899820696888272]
Timestep: 384 State: 2 Beliefs: [0.12495970988370068, 0.06277114242963619, 0.2963937550168793, 0.1229418381411562, 0.08924313893644252, 0.055971786501795615, 0.13707097476334876, 0.11064765432704057]
Timestep: 385 State: 2 Beliefs: [0.11603871401143068, 0.06228022052924185, 0.3127692391096904, 0.12195869888214184, 0.08573454550308486, 0.0554809051123335, 0.13597484785814917, 0.10976282899392766]
Timestep: 386 State: 2 Beliefs: [0.10908461904813477, 0.061896824645939964, 0.32536253658122793, 0.12123538573120479, 0.08302873337762863, 0.05511164578433171, 0.1351684076734477, 0.10911184715808431]
Timestep: 387 State: 5 Beliefs: [0.10376120343171343, 0.06182337986614497, 0.3330952748130846, 0.12111920076007601, 0.08112861681017768, 0.055026173533575626, 0.13503887010115936, 0.1090072806840684]
Timestep: 388 State: 2 Beliefs: [0.08254527495606276, 0.11201182348444123, 0.1508104587799307, 0.13717173268414526, 0.0879146686646112, 0.17190174351971854, 0.09303821869011591, 0.16460607922097428]
Timestep: 389 State: 4 Beliefs: [0.10859223261973722, 0.06538942236568, 0.303460587513818, 0.12496103624639959, 0.08159339073390974, 0.06421616793442647, 0.13932222996426938, 0.11246493262175963]
Timestep: 390 State: 2 Beliefs: [0.08081150292929172, 0.11206870935863197, 0.14364430190671773, 0.13767027635847146, 0.10751681571737075, 0.15970770074316984, 0.09337636135618065, 0.16520433163016573]
Timestep: 391 State: 2 Beliefs: [0.10628491257776895, 0.06517455215071068, 0.30095448778212885, 0.12493538521428547, 0.08896332514826866, 0.06195185945626223, 0.13929363097771824, 0.11244184669285692]
Timestep: 392 State: 0 Beliefs: [0.13032244235299167, 0.08384740468360434, 0.26416691791701685, 0.1030519377872004, 0.12464469436846529, 0.08632463869263125, 0.11489522018960999, 0.09274674400848035]
Timestep: 393 State: 4 Beliefs: [0.1375946374624823, 0.07250900560357834, 0.22953569131417648, 0.08848158606369814, 0.1396937772071086, 0.09447357859573731, 0.1315338204767811, 0.10617790327643778]
Timestep: 394 State: 2 Beliefs: [0.09282988152765423, 0.111796701859837, 0.15561940651122208, 0.13613833988448437, 0.10465608700778468, 0.1432562665564209, 0.09233730879121549, 0.16336600786138122]
Timestep: 395 State: 5 Beliefs: [0.11223226242766686, 0.06464403051535077, 0.3004779417110517, 0.12443403614898019, 0.08789178678980106, 0.059594645689055044, 0.13873466418401223, 0.11199063253408217]
Timestep: 396 State: 2 Beliefs: [0.08725094826322562, 0.11034856876510654, 0.13953806639605465, 0.13570096800754372, 0.09701747961261228, 0.17526215078476642, 0.09204065656163835, 0.16284116160905243]
Timestep: 397 State: 2 Beliefs: [0.10646612350266958, 0.06419248799448884, 0.30490278302343826, 0.12419262136824336, 0.08509353027124071, 0.06491358988898115, 0.13846550471951907, 0.11177335923141903]
Timestep: 398 State: 2 Beliefs: [0.10283682486438116, 0.06199749210299, 0.30835087510969045, 0.12243803504131694, 0.08749603370413836, 0.07017723573602372, 0.13650927190427423, 0.11019423153718524]
Timestep: 399 State: 2 Beliefs: [0.09824126292458847, 0.06123518049544112, 0.3261875145348469, 0.12080782312386747, 0.08450579454805672, 0.06560367628779488, 0.13469170727392385, 0.10872704081148073]
Timestep: 400 State: 2 Beliefs: [0.09450567364457352, 0.06085976634490849, 0.33773001188928065, 0.12017911391782964, 0.08220760767781743, 0.06236588057175436, 0.13399074342778913, 0.10816120252604666]
Timestep: 401 State: 4 Beliefs: [0.09180189760577771, 0.060884155553307145, 0.34403893666793484, 0.12031265547586342, 0.08066213312388579, 0.05987919934574516, 0.13413963229920892, 0.10828138992827707]
Timestep: 402 State: 4 Beliefs: [0.10862000203896598, 0.07369774240029928, 0.2272721163183326, 0.09107215630613225, 0.1610807613773478, 0.09358575685588015, 0.13538487713568317, 0.10928658756735868]
Timestep: 403 State: 2 Beliefs: [0.1109342880254258, 0.073488297989749, 0.2247013113487602, 0.0902193799606089, 0.167316900498815, 0.09095939840187084, 0.1341171678220395, 0.10826325595273067]
Timestep: 404 State: 2 Beliefs: [0.09342956384230387, 0.062096681228836284, 0.3161987529793592, 0.12203034579848136, 0.10270530281396723, 0.057657313295336174, 0.13605472882308295, 0.10982731121863323]
Timestep: 405 State: 2 Beliefs: [0.0792075303691368, 0.05456487661743361, 0.2856118228515621, 0.10792848399453674, 0.11478344831353886, 0.06794671667443945, 0.16044294038590834, 0.1295141807934441]
Timestep: 406 State: 4 Beliefs: [0.089003478615441, 0.06241425094816366, 0.3281317146472696, 0.12323144546304853, 0.09171784936756143, 0.05719909472700023, 0.137393865314772, 0.11090830091674365]
Timestep: 407 State: 2 Beliefs: [0.07350182001002968, 0.1129159981721047, 0.15432239540567386, 0.13961474305763627, 0.11998622044525886, 0.13742591420973627, 0.0946952170303968, 0.16753769166916352]
Timestep: 408 State: 2 Beliefs: [0.09593189564396769, 0.06414495806567982, 0.31157850694638906, 0.12502986725122478, 0.09430534545727712, 0.05708357471135189, 0.1393989713980073, 0.11252688052610228]
Timestep: 409 State: 0 Beliefs: [0.08875239476542485, 0.06222751914314213, 0.3224524083382477, 0.12310703258170802, 0.09894605542455584, 0.056463106186763506, 0.1372551542366207, 0.11079632932353722]
Timestep: 410 State: 2 Beliefs: [0.13060283793247737, 0.07414564578861306, 0.21996555019977526, 0.09168837446729264, 0.14794501273723015, 0.08932560269382532, 0.136300926820035, 0.11002604936075117]
Timestep: 411 State: 2 Beliefs: [0.10474171962836767, 0.0618196259852518, 0.32064987819770435, 0.12152604720533795, 0.09101177282647233, 0.05538504014611033, 0.13549247352595142, 0.10937344248480417]
Timestep: 412 State: 4 Beliefs: [0.10224622908344316, 0.061411168439613535, 0.32698977845038174, 0.12151849817114763, 0.08764867336021658, 0.05533494722497466, 0.13548405691618998, 0.10936664835403286]
Timestep: 413 State: 0 Beliefs: [0.08130165395880101, 0.11230926449199746, 0.15644213859134348, 0.13889862908386147, 0.11550973587473576, 0.13465071815479052, 0.0942095049438365, 0.16667835490063376]
Timestep: 414 State: 0 Beliefs: [0.08874575190747656, 0.11548746056289974, 0.1546138048906717, 0.14075023879184048, 0.0999786306905608, 0.1360584472518765, 0.09546537935446572, 0.16890028655020856]
Timestep: 415 State: 2 Beliefs: [0.1329400112056662, 0.07611182834707939, 0.21786433959155474, 0.09274207023795134, 0.14160278913264085, 0.08958116084583537, 0.13786731635373065, 0.1112904842855416]
Timestep: 416 State: 0 Beliefs: [0.11191244825382232, 0.06231164020821602, 0.3065870652423701, 0.12248564297063932, 0.09439196748774945, 0.05551180597098922, 0.13656235119263818, 0.11023707867357539]
Timestep: 417 State: 2 Beliefs: [0.14818910656562895, 0.07373688242489891, 0.2065986900571253, 0.09119083707996678, 0.14718915713037975, 0.08810501816895513, 0.13556130407708492, 0.10942900449596012]
Timestep: 418 State: 2 Beliefs: [0.07511133843746706, 0.08446840332511203, 0.1893717969766617, 0.16607720418293415, 0.0728412110163918, 0.10019373211783511, 0.1126436689240771, 0.19929264501952101]
Timestep: 419 State: 2 Beliefs: [0.111267373022533, 0.06526728753372624, 0.2952598968030268, 0.12814511191259959, 0.0839880870834107, 0.05786940620886877, 0.14287223671449534, 0.11533060072133963]
Timestep: 420 State: 2 Beliefs: [0.10775212224255394, 0.061726501435891076, 0.3249096984278063, 0.12209104671478298, 0.08235370042285582, 0.05516258289796507, 0.13612240581484011, 0.10988194204330469]
Timestep: 421 State: 1 Beliefs: [0.10249531024143978, 0.06099759340954427, 0.3389968914900085, 0.12070784701911341, 0.07907493404959612, 0.05451012009506948, 0.13458024137802643, 0.10863706231720206]
Timestep: 422 State: 2 Beliefs: [0.09337546004682838, 0.1639248101117226, 0.17890821796390494, 0.1568526223292114, 0.07270847904403632, 0.11327280339705931, 0.07979024701094668, 0.14116736009629025]
Timestep: 423 State: 2 Beliefs: [0.10210741576372959, 0.07250581268386887, 0.3224335260129829, 0.12319344310528248, 0.07593315523194727, 0.05560105288557505, 0.1373514955218597, 0.11087409879475424]
Timestep: 424 State: 2 Beliefs: [0.0964456159536022, 0.0742784163486521, 0.331887002733733, 0.12162508059099712, 0.07581651986583035, 0.05488190361487761, 0.1356028883604102, 0.10946257253189741]
Timestep: 425 State: 4 Beliefs: [0.09391415983501947, 0.07000681084653211, 0.34378882699211577, 0.12065148662754895, 0.07410773907445212, 0.05442723491210623, 0.1345174037474314, 0.10858633796479406]
Timestep: 426 State: 2 Beliefs: [0.11175251665649599, 0.08125227673897713, 0.23130279973789672, 0.09135623111537121, 0.15100061614218482, 0.08790090885136054, 0.13580717341926826, 0.10962747733844545]
Timestep: 427 State: 2 Beliefs: [0.09748193486320973, 0.06557246835436004, 0.33024153508284343, 0.12074024684838813, 0.0881966511497417, 0.054484576768137706, 0.13461636476977004, 0.10866622216354932]
Timestep: 428 State: 2 Beliefs: [0.09115056042193491, 0.0654124649266046, 0.3374122415518432, 0.1208391740118175, 0.08720375495447084, 0.05449988634832366, 0.13472666117436966, 0.10875525661063573]
Timestep: 429 State: 5 Beliefs: [0.1081735527755443, 0.07684962160408768, 0.2624680236869784, 0.09053748544266874, 0.13163956122963666, 0.08709671974346662, 0.13459005298641502, 0.10864498253120249]
Timestep: 430 State: 1 Beliefs: [0.07822121489406395, 0.11355017650826442, 0.16885626677564888, 0.1361086844242132, 0.08605177985684961, 0.16156426157895962, 0.0923171946529446, 0.1633304213090558]
Timestep: 431 State: 0 Beliefs: [0.07803238404183042, 0.13002911416630988, 0.15725904630927515, 0.13842109996838348, 0.08352857404316691, 0.15273884587824432, 0.09388561563072967, 0.16610531996206016]
Timestep: 432 State: 0 Beliefs: [0.08437172006414562, 0.1294682604259607, 0.15048701676390325, 0.13902897628222982, 0.08350763498232129, 0.15200370559481646, 0.09429791434794717, 0.16683477153867576]
Timestep: 433 State: 2 Beliefs: [0.08816417486738262, 0.12962120958723608, 0.14648246644613677, 0.13939103116582408, 0.08299202944895646, 0.15153636907735094, 0.09454348200812417, 0.16726923739898888]
Timestep: 434 State: 0 Beliefs: [0.10732106034462587, 0.07341383909814835, 0.2970804631628841, 0.12640916067232483, 0.07686491519092362, 0.06420553629581188, 0.14093678063018902, 0.11376824460509234]
Timestep: 435 State: 5 Beliefs: [0.10960764369279083, 0.13721628764091717, 0.16470279140220978, 0.15812894826012558, 0.07150878935372847, 0.13607997775335562, 0.08043950846275953, 0.142316053434113]
Timestep: 436 State: 2 Beliefs: [0.0934543782783795, 0.12663526229134264, 0.14174236637899365, 0.13818824354326337, 0.08082379790664933, 0.15960238112011163, 0.09372767822934384, 0.16582589225191602]
Timestep: 437 State: 2 Beliefs: [0.11311018098047904, 0.07098811258444417, 0.29378189115418535, 0.1261015517291357, 0.07534961760710399, 0.06658342977400519, 0.14059381961442444, 0.11349139655622213]
Timestep: 438 State: 2 Beliefs: [0.11022226461477726, 0.06588382445591655, 0.30638388034565234, 0.12362960573839449, 0.07514363314660015, 0.06963236222577476, 0.13783778430832938, 0.11126664516455505]
Timestep: 439 State: 0 Beliefs: [0.10459123610773845, 0.06488189237341359, 0.32310127460509985, 0.12192464758513105, 0.07323875318223892, 0.0665931301166364, 0.13593688320312372, 0.10973218282661795]
Timestep: 440 State: 4 Beliefs: [0.11442543653715204, 0.1331203471018246, 0.1724998463124951, 0.15723766446972126, 0.06811616809533529, 0.13310052318699475, 0.07998611627372777, 0.14151389802274913]
Timestep: 441 State: 4 Beliefs: [0.09507888123369607, 0.12207386776545982, 0.14935671035797604, 0.13841767378366596, 0.08614897945503623, 0.14893938708006282, 0.09388329178370387, 0.16610120854039914]
Timestep: 442 State: 0 Beliefs: [0.09224432197362128, 0.12389008526720542, 0.14548547399995448, 0.13919900237302354, 0.09054720553852989, 0.14718187160789942, 0.09441323639213771, 0.16703880284762823]
Timestep: 443 State: 2 Beliefs: [0.09635056724198494, 0.12385470838388556, 0.14296290107419163, 0.1393294769079432, 0.08886488855683561, 0.14694035338197903, 0.09450173216364843, 0.16719537228953182]
Timestep: 444 State: 2 Beliefs: [0.11796718031946403, 0.06971642123901048, 0.2914920731493607, 0.1254842265603444, 0.08109157769144841, 0.06140716901579755, 0.13990554812026454, 0.11293580390430993]
Timestep: 445 State: 2 Beliefs: [0.1145858436861433, 0.0646080563723405, 0.3080779757163075, 0.12290593834275926, 0.08039605697184656, 0.0617798352348939, 0.1370309491672256, 0.11061534450848333]
Timestep: 446 State: 2 Beliefs: [0.10776369943356148, 0.06398015769863744, 0.32132920831196105, 0.1218699202480975, 0.0791539258417197, 0.06034429393627399, 0.13587586630646092, 0.10968292822328775]
Timestep: 447 State: 0 Beliefs: [0.10271193154980342, 0.06372908700976769, 0.32900829127308384, 0.12169717406892876, 0.07828349662018774, 0.059359295607999095, 0.13568326720819368, 0.10952745666203588]
Timestep: 448 State: 2 Beliefs: [0.14638722862582332, 0.07692113560866637, 0.2176954793774185, 0.09198153879705606, 0.1252882591846393, 0.09461177656355932, 0.1367367352863699, 0.11037784655646726]
Timestep: 449 State: 2 Beliefs: [0.11938595106082409, 0.06552659187550736, 0.3064238591150408, 0.12230516493295718, 0.08104042201974257, 0.05888223090713361, 0.13636113164913286, 0.11007464843966146]
Timestep: 450 State: 5 Beliefs: [0.11224110217670567, 0.06396189565287516, 0.31869163564852204, 0.12247364112986027, 0.07752832498905061, 0.05832815335028274, 0.13654897003582928, 0.11022627701687425]
Timestep: 451 State: 2 Beliefs: [0.08636311201396518, 0.11418827926902624, 0.14708618109371288, 0.13676648721906082, 0.08366694158521519, 0.17504585760756644, 0.09276335654858038, 0.16411978466287297]
Timestep: 452 State: 2 Beliefs: [0.10729032253076404, 0.06805916074510175, 0.3043088159070285, 0.12498427283516593, 0.07792623673844158, 0.06559720866517885, 0.13934813702667007, 0.11248584555164934]
Timestep: 453 State: 4 Beliefs: [0.10263449910967601, 0.06357919509893109, 0.31692701947369106, 0.12294703277583954, 0.07703985967660541, 0.06914329797363995, 0.1370767663933614, 0.11065232949825557]
Timestep: 454 State: 2 Beliefs: [0.11785752603401774, 0.07536780635420366, 0.21656702775840303, 0.09093994107144947, 0.15090874604964777, 0.10404269313733955, 0.1351883303091995, 0.10912792928573936]
Timestep: 455 State: 4 Beliefs: [0.10177450108909313, 0.0639214465335594, 0.31468438518399217, 0.12122820047006536, 0.09126959502369113, 0.06285609463304918, 0.13516039664349075, 0.10910538042305883]
Timestep: 456 State: 2 Beliefs: [0.078800918973219, 0.11281887481294339, 0.1457232457819074, 0.13652734522910923, 0.11807208219882673, 0.1516235628345371, 0.09260115589452626, 0.16383281427493107]
Timestep: 457 State: 2 Beliefs: [0.10018921069790387, 0.06670942126977361, 0.308495283143122, 0.1238187703819629, 0.09089111723119918, 0.06041061516312809, 0.1380486887691437, 0.11143689334376661]
Timestep: 458 State: 2 Beliefs: [0.09332507359946604, 0.06291161840633724, 0.31632099799692853, 0.12198216039442403, 0.09801956316746285, 0.06165563638691503, 0.13600100569348467, 0.10978394435498161]
Timestep: 459 State: 2 Beliefs: [0.0910902685039437, 0.06217937904533036, 0.3332885430061625, 0.1204921661554847, 0.09061306580164072, 0.059553854636834574, 0.13433977331066727, 0.10844294953993625]
Timestep: 460 State: 4 Beliefs: [0.08931384835474333, 0.06179958259101397, 0.3441013663649503, 0.11989982683132365, 0.08503078261920968, 0.05826538992191313, 0.13367935916865487, 0.1079098441481913]
Timestep: 461 State: 2 Beliefs: [0.07418608935752939, 0.11378732179937351, 0.1601957849986494, 0.13809490478744268, 0.11323463781733537, 0.1411230052910815, 0.0936643702036568, 0.16571388574493123]
Timestep: 462 State: 2 Beliefs: [0.09599473532637744, 0.06634725936312727, 0.3183721828331009, 0.12384748369546522, 0.08779279233299876, 0.058102109152097486, 0.1380807019709142, 0.1114627353259187]
Timestep: 463 State: 2 Beliefs: [0.08842761549999892, 0.06269634111576587, 0.331844955789897, 0.12176867312792243, 0.09200617291561672, 0.05790145241244789, 0.13576298332322098, 0.10959180581513019]
Timestep: 464 State: 1 Beliefs: [0.08705746397991626, 0.06214421667503988, 0.34440270679417684, 0.12070961774012488, 0.08553350527012456, 0.05693161797469428, 0.13458221559981087, 0.1086386559661124]
Timestep: 465 State: 2 Beliefs: [0.07185793922165913, 0.146579246298081, 0.15898480302457496, 0.1373377412556723, 0.0897661792806996, 0.13751798560431125, 0.09315081580819512, 0.16480528950680673]
Timestep: 466 State: 2 Beliefs: [0.0934538369496321, 0.07470095589676469, 0.3242458509610754, 0.12354593239159983, 0.0777287918619917, 0.057388798015563555, 0.13774449477093292, 0.11119133915243985]
Timestep: 467 State: 2 Beliefs: [0.08593640783188043, 0.07546243195298043, 0.3367508737560626, 0.1213671187108313, 0.07897412033760483, 0.056963360455980425, 0.1353152801149119, 0.10923040683974816]
Timestep: 468 State: 0 Beliefs: [0.08493558134725984, 0.07105397722017771, 0.34941084212866497, 0.12015668146213503, 0.07619517638020773, 0.05614099523187956, 0.13396573291375352, 0.10814101331592153]
Timestep: 469 State: 0 Beliefs: [0.09041470816603955, 0.12553527649628043, 0.16356938141830887, 0.13856449852522593, 0.08380383239201208, 0.13785202751127396, 0.09398287726058802, 0.16627739823027107]
Timestep: 470 State: 2 Beliefs: [0.1297451438363846, 0.08273590461185226, 0.23612117118147904, 0.09253187200423507, 0.1191329091814689, 0.0911399102179784, 0.1375548425615196, 0.11103824640508209]
Timestep: 471 State: 2 Beliefs: [0.1092545920293967, 0.06744176443936026, 0.3293698918745976, 0.12065498165066718, 0.074311173419437, 0.05585681266355525, 0.13452130043738564, 0.10858948348560045]
Timestep: 472 State: 2 Beliefs: [0.10519902787487184, 0.06639510611352147, 0.33656445459378287, 0.12051560806780871, 0.07293701896155096, 0.05555882783392424, 0.1343659092935121, 0.10846404726102786]
Timestep: 473 State: 4 Beliefs: [0.08850843325768136, 0.057608439560405525, 0.3098779567918855, 0.10668514529681668, 0.08522191485212381, 0.06548130198098244, 0.1585946339039245, 0.12802217435618002]
Timestep: 474 State: 4 Beliefs: [0.1150062330304935, 0.07825658903271589, 0.2317710845351511, 0.09197054340353739, 0.14596498503057992, 0.08994552298786938, 0.13672038989540783, 0.11036465208424485]
Timestep: 475 State: 2 Beliefs: [0.1155306088824048, 0.07716024093291445, 0.2351498646972896, 0.09017221981820857, 0.15106318525285295, 0.08867015553159027, 0.13404706110288916, 0.10820666378185027]
Timestep: 476 State: 2 Beliefs: [0.09596273244399363, 0.06456020773371081, 0.3274117094794096, 0.12072017278197031, 0.09244661391252318, 0.05565642446084043, 0.1345939836837788, 0.10864815550377327]
Timestep: 477 State: 2 Beliefs: [0.0926052902815015, 0.06366638607238105, 0.3341837227983902, 0.12095402743481297, 0.08934327047559967, 0.05553396407612416, 0.1348547141698586, 0.10885862469133167]
Timestep: 478 State: 5 Beliefs: [0.09014121110130129, 0.06286157702078038, 0.34515573275222633, 0.12026496064667241, 0.08408434728089215, 0.05516725049214576, 0.13408645612397654, 0.10823846458200519]
Timestep: 479 State: 2 Beliefs: [0.07335330855755771, 0.11346077150123225, 0.15856510399403784, 0.13643300529129931, 0.08864235953426651, 0.17328867596577469, 0.0925371688062726, 0.16371960634955918]
Timestep: 480 State: 2 Beliefs: [0.09307100064829114, 0.06571670391800932, 0.32574952687723313, 0.12363778860973063, 0.07853104631646636, 0.06417301628230478, 0.13784690759920712, 0.11127400974875756]
Timestep: 481 State: 0 Beliefs: [0.0889243101404619, 0.06267241729642507, 0.3349736628075176, 0.12172925085518353, 0.07887758892357508, 0.0675474137760939, 0.13571903043107775, 0.10955632576966517]
Timestep: 482 State: 2 Beliefs: [0.1496031278932176, 0.08515982627560979, 0.26078232055227407, 0.10349640030144477, 0.10523528855737833, 0.0871855134246271, 0.11539076272414811, 0.09314676027130028]
Timestep: 483 State: 0 Beliefs: [0.10645328534490418, 0.061774921811060805, 0.33335908730117, 0.11941720749691337, 0.07699174733988898, 0.061386989331685037, 0.13314127462715564, 0.10747548674722204]
Timestep: 484 State: 2 Beliefs: [0.1177501454268664, 0.12885084024469498, 0.17539103016630792, 0.1570971243825731, 0.07174619978349606, 0.12786262390930653, 0.07991462414243936, 0.14138741194431578]
Timestep: 485 State: 5 Beliefs: [0.11086829904192094, 0.06414478790024818, 0.3209845512772969, 0.12272936733809134, 0.07483143785050725, 0.059151040313691665, 0.13683408567396155, 0.1104564306042822]
Timestep: 486 State: 2 Beliefs: [0.09123744926969782, 0.11149247962152824, 0.14544430778483003, 0.13622371778958564, 0.08140467442917938, 0.17833369247430503, 0.09239521728337115, 0.16346846134750279]
Timestep: 487 State: 4 Beliefs: [0.10160999390574171, 0.0644166196385159, 0.32001659148381606, 0.12395209373103588, 0.07520514927758574, 0.06504533325151599, 0.1381973343538564, 0.11155688435793228]
Timestep: 488 State: 2 Beliefs: [0.08564269646331354, 0.11116198301095218, 0.14130490747914398, 0.13671698103820398, 0.10106805998274712, 0.16731521633649085, 0.09272977844330356, 0.16406037724584477]
Timestep: 489 State: 5 Beliefs: [0.09780141052795241, 0.06422508639005667, 0.31946806105425957, 0.12390367719346412, 0.08231214678535441, 0.06263295504715664, 0.13814335352763837, 0.11151330947411774]
Timestep: 490 State: 2 Beliefs: [0.08051828887313621, 0.10917573636578388, 0.13807805228504405, 0.1343922264774668, 0.0939425848856087, 0.19146945094658813, 0.09115298839341227, 0.16127067177296012]
Timestep: 491 State: 4 Beliefs: [0.09492152597366897, 0.06350216708672467, 0.32127930546290034, 0.12374316414100767, 0.0799193929729621, 0.06730120318309404, 0.1379643934527354, 0.11136884772690689]
Timestep: 492 State: 1 Beliefs: [0.07758295644279646, 0.10933573076196246, 0.13629199551441198, 0.13524524856878528, 0.10974114960316815, 0.17777706092750517, 0.09173155989882828, 0.16229429828254233]
Timestep: 493 State: 2 Beliefs: [0.07570268759191723, 0.12403962096655756, 0.1558136734682348, 0.1383870062190719, 0.0924473349990711, 0.15368277811758646, 0.09386249117467486, 0.16606440746288625]
Timestep: 494 State: 2 Beliefs: [0.09267814728502562, 0.06906677922751474, 0.3065067662526949, 0.12534863640425795, 0.08739582280052378, 0.06643570005125428, 0.13975437521489656, 0.11281377276383217]
Timestep: 495 State: 2 Beliefs: [0.09222348760180243, 0.0673824318064073, 0.3029030819678074, 0.12387809687862752, 0.09354379522782598, 0.07046398594119041, 0.13811483338557426, 0.11149028719076476]
Timestep: 496 State: 2 Beliefs: [0.08847966540296945, 0.06652235952303674, 0.3254702042021065, 0.12161285325704692, 0.08699658906722378, 0.06587750482073089, 0.13558925579554335, 0.10945156793134223]
Timestep: 497 State: 2 Beliefs: [0.08581008225572828, 0.06531800299118733, 0.34148043473224443, 0.12012830458348414, 0.08238444296811405, 0.06282916353237086, 0.1339340948117353, 0.10811547412513572]
Timestep: 498 State: 2 Beliefs: [0.08384624548284525, 0.06476639610212884, 0.35187086195378764, 0.11967373320360694, 0.07843974167961701, 0.060269380048358454, 0.13342728164640952, 0.10770635988324623]
Timestep: 499 State: 0 Beliefs: [0.0826341794540148, 0.06462278623172381, 0.3572695140996249, 0.11991657278533614, 0.07551143053465707, 0.058422571730160196, 0.1336980296576807, 0.10792491550680251]
