0,0.5,0
21,0.33333333333333326,0
200,0.3333333333333333,1
147,0.4697046966995677,1
132,0.4412519344169237,1
106,0.444052477947313,1
88,0.4486505266604173,0
132,0.32875338530208,1
46,0.44972367037788286,0
119,0.33212245019367304,1
65,0.45865203708447033,0
104,0.3309366564196804,0
142,0.43829298844261405,1
39,0.4459439075358576,0
52,0.32509196091384457,0
123,0.31728174283145083,1
131,0.44582892345102176,1
49,0.445005584463203,0
112,0.3274683977011861,1
38,0.45032869662376873,0
30,0.3280076736323888,0
53,0.3198860951642132,0
41,0.3078662639174929,0
73,0.2991667040196196,0
145,0.29369685088456277,1
68,0.4351822644430431,0
53,0.3176154696462897,0
113,0.3050445434516168,1
50,0.4361172590689641,0
40,0.318923774100517,0
39,0.306915997648092,0
120,0.29707108425569634,1
140,0.43662647346296046,1
35,0.4405113738761586,0
50,0.32441392452614615,0
102,0.31118787397404873,0
33,0.4242826270602762,0
51,0.31081673946393795,0
69,0.29618470400620417,0
151,0.29193140085653296,1
102,0.4464757491985501,0
54,0.4251262186278573,0
58,0.3025727853456994,0
50,0.29383656234104766,0
100,0.28973990153329177,0
119,0.3924733310633951,1
69,0.43309855306432227,0
97,0.31009255897804494,0
67,0.3000730176942098,0
31,0.29184728135343424,0
35,0.28708710992680603,0
63,0.28464733116345725,0
72,0.2834610917221262,0
146,0.28288884732475045,1
75,0.4274847817977229,0
37,0.30170425431302583,0
70,0.2963252546219982,0
83,0.2889762584021997,0
99,0.28461118009505815,0
35,0.2823533518026391,0
122,0.28126159847972454,1
22,0.42954583763638665,0
138,0.30751905438933197,1
28,0.43783731230724326,0
142,0.3134976651465882,1
126,0.449694543758119,1
40,0.44335067420744934,0
145,0.32450648597235365,1
147,0.4630645888585977,1
103,0.4557025278481297,0
99,0.4475035574363313,0
115,0.33185592722753005,1
26,0.4476377136819048,0
156,0.32335779074809423,1
142,0.45742197306315535,1
97,0.4565333767874961,0
114,0.33596874759087625,1
153,0.46360406725686115,1
140,0.4620947150064187,1
43,0.4709963267447015,0
48,0.3465654678283317,0
48,0.33907875287415895,0
110,0.3257524589708305,1
71,0.4559771822950789,0
45,0.329379076986016,0
78,0.3199684794406267,0
88,0.3094988497758163,0
38,0.3023706947810453,0
29,0.2980896528647049,0
68,0.29577940575365025,0
132,0.29460276142933534,1
62,0.4372196007900654,0
70,0.3267614939362763,0
143,0.3093983347965301,1
113,0.4533507116612959,1
82,0.45219050037369,0
145,0.33395650062691645,1
52,0.46576635175316305,0
79,0.3309355512373235,0
45,0.3158476514258174,0
54,0.30574465748531043,0
71,0.2981553602601544,0
137,0.29359497633932563,1
76,0.4478401564663172,0
152,0.31742468401958635,1
66,0.46001812044393947,0
27,0.3156665387527283,0
43,0.30757319701272134,0
108,0.29751126644160464,1
156,0.4284426935171367,1
62,0.45010065264511345,0
95,0.3146552653815328,0
45,0.3096332577559176,0
147,0.30002018194190716,1
58,0.4398396545127665,0
57,0.3103599558483172,0
136,0.30450242350579704,1
66,0.4558785576412796,0
32,0.3072479948415361,0
70,0.30510916809518956,0
134,0.2953616728747673,1
34,0.45164718680734617,0
134,0.3020883204953406,1
70,0.4450121208544342,0
98,0.3096480240446681,0
112,0.30768463893774434,1
28,0.4390223572703491,0
75,0.3065718609001788,0
36,0.3045628095694015,0
114,0.2930164308543921,1
129,0.42321336561289874,1
74,0.43822673677003365,0
91,0.30588112062721096,0
143,0.30437038709803566,1
129,0.43674216333025545,1
81,0.4391491204630676,0
40,0.3104185658092774,0
54,0.3100676804674311,0
98,0.2996526701143028,0
53,0.29220131568139124,0
85,0.2878069389893937,0
42,0.285391687865227,0
95,0.2841200305717435,0
157,0.28345612778757145,1
117,0.43664513314883335,1
95,0.43486881631099195,0
27,0.30764109162447073,0
65,0.3041663484075225,0
30,0.2959119137644215,0
130,0.2912227342343416,1
40,0.45057843086624333,0
80,0.30302965564310264,0
126,0.30239419554825797,1
43,0.4492262193554317,0
155,0.3048066728724216,1
117,0.4615804154298284,1
152,0.4398675862429451,1
66,0.4539071591949868,0
85,0.3153342327731048,0
42,0.3179952528529538,0
138,0.3054072073318419,1
76,0.4404068768785261,0
31,0.3116647846410018,0
102,0.30654875117526936,0
25,0.41054204922415616,0
123,0.289483489660019,1
153,0.4299668885402109,1
61,0.4414591555950941,0
70,0.307245413631923,0
83,0.3057905172042464,0
78,0.296951617390375,0
52,0.29103165262254144,0
78,0.28771906673945347,0
53,0.2859693103615395,0
26,0.28506466138125186,0
97,0.28459358812853386,0
39,0.3029303927193002,0
85,0.2914371092850422,0
137,0.2861282276174051,1
111,0.4291448782212719,1
71,0.42386728734009627,0
36,0.310292663600472,0
36,0.301677295949177,0
91,0.29350416329550183,0
151,0.2883100176320773,1
31,0.4493885570513261,0
141,0.30021371721876805,1
75,0.4655912589288229,0
134,0.30349969500161944,1
92,0.4656680811495616,0
100,0.3211954639093667,0
96,0.419426450581109,0
62,0.2957066310342541,0
78,0.28984379860368836,0
102,0.2845667923944299,0
23,0.40690291527915323,0
23,0.28523519194587815,0
79,0.2798912162412143,0
98,0.2788803193333255,0
139,0.28594395661161087,1
69,0.43882326452817355,0
29,0.2950055306506512,0
33,0.2926253739106112,0
119,0.28486160185798753,1
65,0.43748655552587856,0
139,0.29554433022403803,1
147,0.4421500241275694,1
86,0.4391793559231375,0
67,0.3124277871046634,0
120,0.306650341704128,1
57,0.4442965905206516,0
125,0.303082795520348,1
66,0.45074813746011266,0
129,0.3043264416372195,1
90,0.45476626629629713,0
95,0.3049097642205034,0
109,0.31067390128785866,1
146,0.4391594719654459,1
77,0.4321320479434515,0
140,0.31437047987765127,1
131,0.4624084697651849,1
137,0.4394140091854784,1
140,0.467186102646482,1
39,0.4676855780597462,0
127,0.3262720032609834,1
67,0.4823926971977364,0
63,0.3241328143686449,0
42,0.3308964798232199,0
53,0.3165564508718333,0
43,0.3055630421423209,0
29,0.2976182222757354,0
82,0.2927776182492888,0
139,0.2901313485744963,1
56,0.44432684382898513,0
48,0.31035437084503914,0
60,0.3028442693469304,0
93,0.294190206625262,0
29,0.2889905187889418,0
71,0.28621830349111144,0
143,0.284825225666431,1
31,0.4298433727355527,0
24,0.3078216831149866,0
106,0.2992155216441238,1
122,0.434177425854575,1
140,0.4484963697584212,1
147,0.4473605533585503,1
49,0.44244646364927326,0
104,0.3270022014349055,0
137,0.4322217523876335,1
26,0.44882305861469507,0
137,0.3216796661322233,1
45,0.46739191474084174,0
38,0.3141518475925098,0
85,0.31810714071424184,0
48,0.3057167262933995,0
87,0.2969060988581499,0
84,0.2914243664073873,0
138,0.28842010691255426,1
40,0.44819873636396396,0
64,0.3032776044382612,0
152,0.30127673559135976,1
69,0.4574927185674038,0
31,0.3017143083172312,0
135,0.3033616074792807,1
74,0.452215147470698,0
103,0.3023859059137961,0
80,0.4236160302159291,0
77,0.29193396866439586,0
150,0.28786001012383594,1
150,0.4500501610333357,1
144,0.4308862214798982,1
73,0.4425697259161362,0
78,0.3173212862964526,0
74,0.30602298265036915,0
150,0.2980408649260074,1
67,0.45583974889317086,0
153,0.3078707655540265,1
137,0.4595686670325368,1
109,0.4392449403153004,1
61,0.4474753677831254,0
63,0.329295188106285,0
36,0.3184659438729934,0
150,0.30701399176285943,1
127,0.44647729611284714,1
42,0.4504384439891771,0
144,0.32660220656756317,1
76,0.4571362602054393,0
102,0.3158456702549187,0
30,0.4207834259686839,0
23,0.2984888628820277,0
28,0.29157829656609763,0
139,0.2870790819345743,1
117,0.436735679354987,1
117,0.4213365593656384,1
52,0.4421897389763171,0
113,0.3157344956975545,1
131,0.450748299502542,1
130,0.4489839948925912,1
117,0.4436786168815026,1
132,0.44917232177063837,1
29,0.46989469074828016,0
150,0.33276099406951143,1
142,0.4770181305850998,1
90,0.4639445733620119,0
127,0.33773570337166964,1
54,0.478405052620865,0
44,0.33544750368689047,0
34,0.3352185757384768,0
133,0.3214149081207125,1
128,0.4548625131473647,1
157,0.4509815989179309,1
60,0.4583406748147343,0
119,0.33575907507568004,1
70,0.4674674309648507,0
126,0.33148733627427845,1
48,0.46983589872794984,0
87,0.3312095119889088,0
145,0.3320292595656182,1
72,0.4676721653572064,0
76,0.32236581731272457,0
64,0.32424438458849514,0
139,0.3115282168710035,1
29,0.4627431034840339,0
45,0.3148530067699263,0
43,0.3140083516908237,0
114,0.3041278515264237,1
157,0.4378561241303201,1
147,0.4569494242856379,1
124,0.4602868983675258,1
25,0.45415721680141186,0
156,0.3323700749882367,1
23,0.4662763560959483,0
59,0.3390018560219684,0
101,0.32755758112760175,0
81,0.4363543545845734,0
46,0.3215412629965724,0
122,0.3039598657419319,1
130,0.44596805931617944,1
76,0.4620218244108941,0
132,0.3327441564499445,1
90,0.4610221482027717,0
46,0.3347858655760583,0
96,0.3237152827437182,0
72,0.312141712925603,0
24,0.3039914000848056,0
122,0.2990591495987894,1
127,0.44789560681041934,1
153,0.44794186682696163,1
94,0.4534675009937643,0
21,0.33246505874027266,0
133,0.320295015781613,1
43,0.45561949149917724,0
88,0.329786184461376,0
140,0.3203368651149497,1
124,0.4557636822795453,1
145,0.46168735947684114,1
134,0.4613932001927159,1
57,0.46301849137743734,0
90,0.34170395085597766,0
120,0.33124747674933747,1
40,0.46143120180393826,0
32,0.3365127441311656,0
137,0.3281872299999644,1
72,0.45932239534865094,0
70,0.3343934358978085,0
53,0.3264430591290889,0
130,0.31463412850084976,1
96,0.4519881504058757,0
90,0.3290084036947254,0
91,0.3171124042974494,0
150,0.3209542968453703,1
67,0.44840238805441535,0
148,0.3266760343049001,1
53,0.4565637109333952,0
134,0.32956228099364093,1
127,0.46659204068635407,1
142,0.46672323470835664,1
36,0.46743723140707055,0
25,0.3422856149234628,0
60,0.3332876632387462,0
132,0.3198357112631871,1
123,0.4546588273707233,1
102,0.45660916572160165,0
127,0.4539092743784926,1
28,0.45496944602212086,0
75,0.33664477616932764,0
25,0.32526226671169317,0
140,0.3126840364256189,1
124,0.448679547135394,1
110,0.45396766961492485,1
90,0.4548595255041158,0
137,0.33420089201953945,1
114,0.46018208957521245,1
52,0.46216232876936436,0
122,0.3398113316530946,1
156,0.46809451410583125,1
148,0.46410903647627777,1
67,0.4714640908289186,0
59,0.3473291955707835,0
73,0.3369577534599036,0
92,0.3241650772732131,0
64,0.3242849591425292,0
61,0.31757631208971604,0
134,0.30533594699390854,1
120,0.44750704687299575,1
74,0.4560340270009159,0
125,0.33262977375142877,1
36,0.45473154973633995,0
46,0.3397688344066087,0
62,0.3253697607366794,0
115,0.31386738610030984,1
32,0.44866202922596,0
65,0.33515967320292106,0
125,0.3176837307201286,1
55,0.44704361795110015,0
123,0.3338588602264869,1
71,0.45704396932875735,0
92,0.3367361701925052,0
105,0.32626563965199445,1
38,0.4517473420605661,0
129,0.3374444185483205,1
118,0.456053926681234,1
73,0.46181933792589414,0
106,0.34684744304002874,1
117,0.4689964573834955,1
124,0.4744520549860354,1
117,0.48206984418662097,1
94,0.4868153797368496,0
47,0.3586208977367673,0
143,0.3417076727425548,1
129,0.4701957910399225,1
147,0.4717013238890127,1
41,0.4739092150854931,0
70,0.35181891969613466,0
76,0.3355861865289256,0
64,0.3240234141348711,0
128,0.31547606595097955,1
82,0.464433242080843,0
130,0.3353656434485159,1
47,0.47485618277259634,0
127,0.3316610309685645,1
71,0.4696247925880731,0
90,0.3343193162695455,0
69,0.3270824838885401,0
57,0.3146640877115781,0
136,0.3055312306593718,1
115,0.44779199438839545,1
124,0.4498134553107507,1
68,0.4475040619803121,0
105,0.3322932934162063,1
44,0.45634313594228854,0
75,0.33364607517060946,0
144,0.3235080244980468,1
84,0.46183894400738584,0
129,0.3240273591564129,1
104,0.45654328000149946,0
127,0.44209144952370977,1
143,0.45792995225797356,1
87,0.4621581155670303,0
127,0.32943564029612366,1
46,0.4726914807706886,0
112,0.32900045668754363,1
89,0.46535188888633844,0
96,0.33291283292110196,0
28,0.32595509134045575,0
150,0.3110120751727019,1
32,0.4456101587665538,0
143,0.31146102314367563,1
127,0.4550719784372016,1
47,0.4517540824427935,0
29,0.32244489886795386,0
121,0.3151631628509708,1
52,0.44927548692778807,0
21,0.3153774542763586,0
113,0.3080585115577591,1
150,0.44314475682189003,1
30,0.4397957254352314,0
104,0.3195136735375942,0
148,0.4226386794796299,1
63,0.4444675072120523,0
149,0.317363646247741,1
36,0.4529092329717927,0
146,0.3190018202274576,1
144,0.46124088937689556,1
54,0.45045718421047143,0
35,0.3267413386511283,0
42,0.3228102351390412,0
28,0.30984037560472727,0
107,0.29921781916150975,1
93,0.430627856475861,0
109,0.3103682020339086,1
142,0.4448194469079253,1
93,0.44902249264883193,0
77,0.3222867700784071,0
119,0.31456650290688487,1
22,0.443293733002703,0
31,0.321943604963934,0
77,0.30881367600679266,0
61,0.29806367471116385,0
140,0.2905626344325997,1
