0.0,0.5,1
2573.6564681388363,0.5263157894736842,1
3940.0,0.5342465753424658,0
2244.639375786394,0.4584303069828402,1
918.0936184092177,0.5424713008170932,1
3610.095299026139,0.55475366250812,0
1971.108719658278,0.4641454208750659,1
790.9459822239488,0.5520610534302561,1
3391.5414172770365,0.5644228398783807,1
3306.8273553046897,0.4939888207811743,1
2734.3006990291233,0.48397061438101074,1
1439.0164139748524,0.5644599622304018,1
2999.015583868519,0.5844972689479246,1
718.8641570668485,0.567175379013904,1
1962.157414413873,0.5800215528029505,1
3480.26256913174,0.5965478973560192,1
2566.741024811531,0.5273876662489855,1
3150.5395164404918,0.6024352805667543,1
1314.2567620432797,0.5337876871892622,1
1868.231934221692,0.6105777845248337,1
3983.067658679021,0.6179045230526711,0
3308.0506992591154,0.5133473125845819,1
2893.0430833793844,0.5188194963571061,1
837.7367391271248,0.5995753634506176,1
3185.1179655073947,0.60627666502101,1
2386.4737839868462,0.5063573877712945,1
3537.912382559707,0.5835651808057217,1
1039.6519158713527,0.51344432071877,1
2073.0192319543344,0.5956666580636164,1
2238.0446347022103,0.61492142525908,1
996.2340545662403,0.6246493451523423,1
3396.3833754882153,0.63017831658169,1
4393.917518013245,0.5242840817689053,0
697.766343353034,0.5001869357102338,1
4971.154759577676,0.5971268225884414,0
1626.0181218472828,0.49812372596268617,1
3514.418459781372,0.5928759694316988,1
4308.604219712306,0.5093396138430127,0
2203.3916095274312,0.49391406538036753,1
1113.2157130962773,0.5877254715986321,1
3193.2520615697927,0.6071387720558922,1
1036.5777966057535,0.5318868645269804,1
749.906396327973,0.6171695778875859,1
2323.6683900108364,0.6224267559415739,1
3328.391653119587,0.6137876530650095,1
1852.8160700029184,0.5241568500044859,1
3448.533914277509,0.6073558446016475,1
4409.1875369517375,0.5210717234878605,0
4529.389691576836,0.4985930555611442,0
2029.452971866814,0.5063992805452266,1
3195.6678198312297,0.6071147115575442,1
1497.7215681598425,0.5358815637280803,1
3978.59847351555,0.6167106323504425,0
1994.599712189312,0.48856943579913226,1
4364.073458488522,0.5951964439296218,0
2450.99819273449,0.4962879464212948,1
1340.2403411041723,0.5985464571458347,1
2181.5768924714616,0.6016781959003782,1
703.1084483375153,0.6114434409054633,1
3935.058639756852,0.619019733088645,0
1154.3535544887422,0.4867764182792219,1
3725.7199514115296,0.5952065378850631,0
1365.9863502847543,0.4755926834684908,1
1222.7810304337688,0.588869527929814,1
4206.808535297929,0.5947919939040164,0
3936.9477577206635,0.48668777692482623,0
1980.1110601424643,0.48707028010009334,1
3336.679605118158,0.5874286174659582,1
1879.667312889603,0.49387449407933826,1
2429.8914371385827,0.5958165704284534,1
3881.8817085179744,0.5777662560530294,0
1779.6872093583543,0.48823645181675024,1
3427.245487282458,0.5879677954764612,1
1063.993466292824,0.49759642554212935,1
3219.4937232260318,0.5945326211864792,1
4813.062562689788,0.5140451248677456,0
3933.7993198114345,0.48371123735772753,0
3684.5906090843246,0.4956388382548917,0
2198.521745762292,0.47923155936439865,1
3045.4874977191485,0.5826113323374227,1
3159.6134350251714,0.5249557553225884,1
2884.913963744293,0.5313400605364798,1
2584.9670494246707,0.569573309917015,1
2228.5496626168297,0.5820953552311238,1
3287.9650990149075,0.6152201165515041,1
580.9706475877953,0.5325852822511632,1
4034.7325265355144,0.6149020464857273,0
2521.453132879386,0.4936799486540805,1
708.6306404450613,0.5935619785068955,1
1680.0782274194596,0.6083525940722971,1
2020.3270708468751,0.6183159153222839,1
725.2461969813294,0.625450585405456,1
3836.123122756697,0.6300928981217098,0
3900.328039272193,0.5119002135665238,0
1310.1893522821115,0.4887258905604559,1
3561.8762763815425,0.591487515043724,1
1488.427255198826,0.5134268311922858,1
2246.3212245208256,0.6063839059543552,1
1487.0768918314934,0.6139863047698035,1
1232.0161352578552,0.6214053205896813,1
2418.137813492633,0.6268682554275281,1
3794.7717061770745,0.6302193314184287,0
1029.2584187344,0.49355256181678797,1
4162.487493075484,0.5953553610588824,0
4026.644604243843,0.47308530346112354,0
3255.4278045647325,0.46851335151721896,1
3594.9286435748977,0.47387072756825704,1
2605.553058638338,0.47626580890356424,1
2104.372027258224,0.5882146720284094,1
3314.468567973547,0.6007381416156636,1
4296.8962719259625,0.5182509595519127,0
3957.496842553015,0.491678119869687,0
3079.760976142135,0.4986258924168344,1
2104.6109855683926,0.4872495006864035,1
1901.7116249768023,0.5902506850083189,1
2265.4261786460957,0.6060489947515295,1
1062.8698193993519,0.6153722403928388,1
2935.05271124467,0.6215224326463565,1
1636.272328767892,0.6052602805689921,1
1957.1369300149663,0.6217576428690264,1
820.6657010403225,0.6254788533651563,1
2017.6821986954617,0.6288499903565393,1
797.0317022082213,0.6312026059636039,1
1361.3064508715286,0.63227853199163,1
2373.9248876511197,0.6324818019214768,1
1017.7519813979425,0.6322280874000605,1
3953.9988524077708,0.6318013871785294,0
1437.9552039269909,0.4929901476124814,1
3100.6606103135796,0.5952751059281336,1
3242.9636878728634,0.5414201273309585,1
3311.1583540772885,0.5083435558744522,1
1117.0067831040847,0.517784573372036,1
2365.7211863456714,0.6198437216168069,1
2275.5513137732373,0.6288304370922284,1
3284.3770438847337,0.6330336004067503,1
671.8104299575767,0.5283178020507542,1
909.2319405255464,0.6128654371309249,1
2776.7119153091126,0.6286413778697881,1
1818.8867810440013,0.5966327435326871,1
3040.4608623084023,0.6198624561796501,1
3497.133285592802,0.5258020403735747,1
2528.761593594836,0.508667440044927,1
1154.715059180027,0.6122713570702375,1
931.0345447870618,0.6319156735301756,1
1075.6134664217834,0.6389841954023827,1
2397.4662733797986,0.6426002135634663,1
2689.897965413085,0.6280740491107117,1
4965.017940843866,0.6010022680178915,0
926.8767543992523,0.5070983987399654,1
1679.7707318064615,0.6157232957447255,1
1763.4963311130653,0.6312817495694707,1
1982.9698455070613,0.6355251301686631,1
2434.4060602747713,0.6376653357029324,1
2806.8956133254665,0.6384272314249284,1
3850.603232777338,0.620802883502735,0
2843.95711504145,0.5112098297387031,1
804.6540068576429,0.6006862879305472,1
1729.2418574246049,0.6295697792765311,1
2694.4287096653693,0.6326624767065491,1
1460.9460976496146,0.6193339776734039,1
3283.8379835140913,0.6344111426529473,1
3734.3011975271043,0.5528806768231206,0
3658.1795496944487,0.5377701792325693,0
2194.228780261394,0.5047612594919055,1
1880.469098447913,0.6090661307734584,1
2291.3873977966464,0.6219596769535902,1
2146.931776745539,0.6268024473713667,1
1725.659854603279,0.6310015461607946,1
4803.642768669016,0.6335102535597554,0
2719.8177232233256,0.49580060051414987,1
3818.071870282408,0.5873326375989196,0
4968.050802923801,0.4916973512296835,0
1478.299837753299,0.48142706598614904,1
2389.7246618362556,0.5997168561003557,1
3500.1973640090437,0.6099779960438667,1
1490.372927830513,0.5263600940656332,1
2273.5137949639766,0.614116566046766,1
3443.5811637936736,0.6216927007607467,1
1566.8513955837534,0.5386465414821645,1
3448.473453347341,0.6226467812309687,1
2320.252130226455,0.54352010137249,1
4257.5947513733645,0.6251774640956808,0
1734.4986071169465,0.49684826396679854,1
847.5633957711309,0.6078110909931553,1
3961.7888912362005,0.6159651005760484,0
1525.9472816479122,0.5118666863264262,1
1085.1598385652444,0.6144230947179526,1
1531.4579077776789,0.6150303783776597,1
3154.9274887434335,0.6242900276816578,1
2900.3510676307537,0.5426822242776993,1
3293.983984618555,0.5858317179248265,1
793.1145593540145,0.5394169074783896,1
2703.2356658167005,0.6375627306928904,1
2627.1004080369607,0.6231726668136618,1
3663.3756875491977,0.6272413847020698,0
1171.2726460450115,0.5167460759128648,1
1300.9062521415804,0.6180224064180911,1
2207.9287039575497,0.6304060685571946,1
3512.54930888747,0.6352444160779424,1
2352.747999156869,0.5201269803713626,1
1945.7221516839038,0.6216689125776063,1
4220.10409031104,0.6366429909724309,0
2856.300817023206,0.526614297095771,1
1790.402663363124,0.5811745896430826,1
560.4030192828862,0.6152164049444738,1
1473.1785290377613,0.6223046892547648,1
4236.963002833809,0.6302198605054129,0
941.5956633989282,0.5174911435733563,1
3408.509048897183,0.619659262097257,1
1612.5036868886673,0.5063433596664595,1
3952.620071828946,0.6154762901827708,0
2211.513659239459,0.5100088310193024,1
1515.6174321931287,0.6169460081164856,1
1636.7865140374172,0.6145444831447985,1
1188.0652485441933,0.6248597881133318,1
2560.499658068877,0.6326404466969204,1
1078.8559233685046,0.6382990626019973,1
3328.9367171697977,0.6419303537274073,1
1100.1450693498675,0.523358348704427,1
866.0092196334324,0.6261434184781858,1
2176.9534298151116,0.6403932208939767,1
2191.394249021267,0.6457749455524111,1
2001.7031927136015,0.6482385370502172,1
3889.610917172952,0.6490710666335395,0
3274.0355840598504,0.5273785874653525,1
3144.377934786914,0.5112713761551968,1
3177.9809459328176,0.5023922858727569,1
3459.8599608084105,0.5284103423352876,1
2480.0042459597557,0.538347299366242,1
2555.7438146930003,0.6255132489928044,1
686.3843258290696,0.6274997868783728,1
732.4941558106041,0.6339605606959519,1
509.81715994366766,0.6385080552013755,1
2738.173587505641,0.641267189453183,1
4817.865049728234,0.5952270442746972,0
1026.0299873978445,0.5097437163553069,1
4759.258850485227,0.6189874456851409,0
2944.722291044208,0.5204560866716258,1
1278.0480985451882,0.6181693583108301,1
3520.7050832413693,0.6198869936893704,1
2357.2289734036135,0.5130907909435042,1
2279.7284765867626,0.6059036842757037,1
3752.416506990268,0.6388461728985417,0
4751.60411852128,0.49472006195201246,0
2576.6889309172357,0.49016454465783177,1
3501.516902873526,0.588887756907474,1
1167.885678122505,0.5005641248455764,1
3711.411408896094,0.6074240163539654,0
1768.0112986779257,0.4767329333617242,1
1366.172381612865,0.606934660350314,1
790.3934653066467,0.6129129311138701,1
2970.8336131096344,0.6230442846316777,1
735.1699398922333,0.6309938040684613,1
2897.895190565676,0.6365854386007583,1
3683.9806319263025,0.6401661197433313,0
1530.9905664197488,0.5225936536380734,1
976.0151923477734,0.6238565882839419,1
4674.676084156885,0.6256600058465187,0
2760.955619287747,0.4925517013249877,1
720.1956899123747,0.6110707851493973,1
4297.038191315879,0.6174869333647318,0
2024.5825031865784,0.4812444698296635,1
928.4810106598295,0.6132451455235902,1
2299.061167425858,0.616446723440323,1
2344.4689540808604,0.6271561400255734,1
2824.659065278128,0.6347232898252382,1
1528.3406908957945,0.6183485976390791,1
2745.8471126909126,0.6428302619270705,1
2707.739525744719,0.6422395084198685,1
3115.4331751803884,0.628452160555967,1
3970.9457455598917,0.5312879648938057,0
1979.64478826527,0.5113951144125874,1
1001.6634508303297,0.6234011112216996,1
697.289590492115,0.6352773794272846,1
927.1185196377785,0.6398697227776808,1
2668.928682346246,0.6429936445734951,1
3452.025428277422,0.5963588224863929,1
665.5240949747167,0.5179753745879494,1
1825.667330537689,0.6291073777565244,1
2461.721293064138,0.6424992822536719,1
1535.0723848128155,0.6462022071832733,1
1027.9158405546734,0.6481682003994212,1
959.5334244277086,0.6488335935732986,1
1128.978382918672,0.6487492155383335,1
1125.6940012065534,0.6483188680365977,1
2902.8019426522587,0.647789220375632,1
946.7171960478131,0.5983481591199813,1
4667.893929774627,0.6334450577213004,0
3558.9175620449987,0.4984992017966068,1
1710.5085194570436,0.5043195574006012,1
2327.063614385655,0.6206958313861154,1
3994.0332016301504,0.6303300548513164,0
875.8979215464848,0.5228286775853618,1
1829.7670930524332,0.6256171510784051,1
894.4124970340729,0.6253898617399488,1
1411.2772992304776,0.6344338914387515,1
2046.9312223760662,0.6408920530494534,1
1627.1844586948082,0.64497145219965,1
3216.3960471148907,0.6472423666696004,1
1440.4678983009053,0.559316236264623,1
2110.3962424120537,0.6449799264837122,1
2426.8638596024502,0.6468519734438245,1
3407.3245846920504,0.6500367486350724,1
3281.8467744126747,0.5317605654744725,1
3649.0637488751995,0.5205248016737292,0
696.4722532071855,0.5431436091376294,1
1100.0919405097825,0.6357353392249134,1
1261.8844729753387,0.6387944899357062,1
998.6314429654567,0.6417263987221226,1
732.7523800553271,0.6438665132303935,1
3904.0045917474426,0.6447793964629289,0
2915.2905523825293,0.5041484332909416,1
3585.7602127280143,0.5763587891405086,1
2200.6298275309864,0.5313025599200063,1
2934.2192979446377,0.6100302974198749,1
3012.9830579780933,0.5927181140448047,1
3152.712991542688,0.5437013243472735,1
725.0798076489311,0.551637195859077,1
2584.29068070811,0.6341382090166398,1
2823.157847788092,0.6361731837651221,1
1347.6413720666526,0.641308642569591,1
1361.565469444153,0.6447396487669197,1
3542.2874070156604,0.6464646332466907,1
3682.186285872847,0.5294136321517848,0
880.9017056416343,0.5408250580121733,1
829.7511580537541,0.6334391515338855,1
2112.4233154193594,0.6370217731070125,1
676.2980776878221,0.6402467666078603,1
1892.5648145097707,0.6423150922095803,1
2268.0593835261966,0.6431524113516855,1
1327.9211082180548,0.6432395811742926,1
4681.269140892293,0.6429699840482052,0
1268.452988543287,0.4925871150611656,1
1989.8825396492607,0.619155592503491,1
2642.5241465880035,0.6247071983505631,1
3745.80244243682,0.63208794676208,0
1543.1690087473105,0.4929108567356615,1
1149.501993056631,0.6163579189367144,1
2601.6034030606484,0.6197119095240382,1
2124.2477415760923,0.6078245301635494,1
1673.6633238301524,0.6338070412044643,1
2865.9921656311117,0.6344623112967558,1
3213.989527728841,0.622134967285669,1
2714.129308398925,0.5284276391709487,1
2558.006525244817,0.6315083022911143,1
3836.4011738450977,0.6405702365833731,0
1933.5747459775287,0.5008967092710083,1
3709.2059920860643,0.6275557917026271,0
1952.2228468818203,0.48942876689186154,1
4222.347364460381,0.6209183030114518,0
1631.2136251209386,0.5022744272198573,1
2213.5648600414997,0.6178439121356784,1
3611.9990446569764,0.6102515842536816,0
4365.965958653809,0.48516999176795134,0
3444.5978049774985,0.494263410519451,1
5001.223109775001,0.5170132531070386,0
1016.930206613147,0.4869472826755219,1
2494.1556258655837,0.6055676950837723,1
2040.4453864699037,0.5775099298089659,1
1499.531935545589,0.613004810079039,1
2466.4362281629124,0.6113915384576926,1
1302.674239091283,0.5927189254102283,1
791.0943287891732,0.618532238939444,1
2251.299975521883,0.6329972669093994,1
3470.8795561027587,0.6391464187320124,1
2481.2856258672823,0.5294562387164956,1
4717.809090106255,0.629682362202923,0
4896.649518836107,0.5087982931722242,0
3657.6480923986987,0.5037925583212495,0
1082.9117137741239,0.49653215937001416,1
3272.689626548144,0.6067551494624792,1
1684.5971084743712,0.5125147280912331,1
901.718158111201,0.6119445868609218,1
4630.155474812785,0.6183340470246889,0
2942.6036180916094,0.5018391599156768,1
2054.8859750752563,0.5915864377303443,1
2222.737295542241,0.6143903367736037,1
1954.9035403272128,0.6164352924687876,1
1188.7383946372745,0.6247446069466998,1
4151.588301189787,0.6314148217287392,0
1555.6357969607702,0.49164595666548006,1
2721.4382133905006,0.6155459978170641,1
1680.398050351142,0.6215212716806918,1
1282.2943070943497,0.6301585289044469,1
2849.4893696015315,0.6358606625779428,1
1004.779415006761,0.5874831520520724,1
1037.4125249625502,0.6293784712700465,1
4191.98612695937,0.6381389826302227,0
4028.326931465478,0.4940351534184773,0
547.4782893226406,0.48854302174205977,1
4073.314494351365,0.6149521051283652,0
1324.557527261398,0.47981585593409526,1
1126.514017868284,0.610172386714469,1
3331.620125542444,0.6141048222108245,1
3384.39233272413,0.5068100154092654,1
2254.6504010134986,0.5311558088604283,1
2639.205324870109,0.5936054203795431,1
1655.2195351911946,0.614933472754712,1
993.9375069743631,0.6326816829223496,1
1479.584809474661,0.6404037632853646,1
3225.122659460613,0.6441709073363191,1
1770.0238210425393,0.5599207734332914,1
3786.1645299672764,0.6459572598998694,0
4237.554750072721,0.5026110038920468,0
1075.8592309185826,0.496008215934881,1
4275.181546263009,0.6115032586784687,0
2406.4184744106633,0.5018557015477324,1
1004.7948477698519,0.6110295452991672,1
1986.4979558306873,0.6120680395731022,1
2236.763585629487,0.6222446692576831,1
2581.5544587098366,0.6300756605558655,1
2568.4806228666284,0.6132256165252061,1
2992.7533044456227,0.6368125972507422,1
4062.424335745108,0.619294523310669,0
1770.1937162881607,0.5098718257102195,1
1996.35434463291,0.6193934285732403,1
938.8923070220249,0.6286197230204025,1
2890.226226010556,0.6346733372810743,1
4098.366142515417,0.6241157241747379,0
2675.8410209338754,0.5024763192589335,1
1167.0902202633324,0.6162228045117946,1
2286.6833934182587,0.6229680232893766,1
3301.003282228799,0.63085783118719,1
3227.155742597456,0.5140961947932183,1
3230.209158860907,0.5087019753638908,1
1517.7582520165834,0.5406815580162143,1
3579.908597278714,0.6349919620844284,1
1154.7623284609601,0.5279588251295335,1
3461.330172941908,0.6279287309339234,1
2217.945308136198,0.5558574431455217,1
4671.861772955539,0.639173463738546,0
1827.439824694671,0.513322144543356,1
936.9528852443528,0.622379840491604,1
776.6982556129481,0.6254988520672183,1
3169.4061232640584,0.6358707124692169,1
3846.330866873742,0.5272369562840512,0
1530.8877827038896,0.5099711208201833,1
2242.2222708479967,0.6267441678050624,1
1071.457181715437,0.6348008466223303,1
3314.5460607850987,0.6403243568202123,1
1122.0021904603989,0.5573906816696436,1
666.3308334251919,0.6422020500991005,1
4411.874852651777,0.6445098540451722,0
2078.9931173062328,0.4982351977803464,1
2690.196026533799,0.6270980871894203,1
1291.6858502558973,0.5765601947880635,1
2728.9809358788975,0.631300431135625,1
3215.9330250575576,0.6195700907969449,1
3291.752920853909,0.5197658222685178,1
808.175810636119,0.5504182017977667,1
3193.3574158377232,0.637543203668021,1
700.9268979025378,0.5575672874224458,1
1826.4590837570627,0.6419441418003952,1
3334.2413483683845,0.6394017252110549,1
3117.016955312764,0.5329126353473964,1
4844.235560184038,0.525476684785859,0
1090.6281076165312,0.5169817794676018,1
907.7766221302519,0.6273406055066625,1
1162.0091476528694,0.6346889581596546,1
1809.739564653546,0.64135768273854,1
1757.4456221426508,0.646291849170557,1
3518.7061140292435,0.6489618886860331,1
1871.7719998917942,0.536527096773896,1
2632.29025427113,0.6368111947504165,1
5001.320965678842,0.6037796792271097,0
1181.1102112895464,0.5202511555961757,1
3627.8356035322818,0.630757902157683,0
1860.0938231393366,0.4997046287782425,1
4319.556676944527,0.6253073608653653,0
4212.454288435001,0.5139978730482702,0
1980.128952399828,0.4908020073005167,1
1312.9100542713677,0.6139907192496827,1
3109.1635291927996,0.6095395667917778,1
636.3610943862196,0.5008680176996716,1
1552.119806367381,0.62458406877339,1
825.3304533035641,0.6263473753519637,1
2288.191312496153,0.6344124135892418,1
1875.7730805922702,0.640209872205798,1
2363.524454388486,0.6437127490592212,1
2497.4682424741673,0.6454000992926571,1
1112.260616227909,0.6458557538745372,1
1510.9431831026213,0.6456201672303048,1
2997.158696067756,0.645087694372616,1
2638.507147949002,0.5919994550374416,1
2863.5366588846687,0.621537750314862,1
1996.8631327911803,0.6301576750398494,1
2354.598264678145,0.6452201754943266,1
2109.0447121158277,0.6438650826166143,1
3089.6197704294955,0.6459822371210382,1
1186.0408584391855,0.5622229839915736,1
3310.076749574358,0.6434480675667835,1
1345.0605879520615,0.5636960226373887,1
3227.021808256931,0.6434896594346529,1
1974.1323092193377,0.5645832958312152,1
1410.6549865798984,0.6432435363423944,1
2904.9131838755047,0.6430578435138021,1
638.8784846733289,0.6346038015467284,1
3445.5789803300763,0.6500055392502572,1
4060.537421053253,0.5664310733517085,0
2228.4200557251675,0.5506670864608151,1
