0,0.5,0
171,0.3333333333333333,1
181,0.46374324968066416,1
233,0.46374724460288674,1
152,0.543825955088413,1
85,0.4444444444444444,0
159,0.3502630362308583,1
168,0.48413909168052904,1
47,0.4400266326765786,0
192,0.3576141662130557,1
219,0.49403033392350515,1
204,0.6126259917299216,1
66,0.5203805560784464,0
171,0.36649521337827146,1
203,0.5020985644896314,1
144,0.5230441682905511,1
123,0.4445864103747491,1
165,0.4484324430123149,1
198,0.4970614795470137,1
143,0.45356660152337097,1
248,0.49936455996348994,1
58,0.5484466288511457,0
137,0.3368490848165684,1
79,0.46028074604723923,0
178,0.36522570484841066,1
164,0.5035888741775411,1
98,0.4465169221496875,0
172,0.3665483814497293,1
160,0.5000805275433506,1
131,0.4438445918913802,1
231,0.49997176652359654,1
46,0.543662741720725,0
32,0.32379479420667984,0
37,0.3233298639081379,0
82,0.31305486995024534,0
24,0.3090463826179861,0
30,0.30787215072307006,0
111,0.30757384917591557,1
109,0.4475135415380802,1
142,0.4508358188301491,1
107,0.45543593656949133,1
26,0.46283802127325274,0
76,0.33560024068425753,0
153,0.37518721925923315,1
94,0.43698461658440246,0
59,0.31622987633654165,0
103,0.30833196110040106,0
167,0.4229798832724242,1
205,0.4999427919801377,1
34,0.5330752555488332,0
84,0.31435349242525695,0
147,0.31343517156570555,1
47,0.44636801178310814,0
87,0.31991856456293477,0
140,0.31123428527024405,1
88,0.44226055264246195,0
157,0.3183435380523938,1
119,0.45352174406667967,1
191,0.4966226218703239,1
157,0.4408537615185518,1
226,0.500737850521504,1
121,0.5432158444151485,1
77,0.4606102748047831,0
103,0.343537373188987,0
231,0.4976628503244279,1
133,0.5384413620014703,1
74,0.4580880204731849,0
74,0.33012737984618473,0
34,0.3190086426799608,0
35,0.31473206785357316,0
107,0.31313640611054816,1
69,0.4533879678068794,0
101,0.3377422065995175,0
136,0.43340215812869043,1
145,0.4507001639630813,1
237,0.5022964427385863,1
81,0.5537557730136488,0
142,0.3479820380310806,1
60,0.4622520331747013,0
166,0.36574717357504644,1
166,0.4550574547930648,1
237,0.5032707175580085,1
115,0.5505840809113919,1
54,0.4699773953942444,0
56,0.3451649149203588,0
85,0.3292632119277966,0
100,0.31875858674292046,0
39,0.4225602520965993,0
92,0.3160961717133252,0
59,0.3114952189256023,0
117,0.3115862354279764,1
129,0.45261246697707913,1
143,0.4633183924171261,1
147,0.47031028727795343,1
148,0.47507859535958746,1
126,0.4688125335897819,1
190,0.5032047747365909,1
97,0.4637213842635972,0
207,0.37001888053546306,1
155,0.5444640622710027,1
111,0.4729178523295864,1
217,0.5030772604524416,1
115,0.560793137703817,1
172,0.4853931594915861,1
45,0.4766008180257135,0
156,0.37100741754090405,1
145,0.4604965082076823,1
193,0.5034685533904794,1
60,0.46705257244402765,0
207,0.370106783204929,1
27,0.5487800396076474,0
42,0.3429526231175998,0
168,0.33471158756147,1
152,0.46667310733341905,1
52,0.47008628789639845,0
155,0.3703540054259846,1
45,0.45979393317313644,0
204,0.37127185760187775,1
111,0.5484955440658807,1
125,0.43877635810541793,1
95,0.4640893205644515,0
81,0.3335605954479263,0
109,0.32061445200392386,1
96,0.4509938237636156,0
163,0.3276184541981633,1
52,0.462170683584725,0
169,0.37368753381609715,1
25,0.4548481820688867,0
227,0.3717620484622271,1
154,0.5438943490270416,1
69,0.4553461745421926,0
157,0.3720243184989717,1
69,0.45678669048317644,0
199,0.3724391791386084,1
119,0.45387971594714915,1
171,0.45416306980652965,1
163,0.5124124406487709,1
85,0.4595677731695499,0
215,0.37158999409727833,1
226,0.5902062117190789,1
174,0.5381067129127616,1
55,0.4573853147647384,0
108,0.33659929056532717,1
153,0.46381064304746145,1
71,0.46616148145973907,0
172,0.3723916521977938,1
62,0.4634556944578808,0
179,0.37140257649003244,1
174,0.4583111045640093,1
127,0.45116933442193996,1
151,0.4620509399201433,1
242,0.5177160841668964,1
100,0.5456602820456226,0
55,0.4419782341291969,0
232,0.37479778010879394,1
123,0.5374077255092525,1
32,0.4463952413266933,0
154,0.373715336443413,1
68,0.44209567163081803,0
207,0.37358047080251905,1
163,0.5307996359753031,1
124,0.44306222725820954,1
198,0.49896470772022444,1
106,0.44768481430998364,1
132,0.4566017701628685,1
44,0.4572376141401295,0
30,0.3318471704486188,0
28,0.31759246577321815,0
123,0.31212040663889523,1
119,0.45105158510823995,1
76,0.45992795727966274,0
88,0.3339188135882984,0
128,0.3204884275936456,1
151,0.4497969416743368,1
216,0.5177150168735155,1
31,0.5426958932052388,0
69,0.3297928855820803,0
29,0.32433179733745987,0
75,0.3156622755491305,0
165,0.3117511567115854,1
174,0.4592436978472698,1
215,0.5081517854619743,1
110,0.548104991229592,1
88,0.46238878981876314,0
72,0.33117019748131915,0
75,0.3196243720882721,0
88,0.3124072767168957,0
169,0.30934783397169247,1
143,0.4517404899649205,1
59,0.4583612392224694,0
129,0.3304034119436994,1
61,0.45225619448618265,0
156,0.375661585991368,1
169,0.4503746020729028,1
211,0.5165015492269656,1
151,0.5488149742915608,1
165,0.45910330005035227,1
170,0.5167100004824858,1
111,0.4649169591328547,1
120,0.4726071014326365,1
66,0.4703391468105212,0
188,0.3765323417382327,1
165,0.45878548112864526,1
195,0.5089914141469115,1
82,0.46471297078628193,0
231,0.3768242044485566,1
121,0.5475054407162122,1
90,0.4574533945348173,0
178,0.37593324791459265,1
27,0.4553913966527455,0
232,0.37502777896301376,1
93,0.5433717425083447,0
68,0.32148767426118896,0
100,0.31998706974519797,0
81,0.41671377877707705,0
118,0.3039912804645006,1
124,0.44498998254873107,1
71,0.4502632160380736,0
34,0.3284801739866893,0
88,0.31584864321661105,0
41,0.3075892216944413,0
47,0.3043748534978231,0
112,0.30338696135091553,1
73,0.44549237874989633,0
165,0.3738008350685632,1
49,0.44042633048180435,0
216,0.37302985581271864,1
105,0.5328533670768174,1
46,0.44829038027239965,0
69,0.32917524039791995,0
147,0.3165003250993567,1
97,0.4492404155771458,0
89,0.333342908963035,0
125,0.31733008035818705,1
154,0.4492349533503146,1
50,0.4570688055146934,0
189,0.3731333642577673,1
141,0.448877640007966,1
231,0.5125154754696486,1
59,0.5430287916719609,0
77,0.32732247450206486,0
108,0.32246272468886106,1
62,0.45312065601931684,0
62,0.3291606518720436,0
77,0.31602726527020675,0
139,0.3072019735629027,1
160,0.44436752544929825,1
157,0.5142680838008362,1
112,0.4396732719575241,1
137,0.45689931226931413,1
27,0.4556745158488359,0
164,0.374363440769502,1
85,0.44689353915355223,0
229,0.3744426958551403,1
111,0.5361877526125183,1
167,0.4539980210981561,1
145,0.457817055667788,1
181,0.5071071075565134,1
95,0.4605295601502565,0
202,0.3755948598276127,1
79,0.5390926579813298,0
119,0.3286966262337486,1
120,0.4546448697366811,1
152,0.5043521877300713,1
65,0.44666488212759703,0
182,0.3762128518607405,1
58,0.44973653294397054,0
244,0.37587654337239357,1
51,0.5368281570877925,0
39,0.31872070434521205,0
77,0.3207275634481372,0
54,0.310748431078394,0
166,0.3058192733292605,1
137,0.45644685116397254,1
239,0.5107470944680289,1
138,0.5412121246929064,1
126,0.4520978015818799,1
190,0.5105318122812887,1
28,0.4507813383686615,0
233,0.37644991472274236,1
46,0.545185597072829,0
109,0.3081527408331591,1
173,0.4571755522010297,1
164,0.5158546438666605,1
28,0.4358189438491487,0
245,0.3762550989562007,1
55,0.5407639838691798,0
90,0.3131984907827224,0
72,0.3187069098715354,0
54,0.3081145925678682,0
134,0.3028881674694117,1
149,0.44647019838893914,1
159,0.45345644867941914,1
131,0.4485057149997878,1
222,0.5088164151798931,1
154,0.5505176178415984,1
95,0.47220036495210627,0
119,0.3457532839709272,1
154,0.4670556371125977,1
176,0.519173783926009,1
114,0.46316677471380563,1
222,0.5006070284211189,1
39,0.5626334790117772,0
75,0.34002897512646785,0
50,0.33676029423172055,0
29,0.3259688092585553,0
62,0.32047262182305103,0
136,0.31842650064946987,1
59,0.4584823586602768,0
159,0.33397815743505493,1
55,0.4612299885119722,0
191,0.3754194790357482,1
26,0.45678860342824784,0
153,0.32235653071506637,1
98,0.46896220038957825,0
133,0.32486338713599205,1
132,0.4672084492743255,1
43,0.4475968546600936,0
103,0.3419095131356191,0
151,0.43406987778689665,1
145,0.4522553589534777,1
91,0.45221157300321074,0
111,0.32907648132775974,1
35,0.4592399519401294,0
78,0.3364605605447308,0
33,0.32221635605065985,0
137,0.3110992195985658,1
53,0.45020660329495654,0
210,0.3743360554696208,1
162,0.5368525307571275,1
61,0.44218121141520195,0
178,0.3755235165864068,1
161,0.44105524823795533,1
249,0.5083202629186627,1
81,0.5452524302891731,0
80,0.3219614086378196,0
72,0.31362584767033724,0
137,0.3049950438967616,1
101,0.4476641446136568,0
123,0.4307113859685664,1
156,0.44337133214126495,1
48,0.45225050834056224,0
110,0.331768971779023,1
158,0.4563381327067937,1
241,0.5197120019510981,1
173,0.5344749650288405,1
35,0.4645086395983264,0
54,0.34660612283091474,0
87,0.33063640818075235,0
152,0.31962935729709496,1
61,0.4592966820286128,0
25,0.33367423744506325,0
161,0.3230825612603603,1
61,0.4633092252620732,0
122,0.3275697703437703,1
163,0.4584214414854983,1
34,0.46450469528931504,0
128,0.329096842386819,1
99,0.4656008102156268,0
161,0.327906949181921,1
105,0.4584889968226354,1
174,0.45049312123689716,1
67,0.46231329696117973,0
81,0.3341264441146278,0
68,0.32860316251003097,0
74,0.31639620016409187,0
59,0.3103192715630688,0
120,0.3081900037945592,1
157,0.4504654352049895,1
153,0.4522242398276345,1
220,0.5072978159555575,1
140,0.5406846062202524,1
64,0.45230386821075963,0
54,0.33447483530220096,0
67,0.3259898723212229,0
125,0.31789785561333844,1
111,0.45613300579360955,1
207,0.5075235519945879,1
142,0.538328738656729,1
45,0.4638517080003711,0
91,0.34613769608972705,0
34,0.33188067172786545,0
93,0.32398816305780326,0
119,0.3201538631184833,1
76,0.459789560013386,0
156,0.3366990762823458,1
119,0.4670482533010112,1
92,0.46347903800843404,0
144,0.33768163102970106,1
83,0.4731509049373381,0
75,0.3340757898217587,0
174,0.318425457698716,1
125,0.4622179508565205,1
170,0.4595174428358141,1
154,0.5172696413350713,1
149,0.4628097466631428,1
232,0.5142698999135455,1
90,0.5593662204010618,0
88,0.3419261917605718,0
128,0.3286999900537973,1
137,0.4595850472427414,1
162,0.4667677703067739,1
161,0.46045081137781196,1
40,0.4689572162717917,0
74,0.34548917756552444,0
34,0.3329981538133891,0
75,0.32379609172443397,0
106,0.3195385514545348,1
101,0.4590332842501448,0
75,0.447305265338768,0
128,0.3229497585469206,1
93,0.4524618300922676,0
172,0.37536323831854934,1
157,0.4461754464357949,1
170,0.5165417374638847,1
45,0.46030922309167877,0
168,0.3751015901421735,1
63,0.44770171748987486,0
168,0.37422038258611434,1
84,0.44442912738606444,0
195,0.3751007183028927,1
161,0.4416496512665672,1
200,0.5126990622073248,1
142,0.447375572465046,1
248,0.5101999704940571,1
41,0.5483352436985873,0
88,0.3329705503683475,0
25,0.32206162768591895,0
115,0.31320651890277795,1
144,0.45050390914554383,1
144,0.46054837377032776,1
43,0.4619576820908893,0
202,0.376360121952349,1
101,0.5422024885815149,0
107,0.44243781110277125,1
174,0.4530934091882889,1
137,0.46497756296869086,1
49,0.4626802241687981,0
179,0.3760889982507041,1
69,0.45551998197668986,0
152,0.375483063492967,1
161,0.4502893532850226,1
155,0.510938598427755,1
122,0.45127293434228,1
229,0.5033817135959318,1
54,0.5528759199797009,0
104,0.33835926104998276,0
44,0.4426530647276395,0
93,0.32297038624763863,0
45,0.31400153662615493,0
46,0.3123813931803957,0
59,0.3119808224146868,0
105,0.31186899960452874,1
160,0.45059900290627364,1
168,0.5129280456773123,1
156,0.45213211745065435,1
198,0.5114525474218137,1
105,0.463793547336506,1
158,0.4729181141410953,1
165,0.46820487096059005,1
165,0.5071262272057748,1
67,0.47041823051260817,0
186,0.3753614837479115,1
118,0.45982912208792415,1
177,0.5079187309040913,1
39,0.46919363402283776,0
225,0.3751687360919593,1
173,0.5491348770310791,1
171,0.4818528132263043,1
72,0.47565045748556034,0
222,0.3743489686372873,1
41,0.5547091942375209,0
129,0.34126073551009395,1
118,0.47407235572727935,1
30,0.4711695265088319,0
171,0.37564117678520215,1
156,0.45707520630289566,1
172,0.514054484000744,1
152,0.46894961813779923,1
76,0.4701190831592007,0
233,0.3736104422934009,1
155,0.556160076680614,1
93,0.46873382764238525,0
207,0.37353234298069116,1
51,0.5571845784242229,0
52,0.3267149358393644,0
89,0.3223346228550648,0
25,0.3128494696160937,0
149,0.3084992555412618,1
49,0.4600358179240678,0
173,0.3736090456747554,1
92,0.4560772359895835,0
229,0.37259231670822285,1
156,0.5416539726832249,1
100,0.4413457124655076,0
67,0.4417163398923777,0
91,0.31510297122754083,0
173,0.30762341077324973,1
43,0.45151903703768864,0
113,0.3229285160328622,1
