0.0,0.5,1
1892.7132486916316,0.5263157894736842,1
4059.793370755385,0.5342465753424657,0
4788.978786920873,0.43209246935590784,0
810.8103111480726,0.45846353503377535,1
1532.86079216374,0.5465614710123641,1
3136.5762714350913,0.5613747402675267,1
2139.2202902171175,0.48709930886834907,1
1329.0732832051226,0.5632003391746825,1
2651.84207726148,0.5740525313804675,1
1765.731823433207,0.5557891923617261,1
1362.7248521271874,0.5662441470934924,1
1664.1422091675452,0.5796652418298769,1
2152.6098851930533,0.5849688459611597,1
2290.779975642262,0.5865169236377286,1
2997.434302164324,0.5863975046438844,1
748.1962344987361,0.5742760408440895,1
2696.536716579772,0.579254126603236,1
2122.511864424485,0.5597323636326789,1
2437.7802418425467,0.5676960229071224,1
2244.25325980816,0.5798857508123262,1
1130.1413057019129,0.5860722494735973,1
570.0694748407259,0.5883494308661673,1
4320.195351267327,0.58846979520871,0
2853.2684125336395,0.4693981854121566,1
1335.9594681527003,0.5453104470338537,1
1089.2213710523974,0.5690006450729473,1
1385.2832453951737,0.5844385862839621,1
3241.13573956063,0.5901973527106845,1
3796.2189545439064,0.49043272082631545,0
1785.5626604499819,0.475617699461205,1
3275.5929820854226,0.5664843802411179,1
2664.3565917859128,0.511068769157749,1
2944.066147388995,0.5850280719329789,1
4100.085321907243,0.5759394708662191,0
2013.0187084589688,0.4813553398068395,1
3984.1864930598094,0.5670458337163138,0
3651.649346010064,0.4677352759133126,0
1443.6778068828905,0.46690768942618494,1
2755.3945730614464,0.5560740668021911,1
2461.0034246929017,0.5653321339140421,1
1775.1770275028557,0.574428771525649,1
3070.0385747295645,0.5796549936665881,1
2615.3475846429046,0.5105441699900704,1
2149.522454676115,0.5650180971638699,1
1587.2263355376747,0.5781179034893817,1
3470.3821049805338,0.585006608066037,1
3163.0806053862284,0.503968436228234,1
3103.1659719316517,0.48786695372318356,1
3243.650113446376,0.48209442216057824,1
1322.2918555278982,0.4958046821886987,1
2025.2407781329914,0.5875498988915879,1
987.7240211091643,0.5937479892205153,1
2636.2052197610974,0.594976546991547,1
2901.7962320479837,0.5947514958967541,1
3357.2276777555435,0.56406801657784,1
3905.2135884030445,0.48644141832099963,0
4115.174804633659,0.48669574054715437,0
2143.660591014192,0.48194189097281626,1
3887.5517792808578,0.5640789706283629,0
2959.4420042085103,0.47825393271276095,1
908.2748595906113,0.5520679361678386,1
2352.570196422851,0.5576505779214511,1
2620.417038181239,0.5745752923973855,1
721.7578913246272,0.5844605404669858,1
3797.440178923333,0.5892529760921218,0
2599.99361978231,0.4736672504783367,1
2612.678240896407,0.5457702718116965,1
3400.292734835807,0.5446872224929694,1
2931.553468931893,0.4798684001057836,1
3222.4814843035,0.5719847028936431,1
1467.6849536369532,0.4953526644937919,1
2790.9657963240675,0.5757811014441544,1
2420.404623870178,0.5710919652080689,1
2991.6459647500124,0.5641817601247385,1
1683.8574947148177,0.5827375574534215,1
3989.609714003875,0.5961843134401462,0
1557.3122595467166,0.48373688887567795,1
1942.8950876027059,0.5762016545777283,1
4593.22304066972,0.5885265639792734,0
3685.3559298235796,0.47710649584026144,0
2284.2489436918536,0.4733216837991687,1
2728.403330199022,0.5690712454092542,1
1328.0268288375592,0.5811153079423754,1
2583.8457999109983,0.5912894736687475,1
2590.651699870971,0.5641762340632905,1
1934.3268351092624,0.5582673155188711,1
3010.153455401819,0.5852384751287787,1
2021.5945091016806,0.5282511909359837,1
3037.0219300656736,0.5964364559778726,1
3660.9188732072225,0.4958463792123543,0
4177.944723086713,0.4802174054282151,0
2466.0829771459657,0.4751271253625269,1
667.0192132174957,0.5704000333618383,1
3879.1422239886488,0.5846742600684796,0
3104.725121037556,0.4767879490905781,1
3114.911025746956,0.48622874472805383,1
2929.3961105679955,0.4966600865874888,1
2189.9079986763463,0.554090426284161,1
3280.907644433093,0.576396906859224,1
4529.319099765409,0.4898179814419613,0
1463.3393554928691,0.4784408850739452,1
1318.9689092832652,0.5717311307647955,1
2373.6136822187336,0.5828819297347215,1
2734.5633164814226,0.5893141407192035,1
4164.956825114142,0.561793693249881,0
2394.8880493415068,0.48919798125030334,1
1455.231821220652,0.5800503984108694,1
3219.3547457232125,0.5849044257239016,1
1655.9582787720121,0.5025089941615163,1
3885.412845534324,0.5879044830223213,0
1081.968913090187,0.4737398786872541,1
2508.3495757652186,0.5687463697566109,1
1893.8588959998458,0.5787539026504922,1
2827.598916113581,0.5889824868857578,1
4210.646058789203,0.5621320302155608,0
2169.688320268086,0.4791051716411671,1
1434.0345517434162,0.5728613715583084,1
2702.680420198602,0.5851403423700264,1
1696.8506146757868,0.5665775860182055,1
1546.5732396985622,0.5812409196706674,1
4647.349447337742,0.5923233897845217,0
716.0399502649622,0.47136539858151566,1
935.4542782262891,0.5826999204584271,1
2868.1996764835826,0.5867156781685393,1
1966.0015124268143,0.5945183158183088,1
1645.9161542144648,0.5979955952791142,1
1188.4168897357627,0.5989943586183477,1
1011.4105827708943,0.599084096561766,1
1528.433276339248,0.5989647968707545,1
3593.6153381004274,0.5988486511380215,1
2800.5431999422367,0.4929168476698962,1
1834.0669526685217,0.5632096128032787,1
956.0213442642598,0.593498858647531,1
1297.8874940368958,0.6027738931567258,1
2845.9789411401252,0.6063590485782183,1
4719.498909573892,0.592679111156866,0
1507.0273649571213,0.5134737745576541,1
3314.9425440574114,0.5951689949126094,1
1522.8246667491976,0.5141910335301414,1
2511.2564170031583,0.5986885503618474,1
3418.6799600920876,0.5920737102545297,1
1776.3944473139602,0.5080836566008375,1
1970.2326623268782,0.5970618275373796,1
1528.851399112327,0.604936048054773,1
1455.3118795905818,0.6093055724994785,1
4812.866551351309,0.6103294798216077,0
3419.962450028716,0.47320562809539857,1
1925.9703383483713,0.48577379002873344,1
3729.9411747086947,0.5884620989349156,0
3309.1400458300104,0.48179867788945807,1
2628.5156363258757,0.4992051548371667,1
1985.7352835906586,0.5601261336488176,1
3036.6541863033863,0.5885373696634983,1
4055.7364667417974,0.5095708093009191,0
4356.88508151448,0.48744243078568045,0
3386.270013091683,0.49461694695534414,1
3220.0121794727884,0.48483123720922083,1
4084.995455595151,0.5062518079497402,0
1118.1217613922154,0.4657743637945473,1
3414.9042267525992,0.5783787887326198,1
1288.9171624154085,0.49097269563545554,1
1253.2260030953028,0.5820982151127816,1
3120.9883442683113,0.5859079726606267,1
2691.2882337157375,0.5116988067895119,1
3359.5577226686987,0.5709716978344651,1
853.481216119001,0.5190782147585715,1
5073.441720831184,0.5961090166928978,0
2376.5685160301177,0.47502135056034234,1
4137.493674984671,0.5682527326204242,0
2154.0679038356166,0.48490794192074405,1
1372.6287932555542,0.5820756461528062,1
2205.5419337178446,0.5841303364053583,1
2219.1520494759143,0.5973690419137275,1
2958.328785276885,0.6055953685808122,1
2655.636289993187,0.5727440466007885,1
2005.890049111818,0.5736011356595433,1
853.7764586865145,0.6032948838591259,1
3115.701493914401,0.6081054238919692,1
2455.37314928017,0.5158043021193485,1
2880.2948154133946,0.5982176353995448,1
3381.6083829938684,0.5761241143367262,1
2345.9431082974206,0.504971073042435,1
2779.1269503566155,0.6024093526597449,1
1400.4789142885575,0.5779666933847631,1
1136.506229021575,0.6053946371375263,1
928.3277518817237,0.6079612544476066,1
1856.9142168044252,0.6124740674595534,1
3136.4582817170713,0.614113680935657,1
1821.7475477790097,0.5328010084673288,1
3454.68633852299,0.615458514723151,1
568.8187660254116,0.527794689750326,1
3629.931498150161,0.6085636397005655,0
977.4883098639881,0.49994408732140583,1
3593.0872528654186,0.5974828752015414,1
858.5702165115919,0.5133661025370806,1
2575.1676584601228,0.6027070594691644,1
1366.97902919929,0.6029427596947087,1
1212.7172983799655,0.6106203997652446,1
1239.2648494466457,0.6143613787742008,1
1300.8484053933885,0.6151842155867688,1
1674.2752007287188,0.6148453514336842,1
1901.3837975890365,0.6143355212319184,1
1183.2296537819864,0.6139541364943357,1
2143.7104290512643,0.6137199213975825,1
3864.18481458888,0.613587744301295,0
1276.409617593291,0.49466906427958296,1
704.38351569559,0.5967070935184803,1
4421.48197821075,0.5988292840423475,0
1303.6433025761396,0.4894410125503129,1
2852.154579395744,0.5938572072507973,1
2173.533572900416,0.5772982646701896,1
1703.8773791292087,0.6008572230696761,1
745.5725551885181,0.6014042895652152,1
3984.6537180404407,0.6099452314036508,0
1173.6457285616934,0.49780178819185383,1
3210.495047041015,0.5980413999539838,1
763.4961385333552,0.5108235938496032,1
3216.911163797935,0.6029455500432065,1
3338.1994468769103,0.5060775518297335,1
2307.8621904640577,0.5212118960109535,1
1643.3108282181195,0.6014240979889108,1
510.98765825014124,0.603801932492052,1
1074.9813183046429,0.6114708186888843,1
2710.7631101654147,0.6148034402708835,1
2496.2347476836153,0.6014909732314491,1
3110.943502980722,0.6142308078622906,1
652.5476605912082,0.5089342495338895,1
2445.686102090503,0.6030046117691047,1
3752.336685731701,0.6086611783664748,0
721.7598430246805,0.48101137584870535,1
4070.2042973508787,0.5965122080188623,0
1603.8383618131606,0.4885797355108979,1
2417.2125667965506,0.5907852999093011,1
2289.8910893998664,0.5903519683669674,1
4096.477506525253,0.6022410756623331,0
2948.6187936622227,0.471254544397833,1
4856.815104358732,0.5941179418768325,0
2927.8560611062294,0.45826126764195907,1
4126.628630751892,0.5766663383591111,0
2494.159094010678,0.4594037502488695,1
3000.945891484993,0.5829140434841571,1
762.3877796312103,0.49575449888656864,1
3075.796889960387,0.5980302295393622,1
1740.4127669532916,0.515435789925941,1
678.0432932725053,0.604512129217651,1
1608.300612565043,0.6027276951974135,1
835.5091583314872,0.602924733026815,1
3349.1888866921863,0.6029820934819666,1
2207.076610193014,0.5178877049260069,1
3744.1018852978495,0.5771549155580126,0
3502.2663800007117,0.48107968857557565,1
3120.843814349196,0.48927925887979873,1
2147.2286837215083,0.5092666989326794,1
1540.909066067935,0.5899108979882515,1
1529.2255493217397,0.5933042029645761,1
727.3898601611509,0.6019386966495845,1
857.4220915563707,0.6063282037638615,1
972.9803429988945,0.6078448041452256,1
1404.0805565218839,0.608140994891245,1
4151.113873140543,0.6080889809710226,0
2879.859978126018,0.48145253976321356,1
2069.6885417875756,0.5831092202044075,1
2400.71420138748,0.6044403792779637,1
4968.122712546987,0.6043501693389612,0
1049.624585009858,0.48067997342151736,1
1546.853867400149,0.590444980208363,1
3424.5114321666574,0.5940113448646813,1
1705.9320318565763,0.4975511959431719,1
2390.908993240372,0.5989597590876528,1
3071.9205412043866,0.6062320655392408,1
1866.200975729998,0.5056795923479744,1
866.0517463868512,0.6027458039917815,1
3549.391287110668,0.6096746921840629,1
3838.3491000357035,0.5322413282370682,0
4053.4965976967114,0.5210553792040566,0
576.6967086981588,0.5082974712805255,1
4073.389429692086,0.59217919397893,0
3580.9843314042273,0.4769983816387392,1
2990.761775436508,0.5020645537192714,1
660.0166094703559,0.5757226473725724,1
3081.328636434221,0.595020612773107,1
1143.5688790552877,0.501666261812589,1
1084.2299828367607,0.59488574180916,1
2025.9982214732388,0.5995455364780282,1
1712.6823142393769,0.6057667596310926,1
3167.0586463815325,0.6077495435731919,1
938.5574038372965,0.5031248440712424,1
3264.9800603946687,0.599880605962269,1
3308.4701018480437,0.5261534795379103,1
3031.83091666579,0.507717870224798,1
726.0043483122391,0.5254246289202118,1
3745.5186883305546,0.6039766798520378,0
3054.2420476539132,0.48564834498687376,1
4514.356273802145,0.5215485658522407,0
826.0764173545979,0.48693662503174684,1
624.818751961463,0.5887449164058716,1
2442.073612162403,0.5885723785488263,1
3187.3307585044286,0.5682353408915441,1
2607.3462092672744,0.5216915793324619,1
4481.798606719066,0.5959020460624087,0
4395.24450665369,0.4893401101878233,0
2191.1563351702366,0.4819118426721013,1
2154.9487637943016,0.5781512897207087,1
3459.678958793855,0.5658577475441777,1
2504.9445677065296,0.5025064593223663,1
780.8378716437146,0.5884399463966217,1
3269.4912772910907,0.6048866656412624,1
1958.5655313299562,0.5217554937079202,1
2429.3972587514145,0.6026143272293597,1
3353.319506026444,0.5946958002092301,1
2897.8065522955353,0.5290133237142975,1
4753.982151978281,0.5973813649167645,0
3146.7593992732004,0.5134245505455433,1
3956.1612690315387,0.4926903576267655,0
4036.04480190679,0.4972813809936335,0
4770.117501485993,0.4897308635213813,0
1285.6372665926622,0.4715980866851745,1
4377.470349456971,0.5684892258714848,0
4279.119011516658,0.45987873564863685,0
2476.9419437349607,0.47074684569332526,1
1637.0186758106845,0.5602847358831887,1
4094.1272913386056,0.5686713209857515,0
2881.733580562667,0.46889744092411534,1
2314.5526852473904,0.5486896838497534,1
2359.6023986371147,0.5446852290463049,1
3989.509237588351,0.5736163868659105,0
2945.67815822319,0.4597279882362554,1
2960.6168241865644,0.5548119221654162,1
2238.9324944920563,0.5454419985455994,1
2744.934572397635,0.5811440209745639,1
2437.801473083688,0.5884092439267237,1
1435.1633331283049,0.5969768363015299,1
2986.3925744851604,0.6015035172538956,1
814.4616021738739,0.5679849301524528,1
1590.2297335992998,0.593519020903343,1
535.1598739615839,0.6023214106559264,1
2370.039021980737,0.6058660884657304,1
2676.067874292608,0.5929500985866089,1
1771.9520461810207,0.6048817890782769,1
2638.5843120857603,0.6051526245754937,1
2099.900328275327,0.6073436559767271,1
816.3529035373296,0.6078014339051502,1
771.2833635198518,0.6072522807317491,1
4775.664149676487,0.6065758414235629,0
1023.6911482929581,0.47866719122392565,1
4186.89387541752,0.583103908791584,0
2127.222695141398,0.4782047942521029,1
1156.6310523474094,0.5825912549215232,1
3392.390308928188,0.5860376875209369,1
3949.8610005157498,0.4992288571759657,0
541.7723273569313,0.4822580796083379,1
3482.7888460612526,0.5842092245460716,1
3626.2893680848138,0.502602940607433,0
1148.0750590021069,0.484540913276873,1
578.3825969254361,0.5791353579171832,1
1690.9054191953683,0.592010434119905,1
2285.617925263993,0.5987320186248367,1
3067.46500236439,0.6028485082663658,1
2077.8438075672725,0.5170007146667855,1
2966.3684008954533,0.5994438333204116,1
2478.2635150002834,0.5909281669754576,1
2427.37231400509,0.6014910081860051,1
1466.2185531645546,0.601764128974804,1
3735.9389679844835,0.6051493523611418,0
1494.2743994224145,0.4913335098023358,1
1261.8496220644047,0.5874592026416714,1
1700.8732362796331,0.591258988482832,1
2367.9049508653693,0.5988713145006381,1
3400.571805772253,0.6023648269579028,1
1030.481041314363,0.4950765098473327,1
2351.819090420131,0.5851938918073005,1
3459.309191048216,0.6010484401847784,1
1725.74353222421,0.49776026908051674,1
3407.7092674250994,0.5865277201140472,1
1632.2377134989538,0.5032374669574935,1
683.3205478295596,0.5902076808926964,1
3468.268222980355,0.6042888907197276,1
2493.279478846829,0.5257925516863318,1
2618.4560294303446,0.576247072686785,1
2711.0706052359815,0.595852160363567,1
1376.5402984601765,0.5970916381671639,1
2202.0149497914463,0.6083483995358938,1
3617.9145159746395,0.6061831366159528,0
3822.2231600191053,0.49903660640405134,0
3710.228254431231,0.49312127722704135,0
1729.908650302891,0.47441826937047327,1
4632.527978077796,0.5764439017978495,0
1206.533333099594,0.4742751142967164,1
3760.3263612917012,0.5787390044371431,0
2445.81309658839,0.4625343950168953,1
673.7827029148357,0.557520136588543,1
2335.5309974447787,0.5685275201107253,1
1250.4851662272406,0.577272313008281,1
3697.817348296753,0.5895446486278699,0
1573.0761835450905,0.47284393701913047,1
3298.196490159954,0.5798338837261494,1
2557.4323093557646,0.5024666910596788,1
2020.7078690355163,0.5790222038420353,1
4673.70394507135,0.5901712332402852,0
3729.735843890826,0.47644078794410094,0
3616.1699835609757,0.4853963540871717,0
3351.7401098323767,0.4693834131139079,1
1098.14682885294,0.4856727700299485,1
4071.0833924923263,0.5722099804160689,0
1296.664699354577,0.4622245053582035,1
2258.797230127077,0.5709382791906386,1
2372.5975859387618,0.5781421089796448,1
942.5445680277791,0.5901959795292666,1
777.483448099566,0.5974626350217824,1
1385.745981441037,0.6009748305278704,1
1300.1110807016516,0.6024371661350371,1
2276.527311830928,0.6030027880580272,1
3413.697442574885,0.6032203056353496,1
3170.469524116298,0.5162057963650054,1
3638.5955085814185,0.4947304931279057,0
2586.6494864854394,0.49707677294110986,1
1711.7131155944483,0.5883055810072917,1
2774.5695761531565,0.5935622556179493,1
1568.6669471441585,0.5967259291449077,1
4751.013043696322,0.5978573349665836,0
1796.8409319432144,0.4640619768753291,1
4602.6673105419395,0.5792231938556345,0
2526.524586918105,0.4578647264874951,1
3082.9568130082143,0.5747562060847748,1
2222.3670288877174,0.47117443765908185,1
1245.4018414802426,0.5823747302076132,1
2666.1065604616324,0.5875977046704022,1
1767.6471195888453,0.5978613112824342,1
1277.1658993600627,0.6032690409285497,1
2479.648781577986,0.6050552235321309,1
848.6873442158775,0.6052170351720713,1
2494.3424066098733,0.6049560885920746,1
706.4500152375598,0.6046995416222379,1
3067.61420623523,0.6045292421174481,1
4805.00648307204,0.4963982887190043,0
4245.9279864428545,0.4853980405311439,0
4176.776255748392,0.4938226596138061,0
2895.9686593519637,0.4719992962210515,1
1419.03982772752,0.545293604198059,1
2634.4725873173193,0.5756812367100249,1
1133.3113408776044,0.5545667703918485,1
877.1583375294282,0.5793246204799807,1
1020.3643336725291,0.5875708187169929,1
3568.9945257067125,0.5928580320584074,1
612.2330869894249,0.488291010139151,1
1591.9830445825708,0.5801601983510316,1
1987.5278714027436,0.591702091958903,1
2327.4386868894208,0.5960203504495096,1
2491.3353076068106,0.5970558436897133,1
3709.145339394186,0.5966841102812936,0
2934.4315199821103,0.4677178366953686,1
1537.7835536660739,0.5740314907663726,1
2470.481888927607,0.5844415500142663,1
2830.3178485543176,0.5787826803383062,1
1271.8721552726763,0.5617765118732452,1
2544.7403140663946,0.5866530694648456,1
4220.430345503504,0.584072675415478,0
1206.4549300754563,0.4998452138581518,1
2018.2671996578326,0.5846453074028846,1
1171.1955506689758,0.5885415006962809,1
1173.4703969082893,0.5934203227292456,1
741.1005129671571,0.5961211375140245,1
2942.5902173187615,0.5966862155105224,1
3098.0822833975435,0.5964295251424687,1
3935.5661706381447,0.4966617657948376,0
1754.0044809014535,0.47692208852839524,1
2602.2451790647133,0.5792173408174935,1
4492.237667436053,0.5898573580574564,0
2762.0453021388757,0.4635317275656477,1
2263.7347754868665,0.5766890667568076,1
1631.016600913777,0.5822399961871085,1
2118.567544226672,0.5902459590888494,1
3977.1896007771907,0.5940056430617393,0
2577.115578161586,0.47627102912078917,1
3687.2176275493193,0.5443589038772834,0
3473.224032482623,0.465296875712105,1
2192.231868569419,0.47087752625887513,1
2280.367783660715,0.5738281114656438,1
3262.1229888314956,0.5800753983647251,1
4590.658975209578,0.4901112168221857,0
4819.213031440326,0.47529131444299866,0
3484.5728015929517,0.4661024746111183,1
590.7651234825229,0.46654022744508816,1
924.2877549752448,0.5619874773057131,1
1105.9318101253832,0.5810527445604898,1
763.0938183638035,0.5874113669360161,1
4708.4382148328405,0.5901976775127601,0
2830.5382774745117,0.46698469581892355,1
1074.3951604332676,0.5340646816748769,1
2578.0657446776513,0.5588832974953937,1
3838.1069570935133,0.562505064595884,0
1196.7639278780157,0.46807637678999736,1
3534.236895751125,0.5569858871238762,1
1153.161467130866,0.4802211201702764,1
3497.0185740291604,0.5659636402765593,1
3539.739852466829,0.4978569485498206,1
1530.3273033354558,0.4880049027464167,1
1106.2059343252936,0.5741482603165552,1
3228.8846501313024,0.5885791740257593,1
