0.0,0.5,1
4775.0544411614665,0.5342465753424657,0
6130.090333191056,0.43694994470464416,0
4462.258964974919,0.32420251444384324,0
6459.975813044644,0.4220491384159478,0
6279.608927882007,0.3038268387922982,0
1080.0,0.33333333333333337,1
6164.723682282233,0.5144612115068923,0
6106.008623452454,0.30616961707755225,0
1540.0,0.3383555288600343,1
6650.777769541912,0.5100879335664518,0
4490.511492999604,0.2962132260773153,0
1566.0,0.465057208701963,1
5860.412946670056,0.5096684386569963,0
4593.719508407733,0.43393532445839944,0
3600.0,0.46543899408818856,1
4455.430948731649,0.4090397484515692,0
1488.0,0.47083170273229935,1
6882.467791608594,0.5082642744255113,0
4723.182701990449,0.28709245450679005,0
2070.0,0.4870240457663275,1
5120.136490072829,0.5060273585876395,0
3778.375792735831,0.4049461771149358,0
3996.0,0.49203204543513834,0
840.0,0.4679719504471619,1
2112.0,0.551570976747395,1
6894.348296301068,0.5008723268111678,0
3748.193154540448,0.28603701501061674,0
3556.0,0.48450512683359587,1
5888.1068097898315,0.4022723577346976,0
2178.0,0.49192969032641487,1
2392.0,0.5681572265572647,1
5532.82805315929,0.49574606482487654,0
3458.0,0.4847747293132636,1
5324.105340198931,0.40022944071702116,0
4082.0,0.4874508354538897,0
5153.680678055009,0.39734942518850747,0
1350.0,0.4794632197762657,1
4750.586902155039,0.49656262353050246,0
3278.0,0.47975543778950264,1
4469.772434019675,0.39685111372058474,0
4466.0,0.4782375925502883,0
1560.0,0.47687560382063376,1
805.0,0.5690843042898751,1
1960.0,0.5779783225047218,1
1474.0,0.5807171718972043,1
2680.0,0.5815433657189696,1
588.0,0.5556991481002718,1
4729.48645040298,0.49762583524196047,0
3652.0,0.4825766463845116,0
5079.74095117336,0.39470270670217655,0
4312.0,0.46304563505295715,0
3682.778585362439,0.3951317540044794,0
1290.0,0.45745738743703257,1
3949.631620418217,0.49563185963948164,0
3696.0,0.47561271242353975,0
4272.4845682389,0.394661479598713,0
1056.0,0.4633827315598788,1
3870.903069691768,0.4942809483370386,0
5578.62818201158,0.3878684149194392,0
810.0,0.46555168021070586,1
700.0,0.5696282016790806,1
3302.0,0.5857100321215629,1
3960.0,0.5063889508087708,0
3484.0,0.4738333494810132,1
4854.179740009438,0.39677887456347705,0
3425.0,0.471937607590365,1
4762.901077767906,0.3977015397526409,0
1720.0,0.4744922005633977,1
4604.757886263898,0.49283197872067985,0
2400.0,0.4821002503803315,1
5175.2952733228885,0.49338825356818083,0
1058.0,0.48063939782649645,1
1914.0,0.5811866432343697,1
1125.0,0.5899244742280187,1
1470.0,0.5937203414385958,1
1400.0,0.5957103702624358,1
4050.0,0.5961334571611292,0
3381.0,0.4818922423105394,1
624.0,0.4785470037927505,1
6110.730400084421,0.4932757882909583,0
3240.0,0.35559632355025245,1
792.0,0.4863127048059305,1
3225.189637969189,0.4934691568853987,1
3540.0,0.4844051123640586,1
4511.705704052156,0.4094090712409043,0
3822.0,0.49491652761195204,0
4860.401799849773,0.4098687974609051,0
2772.0,0.48005266786657225,1
2158.0,0.5768407763017361,1
3014.0,0.5822915190387884,1
3591.0,0.5018328097827611,1
2880.0,0.4933184225951739,1
3605.409955442592,0.4912321069275926,0
2940.0,0.49587990771415036,1
4443.301818350495,0.4916022450852401,0
2156.0,0.49845203190316595,1
2926.0,0.5990298401891692,1
3234.0,0.5702521487837462,1
4920.21897210721,0.4033084945723652,0
2670.0,0.5042825876090749,1
4545.468479467548,0.5029009675629527,0
825.0,0.49807323963855743,1
5199.941213335859,0.500310391118351,0
2640.0,0.4987271192417825,1
5427.331860764338,0.498401799311417,0
1584.0,0.498307575040041,1
1863.0,0.6054397124789879,1
1150.0,0.6003934179849002,1
924.0,0.606034254818903,1
2550.0,0.6097010349461524,1
1440.0,0.603826117484149,1
3979.0,0.6162356496382454,0
875.0,0.5000052748864801,1
2990.0,0.5959744480954519,1
1656.0,0.5849515654617568,1
3200.0,0.6036333873688935,1
4321.0,0.522828049931528,0
2400.0,0.49904104266433774,1
3212.0,0.5958664954552834,1
1500.0,0.5042790515878816,1
3180.9665888284353,0.4987139946296269,1
2470.0,0.5151922749718626,1
1664.0,0.6050076948653629,1
1044.0,0.6070685032301457,1
4056.0,0.6145348355257736,0
3108.0,0.506586543332241,1
1596.0,0.5176615482777933,1
4563.0,0.6019857259269575,0
4050.0,0.4754460961636576,0
1771.0,0.480441033867842,1
3124.0,0.581465500557685,1
672.0,0.4819793386953728,1
1386.0,0.5874646144799289,1
3243.0,0.5967140210904063,1
1134.0,0.49783198967448383,1
3887.0,0.5950759591655337,0
3420.0,0.47659266022626356,1
1092.0,0.49158682242580365,1
1269.0,0.5890991328980856,1
2540.0,0.5969142069113975,1
3456.0,0.5688678309122541,1
6307.761520200269,0.4066402764226442,0
3614.0,0.3737219945701715,0
1660.0,0.49414307951711006,1
3103.0,0.5890929739596158,1
1050.0,0.5207822276450972,1
840.0,0.6026462136901419,1
2500.0,0.6051958513647091,1
2793.0,0.5990101506500505,1
1988.0,0.604095144756859,1
3318.0,0.6116594176393826,1
3278.0,0.5296593860830724,1
2016.0,0.5076361332795118,1
5871.531257531838,0.5052621761848578,0
4176.0,0.5002031988164128,0
6426.911672256705,0.4014583503968733,0
3312.0,0.36652327324818507,1
4872.0,0.489296788103587,0
3024.0,0.48835030039047733,1
880.0,0.50451307449301,1
2970.0,0.590289152897634,1
693.0,0.5951543345874222,1
2100.0,0.6007782699602342,1
2240.0,0.5949806931946077,1
1197.0,0.5751623686266204,1
6651.051331603444,0.5016444557378917,0
3090.0,0.3684869346876341,1
1720.0,0.5174737341056519,1
1225.0,0.6071487672686795,1
3567.0,0.6108339250183398,1
3212.0,0.5271214732885613,1
1679.0,0.505093256920254,1
2688.0,0.5975858598003431,1
1656.0,0.6076024346413986,1
4000.0,0.6112661680840563,0
2625.0,0.48655994890007825,1
2331.0,0.5798171920750238,1
3450.0,0.5842119666009439,1
1296.0,0.5143548987487382,1
3900.0,0.5920449694815778,0
1092.0,0.4787276989250496,1
3136.0,0.5850964468769747,1
1276.0,0.5036642958452766,1
1020.0,0.5952304297997404,1
736.0,0.5974791047334028,1
2184.0,0.6065546921810799,1
2727.0,0.6120848198176181,1
2222.0,0.6038066252972635,1
2620.0,0.6104331606667159,1
3749.0,0.6085042575795363,0
4536.0,0.5024291131432146,0
3850.0,0.5068264172725527,0
1600.0,0.48719694631552474,1
3013.0,0.5871588593111092,1
874.0,0.49575767067022736,1
4200.0,0.5905999947230847,0
3912.0,0.4808179662166434,0
1500.0,0.4791394773256851,1
3507.0,0.5809241548150814,1
836.0,0.4824523381126017,1
2150.0,0.5867109085734905,1
2244.0,0.5910491264291423,1
770.0,0.5883807469628348,1
2275.0,0.6092031143292895,1
4104.0,0.6086261395466296,0
4379.0,0.4769240590081639,0
3450.0,0.47756969089042955,1
910.0,0.47968998807266716,1
2060.0,0.5816199696952427,1
1300.0,0.5734360697419767,1
828.0,0.5996880843473098,1
2639.0,0.6016338666037896,1
4482.0,0.6030717073063119,0
4075.0,0.47212423751723065,0
3456.0,0.49211797617269426,1
987.0,0.4946537713740376,1
1680.0,0.5792268262012872,1
1575.0,0.5881194252044988,1
1269.0,0.5964679603589909,1
2280.0,0.6015115126809568,1
1218.0,0.6040057592020879,1
4056.0,0.6051445074923346,0
3886.0,0.4683236342720173,0
2508.0,0.47302256628207395,1
3082.0,0.5659231313305555,1
1900.0,0.4756536219158196,1
700.0,0.5767703659861091,1
1364.0,0.5880613700313797,1
1675.0,0.5962148767134149,1
682.0,0.6006185958714927,1
1020.0,0.6026214783627405,1
1560.0,0.6034540224654613,1
1290.0,0.6037900351688195,1
3312.0,0.6039279317452176,1
2236.0,0.5195832480100401,1
2760.0,0.5951566695884394,1
3075.0,0.5710687834864094,1
5387.112556162535,0.39844049905147266,0
2716.0,0.48603894381890167,1
1716.0,0.5977663011453991,1
2310.0,0.6009825428741316,1
736.0,0.6048055780610389,1
4320.0,0.6068187486792165,0
2106.0,0.48215044556844844,1
5220.0,0.5866785718603066,0
3915.0,0.46663453654386877,0
1701.0,0.4688992482997214,1
1960.0,0.5808570674567497,1
1600.0,0.58516208643137,1
1254.0,0.5964513026067177,1
2208.0,0.6032541251762898,1
2800.0,0.6065807132368368,1
2921.0,0.5935509729841534,1
4482.0,0.5991480293603929,0
3200.0,0.4869155447039294,1
1020.0,0.49018456229916124,1
2982.0,0.5884745428003297,1
3171.0,0.5869190270474345,1
2262.0,0.5005223548134541,1
5869.699163704413,0.498368700860859,0
1840.0,0.4931846440780915,1
4677.008408986445,0.4976370489114763,0
1189.0,0.49347083134835934,1
1218.0,0.605807428014626,1
560.0,0.6025811246334918,1
1716.0,0.6051028800286051,1
1296.0,0.6074838776629712,1
3186.0,0.6081073577225056,1
2324.0,0.5024165492718276,1
1680.0,0.6027525391736446,1
2438.0,0.6091756023796961,1
1740.0,0.6005910318604114,1
2175.0,0.614974714392181,1
3562.0,0.6136195474972362,1
3132.0,0.5088198393916605,1
2016.0,0.5286668179262158,1
1360.0,0.6117289380718822,1
899.0,0.6135987755894822,1
1679.0,0.6164656832371899,1
1827.0,0.6175464951640915,1
2205.0,0.6172449845467163,1
1073.0,0.5788988190547341,1
5933.702194934748,0.497031445622728,0
2700.0,0.49764772550438574,1
4020.0,0.5809926387542009,0
2750.0,0.5206219849369101,1
1352.0,0.5935801452161698,1
2875.0,0.6079031490742857,1
1260.0,0.5984829709692849,1
2052.0,0.6105558259018872,1
3942.0,0.6090473360278217,0
3380.0,0.48831214057162736,1
2600.0,0.4959282260080341,1
3454.0,0.5866044660481122,1
968.0,0.5085053327177287,1
2354.0,0.5967694525743592,1
3132.0,0.5776316197494848,1
5131.029310916641,0.3916371401795346,0
2772.0,0.5047654021726279,1
1738.0,0.6038167607923972,1
800.0,0.6065242488363258,1
1960.0,0.6061779219933705,1
1633.0,0.6124020328990585,1
2825.0,0.6159433674071064,1
3800.0,0.5830111828246771,0
5964.644541011754,0.38978689272568434,0
5130.0,0.5020791515090307,0
2376.0,0.484906237945831,1
4380.0,0.5858158081077851,0
2121.0,0.4889186979574165,1
2970.0,0.5815679772753917,1
3618.0,0.5861685985231838,0
3276.0,0.4864598864766566,1
1456.0,0.48548207122127585,1
2712.0,0.5870516919121138,1
4959.0,0.5866874487952272,0
1794.0,0.48845036719423246,1
3576.0,0.5833083466386576,1
2725.0,0.5084349201918872,1
3990.0,0.5878910688649145,0
4676.0,0.5083020186847618,0
2928.0,0.49574397260530095,1
4140.0,0.5721542934134336,0
782.0,0.49376308863984963,1
2450.0,0.5745395368350972,1
2415.0,0.5784582512361334,1
3480.0,0.5759060335609082,1
2625.0,0.49358758911698475,1
1323.0,0.5847691392100849,1
3404.0,0.6001555387501248,1
650.0,0.5063159990916594,1
3570.0,0.5904237601033557,1
3483.0,0.505357802960038,1
2772.0,0.4988409477084176,1
3171.0,0.5935528893656912,1
3640.0,0.5121854089701867,0
3775.0,0.5054197155981828,0
1716.0,0.5080489850688734,1
1053.0,0.5881566288338549,1
1776.0,0.5926246687898824,1
3360.0,0.5992536056877361,1
3952.0,0.52209127871205,0
1848.0,0.49153325522653446,1
989.0,0.5792844653861826,1
1617.0,0.5930488209596609,1
2860.0,0.5977426765993666,1
814.0,0.5675178112814306,1
3510.0,0.5849102232526553,1
1500.0,0.49696461149959914,1
4118.0,0.5847087606334843,0
1495.0,0.4940045114147438,1
4004.0,0.5856460489925617,0
3510.0,0.4645697238219094,1
924.0,0.49458394751580675,1
3129.0,0.5808574282425278,1
2726.0,0.4772598484730717,1
968.0,0.5792103679345756,1
2139.0,0.5894847590497779,1
1596.0,0.5996292805058243,1
1104.0,0.6062379299525158,1
3550.0,0.6090600300888539,1
4256.0,0.5238831921460756,0
3973.0,0.4915495920639379,0
3276.0,0.47922680905693205,1
3328.0,0.4808015295314768,1
840.0,0.48302350865555,1
2268.0,0.5782537698714812,1
2040.0,0.5932854426321401,1
2813.0,0.5983544362081019,1
2160.0,0.5997519506620412,1
3220.0,0.5996587267702597,1
3654.0,0.5154335974466815,0
1491.0,0.5016073463779746,1
2300.0,0.584953183272237,1
756.0,0.5805032989458732,1
3451.0,0.5926991360472316,1
1032.0,0.4954859964090646,1
3159.0,0.582603655809432,1
1248.0,0.5154828548587893,1
3888.0,0.5944472953356255,0
920.0,0.47968254981650216,1
3240.0,0.5760021556817281,1
3657.0,0.5037853453281771,0
2375.0,0.483200485478561,1
2928.0,0.5719096654534965,1
3276.0,0.570242655522853,1
1702.0,0.4908791882719448,1
3102.0,0.580292262174373,1
4263.0,0.492709922682678,0
3509.0,0.482201505864729,1
3161.0,0.49784511552181426,1
2106.0,0.5092637788464653,1
2940.0,0.5870329350178403,1
1925.0,0.5647775966371509,1
3822.6556473571954,0.4984537779154143,0
832.0,0.49076011426438504,1
1248.0,0.5825022917013903,1
3280.0,0.5939851583698424,1
2244.0,0.5225208067665696,1
3192.0,0.5985407757154819,1
2425.0,0.5062928215635392,1
899.0,0.5887839859365931,1
888.0,0.6004777110235406,1
2100.0,0.6069657733197438,1
4844.0,0.5988700166269498,0
1701.0,0.4909870173161961,1
2800.0,0.5871231929715135,1
4300.0,0.5869516994612382,0
952.0,0.4814128944309367,1
2300.0,0.5863635206003119,1
2880.0,0.5579275402128712,1
5863.563528476756,0.48483657999120006,0
3330.0,0.4940882588948924,1
3720.0,0.5107597641216824,0
2580.0,0.4872859001476896,1
3197.0,0.5564185993035562,1
6413.125089644586,0.3960461614277389,0
1058.0,0.37122750868274723,1
2970.0,0.5929251285530055,1
2622.0,0.5839337851036543,1
3591.0,0.589885639675022,1
2862.0,0.5241812186204651,1
1540.0,0.5959128385895468,1
3930.0,0.5989946613625956,0
3350.0,0.49695864649152494,1
2448.0,0.49173027052266305,1
2744.0,0.5777931085571641,1
1150.0,0.5975639525241654,1
1080.0,0.6003867080678573,1
3910.0,0.60627128562542,0
960.0,0.4842638192354416,1
4176.0,0.5873174941283038,0
4536.0,0.4674124124314891,0
1110.0,0.48668132967184036,1
2291.0,0.5797722991902539,1
4350.0,0.5832438101514822,0
858.0,0.4607742585229163,1
1898.0,0.5803266370404659,1
812.0,0.5879461423996054,1
1701.0,0.5981345319333998,1
735.0,0.6044063092821589,1
1863.0,0.6075029514479887,1
1608.0,0.6088108155877703,1
4075.0,0.609306048508456,0
1470.0,0.4921803444457864,1
1653.0,0.5912491472481034,1
4524.0,0.5945018883360407,0
2424.0,0.4860194287003913,1
2940.0,0.5584195404129687,1
588.0,0.5876457352872692,1
4144.0,0.5994507937440585,0
4350.0,0.46909794181210096,0
2784.0,0.47001368214413775,1
3712.0,0.5716476037596175,0
3300.0,0.4731846757384836,1
4959.0,0.48535648052301267,0
2626.0,0.4646496612056349,1
980.0,0.5462797222106949,1
2780.0,0.5777984890005871,1
720.0,0.5570851292386326,1
2646.0,0.576791810207748,1
2240.0,0.5745159777628179,1
1771.0,0.5673210290526007,1
928.0,0.5847111069660986,1
4230.0,0.5980671644758876,0
4050.0,0.48584673161240327,0
1508.0,0.4846283556166832,1
2225.0,0.5815860676100049,1
2225.0,0.5888413569616388,1
594.0,0.5968419635126042,1
1360.0,0.6013937469503293,1
4100.0,0.6031991554340543,0
2184.0,0.46790541546615066,1
4320.0,0.5805802252320049,0
1672.0,0.4552620112950433,1
3402.0,0.581390839340736,1
2500.0,0.47183074912575235,1
3912.0,0.5744724334743572,0
1408.0,0.4741091700216119,1
3318.0,0.582903143274643,1
1125.0,0.4781626443100462,1
4082.0,0.5891282829296101,0
4498.0,0.46974323859556955,0
3795.0,0.4730429091092033,0
900.0,0.4597656536250868,1
1480.0,0.571140578537314,1
1738.0,0.5760643014780695,1
2200.0,0.5892968416113509,1
3692.0,0.598297411951086,0
1372.0,0.4851725016745101,1
4760.0,0.5866559984608158,0
2125.0,0.45607694376938773,1
1440.0,0.5827741385710199,1
1166.0,0.5849052213584864,1
2744.0,0.5974683436720569,1
2436.0,0.6049279313760884,1
2200.0,0.5898949672461498,1
2496.0,0.5937511421343449,1
841.0,0.5963490601446532,1
