0,0.5,0
139,0.33333333333333326,1
178,0.4545454545454545,1
122,0.4504620604716035,1
143,0.46153256529834463,1
83,0.46512147662341136,0
35,0.3371131063172288,0
86,0.3367091030766962,0
51,0.32635073120391345,0
123,0.3167044716413188,1
139,0.4498655688851806,1
59,0.44941666709157607,0
75,0.32895679288431173,0
82,0.32214954642715976,0
73,0.31290607250825697,0
82,0.30567604497790046,0
58,0.30053176080133587,0
145,0.2970572098563272,1
67,0.43660812969077223,0
135,0.31917064382361454,1
109,0.4476307439338144,1
113,0.44783031343000873,1
124,0.45829961781625117,1
132,0.45265205770801453,1
115,0.46600279547529866,1
100,0.47031621235207516,0
133,0.4615076954066255,1
28,0.4654119412136304,0
41,0.34053044543789884,0
116,0.33594541284050133,1
48,0.46452082178143367,0
32,0.3376597991115809,0
38,0.328034936453425,0
78,0.31705931138275395,0
54,0.307675702479284,0
111,0.3002347326859479,1
82,0.4390296944667618,0
62,0.31618142615682937,0
95,0.30677711408197617,0
45,0.2984156671237273,0
106,0.29216125683140326,1
53,0.430306401428081,0
153,0.3113107799617057,1
156,0.445634252129677,1
76,0.4435622007880988,0
129,0.3207040148108746,1
81,0.45371887042501613,0
139,0.3212480027193096,1
145,0.462536868745634,1
149,0.4603544655310655,1
140,0.4621301849074929,1
80,0.4665473596921538,0
83,0.3391667565736955,0
34,0.33128683122780517,0
125,0.3183194900493204,1
154,0.45248837449958335,1
22,0.4532937123710791,0
61,0.32814216036718535,0
60,0.320824706081316,0
63,0.31006862899280385,0
150,0.3012428769483434,1
104,0.45549853524106143,0
138,0.45055924322582586,1
27,0.459079542575191,0
120,0.3179401399849211,1
26,0.4706036929685373,0
133,0.3189657400467181,1
30,0.4622052238405638,0
55,0.3225410388731165,0
22,0.3234360884459454,0
76,0.3098226312335525,0
81,0.29924869541008936,0
104,0.29042544340759163,0
73,0.4111031457653686,0
130,0.2925771914275032,1
57,0.4206491734204501,0
89,0.297989393174348,0
116,0.29197426733866205,1
108,0.42073941557833494,1
78,0.42396112080549925,0
146,0.3095034920748788,1
156,0.4579541582988434,1
77,0.44381380456279346,0
101,0.31735269024715373,0
78,0.42102482715720596,0
23,0.3002746140511065,0
38,0.291788303179329,0
85,0.2854963524807154,0
96,0.2806948528224492,0
67,0.2866389524229005,0
154,0.2786967642741124,1
26,0.43005781513131724,0
95,0.31033114131236683,0
85,0.2934821479972695,0
36,0.2848017810659047,0
29,0.2790814455418702,0
132,0.2753911674890266,1
42,0.4170891816591853,0
45,0.29760350488719106,0
149,0.29069370508752335,1
28,0.4356288210050606,0
31,0.31144992398156446,0
54,0.29739322933013473,0
85,0.2873717505635917,0
102,0.28023501758950153,0
24,0.37810743469189934,0
120,0.272842517962042,1
134,0.40685253785060027,1
93,0.4346811313202814,0
65,0.3072529421313996,0
49,0.2942480946964865,0
21,0.28598230093229576,0
51,0.28013072502505915,0
41,0.27623245835027266,0
60,0.27372340310578336,0
92,0.27213999123240407,0
73,0.27114747715795695,0
153,0.27052327248964114,1
128,0.41851884463481076,1
100,0.4414469399707701,0
112,0.4140777714676066,1
74,0.43923228023496563,0
99,0.30816395178210987,0
84,0.30336141352557683,0
40,0.2937884710785421,0
81,0.28628004517490446,0
24,0.2807615046921224,0
133,0.2769665835940599,1
82,0.42029501255821095,0
37,0.29769329352121265,0
113,0.29125825915595627,1
70,0.4300993353384365,0
141,0.2997212264049523,1
95,0.44445970482871905,0
79,0.31671672400920475,0
129,0.3032065767316646,1
70,0.44730414733528817,0
154,0.30784931456357045,1
101,0.4539569543836982,0
39,0.4193099893115258,0
101,0.30275199438856226,0
37,0.4033837123799852,0
125,0.2838547731357349,1
41,0.43715271179861637,0
53,0.30189001422805306,0
72,0.29448263952882947,0
84,0.28470356913235895,0
98,0.2778503946183091,0
43,0.2927636697876988,0
114,0.2854426832590611,1
79,0.425983282551264,0
31,0.29832714517929865,0
74,0.2864403611687244,0
83,0.27799753232611896,0
127,0.27228141037717857,1
149,0.4154103102106392,1
65,0.419183375485482,0
65,0.295046839728598,0
89,0.2894277711353575,0
107,0.281854242878824,1
47,0.4243422419035063,0
76,0.30511390388951115,0
37,0.2927769296554334,0
78,0.2834659092509148,0
39,0.27697783705954904,0
44,0.27258836184523305,0
97,0.26973678273040297,0
73,0.2679327186138627,0
121,0.26680470477262347,1
48,0.41090882906418613,0
109,0.2906350743114795,1
74,0.42804315046853914,0
124,0.3010503117909656,1
77,0.4398267052467949,0
75,0.30792673809591464,0
149,0.30714198427607525,1
36,0.44109733030516385,0
140,0.3088293790951788,1
75,0.45686897971443197,0
35,0.30775640135067284,0
22,0.31023018027758514,0
142,0.29680844349294416,1
47,0.4521446247558165,0
110,0.2979838454486414,1
88,0.45560220997161754,0
91,0.30322380693755946,0
142,0.30561636958626714,1
102,0.4370887317321424,0
28,0.4232789559239358,0
130,0.299815241955615,1
50,0.4337233368578062,0
157,0.2981199764068383,1
84,0.4597503395774619,0
123,0.3013716272410742,1
139,0.442301212079855,1
31,0.44277760398253574,0
150,0.3162344207697779,1
116,0.4623982180914645,1
86,0.44590755054337256,0
86,0.3266512375929174,0
107,0.32841565281611274,1
114,0.4555848813882129,1
151,0.43678382086819234,1
112,0.4609247275427302,1
51,0.4502766253738526,0
148,0.33462103243148733,1
96,0.47388196251631814,0
149,0.33938604436500136,1
104,0.46607635287562665,0
51,0.4439563345984156,0
131,0.321169781100868,1
135,0.4674087156859473,1
137,0.4594934423343169,1
72,0.465230818421287,0
113,0.3287715420049435,1
62,0.48052361464334387,0
151,0.3314112884138315,1
73,0.4807918797287146,0
87,0.3224473712161886,0
98,0.33553294670612704,0
43,0.32033676181783566,0
25,0.30921339210874804,0
83,0.29940159934608823,0
144,0.29152573935599824,1
47,0.4409050428366665,0
34,0.3043078984229949,0
62,0.2997607957759557,0
59,0.2906451222196072,0
36,0.2841747924650252,0
66,0.2797009189492735,0
135,0.2767363473168383,1
40,0.42416842200304156,0
90,0.295684677701515,0
153,0.2913338989387,1
49,0.44675850665109973,0
42,0.3002233132638877,0
46,0.2976171765839911,0
101,0.28811575616090573,0
146,0.3854397165281825,1
142,0.441959086927992,1
74,0.4478691932508546,0
76,0.3052229442546706,0
133,0.29620340777654913,1
135,0.449785401554855,1
71,0.45031692646817245,0
87,0.31031194666077067,0
89,0.3050743546736774,0
58,0.29550482527523825,0
133,0.288311980393339,1
123,0.44119248414445666,1
34,0.4214761089478274,0
136,0.31051136464096407,1
85,0.44709598187287036,0
30,0.3140538511385886,0
112,0.30952578484283755,1
70,0.45066752576109204,0
145,0.3093436504462658,1
120,0.4646590391252793,1
102,0.44585227814222755,0
31,0.4329681281177446,0
56,0.3105240521760783,0
71,0.3031783509534427,0
130,0.29364613824521374,1
102,0.4445026666649522,0
150,0.4136869833057243,1
132,0.4326867596458488,1
131,0.45453092295108316,1
40,0.4406934257509892,0
75,0.3175868054967267,0
144,0.31163917183727036,1
81,0.4447216317987033,0
41,0.31313904712052204,0
148,0.3090056578153286,1
88,0.4536523151247217,0
71,0.31498598629946634,0
76,0.3075573570461022,0
79,0.29605296673357867,0
151,0.2873835675651629,1
111,0.4287812989847539,1
103,0.43392330404443014,0
98,0.41543490666379357,0
21,0.297834400564873,0
152,0.2899442308159604,1
74,0.450266680661746,0
86,0.3070056503241412,0
143,0.2959355422752158,1
104,0.4357057557102866,0
21,0.42414798471756177,0
130,0.29477783761904147,1
31,0.43841385711038133,0
47,0.30250677817404914,0
50,0.2991067996855826,0
74,0.28907255208922583,0
25,0.2815131135872168,0
55,0.2758898948471649,0
120,0.2719775049548912,1
126,0.40678369591592584,1
127,0.4245160330211071,1
139,0.4322807255897913,1
143,0.44684766069068016,1
130,0.4541279795352061,1
53,0.44488336936908757,0
116,0.3143599823488756,1
107,0.4579212982192231,1
79,0.4489486915503282,0
35,0.33048030134490464,0
89,0.3183064377647363,0
87,0.3221493820883209,0
35,0.3104398485258987,0
64,0.29605534028599223,0
60,0.2892211165697791,0
106,0.2856354472603733,1
46,0.42914729071434476,0
86,0.31372518779776554,0
109,0.30114468671581657,1
73,0.4312527759933507,0
103,0.31512880773270313,0
119,0.42873249397918023,1
103,0.4493547841716212,0
74,0.44751238271242627,0
147,0.31725393417056763,1
85,0.4579411026112003,0
28,0.31973349142874824,0
139,0.3063827529747259,1
124,0.4417907326202246,1
125,0.44325248924638083,1
134,0.45127632391807104,1
134,0.4661879670122101,1
136,0.4712202147311185,1
118,0.4752053749849141,1
148,0.4702015144548843,1
30,0.48333056863200274,0
114,0.34419166949422636,1
134,0.4753570762096735,1
139,0.4859279188979727,1
103,0.4865979101595095,0
37,0.4634313789391411,0
132,0.34490697587653935,1
40,0.48545597108552596,0
144,0.3421338175465527,1
48,0.4881956880090302,0
32,0.34169952021486444,0
40,0.33836621707811915,0
131,0.3258480008563909,1
43,0.4597776723090994,0
40,0.3337568347623995,0
58,0.32220158051699144,0
83,0.3110025171879883,0
98,0.3017327416099074,0
121,0.3041494484554538,1
111,0.42993136834420065,1
57,0.44454753948253667,0
143,0.3216672422190522,1
106,0.46878810445347785,1
120,0.4635052093797773,1
45,0.4589933822269684,0
101,0.334236005441004,0
79,0.44123887386396055,0
51,0.3169768172387001,0
77,0.30159530722605776,0
33,0.2946593631480969,0
23,0.28983187235879304,0
30,0.28653392310446646,0
58,0.28435915386071575,0
47,0.28295042995019865,0
76,0.2820414375960309,0
85,0.2814520178075683,0
132,0.2810662416753552,1
150,0.43124863805727104,1
40,0.45773201600875335,0
93,0.32117015323396647,0
35,0.30448287921043315,0
45,0.2959206423687788,0
76,0.29030275063705663,0
110,0.2866397738417149,1
114,0.43526989165998664,1
134,0.4496485727350656,1
145,0.4610165434419532,1
70,0.45584641805359893,0
89,0.3260735998413644,0
94,0.30967306240842707,0
81,0.301115260547679,0
50,0.29525968589570906,0
101,0.29128058860714023,0
35,0.41704297907174914,0
28,0.30551164400497255,0
70,0.2891057914923424,0
77,0.28601024836218136,0
98,0.28517071241352415,0
72,0.2848436454074224,0
147,0.2846719345282573,1
57,0.4573014834900347,0
105,0.3185907209636411,1
71,0.44998936623718233,0
50,0.3265429092560552,0
89,0.3137248064535392,0
55,0.30323809705145605,0
91,0.2948410284835068,0
150,0.31106545464651814,1
135,0.45593118173956293,1
105,0.44630154280463785,1
137,0.4567862499321893,1
92,0.46887638830718203,0
137,0.3218909211792891,1
74,0.47859336903768623,0
126,0.32364159809785337,1
108,0.4650268872008474,1
70,0.4745510058773724,0
151,0.32974549239241974,1
100,0.49512790969871046,0
95,0.4369190075803762,0
42,0.3538591718779446,0
84,0.31463822145671505,0
153,0.30791247250294124,1
111,0.47313495862226995,1
98,0.43601148875410867,0
134,0.32167681357334366,1
121,0.45723727091899485,1
152,0.46847404473637255,1
154,0.4701012520263237,1
123,0.47256938236380863,1
51,0.457884578133643,0
54,0.34373352066629725,0
150,0.33087688905028073,1
55,0.46562057817076524,0
48,0.3389703677637776,0
80,0.32553043008137483,0
32,0.3141567696285035,0
37,0.30447433138314084,0
109,0.29685568974472,1
88,0.44310220461979966,0
86,0.31885072482077087,0
111,0.3060052388178081,1
45,0.45041511677942303,0
76,0.3232166602453762,0
50,0.3087581006377347,0
93,0.29833002548211024,0
31,0.2904765348358992,0
151,0.28479398715496584,1
78,0.43975267594140693,0
152,0.31471255016533783,1
130,0.4594942591674353,1
122,0.4478967572661078,1
124,0.46604492585407686,1
115,0.4578024901758424,1
68,0.45865334879180514,0
120,0.3340469212302586,1
155,0.4673802780781574,1
24,0.4757836832419259,0
137,0.3394421965533094,1
143,0.487198538125977,1
148,0.4676951064924694,1
81,0.49181251653724356,0
139,0.3426451626617022,1
130,0.48275752120559984,1
73,0.4929558673661576,0
121,0.34612278443368716,1
145,0.49619198560161903,1
76,0.4730120617079875,0
91,0.35777905438547924,0
64,0.35246040519068794,0
125,0.3380904131792393,1
104,0.47727279609300166,0
64,0.46339009814623633,0
149,0.3273953543796082,1
47,0.4705914782141726,0
49,0.3288494681430504,0
64,0.32428374906671126,0
87,0.31210848314514644,0
42,0.302375281440089,0
58,0.29469236603787974,0
59,0.289016596245912,0
35,0.2850437054691942,0
43,0.2823718134309762,0
49,0.2806197535628463,0
135,0.2794845716889731,1
83,0.450228939224191,0
136,0.30827559277558014,1
86,0.4610017606921487,0
51,0.31420620643585984,0
80,0.30793486447989,0
112,0.2969388080188159,1
107,0.4371432969245893,1
53,0.4269499055147983,0
72,0.3152606467483697,0
120,0.3048682775003801,1
128,0.4332753873485916,1
97,0.4504140294649478,0
36,0.3185059613462829,0
58,0.310435729867627,0
96,0.3006613439769093,0
79,0.3106994805513547,0
120,0.2944951793729303,1
117,0.43390171933664046,1
92,0.4247406353450643,0
66,0.3088217243331208,0
135,0.29929247144955134,1
64,0.4455953846566352,0
115,0.30962614081860834,1
55,0.4544594705084334,0
