Timestep: 0, Trans probs: [0.125, 0.125, 0.125, 0.125, 0.125, 0.125, 0.125, 0.125]
Timestep: 1, Trans probs: [0.1111111111111111, 0.1111111111111111, 0.1111111111111111, 0.1111111111111111, 0.1111111111111111, 0.2222222222222222, 0.1111111111111111, 0.1111111111111111]
Timestep: 2, Trans probs: [0.125, 0.125, 0.125, 0.125, 0.125, 0.125, 0.125, 0.125]
Timestep: 3, Trans probs: [0.1111111111111111, 0.1111111111111111, 0.1111111111111111, 0.1111111111111111, 0.2222222222222222, 0.1111111111111111, 0.1111111111111111, 0.1111111111111111]
Timestep: 4, Trans probs: [0.10471582512940031, 0.10471582512940031, 0.10471582512940031, 0.10471582512940031, 0.20943165025880062, 0.1622733989647975, 0.10471582512940031, 0.10471582512940031]
Timestep: 5, Trans probs: [0.10471582512940031, 0.10471582512940031, 0.10471582512940031, 0.10471582512940031, 0.1622733989647975, 0.20943165025880062, 0.10471582512940031, 0.10471582512940031]
Timestep: 6, Trans probs: [0.10181420568108683, 0.10181420568108683, 0.10181420568108683, 0.10181420568108683, 0.2333065096659424, 0.15580825624753653, 0.10181420568108683, 0.10181420568108683]
Timestep: 7, Trans probs: [0.10181420568108683, 0.10181420568108683, 0.10181420568108683, 0.10181420568108683, 0.25762246192862337, 0.13149230398485556, 0.10181420568108683, 0.10181420568108683]
Timestep: 8, Trans probs: [0.125, 0.125, 0.125, 0.125, 0.125, 0.125, 0.125, 0.125]
Timestep: 9, Trans probs: [0.10181420568108683, 0.10181420568108683, 0.10181420568108683, 0.10181420568108683, 0.25762246192862337, 0.13149230398485556, 0.10181420568108683, 0.10181420568108683]
Timestep: 10, Trans probs: [0.10287579731014815, 0.10287579731014815, 0.10287579731014815, 0.10287579731014815, 0.16513465713166442, 0.21761055900744655, 0.10287579731014815, 0.10287579731014815]
Timestep: 11, Trans probs: [0.125, 0.125, 0.125, 0.125, 0.125, 0.125, 0.125, 0.125]
Timestep: 12, Trans probs: [0.10287579731014815, 0.10287579731014815, 0.10287579731014815, 0.10287579731014815, 0.16513465713166442, 0.21761055900744655, 0.10287579731014815, 0.10287579731014815]
Timestep: 13, Trans probs: [0.10162724459524278, 0.10162724459524278, 0.10162724459524278, 0.10162724459524278, 0.13165144771734152, 0.25858508471120173, 0.10162724459524278, 0.10162724459524278]
Timestep: 14, Trans probs: [0.125, 0.125, 0.125, 0.125, 0.125, 0.125, 0.125, 0.125]
Timestep: 15, Trans probs: [0.125, 0.125, 0.125, 0.125, 0.125, 0.125, 0.125, 0.125]
Timestep: 16, Trans probs: [0.10171712360477374, 0.10171712360477374, 0.10171712360477374, 0.10171712360477374, 0.23035758230442743, 0.15933967606693022, 0.10171712360477374, 0.10171712360477374]
Timestep: 17, Trans probs: [0.1111111111111111, 0.1111111111111111, 0.1111111111111111, 0.1111111111111111, 0.2222222222222222, 0.1111111111111111, 0.1111111111111111, 0.1111111111111111]
Timestep: 18, Trans probs: [0.10171712360477374, 0.10171712360477374, 0.10171712360477374, 0.10171712360477374, 0.23035758230442743, 0.15933967606693022, 0.10171712360477374, 0.10171712360477374]
Timestep: 19, Trans probs: [0.10162724459524278, 0.10162724459524278, 0.10162724459524278, 0.10162724459524278, 0.13165144771734152, 0.25858508471120173, 0.10162724459524278, 0.10162724459524278]
Timestep: 20, Trans probs: [0.1111111111111111, 0.1111111111111111, 0.1111111111111111, 0.1111111111111111, 0.2222222222222222, 0.1111111111111111, 0.1111111111111111, 0.1111111111111111]
Timestep: 21, Trans probs: [0.10175875287533964, 0.10175875287533964, 0.10175875287533964, 0.10175875287533964, 0.15989066437413854, 0.22955681837382366, 0.10175875287533964, 0.10175875287533964]
Timestep: 22, Trans probs: [0.10174209392624295, 0.10174209392624295, 0.10174209392624295, 0.10174209392624295, 0.22984760691785247, 0.15969982952468983, 0.10174209392624295, 0.10174209392624295]
Timestep: 23, Trans probs: [0.1111111111111111, 0.1111111111111111, 0.1111111111111111, 0.1111111111111111, 0.2222222222222222, 0.1111111111111111, 0.1111111111111111, 0.1111111111111111]
Timestep: 24, Trans probs: [0.125, 0.125, 0.125, 0.125, 0.125, 0.125, 0.125, 0.125]
Timestep: 25, Trans probs: [0.10162724459524278, 0.10162724459524278, 0.10162724459524278, 0.10162724459524278, 0.13165144771734152, 0.25858508471120173, 0.10162724459524278, 0.10162724459524278]
Timestep: 26, Trans probs: [0.10471582512940031, 0.20943165025880062, 0.10471582512940031, 0.10471582512940031, 0.1622733989647975, 0.10471582512940031, 0.10471582512940031, 0.10471582512940031]
Timestep: 27, Trans probs: [0.10181420568108683, 0.15580825624753653, 0.20362841136217366, 0.10181420568108683, 0.13149230398485556, 0.10181420568108683, 0.10181420568108683, 0.10181420568108683]
Timestep: 28, Trans probs: [0.10162724459524278, 0.10162724459524278, 0.10162724459524278, 0.10162724459524278, 0.13165144771734152, 0.25858508471120173, 0.10162724459524278, 0.10162724459524278]
Timestep: 29, Trans probs: [0.10471582512940031, 0.10471582512940031, 0.26698922409419784, 0.10471582512940031, 0.10471582512940031, 0.10471582512940031, 0.10471582512940031, 0.10471582512940031]
Timestep: 30, Trans probs: [0.10174777961967388, 0.10174777961967388, 0.10174777961967388, 0.10174777961967388, 0.26151588049029284, 0.12799744179166386, 0.10174777961967388, 0.10174777961967388]
Timestep: 31, Trans probs: [0.10735099794912187, 0.10383588500590081, 0.1657978070095725, 0.10383588500590081, 0.20767177001180162, 0.10383588500590081, 0.10383588500590081, 0.10383588500590081]
Timestep: 32, Trans probs: [0.10286415077819512, 0.10286415077819512, 0.10286415077819512, 0.10286415077819512, 0.11478227762602855, 0.26803281770480064, 0.10286415077819512, 0.10286415077819512]
Timestep: 33, Trans probs: [0.10181420568108683, 0.15580825624753653, 0.20362841136217366, 0.10181420568108683, 0.13149230398485556, 0.10181420568108683, 0.10181420568108683, 0.10181420568108683]
Timestep: 34, Trans probs: [0.09994374817242391, 0.12920056572094782, 0.25505579004034545, 0.09994374817242391, 0.1160249033765872, 0.09994374817242391, 0.09994374817242391, 0.09994374817242391]
Timestep: 35, Trans probs: [0.10196941352531147, 0.11397795744943955, 0.2676050055351008, 0.10196941352531147, 0.10856996938890226, 0.10196941352531147, 0.10196941352531147, 0.10196941352531147]
Timestep: 36, Trans probs: [0.125, 0.125, 0.125, 0.125, 0.125, 0.125, 0.125, 0.125]
Timestep: 37, Trans probs: [0.206701915825235, 0.10790301993783133, 0.16613821115292385, 0.1033509579126175, 0.1058530214335398, 0.1033509579126175, 0.1033509579126175, 0.1033509579126175]
Timestep: 38, Trans probs: [0.10286415077819512, 0.10286415077819512, 0.10286415077819512, 0.10286415077819512, 0.11478227762602855, 0.26803281770480064, 0.10286415077819512, 0.10286415077819512]
Timestep: 39, Trans probs: [0.206701915825235, 0.10790301993783133, 0.16613821115292385, 0.1033509579126175, 0.1058530214335398, 0.1033509579126175, 0.1033509579126175, 0.1033509579126175]
Timestep: 40, Trans probs: [0.10286415077819512, 0.10286415077819512, 0.10286415077819512, 0.10286415077819512, 0.11478227762602855, 0.26803281770480064, 0.10286415077819512, 0.10286415077819512]
Timestep: 41, Trans probs: [0.206701915825235, 0.10790301993783133, 0.16613821115292385, 0.1033509579126175, 0.1058530214335398, 0.1033509579126175, 0.1033509579126175, 0.1033509579126175]
Timestep: 42, Trans probs: [0.10286415077819512, 0.10286415077819512, 0.10286415077819512, 0.10286415077819512, 0.11478227762602855, 0.26803281770480064, 0.10286415077819512, 0.10286415077819512]
Timestep: 43, Trans probs: [0.206701915825235, 0.10790301993783133, 0.16613821115292385, 0.1033509579126175, 0.1058530214335398, 0.1033509579126175, 0.1033509579126175, 0.1033509579126175]
Timestep: 44, Trans probs: [0.1111111111111111, 0.1111111111111111, 0.2222222222222222, 0.1111111111111111, 0.1111111111111111, 0.1111111111111111, 0.1111111111111111, 0.1111111111111111]
Timestep: 45, Trans probs: [0.2558968796525448, 0.10348386008208825, 0.13371722540622585, 0.10112061285451229, 0.10241958344109187, 0.10112061285451229, 0.10112061285451229, 0.10112061285451229]
Timestep: 46, Trans probs: [0.10286415077819512, 0.10286415077819512, 0.10286415077819512, 0.10286415077819512, 0.11478227762602855, 0.26803281770480064, 0.10286415077819512, 0.10286415077819512]
Timestep: 47, Trans probs: [0.2558968796525448, 0.10348386008208825, 0.13371722540622585, 0.10112061285451229, 0.10241958344109187, 0.10112061285451229, 0.10112061285451229, 0.10112061285451229]
Timestep: 48, Trans probs: [0.10286415077819512, 0.10286415077819512, 0.10286415077819512, 0.10286415077819512, 0.11478227762602855, 0.26803281770480064, 0.10286415077819512, 0.10286415077819512]
Timestep: 49, Trans probs: [0.1043226419226018, 0.1043226419226018, 0.16541886461918565, 0.1043226419226018, 0.1043226419226018, 0.2086452838452036, 0.1043226419226018, 0.1043226419226018]
Timestep: 50, Trans probs: [0.10471582512940031, 0.10471582512940031, 0.26698922409419784, 0.10471582512940031, 0.10471582512940031, 0.10471582512940031, 0.10471582512940031, 0.10471582512940031]
Timestep: 51, Trans probs: [0.10286415077819512, 0.10286415077819512, 0.10286415077819512, 0.10286415077819512, 0.11478227762602855, 0.26803281770480064, 0.10286415077819512, 0.10286415077819512]
Timestep: 52, Trans probs: [0.2558968796525448, 0.10348386008208825, 0.13371722540622585, 0.10112061285451229, 0.10241958344109187, 0.10112061285451229, 0.10112061285451229, 0.10112061285451229]
Timestep: 53, Trans probs: [0.10286415077819512, 0.10286415077819512, 0.10286415077819512, 0.10286415077819512, 0.11478227762602855, 0.26803281770480064, 0.10286415077819512, 0.10286415077819512]
Timestep: 54, Trans probs: [0.2558968796525448, 0.10348386008208825, 0.13371722540622585, 0.10112061285451229, 0.10241958344109187, 0.10112061285451229, 0.10112061285451229, 0.10112061285451229]
Timestep: 55, Trans probs: [0.16513356605935656, 0.10348087755051699, 0.2182355144855961, 0.10252491889552974, 0.10305036632241124, 0.10252491889552974, 0.10252491889552974, 0.10252491889552974]
Timestep: 56, Trans probs: [0.13160842738971476, 0.10196519442128307, 0.2586459383724574, 0.10150555988135683, 0.10175820029111735, 0.10150555988135683, 0.10150555988135683, 0.10150555988135683]
Timestep: 57, Trans probs: [0.10471582512940031, 0.10471582512940031, 0.26698922409419784, 0.10471582512940031, 0.10471582512940031, 0.10471582512940031, 0.10471582512940031, 0.10471582512940031]
Timestep: 58, Trans probs: [0.10190285422935924, 0.10189920396620988, 0.2629353103290505, 0.10189920396620988, 0.12566581561054077, 0.10189920396620988, 0.10189920396620988, 0.10189920396620988]
Timestep: 59, Trans probs: [0.10371152591793684, 0.10371152591793684, 0.10371152591793684, 0.10371152591793684, 0.10819352447731768, 0.26953732001506125, 0.10371152591793684, 0.10371152591793684]
Timestep: 60, Trans probs: [0.1043226419226018, 0.1043226419226018, 0.16541886461918565, 0.1043226419226018, 0.1043226419226018, 0.2086452838452036, 0.1043226419226018, 0.1043226419226018]
Timestep: 61, Trans probs: [0.10371152591793684, 0.10371152591793684, 0.10371152591793684, 0.10371152591793684, 0.10819352447731768, 0.26953732001506125, 0.10371152591793684, 0.10371152591793684]
Timestep: 62, Trans probs: [0.20341263093136586, 0.10170631546568293, 0.13296863499873995, 0.10170631546568293, 0.10170631546568293, 0.15508715674147955, 0.10170631546568293, 0.10170631546568293]
Timestep: 63, Trans probs: [0.10371152591793684, 0.10371152591793684, 0.10371152591793684, 0.10371152591793684, 0.10819352447731768, 0.26953732001506125, 0.10371152591793684, 0.10371152591793684]
Timestep: 64, Trans probs: [0.20341263093136586, 0.10170631546568293, 0.13296863499873995, 0.10170631546568293, 0.10170631546568293, 0.15508715674147955, 0.10170631546568293, 0.10170631546568293]
Timestep: 65, Trans probs: [0.15505665173660946, 0.09987771499368431, 0.11683852557907723, 0.09987771499368431, 0.19975542998736862, 0.12883853272220738, 0.09987771499368431, 0.09987771499368431]
Timestep: 66, Trans probs: [0.21759020896587558, 0.1030009118950794, 0.16521657097400164, 0.10281839766189539, 0.1029187175174618, 0.10281839766189539, 0.10281839766189539, 0.10281839766189539]
Timestep: 67, Trans probs: [0.12957603993685451, 0.09855818130062834, 0.20665058084008456, 0.09855818130062834, 0.15470266373269698, 0.11483799028785059, 0.09855818130062834, 0.09855818130062834]
Timestep: 68, Trans probs: [0.1043226419226018, 0.1043226419226018, 0.16541886461918565, 0.1043226419226018, 0.1043226419226018, 0.2086452838452036, 0.1043226419226018, 0.1043226419226018]
Timestep: 69, Trans probs: [0.15695339146964954, 0.10169018598716752, 0.1316950541537145, 0.10160216448926364, 0.203252710432414, 0.10160216448926364, 0.10160216448926364, 0.10160216448926364]
Timestep: 70, Trans probs: [0.21363606476319452, 0.0984901014202161, 0.15653318243182932, 0.0984901014202161, 0.12863837045711646, 0.1072319766669952, 0.0984901014202161, 0.0984901014202161]
Timestep: 71, Trans probs: [0.125, 0.125, 0.125, 0.125, 0.125, 0.125, 0.125, 0.125]
Timestep: 72, Trans probs: [0.12979216549551542, 0.09991428408476007, 0.1161363234145202, 0.09986669553369777, 0.2546904448704132, 0.09986669553369777, 0.09986669553369777, 0.09986669553369777]
Timestep: 73, Trans probs: [0.10170631546568293, 0.10170631546568293, 0.23467495046442288, 0.10170631546568293, 0.10170631546568293, 0.15508715674147955, 0.10170631546568293, 0.10170631546568293]
Timestep: 74, Trans probs: [0.12830030203862508, 0.09979492280298279, 0.11705018222427226, 0.09979492280298279, 0.25567490172218865, 0.09979492280298279, 0.09979492280298279, 0.09979492280298279]
Timestep: 75, Trans probs: [0.10408312701079608, 0.10408312701079608, 0.10408312701079608, 0.10408312701079608, 0.10574772924123221, 0.2697535086939913, 0.10408312701079608, 0.10408312701079608]
Timestep: 76, Trans probs: [0.21615413710751558, 0.10194352137655885, 0.10861450137715443, 0.10192395156379112, 0.16559203388360663, 0.10192395156379112, 0.10192395156379112, 0.10192395156379112]
Timestep: 77, Trans probs: [0.10190179027467498, 0.10190179027467498, 0.16104312841152515, 0.10190179027467498, 0.10190179027467498, 0.22754612994042503, 0.10190179027467498, 0.10190179027467498]
Timestep: 78, Trans probs: [0.2579433028048716, 0.10111176278285759, 0.10436688245192831, 0.10110221364877918, 0.13216919736522587, 0.10110221364877918, 0.10110221364877918, 0.10110221364877918]
Timestep: 79, Trans probs: [0.15780812449880074, 0.198191524807848, 0.12869164479977796, 0.099095762403924, 0.11446821695498659, 0.1035532017268148, 0.099095762403924, 0.099095762403924]
Timestep: 80, Trans probs: [0.13127548563528213, 0.1540938876521963, 0.1148233906159141, 0.09810041193195687, 0.20488693858551887, 0.10061906171521788, 0.09810041193195687, 0.09810041193195687]
Timestep: 81, Trans probs: [0.16529172692433883, 0.10262715191896844, 0.10392778756040451, 0.10262333640820695, 0.2176599879634604, 0.10262333640820695, 0.10262333640820695, 0.10262333640820695]
Timestep: 82, Trans probs: [0.1317423555126664, 0.10152010410303929, 0.2036656464863024, 0.10151826393536116, 0.15699883815654733, 0.10151826393536116, 0.10151826393536116, 0.10151826393536116]
Timestep: 83, Trans probs: [0.11615090303299896, 0.09986315456526716, 0.25477485289059276, 0.09986216283940684, 0.12976243815351374, 0.09986216283940684, 0.09986216283940684, 0.09986216283940684]
Timestep: 84, Trans probs: [0.10170963195065341, 0.10170963195065341, 0.2305000668165758, 0.10170963195065341, 0.10170963195065341, 0.1592421414795037, 0.10170963195065341, 0.10170963195065341]
Timestep: 85, Trans probs: [0.2105498478098674, 0.10192809089125965, 0.1655949822652311, 0.10192768330356096, 0.11421634581939799, 0.10192768330356096, 0.10192768330356096, 0.10192768330356096]
Timestep: 86, Trans probs: [0.15574940143767538, 0.10072159182441856, 0.23369664048770686, 0.10072138534038698, 0.1069468248886512, 0.10072138534038698, 0.10072138534038698, 0.10072138534038698]
Timestep: 87, Trans probs: [0.1261200285058582, 0.10142701494876921, 0.2625247600930778, 0.10142692229174675, 0.10422050728530775, 0.10142692229174675, 0.10142692229174675, 0.10142692229174675]
Timestep: 88, Trans probs: [0.10176172721505958, 0.10176172721505958, 0.26168591528275253, 0.10176172721505958, 0.10176172721505958, 0.12774372142688997, 0.10176172721505958, 0.10176172721505958]
Timestep: 89, Trans probs: [0.20609606097988187, 0.10304803048994093, 0.16547378983093727, 0.10304803048994093, 0.10304803048994093, 0.11318999673947627, 0.10304803048994093, 0.10304803048994093]
Timestep: 90, Trans probs: [0.2556547162856278, 0.10092148085153065, 0.1335202566390598, 0.10092148085153065, 0.10092148085153065, 0.10621762281765917, 0.10092148085153065, 0.10092148085153065]
Timestep: 91, Trans probs: [0.2155143525994862, 0.10294623052181806, 0.16571989103544052, 0.10294619441690259, 0.1040347481756449, 0.10294619441690259, 0.10294619441690259, 0.10294619441690259]
Timestep: 92, Trans probs: [0.15651199984337313, 0.10153749190801509, 0.23373152360272584, 0.10153747427558127, 0.10206908754356094, 0.10153747427558127, 0.10153747427558127, 0.10153747427558127]
Timestep: 93, Trans probs: [0.16519240725186876, 0.10242958422820762, 0.21808186873667998, 0.10242958422820762, 0.10242958422820762, 0.10457780287041318, 0.10242958422820762, 0.10242958422820762]
Timestep: 94, Trans probs: [0.22813657571395038, 0.1018112747468215, 0.16075876004910736, 0.10181126688423028, 0.10204832195319967, 0.10181126688423028, 0.10181126688423028, 0.10181126688423028]
Timestep: 95, Trans probs: [0.13166679187854502, 0.10145307834398476, 0.25858059619556023, 0.10145307834398476, 0.10145307834398476, 0.102487220205971, 0.10145307834398476, 0.10145307834398476]
Timestep: 96, Trans probs: [0.2610812879539384, 0.10169909711168534, 0.12861590241891072, 0.10169909352144166, 0.10180733842969887, 0.10169909352144166, 0.10169909352144166, 0.10169909352144166]
Timestep: 97, Trans probs: [0.10303582290937262, 0.10303582290937262, 0.10303582290937262, 0.10303582290937262, 0.16545760967772727, 0.21632745286603694, 0.10303582290937262, 0.10303582290937262]
Timestep: 98, Trans probs: [0.2610812879539384, 0.10169909711168534, 0.12861590241891072, 0.10169909352144166, 0.10180733842969887, 0.10169909352144166, 0.10169909352144166, 0.10169909352144166]
Timestep: 99, Trans probs: [0.10408312701079608, 0.10408312701079608, 0.10408312701079608, 0.10408312701079608, 0.10574772924123221, 0.2697535086939913, 0.10408312701079608, 0.10408312701079608]
Timestep: 100, Trans probs: [0.2610812879539384, 0.10169909711168534, 0.12861590241891072, 0.10169909352144166, 0.10180733842969887, 0.10169909352144166, 0.10169909352144166, 0.10169909352144166]
Timestep: 101, Trans probs: [0.10408312701079608, 0.10408312701079608, 0.10408312701079608, 0.10408312701079608, 0.10574772924123221, 0.2697535086939913, 0.10408312701079608, 0.10408312701079608]
Timestep: 102, Trans probs: [0.10794764326631108, 0.11465867276226716, 0.2542931019210947, 0.0981906542366454, 0.12959721502962024, 0.0989314043107706, 0.0981906542366454, 0.0981906542366454]
Timestep: 103, Trans probs: [0.11479973679514739, 0.10279438496424428, 0.2680230394520586, 0.10279438496424428, 0.10279438496424428, 0.1032052989315727, 0.10279438496424428, 0.10279438496424428]
Timestep: 104, Trans probs: [0.2610812879539384, 0.10169909711168534, 0.12861590241891072, 0.10169909352144166, 0.10180733842969887, 0.10169909352144166, 0.10169909352144166, 0.10169909352144166]
Timestep: 105, Trans probs: [0.16542269835981632, 0.10299908519652037, 0.21654040230173002, 0.10299908379036588, 0.10304147898046985, 0.10299908379036588, 0.10299908379036588, 0.10299908379036588]
Timestep: 106, Trans probs: [0.10820161942939853, 0.10368466677870398, 0.2695357756052194, 0.10368466677870398, 0.10368466677870398, 0.1038392710718621, 0.10368466677870398, 0.10368466677870398]
Timestep: 107, Trans probs: [0.2335324826134567, 0.101622508726948, 0.1567118986099557, 0.10162250804469246, 0.1016430778708698, 0.10162250804469246, 0.10162250804469246, 0.10162250804469246]
Timestep: 108, Trans probs: [0.10575092794288454, 0.10407305708811174, 0.2697533000936971, 0.10407305708811174, 0.10407305708811174, 0.10413048652285971, 0.10407305708811174, 0.10407305708811174]
Timestep: 109, Trans probs: [0.20907087307141087, 0.10422486787719604, 0.16555865964714878, 0.10422486787719604, 0.10422486787719604, 0.10424612789546014, 0.10422486787719604, 0.10422486787719604]
Timestep: 110, Trans probs: [0.10408312701079608, 0.10408312701079608, 0.10408312701079608, 0.10408312701079608, 0.10574772924123221, 0.2697535086939913, 0.10408312701079608, 0.10408312701079608]
Timestep: 111, Trans probs: [0.20644393079746273, 0.10804632560092114, 0.1661718174038825, 0.10119119909961063, 0.11426477846630695, 0.1014995504325948, 0.10119119909961063, 0.10119119909961063]
Timestep: 112, Trans probs: [0.26252192886390824, 0.10184240395561019, 0.12641447395927383, 0.10184240365129693, 0.10185157861602001, 0.10184240365129693, 0.10184240365129693, 0.10184240365129693]
Timestep: 113, Trans probs: [0.20907087307141087, 0.10422486787719604, 0.16555865964714878, 0.10422486787719604, 0.10422486787719604, 0.10424612789546014, 0.10422486787719604, 0.10422486787719604]
Timestep: 114, Trans probs: [0.25685285788663587, 0.10169433119781415, 0.13297031379075358, 0.10169433119781415, 0.10169433119781415, 0.10170517233353991, 0.10169433119781415, 0.10169433119781415]
Timestep: 115, Trans probs: [0.26866398444036893, 0.10311196361154276, 0.11266066909070872, 0.10311196349328663, 0.10311552888423293, 0.10311196349328663, 0.10311196349328663, 0.10311196349328663]
Timestep: 116, Trans probs: [0.16580056072636756, 0.103827956310687, 0.21123036696539801, 0.10382795626641911, 0.10382929093187108, 0.10382795626641911, 0.10382795626641911, 0.10382795626641911]
Timestep: 117, Trans probs: [0.15499432433094743, 0.10364414825083128, 0.2340444587138724, 0.10006670394016284, 0.1068893354578334, 0.10022762142602694, 0.10006670394016284, 0.10006670394016284]
Timestep: 118, Trans probs: [0.10257927520801054, 0.10143349129963365, 0.13174721568551795, 0.10143349129963365, 0.2585060526083032, 0.10143349129963365, 0.10143349129963365, 0.10143349129963365]
Timestep: 119, Trans probs: [0.12586510369473777, 0.10274203724395667, 0.16146150569008244, 0.10113110834683872, 0.10420335023567184, 0.2023346780950351, 0.10113110834683872, 0.10113110834683872]
Timestep: 120, Trans probs: [0.16501606697630025, 0.10280492684216473, 0.21815002519436427, 0.10280492684216473, 0.10280492684216473, 0.10280927361851173, 0.10280492684216473, 0.10280492684216473]
Timestep: 121, Trans probs: [0.13277601253533286, 0.10166276308340497, 0.15558397594747025, 0.10166276306118034, 0.20332619618907052, 0.10166276306118034, 0.10166276306118034, 0.10166276306118034]
Timestep: 122, Trans probs: [0.11673150105054875, 0.09986700699933063, 0.2289612399947984, 0.0998670069872841, 0.15497222400618585, 0.0998670069872841, 0.0998670069872841, 0.0998670069872841]
Timestep: 123, Trans probs: [0.10856693575022547, 0.10073153259328096, 0.26144146463273843, 0.10073153258768404, 0.12633393667301906, 0.10073153258768404, 0.10073153258768404, 0.10073153258768404]
Timestep: 124, Trans probs: [0.1315334813777022, 0.1016268534074635, 0.2587033085610462, 0.1016268534074635, 0.1016268534074635, 0.10162894302393409, 0.1016268534074635, 0.1016268534074635]
Timestep: 125, Trans probs: [0.1111111111111111, 0.1111111111111111, 0.2222222222222222, 0.1111111111111111, 0.1111111111111111, 0.1111111111111111, 0.1111111111111111, 0.1111111111111111]
Timestep: 126, Trans probs: [0.2083211092821014, 0.10261813986661004, 0.16589028267508307, 0.10261813986440652, 0.11269790871857932, 0.10261813986440652, 0.10261813986440652, 0.10261813986440652]
Timestep: 127, Trans probs: [0.10408312701079608, 0.10408312701079608, 0.10408312701079608, 0.10408312701079608, 0.10574772924123221, 0.2697535086939913, 0.10408312701079608, 0.10408312701079608]
Timestep: 128, Trans probs: [0.1147330999906839, 0.20573880243984788, 0.16518026253719922, 0.10286940121992394, 0.10286940121992394, 0.10287023015257321, 0.10286940121992394, 0.10286940121992394]
Timestep: 129, Trans probs: [0.2083211092821014, 0.10261813986661004, 0.16589028267508307, 0.10261813986440652, 0.11269790871857932, 0.10261813986440652, 0.10261813986440652, 0.10261813986440652]
Timestep: 130, Trans probs: [0.10408312701079608, 0.10408312701079608, 0.10408312701079608, 0.10408312701079608, 0.10574772924123221, 0.2697535086939913, 0.10408312701079608, 0.10408312701079608]
Timestep: 131, Trans probs: [0.2083211092821014, 0.10261813986661004, 0.16589028267508307, 0.10261813986440652, 0.11269790871857932, 0.10261813986440652, 0.10261813986440652, 0.10261813986440652]
Timestep: 132, Trans probs: [0.10408312701079608, 0.10408312701079608, 0.10408312701079608, 0.10408312701079608, 0.10574772924123221, 0.2697535086939913, 0.10408312701079608, 0.10408312701079608]
Timestep: 133, Trans probs: [0.10702012745226354, 0.15470269452520535, 0.2342561155581116, 0.10080412562879609, 0.10080412562879609, 0.10080455994923519, 0.10080412562879609, 0.10080412562879609]
Timestep: 134, Trans probs: [0.2083211092821014, 0.10261813986661004, 0.16589028267508307, 0.10261813986440652, 0.11269790871857932, 0.10261813986440652, 0.10261813986440652, 0.10261813986440652]
Timestep: 135, Trans probs: [0.10425385898489055, 0.12563649792226825, 0.26277758701697407, 0.10146637226208131, 0.10146637226208131, 0.10146656702754178, 0.10146637226208131, 0.10146637226208131]
Timestep: 136, Trans probs: [0.2070262555965901, 0.11237634142299915, 0.16574349839401392, 0.1029707657590522, 0.1029707657590522, 0.10297084155018797, 0.1029707657590522, 0.1029707657590522]
Timestep: 137, Trans probs: [0.10408312701079608, 0.10408312701079608, 0.10408312701079608, 0.10408312701079608, 0.10574772924123221, 0.2697535086939913, 0.10408312701079608, 0.10408312701079608]
Timestep: 138, Trans probs: [0.25607792247220584, 0.10089220510551448, 0.13339145163028543, 0.10089220510438267, 0.10606960037446354, 0.10089220510438267, 0.10089220510438267, 0.10089220510438267]
Timestep: 139, Trans probs: [0.16521694641593937, 0.10244281057602495, 0.21803188326036732, 0.10244281057556712, 0.10453711744539988, 0.10244281057556712, 0.10244281057556712, 0.10244281057556712]
Timestep: 140, Trans probs: [0.1316820649513037, 0.10145678210450865, 0.25856884913048195, 0.1014567821042882, 0.10246517539655288, 0.1014567821042882, 0.1014567821042882, 0.1014567821042882]
Timestep: 141, Trans probs: [0.21263805648822132, 0.10049471554020047, 0.13229076976163576, 0.09962241230048989, 0.10128600313780013, 0.15442321817067264, 0.09962241230048989, 0.09962241230048989]
Timestep: 142, Trans probs: [0.2070262555965901, 0.11237634142299915, 0.16574349839401392, 0.1029707657590522, 0.1029707657590522, 0.10297084155018797, 0.1029707657590522, 0.1029707657590522]
Timestep: 143, Trans probs: [0.2570092838968063, 0.10000098740720015, 0.11629100795463078, 0.09955408171256536, 0.10040638649018245, 0.1276300891134842, 0.09955408171256536, 0.09955408171256536]
Timestep: 144, Trans probs: [0.16590370782682196, 0.10210135927661383, 0.10872101946078776, 0.10191975337720807, 0.20418585180565443, 0.11332880149849783, 0.10191975337720807, 0.10191975337720807]
Timestep: 145, Trans probs: [0.16055996740354847, 0.1006910734757438, 0.22728017620211954, 0.1006910734757438, 0.10870448901561297, 0.1006910734757438, 0.1006910734757438, 0.1006910734757438]
Timestep: 146, Trans probs: [0.13416078221092587, 0.1003286051905368, 0.10383878185730253, 0.10023230586807835, 0.15446047808799335, 0.20651443504900643, 0.10023230586807835, 0.10023230586807835]
Timestep: 147, Trans probs: [0.11480577973872969, 0.10279538310362296, 0.16522584076742944, 0.10279538310353536, 0.20599146397607648, 0.10279538310353536, 0.10279538310353536, 0.10279538310353536]
Timestep: 148, Trans probs: [0.15490312734489103, 0.10583580349038342, 0.1335017934403432, 0.10095987273893504, 0.2019197454778701, 0.10095991202970711, 0.10095987273893504, 0.10095987273893504]
Timestep: 149, Trans probs: [0.22838176090789508, 0.10204485153223665, 0.1172528769183706, 0.09936454698563697, 0.1548623011007688, 0.099364568583818, 0.09936454698563697, 0.09936454698563697]
Timestep: 150, Trans probs: [0.20785950395743, 0.10078929644055411, 0.13343768974149825, 0.10078929644050828, 0.1547563240984846, 0.10078929644050828, 0.10078929644050828, 0.10078929644050828]
Timestep: 151, Trans probs: [0.16079511934532123, 0.10170714511024079, 0.20927352525993953, 0.10045356239419752, 0.12640995060620452, 0.10045357249570125, 0.10045356239419752, 0.10045356239419752]
Timestep: 152, Trans probs: [0.25592244150892174, 0.0997842079164374, 0.11696796460313182, 0.09978420791641329, 0.12818855430585582, 0.09978420791641329, 0.09978420791641329, 0.09978420791641329]
Timestep: 153, Trans probs: [0.11745488612461538, 0.09943857996501138, 0.20069511741438179, 0.09938729866332842, 0.12826487732464048, 0.15598464318136565, 0.09938729866332842, 0.09938729866332842]
Timestep: 154, Trans probs: [0.13099935362529244, 0.10049365120319759, 0.255874047199316, 0.09984645654485721, 0.11324711657760132, 0.09984646176002107, 0.09984645654485721, 0.09984645654485721]
Timestep: 155, Trans probs: [0.2166912481328362, 0.10225817269154573, 0.16561502982041984, 0.1019942769842387, 0.10745843929174363, 0.10199427911073856, 0.1019942769842387, 0.1019942769842387]
Timestep: 156, Trans probs: [0.10471582512940031, 0.10471582512940031, 0.26698922409419784, 0.10471582512940031, 0.10471582512940031, 0.10471582512940031, 0.10471582512940031, 0.10471582512940031]
Timestep: 157, Trans probs: [0.16573021909071398, 0.1019561880354659, 0.10897482406950278, 0.10195618803545606, 0.21551401666249317, 0.10195618803545606, 0.10195618803545606, 0.10195618803545606]
Timestep: 158, Trans probs: [0.13231505101215482, 0.10107826081443845, 0.2055942792496725, 0.10107826081443362, 0.15669936566599973, 0.10107826081443362, 0.10107826081443362, 0.10107826081443362]
Timestep: 159, Trans probs: [0.11641556307574952, 0.09980133595494588, 0.2551926623363712, 0.0998013359549433, 0.12938509481316018, 0.0998013359549433, 0.0998013359549433, 0.0998013359549433]
Timestep: 160, Trans probs: [0.10873946802358538, 0.10192774091986247, 0.26756493410009524, 0.10192774091986143, 0.11405689327701127, 0.10192774091986143, 0.10192774091986143, 0.10192774091986143]
Timestep: 161, Trans probs: [0.15692135197124904, 0.202470950296337, 0.13209506625390904, 0.10117134011188691, 0.10382726999734321, 0.10117134114550089, 0.10117134011188691, 0.10117134011188691]
Timestep: 162, Trans probs: [0.2069275051882408, 0.09846176953762185, 0.15484727289061542, 0.09843321313938004, 0.11451392110599314, 0.1299498918593886, 0.09843321313938004, 0.09843321313938004]
Timestep: 163, Trans probs: [0.10408312701079608, 0.10408312701079608, 0.10408312701079608, 0.10408312701079608, 0.10574772924123221, 0.2697535086939913, 0.10408312701079608, 0.10408312701079608]
Timestep: 164, Trans probs: [0.2069275051882408, 0.09846176953762185, 0.15484727289061542, 0.09843321313938004, 0.11451392110599314, 0.1299498918593886, 0.09843321313938004, 0.09843321313938004]
Timestep: 165, Trans probs: [0.20925071196469539, 0.1033337790153177, 0.1661469775881705, 0.10333377901531732, 0.10793341537054722, 0.10333377901531732, 0.10333377901531732, 0.10333377901531732]
Timestep: 166, Trans probs: [0.15525719400120738, 0.10130009907121419, 0.23459902612842914, 0.101300099071214, 0.10364328451429328, 0.101300099071214, 0.101300099071214, 0.101300099071214]
Timestep: 167, Trans probs: [0.11450353743425129, 0.09991125277933767, 0.13076574331696023, 0.09991125277933767, 0.2551744553521001, 0.09991125277933767, 0.09991125277933767, 0.09991125277933767]
Timestep: 168, Trans probs: [0.12576841566674823, 0.10172301712473596, 0.16112624909028173, 0.10172301712473586, 0.10276723249455488, 0.20344603424947172, 0.10172301712473586, 0.10172301712473586]
Timestep: 169, Trans probs: [0.11291160157525676, 0.10000645268463212, 0.2318945791855771, 0.10000645268463208, 0.10056688235677279, 0.15460112614386504, 0.10000645268463208, 0.10000645268463208]
Timestep: 170, Trans probs: [0.12992577639199981, 0.15471680074822777, 0.11641371313513767, 0.09958303018375923, 0.20061158842703847, 0.09958303074631852, 0.09958303018375923, 0.09958303018375923]
Timestep: 171, Trans probs: [0.2078243565498832, 0.10096547000331926, 0.16119504760570474, 0.10096547000331925, 0.10122140238574366, 0.1258973134453914, 0.10096547000331925, 0.10096547000331925]
Timestep: 172, Trans probs: [0.15560574597672486, 0.09999249454206992, 0.231330652053826, 0.09999249454206989, 0.10012569106314573, 0.112967932738024, 0.09999249454206989, 0.09999249454206989]
Timestep: 173, Trans probs: [0.12636183584167618, 0.10095645297438405, 0.26191112742645806, 0.10095645297438405, 0.10101730013809465, 0.10688392469623492, 0.10095645297438405, 0.10095645297438405]
Timestep: 174, Trans probs: [0.15655745108357233, 0.09848243621478998, 0.22713966000396094, 0.09846714647151258, 0.1070771222270799, 0.11534189105605908, 0.09846714647151258, 0.09846714647151258]
Timestep: 175, Trans probs: [0.11269252531548951, 0.10273144524089166, 0.1658394255052656, 0.10273144524089166, 0.20548674776719403, 0.10505552044848425, 0.10273144524089166, 0.10273144524089166]
Timestep: 176, Trans probs: [0.10595332569881023, 0.10072845877336109, 0.23455882982389428, 0.10072845877336109, 0.15462650773627679, 0.10194750164757442, 0.10072845877336109, 0.10072845877336109]
Timestep: 177, Trans probs: [0.10378770461591319, 0.10144738612755663, 0.2628399720357293, 0.10144738612755663, 0.1255893599374285, 0.10199341890070245, 0.10144738612755663, 0.10144738612755663]
Timestep: 178, Trans probs: [0.11544045622311112, 0.12928955358374378, 0.20638214558257612, 0.0984899809063732, 0.15492792067081165, 0.09848998122063767, 0.0984899809063732, 0.0984899809063732]
Timestep: 179, Trans probs: [0.20599774238030288, 0.1150008379349118, 0.156447211349834, 0.09844242995940011, 0.12878448832839656, 0.09844243012835437, 0.09844242995940011, 0.09844242995940011]
Timestep: 180, Trans probs: [0.1043226419226018, 0.1043226419226018, 0.2697415065417874, 0.1043226419226018, 0.1043226419226018, 0.1043226419226018, 0.1043226419226018, 0.1043226419226018]
Timestep: 181, Trans probs: [0.10408312701079608, 0.10408312701079608, 0.10408312701079608, 0.10408312701079608, 0.10574772924123221, 0.2697535086939913, 0.10408312701079608, 0.10408312701079608]
Timestep: 182, Trans probs: [0.10406327824069951, 0.10115644050081375, 0.15691262696255495, 0.10115644050081375, 0.13208545179186315, 0.2023128810016275, 0.10115644050081375, 0.10115644050081375]
Timestep: 183, Trans probs: [0.2068421799209779, 0.10296582444930892, 0.16575768674472424, 0.10296582444930892, 0.11235857001118689, 0.10317826552587525, 0.10296582444930892, 0.10296582444930892]
Timestep: 184, Trans probs: [0.15486746701262943, 0.10094377448790547, 0.23448369715696524, 0.10094377448790547, 0.10581968220859761, 0.10105405567018579, 0.10094377448790547, 0.10094377448790547]
Timestep: 185, Trans probs: [0.10114500727302868, 0.0995608680538898, 0.22950718228240366, 0.0995608680538898, 0.11641624980535498, 0.15468808842365345, 0.0995608680538898, 0.0995608680538898]
Timestep: 186, Trans probs: [0.1561534103810006, 0.205774369583409, 0.12956725782531558, 0.09844500878106269, 0.11472492699537219, 0.09844500887171445, 0.09844500878106269, 0.09844500878106269]
Timestep: 187, Trans probs: [0.12566573175189197, 0.10154681042609719, 0.1612763789683668, 0.10154681042609719, 0.10372770029474424, 0.20314294728060828, 0.10154681042609719, 0.10154681042609719]
Timestep: 188, Trans probs: [0.10408312701079608, 0.10408312701079608, 0.10408312701079608, 0.10408312701079608, 0.10574772924123221, 0.2697535086939913, 0.10408312701079608, 0.10408312701079608]
Timestep: 189, Trans probs: [0.15446534337927303, 0.09931773388554173, 0.13213286830255858, 0.09931773388554173, 0.10357419641861366, 0.21255665635738777, 0.09931773388554173, 0.09931773388554173]
Timestep: 190, Trans probs: [0.12566573175189197, 0.10154681042609719, 0.1612763789683668, 0.10154681042609719, 0.10372770029474424, 0.20314294728060828, 0.10154681042609719, 0.10154681042609719]
Timestep: 191, Trans probs: [0.11287129166904114, 0.09989503686189202, 0.23192526295783364, 0.09989503686189202, 0.10106838048947904, 0.15455491743607802, 0.09989503686189202, 0.09989503686189202]
Timestep: 192, Trans probs: [0.12769827205487547, 0.09939466433320863, 0.21563115917184633, 0.09939466433320863, 0.10157922404348467, 0.15751268739695895, 0.09939466433320863, 0.09939466433320863]
Timestep: 193, Trans probs: [0.10684375041453359, 0.10091455340917216, 0.16124268604987485, 0.10091455340917216, 0.10145068541538986, 0.22680466448351308, 0.10091455340917216, 0.10091455340917216]
Timestep: 194, Trans probs: [0.12737289301948143, 0.10000328616529258, 0.26063297367983757, 0.09999608041143526, 0.10405379183839604, 0.10794881406268664, 0.09999608041143526, 0.09999608041143526]
Timestep: 195, Trans probs: [0.12943494238184286, 0.15609595041887628, 0.21357898708768647, 0.09842860587423216, 0.10717569656595917, 0.09842860592293874, 0.09842860587423216, 0.09842860587423216]
Timestep: 196, Trans probs: [0.10396070651509383, 0.10122195236968753, 0.12908810746707133, 0.10122195236968753, 0.20269154936194134, 0.15937182717714346, 0.10122195236968753, 0.10122195236968753]
Timestep: 197, Trans probs: [0.10115438617046427, 0.09967215566886448, 0.21442564498607136, 0.09967215566886448, 0.1545881224412842, 0.1311432237267222, 0.09967215566886448, 0.09967215566886448]
Timestep: 198, Trans probs: [0.11488039487465497, 0.1284838277056644, 0.2568736147131808, 0.09905981466887029, 0.10352290400616664, 0.09905981469372219, 0.09905981466887029, 0.09905981466887029]
Timestep: 199, Trans probs: [0.20017221707902866, 0.09971082832451124, 0.15781881368419137, 0.09971082832451124, 0.12751875130978604, 0.115646904628949, 0.09971082832451124, 0.09971082832451124]
Timestep: 200, Trans probs: [0.10408312701079608, 0.10408312701079608, 0.10408312701079608, 0.10408312701079608, 0.10574772924123221, 0.2697535086939913, 0.10408312701079608, 0.10408312701079608]
Timestep: 201, Trans probs: [0.10816030851632093, 0.11370667239477897, 0.2677634682307252, 0.101709973833917, 0.10352965551237424, 0.10170997384404956, 0.101709973833917, 0.101709973833917]
Timestep: 202, Trans probs: [0.20017221707902866, 0.09971082832451124, 0.15781881368419137, 0.09971082832451124, 0.12751875130978604, 0.115646904628949, 0.09971082832451124, 0.09971082832451124]
Timestep: 203, Trans probs: [0.10570483882136943, 0.10780877798915907, 0.26950615928433697, 0.10325799038497824, 0.103948262361378, 0.1032579903888219, 0.10325799038497824, 0.10325799038497824]
Timestep: 204, Trans probs: [0.2154421834371536, 0.10228851523714508, 0.1660718842047661, 0.10228565395250909, 0.10389690346133063, 0.1054435518020772, 0.10228565395250909, 0.10228565395250909]
Timestep: 205, Trans probs: [0.1565917422139204, 0.10123494230967552, 0.1324389081141085, 0.10123354251801536, 0.20325533713668725, 0.10277844267156225, 0.10123354251801536, 0.10123354251801536]
Timestep: 206, Trans probs: [0.2097816725476307, 0.10202933660287546, 0.1658491045896797, 0.10202933660287546, 0.10247105533736157, 0.11378082111382627, 0.10202933660287546, 0.10202933660287546]
Timestep: 207, Trans probs: [0.10482378775185955, 0.10560747435931347, 0.16583738695442535, 0.10391237245077747, 0.20808186112985996, 0.10391237245220916, 0.10391237245077747, 0.10391237245077747]
Timestep: 208, Trans probs: [0.1296394625988042, 0.09967754182269828, 0.11656671809282164, 0.09967678418412637, 0.15489617788261215, 0.20018974705068446, 0.09967678418412637, 0.09967678418412637]
Timestep: 209, Trans probs: [0.10195024895269438, 0.1023528277454142, 0.13329285564372842, 0.1014820560958992, 0.2564758432738307, 0.10148205609663465, 0.1014820560958992, 0.1014820560958992]
Timestep: 210, Trans probs: [0.20558983700929853, 0.1030510638144565, 0.1154987651990782, 0.10270073751536651, 0.16505738391540486, 0.10270073751566239, 0.10270073751536651, 0.10270073751536651]
Timestep: 211, Trans probs: [0.25308608587670517, 0.09861090997547213, 0.13092342313886818, 0.09861090997547213, 0.11407425588131516, 0.10747259520122306, 0.09861090997547213, 0.09861090997547213]
Timestep: 212, Trans probs: [0.16592637647052946, 0.10129720810555401, 0.21611329289371384, 0.10129720810555401, 0.10776674717682563, 0.10500475103671504, 0.10129720810555401, 0.10129720810555401]
Timestep: 213, Trans probs: [0.13240443450803327, 0.1008119379385646, 0.25774910317860766, 0.1008119379385646, 0.10397442472411261, 0.10262428583498809, 0.1008119379385646, 0.1008119379385646]
Timestep: 214, Trans probs: [0.15470404420332495, 0.10089281704432783, 0.20813420427798462, 0.10070896963253677, 0.1334330559440601, 0.10070896963269206, 0.10070896963253677, 0.10070896963253677]
Timestep: 215, Trans probs: [0.2279037569782217, 0.09986043265685546, 0.15621918843804694, 0.09976381500158808, 0.11696136192044183, 0.0997638150016697, 0.09976381500158808, 0.09976381500158808]
Timestep: 216, Trans probs: [0.26103890674392427, 0.10069999744764886, 0.12697011377588208, 0.10065496172945293, 0.10867113511469487, 0.10065496172949097, 0.10065496172945293, 0.10065496172945293]
Timestep: 217, Trans probs: [0.2176515002748655, 0.10249711430059195, 0.16537268767519997, 0.10249711430059195, 0.10376413839668042, 0.10322321645088628, 0.10249711430059195, 0.10249711430059195]
Timestep: 218, Trans probs: [0.21378917738211128, 0.09850399388292008, 0.107963588897658, 0.098503569531019, 0.129431845309103, 0.1548006859351506, 0.098503569531019, 0.098503569531019]
Timestep: 219, Trans probs: [0.15807200079533568, 0.09905418285620361, 0.10389682298924065, 0.09905396561819885, 0.2139410096393569, 0.12787408686526675, 0.09905396561819885, 0.09905396561819885]
Timestep: 220, Trans probs: [0.16586187958806292, 0.10258934793103527, 0.21552757032048767, 0.10257157605072403, 0.10573489795750292, 0.10257157605073904, 0.10257157605072403, 0.10257157605072403]
Timestep: 221, Trans probs: [0.15701580611468263, 0.10146114708638913, 0.13179460777467913, 0.10146114708638913, 0.20353355262414594, 0.10181144514093587, 0.10146114708638913, 0.10146114708638913]
Timestep: 222, Trans probs: [0.22874185189127816, 0.09944770582977167, 0.10189673065588135, 0.09944759596794997, 0.15754838712248914, 0.11402253659672976, 0.09944759596794997, 0.09944759596794997]
Timestep: 223, Trans probs: [0.1297944825496435, 0.09982303182724223, 0.11618777671382255, 0.09982303182724223, 0.2547135976147556, 0.10001201581280954, 0.09982303182724223, 0.09982303182724223]
Timestep: 224, Trans probs: [0.2562766003801473, 0.1007198899843892, 0.1331987511162899, 0.1007198899843892, 0.10094468743961814, 0.10670040112638789, 0.1007198899843892, 0.1007198899843892]
Timestep: 225, Trans probs: [0.13229888411389698, 0.10137656310853106, 0.2579391971276035, 0.10136787769997445, 0.10291384485006332, 0.10136787769998178, 0.10136787769997445, 0.10136787769997445]
Timestep: 226, Trans probs: [0.11423314998873964, 0.10190794216818147, 0.10863764249285629, 0.10190794216818147, 0.1656038383213853, 0.20389360052429287, 0.10190794216818147, 0.10190794216818147]
Timestep: 227, Trans probs: [0.10674992450461997, 0.10019558967430973, 0.20396991894293234, 0.10019558967430973, 0.13406797842287216, 0.1544298194323366, 0.10019558967430973, 0.10019558967430973]
Timestep: 228, Trans probs: [0.11507053559149175, 0.10273415290385894, 0.26792511236451494, 0.10273068788182084, 0.10334744761284802, 0.10273068788182377, 0.10273068788182084, 0.10273068788182084]
Timestep: 229, Trans probs: [0.20184614104234858, 0.09914439257758918, 0.1554677618772012, 0.09914439257758918, 0.11752858329210483, 0.12857994347798865, 0.09914439257758918, 0.09914439257758918]
Timestep: 230, Trans probs: [0.1083036968214522, 0.10365810470524073, 0.2695219419409809, 0.10365679985928465, 0.10388905709518645, 0.10365679985928575, 0.10365679985928465, 0.10365679985928465]
Timestep: 231, Trans probs: [0.2536125093981588, 0.0983955045512768, 0.12955737270978773, 0.0983955045512768, 0.1085668727483602, 0.11468122693858619, 0.0983955045512768, 0.0983955045512768]
Timestep: 232, Trans probs: [0.1660849708109643, 0.10122998145022467, 0.21548046042824706, 0.10122998145022467, 0.10547992801282426, 0.10803471494706567, 0.10122998145022467, 0.10122998145022467]
Timestep: 233, Trans probs: [0.10578873363802314, 0.10406266892273243, 0.2697513819718356, 0.10406218410863181, 0.104148479032881, 0.10406218410863223, 0.10406218410863181, 0.10406218410863181]
Timestep: 234, Trans probs: [0.2090807494733771, 0.10422095125826862, 0.16556249217510588, 0.10422077176961522, 0.10425272001478733, 0.10422077176961538, 0.10422077176961522, 0.10422077176961522]
Timestep: 235, Trans probs: [0.25685369770761346, 0.10169326548691761, 0.13297087678992311, 0.1016931739669419, 0.10170946414777811, 0.101693173966942, 0.1016931739669419, 0.1016931739669419]
Timestep: 236, Trans probs: [0.10408312701079608, 0.10408312701079608, 0.10408312701079608, 0.10408312701079608, 0.10574772924123221, 0.2697535086939913, 0.10408312701079608, 0.10408312701079608]
Timestep: 237, Trans probs: [0.25685369770761346, 0.10169326548691761, 0.13297087678992311, 0.1016931739669419, 0.10170946414777811, 0.101693173966942, 0.1016931739669419, 0.1016931739669419]
Timestep: 238, Trans probs: [0.2333128588825519, 0.10074109914354164, 0.1568149379501615, 0.10074109914354164, 0.1028269618954501, 0.10408084469766986, 0.10074109914354164, 0.10074109914354164]
Timestep: 239, Trans probs: [0.10408312701079608, 0.10408312701079608, 0.10408312701079608, 0.10408312701079608, 0.10574772924123221, 0.2697535086939913, 0.10408312701079608, 0.10408312701079608]
Timestep: 240, Trans probs: [0.2333128588825519, 0.10074109914354164, 0.1568149379501615, 0.10074109914354164, 0.1028269618954501, 0.10408084469766986, 0.10074109914354164, 0.10074109914354164]
Timestep: 241, Trans probs: [0.16090364082091585, 0.10143886437890552, 0.22802952802068072, 0.10143886437890552, 0.1023744736102768, 0.10293690003250477, 0.10143886437890552, 0.10143886437890552]
Timestep: 242, Trans probs: [0.1287376290794595, 0.10152799985879166, 0.26098079531233376, 0.10152799985879166, 0.10195611178999302, 0.10221346438304706, 0.10152799985879166, 0.10152799985879166]
Timestep: 243, Trans probs: [0.11360027458564048, 0.10292690962906802, 0.26840145140038624, 0.10292690962906802, 0.10309484263715561, 0.10319579286054564, 0.10292690962906802, 0.10292690962906802]
Timestep: 244, Trans probs: [0.10775376766884626, 0.10374868085085948, 0.26959023575383384, 0.10374868085085948, 0.1038116962428875, 0.1038495769309945, 0.10374868085085948, 0.10374868085085948]
Timestep: 245, Trans probs: [0.1657388486357764, 0.10400782990892869, 0.20986150966958367, 0.10400782990892869, 0.10402060567553326, 0.10434771638339202, 0.10400782990892869, 0.10400782990892869]
Timestep: 246, Trans probs: [0.16046030078974488, 0.1005944629228165, 0.20232282363348963, 0.10059441205454282, 0.12749626839646316, 0.1073429080938574, 0.10059441205454282, 0.10059441205454282]
Timestep: 247, Trans probs: [0.10558554513191692, 0.10409878603499864, 0.1656621057842093, 0.10409878603499864, 0.1041221784635779, 0.20823502648030132, 0.10409878603499864, 0.10409878603499864]
Timestep: 248, Trans probs: [0.10234058807894567, 0.10157768260735033, 0.2347455492489527, 0.10157768260735033, 0.10158968603937509, 0.15501344620332513, 0.10157768260735033, 0.10157768260735033]
Timestep: 249, Trans probs: [0.1043226419226018, 0.1043226419226018, 0.2697415065417874, 0.1043226419226018, 0.1043226419226018, 0.1043226419226018, 0.1043226419226018, 0.1043226419226018]
Timestep: 250, Trans probs: [0.1650164070626186, 0.1028045585248978, 0.21814989368677815, 0.10280452182980238, 0.1028110534064958, 0.10280452182980243, 0.10280452182980238, 0.10280452182980238]
Timestep: 251, Trans probs: [0.10408312701079608, 0.10408312701079608, 0.10408312701079608, 0.10408312701079608, 0.10574772924123221, 0.2697535086939913, 0.10408312701079608, 0.10408312701079608]
Timestep: 252, Trans probs: [0.10218647707805724, 0.20369402159910557, 0.16110205849329953, 0.10184701079955279, 0.10185235190739697, 0.12562405852348232, 0.10184701079955279, 0.10184701079955279]
Timestep: 253, Trans probs: [0.1002691570244901, 0.15464106781205686, 0.2319142607485532, 0.10008732393713367, 0.10009018486969373, 0.11282335773380522, 0.10008732393713367, 0.10008732393713367]
Timestep: 254, Trans probs: [0.10108780830944013, 0.12590189956002265, 0.2621724338435789, 0.10100482386477594, 0.10100612952868544, 0.10681725716394516, 0.10100482386477594, 0.10100482386477594]
Timestep: 255, Trans probs: [0.10279285731513346, 0.11250806563787792, 0.26862104676040327, 0.10276036726102193, 0.10276087845430933, 0.10503605004921028, 0.10276036726102193, 0.10276036726102193]
Timestep: 256, Trans probs: [0.1650164070626186, 0.1028045585248978, 0.21814989368677815, 0.10280452182980238, 0.1028110534064958, 0.10280452182980243, 0.10280452182980238, 0.10280452182980238]
Timestep: 257, Trans probs: [0.20739854557418827, 0.10735089286782004, 0.16593055987518443, 0.10369317702062672, 0.10369336884024567, 0.10454710178068134, 0.10369317702062672, 0.10369317702062672]
Timestep: 258, Trans probs: [0.1548843966298609, 0.10321962538580225, 0.2348010360430243, 0.10133077494894455, 0.10133087400490903, 0.10177174308956992, 0.10133077494894455, 0.10133077494894455]
Timestep: 259, Trans probs: [0.1255978936104005, 0.10257860481674677, 0.26294185526751856, 0.10173702567786602, 0.10173706981234679, 0.10193349945938932, 0.10173702567786602, 0.10173702567786602]
Timestep: 260, Trans probs: [0.11234642203201539, 0.1034117879270797, 0.26873981391675766, 0.10308514005608554, 0.10308515718630362, 0.10316139876958705, 0.10308514005608554, 0.10308514005608554]
Timestep: 261, Trans probs: [0.1072866408035818, 0.1039427126256569, 0.26963980167090396, 0.10382045949170113, 0.10382046590295628, 0.1038490005217976, 0.10382045949170113, 0.10382045949170113]
Timestep: 262, Trans probs: [0.1315336955319662, 0.1016266844978471, 0.2587031457675303, 0.1016266668574675, 0.10162980677278641, 0.10162666685746753, 0.1016266668574675, 0.1016266668574675]
Timestep: 263, Trans probs: [0.20954024065741103, 0.10417255373756078, 0.16564060579869547, 0.10412720193297609, 0.1041272043113363, 0.10413778969606811, 0.10412720193297609, 0.10412720193297609]
Timestep: 264, Trans probs: [0.10408312701079608, 0.10408312701079608, 0.10408312701079608, 0.10408312701079608, 0.10574772924123221, 0.2697535086939913, 0.10408312701079608, 0.10408312701079608]
Timestep: 265, Trans probs: [0.20954024065741103, 0.10417255373756078, 0.16564060579869547, 0.10412720193297609, 0.1041272043113363, 0.10413778969606811, 0.10412720193297609, 0.10412720193297609]
Timestep: 266, Trans probs: [0.11473320005433871, 0.10286932676437666, 0.2680496287689715, 0.10286931976657845, 0.10287056534599935, 0.10286931976657845, 0.10286931976657845, 0.10286931976657845]
Timestep: 267, Trans probs: [0.1318249812769107, 0.0993390720257695, 0.2538805225626029, 0.09933904442234522, 0.11393720749747771, 0.10300108337020347, 0.09933904442234522, 0.09933904442234522]
Timestep: 268, Trans probs: [0.10285045486572171, 0.10285045486572171, 0.10285045486572171, 0.10285045486572171, 0.21775788117355468, 0.16513938963211505, 0.10285045486572171, 0.10285045486572171]
Timestep: 269, Trans probs: [0.10817519209219303, 0.10371411304662315, 0.16582556400396564, 0.10371411041529606, 0.20742868919603386, 0.10371411041529606, 0.10371411041529606, 0.10371411041529606]
Timestep: 270, Trans probs: [0.2569324015037562, 0.10170599241133374, 0.13294149203528724, 0.10168294651631103, 0.10168294772489449, 0.10168832677579527, 0.10168294651631103, 0.10168294651631103]
Timestep: 271, Trans probs: [0.10364480683067744, 0.10134131832870126, 0.23475402691939404, 0.10134131697000942, 0.15489458004118947, 0.10134131697000942, 0.10134131697000942, 0.10134131697000942]
Timestep: 272, Trans probs: [0.26782743640145695, 0.10281409396536084, 0.11533202245732792, 0.10280485810009853, 0.10280485858445003, 0.10280701429110886, 0.10280485810009853, 0.10280485810009853]
Timestep: 273, Trans probs: [0.10408312701079608, 0.10408312701079608, 0.10408312701079608, 0.10408312701079608, 0.10574772924123221, 0.2697535086939913, 0.10408312701079608, 0.10408312701079608]
Timestep: 274, Trans probs: [0.10276590357932439, 0.10173938285759376, 0.26293246318245733, 0.10173938225210982, 0.12560472137218529, 0.10173938225210982, 0.10173938225210982, 0.10173938225210982]
Timestep: 275, Trans probs: [0.10285045486572171, 0.10285045486572171, 0.10285045486572171, 0.10285045486572171, 0.21775788117355468, 0.16513938963211505, 0.10285045486572171, 0.10285045486572171]
Timestep: 276, Trans probs: [0.26782743640145695, 0.10281409396536084, 0.11533202245732792, 0.10280485810009853, 0.10280485858445003, 0.10280701429110886, 0.10280485810009853, 0.10280485810009853]
Timestep: 277, Trans probs: [0.10276590357932439, 0.10173938285759376, 0.26293246318245733, 0.10173938225210982, 0.12560472137218529, 0.10173938225210982, 0.10173938225210982, 0.10173938225210982]
Timestep: 278, Trans probs: [0.26950992937774876, 0.10368462684556373, 0.10839888851367387, 0.10368114861147684, 0.10368114879388399, 0.10368196063469902, 0.10368114861147684, 0.10368114861147684]
Timestep: 279, Trans probs: [0.16567888277347764, 0.10407214319268925, 0.2098944174197243, 0.10407085097335769, 0.10407085104112485, 0.10407115265291093, 0.10407085097335769, 0.10407085097335769]
Timestep: 280, Trans probs: [0.13290759418157658, 0.10168260297417778, 0.2569999098011019, 0.1016819480208798, 0.10168194805522715, 0.10168210092527728, 0.1016819480208798, 0.1016819480208798]
Timestep: 281, Trans probs: [0.1153166416573265, 0.10280839820865001, 0.26783421964617554, 0.1028081358445954, 0.10280813585835442, 0.10280819709570722, 0.1028081358445954, 0.1028081358445954]
Timestep: 282, Trans probs: [0.10839311416000405, 0.103682768892042, 0.2695107434209925, 0.10368267009117615, 0.10368267009635752, 0.10368269315707553, 0.10368267009117615, 0.10368267009117615]
Timestep: 283, Trans probs: [0.1058214287503227, 0.1040714837830177, 0.26974984350844194, 0.10407144707741162, 0.10407144707933655, 0.1040714556466464, 0.10407144707741162, 0.10407144707741162]
Timestep: 284, Trans probs: [0.2083294555018681, 0.10260989359948423, 0.16589288851175307, 0.10260989359948423, 0.11271106638270492, 0.102627015205737, 0.10260989359948423, 0.10260989359948423]
Timestep: 285, Trans probs: [0.10487200412897497, 0.10422416816306679, 0.16555889708777324, 0.10422415457451845, 0.10422415457523107, 0.20844831232139863, 0.10422415457451845, 0.10422415457451845]
Timestep: 286, Trans probs: [0.1570069042215297, 0.10102410703238504, 0.2331710859162132, 0.10102410147337167, 0.10396400425173284, 0.10176159415802423, 0.10102410147337167, 0.10102410147337167]
Timestep: 287, Trans probs: [0.10348412711344938, 0.10308568318802855, 0.2687384457096149, 0.10308568295301003, 0.11234901217686691, 0.10308568295301003, 0.10308568295301003, 0.10308568295301003]
Timestep: 288, Trans probs: [0.10198186212817498, 0.10164996543835444, 0.1330727245508593, 0.10164995847672456, 0.20329991695381422, 0.15504565549862342, 0.10164995847672456, 0.10164995847672456]
Timestep: 289, Trans probs: [0.10408312701079608, 0.10408312701079608, 0.10408312701079608, 0.10408312701079608, 0.10574772924123221, 0.2697535086939913, 0.10408312701079608, 0.10408312701079608]
Timestep: 290, Trans probs: [0.1039697393460071, 0.10382061488509883, 0.26963961222229005, 0.10382061479713911, 0.10728757435804764, 0.10382061479713911, 0.10382061479713911, 0.10382061479713911]
Timestep: 291, Trans probs: [0.22733944683848048, 0.10152032616437079, 0.1612129872554823, 0.10152032616437079, 0.10384199982012693, 0.10152426142842719, 0.10152032616437079, 0.10152032616437079]
Timestep: 292, Trans probs: [0.10422860817291853, 0.10422860817291853, 0.10422860817291853, 0.10422860817291853, 0.10484479532796259, 0.2697835556345262, 0.10422860817291853, 0.10422860817291853]
Timestep: 293, Trans probs: [0.228207984120262, 0.10156188247582634, 0.16077300225513053, 0.10156187998499826, 0.10287916273349063, 0.1018923284602957, 0.10156187998499826, 0.10156187998499826]
Timestep: 294, Trans probs: [0.10198186212817498, 0.10164996543835444, 0.1330727245508593, 0.10164995847672456, 0.20329991695381422, 0.15504565549862342, 0.10164995847672456, 0.10164995847672456]
Timestep: 295, Trans probs: [0.1000194287249275, 0.09983918250681784, 0.2167434108893722, 0.09983917872610083, 0.15504316583548414, 0.12883727586509572, 0.09983917872610083, 0.09983917872610083]
Timestep: 296, Trans probs: [0.10004196758426895, 0.09995203393309034, 0.2582333014385047, 0.09995203204670577, 0.12749600036088574, 0.11442060054313281, 0.09995203204670577, 0.09995203204670577]
Timestep: 297, Trans probs: [0.1041825734145959, 0.1041272532512643, 0.16564052854026845, 0.1041272532186342, 0.10541337870070028, 0.2082545064372684, 0.1041272532186342, 0.1041272532186342]
Timestep: 298, Trans probs: [0.20433233416614727, 0.10214806540689388, 0.1658665136385918, 0.10214806464750206, 0.11323629351237748, 0.10797259933348331, 0.10214806464750206, 0.10214806464750206]
Timestep: 299, Trans probs: [0.10162044399491298, 0.1015920615397225, 0.2347440042048417, 0.10159206152298138, 0.102251918556397, 0.15501538713518165, 0.10159206152298138, 0.10159206152298138]
Timestep: 300, Trans probs: [0.2037192941160796, 0.10185333289434285, 0.16109723218489755, 0.10185333288689415, 0.10214692607713514, 0.12562321606686233, 0.10185333288689415, 0.10185333288689415]
Timestep: 301, Trans probs: [0.2547382103266277, 0.10009248667267123, 0.13181992966900458, 0.10009248666868216, 0.10024971739317919, 0.11282219593247092, 0.10009248666868216, 0.10009248666868216]
Timestep: 302, Trans probs: [0.10422860817291853, 0.10422860817291853, 0.10422860817291853, 0.10422860817291853, 0.10484479532796259, 0.2697835556345262, 0.10422860817291853, 0.10422860817291853]
Timestep: 303, Trans probs: [0.25481989116490683, 0.10035467971784807, 0.13409606850757871, 0.10035467931572067, 0.10622632640541166, 0.10343899625709271, 0.10035467931572067, 0.10035467931572067]
Timestep: 304, Trans probs: [0.2547382103266277, 0.10009248667267123, 0.13181992966900458, 0.10009248666868216, 0.10024971739317919, 0.11282219593247092, 0.10009248666868216, 0.10009248666868216]
Timestep: 305, Trans probs: [0.26747074541778976, 0.10215272454468377, 0.11595055518252159, 0.10215272438024224, 0.10455381085044015, 0.10341399086383812, 0.10215272438024224, 0.10215272438024224]
Timestep: 306, Trans probs: [0.16604370505418717, 0.10341775117912355, 0.21206241162221734, 0.10341775111682963, 0.104327333325342, 0.1038955454686412, 0.10341775111682963, 0.10341775111682963]
Timestep: 307, Trans probs: [0.15945956306476106, 0.10159154952968541, 0.23023825268973153, 0.101591548391559, 0.10219345034455629, 0.10174253919658861, 0.101591548391559, 0.101591548391559]
Timestep: 308, Trans probs: [0.1308585043271371, 0.09994681069836601, 0.21455912884622252, 0.09994681069836601, 0.1548473465049976, 0.0999477775281786, 0.09994681069836601, 0.09994681069836601]
Timestep: 309, Trans probs: [0.13280075650366732, 0.10153278795704106, 0.155777036791488, 0.10153278792593887, 0.20351971325221294, 0.10177134171777416, 0.10153278792593887, 0.10153278792593887]
Timestep: 310, Trans probs: [0.20863210564004284, 0.10431605282002142, 0.16547157743982868, 0.10431605282002142, 0.10431605282002142, 0.10431605282002142, 0.10431605282002142, 0.10431605282002142]
Timestep: 311, Trans probs: [0.1167419490198092, 0.19965202546487704, 0.12917209115381678, 0.0998260127240254, 0.15500082612878682, 0.09995507006063402, 0.0998260127240254, 0.0998260127240254]
Timestep: 312, Trans probs: [0.10285045486572171, 0.10285045486572171, 0.10285045486572171, 0.10285045486572171, 0.21775788117355468, 0.16513938963211505, 0.10285045486572171, 0.10285045486572171]
Timestep: 313, Trans probs: [0.1140477096051929, 0.09998242293976667, 0.1312510400560476, 0.09998242266313587, 0.20011114244269607, 0.1546604169668891, 0.09998242266313587, 0.09998242266313587]
Timestep: 314, Trans probs: [0.16546472552562008, 0.1020293164428272, 0.21707317527205722, 0.10202931644119088, 0.10209381221316045, 0.10725102122276245, 0.10202931644119088, 0.10202931644119088]
Timestep: 315, Trans probs: [0.1167419490198092, 0.19965202546487704, 0.12917209115381678, 0.0998260127240254, 0.15500082612878682, 0.09995507006063402, 0.0998260127240254, 0.0998260127240254]
Timestep: 316, Trans probs: [0.2051949184286119, 0.09865976263293323, 0.11616759337587722, 0.09865976247804294, 0.1547235363216082, 0.12927490180684056, 0.09865976247804294, 0.09865976247804294]
Timestep: 317, Trans probs: [0.10803973685126257, 0.15467050277337435, 0.11503076946252207, 0.09852577787807708, 0.22808329422497908, 0.09859836305363068, 0.09852577787807708, 0.09852577787807708]
Timestep: 318, Trans probs: [0.10450418375072267, 0.12648100462036863, 0.20781932632601263, 0.1000203077521148, 0.16108004530452663, 0.100054516742025, 0.1000203077521148, 0.1000203077521148]
Timestep: 319, Trans probs: [0.10186210996991023, 0.11333277919880488, 0.2553086040096577, 0.09952177791057906, 0.13139154000315773, 0.09953963308673226, 0.09952177791057906, 0.09952177791057906]
Timestep: 320, Trans probs: [0.1561776257570419, 0.09841685725045377, 0.20632603412156514, 0.09841685716647602, 0.12881327080475444, 0.11501564056675663, 0.09841685716647602, 0.09841685716647602]
Timestep: 321, Trans probs: [0.10278781680638772, 0.10748934172471643, 0.16568148943891026, 0.10182857639289973, 0.21671972809239337, 0.10183589475889304, 0.10182857639289973, 0.10182857639289973]
Timestep: 322, Trans probs: [0.1319734028526935, 0.10120865212754931, 0.258210995672305, 0.10120865212675574, 0.10123993112969998, 0.10374106183748491, 0.10120865212675574, 0.10120865212675574]
Timestep: 323, Trans probs: [0.20266095162780176, 0.1038494590189262, 0.13214147540099003, 0.10109729275949611, 0.15695538485124777, 0.10110085082254594, 0.10109729275949611, 0.10109729275949611]
Timestep: 324, Trans probs: [0.15476111742850676, 0.10105975174100623, 0.21599971918190478, 0.09956402403941719, 0.1299213817801685, 0.0995659577501621, 0.09956402403941719, 0.09956402403941719]
Timestep: 325, Trans probs: [0.11547552700984808, 0.09986473212079347, 0.25761012946337114, 0.09986473212079347, 0.1275901946615723, 0.0998652203820346, 0.09986473212079347, 0.09986473212079347]
Timestep: 326, Trans probs: [0.11494556473651385, 0.10267901498544107, 0.2679581490267145, 0.10267901498512468, 0.10269148657799429, 0.10368873971796219, 0.10267901498512468, 0.10267901498512468]
Timestep: 327, Trans probs: [0.12746073089473714, 0.10051784472396773, 0.158185176263599, 0.09976741276212732, 0.11499821413157486, 0.19953579569973934, 0.09976741276212732, 0.09976741276212732]
Timestep: 328, Trans probs: [0.15507489979113095, 0.1017045783990285, 0.23469762981469808, 0.1017045783990285, 0.1017045783990285, 0.1017045783990285, 0.1017045783990285, 0.1017045783990285]
Timestep: 329, Trans probs: [0.10825835714310844, 0.10363834879916602, 0.26952655545114995, 0.10363834879904686, 0.10364304603374522, 0.1040186461756899, 0.10363834879904686, 0.10363834879904686]
Timestep: 330, Trans probs: [0.10422860817291853, 0.10422860817291853, 0.10422860817291853, 0.10422860817291853, 0.10484479532796259, 0.2697835556345262, 0.10422860817291853, 0.10422860817291853]
Timestep: 331, Trans probs: [0.11405033278337552, 0.19759588074948017, 0.13120457339282351, 0.09858844773329639, 0.10709219216967293, 0.15429167770475874, 0.09858844773329639, 0.09858844773329639]
Timestep: 332, Trans probs: [0.1294011780640914, 0.09844870726695797, 0.25472309327060894, 0.0984487072219565, 0.11473734274052806, 0.10734355699194405, 0.0984487072219565, 0.0984487072219565]
Timestep: 333, Trans probs: [0.11415867425758247, 0.10132702124811747, 0.16611211412838459, 0.10132702122946168, 0.20940665747120576, 0.10501446920632465, 0.10132702122946168, 0.10132702122946168]
Timestep: 334, Trans probs: [0.10825835714310844, 0.10363834879916602, 0.26952655545114995, 0.10363834879904686, 0.10364304603374522, 0.1040186461756899, 0.10363834879904686, 0.10363834879904686]
Timestep: 335, Trans probs: [0.15568722978814287, 0.10079366853591595, 0.23387564001391226, 0.10079366853591595, 0.10646868757803629, 0.1007937684762447, 0.10079366853591595, 0.10079366853591595]
Timestep: 336, Trans probs: [0.10651114443575117, 0.15445928227959935, 0.11635623987616957, 0.09763731915414899, 0.20015507443386704, 0.12960630151216587, 0.09763731915414899, 0.09763731915414899]
Timestep: 337, Trans probs: [0.10577216963862365, 0.10405545626533978, 0.1656965793171919, 0.10405545626529551, 0.10405720167461598, 0.20825222430834223, 0.10405545626529551, 0.10405545626529551]
Timestep: 338, Trans probs: [0.19975298552984072, 0.12947227498063013, 0.10794534440988807, 0.09736978714924555, 0.15528885242515028, 0.1154311812067542, 0.09736978714924555, 0.09736978714924555]
Timestep: 339, Trans probs: [0.15511443133021224, 0.11537573908338704, 0.20042789525754767, 0.0972240887326754, 0.12997315874401738, 0.10743650938680945, 0.0972240887326754, 0.0972240887326754]
Timestep: 340, Trans probs: [0.10243996511438153, 0.10155917860544422, 0.23474429455412762, 0.10155917860542152, 0.10156007411483267, 0.1550189517949493, 0.10155917860542152, 0.10155917860542152]
Timestep: 341, Trans probs: [0.20406981423656462, 0.10183893143208377, 0.16110651608580043, 0.10183893143207366, 0.10183932993516057, 0.12562861401416967, 0.10183893143207366, 0.10183893143207366]
Timestep: 342, Trans probs: [0.12606937349056946, 0.10146810114964239, 0.26257864030679984, 0.10146810114964239, 0.10401143566484448, 0.10146814593921678, 0.10146810114964239, 0.10146810114964239]
Timestep: 343, Trans probs: [0.2072765165073768, 0.10036040817029397, 0.133459155814483, 0.10036040816076272, 0.1555783672065673, 0.10224432781899075, 0.10036040816076272, 0.10036040816076272]
Timestep: 344, Trans probs: [0.10422860817291853, 0.10422860817291853, 0.10422860817291853, 0.10422860817291853, 0.10484479532796259, 0.2697835556345262, 0.10422860817291853, 0.10422860817291853]
Timestep: 345, Trans probs: [0.154717061004727, 0.100115194185853, 0.13177021540021286, 0.1001151941858476, 0.10011540702771965, 0.21293653982394464, 0.1001151941858476, 0.1001151941858476]
Timestep: 346, Trans probs: [0.2072765165073768, 0.10036040817029397, 0.133459155814483, 0.10036040816076272, 0.1555783672065673, 0.10224432781899075, 0.10036040816076272, 0.10036040816076272]
Timestep: 347, Trans probs: [0.15596922819808728, 0.09955450517919205, 0.1170191951090966, 0.09955450517416284, 0.2282449928834973, 0.10054856310763817, 0.09955450517416284, 0.09955450517416284]
Timestep: 348, Trans probs: [0.20686820539053205, 0.10094853989900107, 0.13350379612036517, 0.10094853989900107, 0.15488528994356565, 0.10094854894953295, 0.10094853989900107, 0.10094853989900107]
Timestep: 349, Trans probs: [0.2270115217139307, 0.10743200457348798, 0.15529276015752289, 0.09721766386819963, 0.11564629996541677, 0.10296442198504266, 0.09721766386819963, 0.09721766386819963]
Timestep: 350, Trans probs: [0.12767848575993943, 0.09982895414095506, 0.115974510429961, 0.09982895414095232, 0.19965801684131462, 0.15737317040497306, 0.09982895414095232, 0.09982895414095232]
Timestep: 351, Trans probs: [0.21277961329617187, 0.09860909998696944, 0.10763071220537225, 0.0986090999869679, 0.15439033636484048, 0.1307629381857424, 0.0986090999869679, 0.0986090999869679]
Timestep: 352, Trans probs: [0.25685510016053315, 0.0990308509040125, 0.10367663224951569, 0.0990308509040117, 0.12775603007595632, 0.11558883389794726, 0.0990308509040117, 0.0990308509040117]
Timestep: 353, Trans probs: [0.26054472054631866, 0.10420899941023574, 0.12702087032965062, 0.0993405384164087, 0.10812417884875529, 0.10207961561581363, 0.0993405384164087, 0.0993405384164087]
Timestep: 354, Trans probs: [0.16633782856768464, 0.10395218928712523, 0.21506468135691736, 0.10200943398331343, 0.10551453838044303, 0.10310246045788951, 0.10200943398331343, 0.10200943398331343]
Timestep: 355, Trans probs: [0.12685482310042873, 0.10057467547482736, 0.1087103997154572, 0.10057467547248455, 0.160523653931161, 0.20161242136067214, 0.10057467547248455, 0.10057467547248455]
Timestep: 356, Trans probs: [0.13264528504433473, 0.10203804622761437, 0.15655133838138802, 0.10108490418672249, 0.20388946002080593, 0.10162115776568953, 0.10108490418672249, 0.10108490418672249]
Timestep: 357, Trans probs: [0.15588366279661287, 0.09978878924110424, 0.21681878645647856, 0.09978878924110424, 0.12835359974824126, 0.09978879403425042, 0.09978878924110424, 0.09978878924110424]
Timestep: 358, Trans probs: [0.22753945297302292, 0.10190218499359008, 0.16104743706543664, 0.10190218499359008, 0.10190218499359008, 0.10190218499359008, 0.10190218499359008, 0.10190218499359008]
Timestep: 359, Trans probs: [0.11666184514418683, 0.10017144506900706, 0.12954181730068326, 0.09965791643361137, 0.1550463905591858, 0.19960475262610286, 0.09965791643361137, 0.09965791643361137]
Timestep: 360, Trans probs: [0.10422860817291853, 0.10422860817291853, 0.10422860817291853, 0.10422860817291853, 0.10484479532796259, 0.2697835556345262, 0.10422860817291853, 0.10422860817291853]
Timestep: 361, Trans probs: [0.1142550600567885, 0.15433402635169913, 0.13111838134920056, 0.0987312403152556, 0.10663632933956793, 0.1974624819569771, 0.0987312403152556, 0.0987312403152556]
Timestep: 362, Trans probs: [0.16609779143430467, 0.10169081950482053, 0.20527754987327496, 0.10169081950482023, 0.11341336415377187, 0.10844801651936722, 0.10169081950482023, 0.10169081950482023]
Timestep: 363, Trans probs: [0.11666184514418683, 0.10017144506900706, 0.12954181730068326, 0.09965791643361137, 0.1550463905591858, 0.19960475262610286, 0.09965791643361137, 0.09965791643361137]
Timestep: 364, Trans probs: [0.10800543365824905, 0.09873153781810225, 0.2136916304661209, 0.09844273881662982, 0.1295921916766839, 0.15465098993095444, 0.09844273881662982, 0.09844273881662982]
Timestep: 365, Trans probs: [0.20431912966511764, 0.12963243527072565, 0.11630073112125815, 0.09770224796624935, 0.10224178620160712, 0.15439917384254342, 0.09770224796624935, 0.09770224796624935]
Timestep: 366, Trans probs: [0.13408752510177646, 0.10021434711058684, 0.2549074509485918, 0.10021434711058667, 0.10637951571746279, 0.10376811978982212, 0.10021434711058667, 0.10021434711058667]
Timestep: 367, Trans probs: [0.10391251582234781, 0.09915887256207198, 0.15808548539410555, 0.09901083904405676, 0.11497752545091329, 0.22683308363839091, 0.09901083904405676, 0.09901083904405676]
Timestep: 368, Trans probs: [0.10422860817291853, 0.10422860817291853, 0.10422860817291853, 0.10422860817291853, 0.10484479532796259, 0.2697835556345262, 0.10422860817291853, 0.10422860817291853]
Timestep: 369, Trans probs: [0.1159534505832169, 0.1021016908094449, 0.2674620375849921, 0.10210169080944483, 0.10462281340766874, 0.1035549351863429, 0.10210169080944483, 0.10210169080944483]
Timestep: 370, Trans probs: [0.10391251582234781, 0.09915887256207198, 0.15808548539410555, 0.09901083904405676, 0.11497752545091329, 0.22683308363839091, 0.09901083904405676, 0.09901083904405676]
Timestep: 371, Trans probs: [0.10864705326321031, 0.1033978991236818, 0.2694594570868904, 0.10339789912368179, 0.10435328395123154, 0.10394860920394067, 0.10339789912368179, 0.10339789912368179]
Timestep: 372, Trans probs: [0.20284956322648967, 0.10034463451398189, 0.1279845838287797, 0.10027519833331265, 0.10776448681946296, 0.16023113661134789, 0.10027519833331265, 0.10027519833331265]
Timestep: 373, Trans probs: [0.10591720632143996, 0.10396320596115706, 0.2697429132983616, 0.10396320596115706, 0.10431884846042813, 0.10416820807514221, 0.10396320596115706, 0.10396320596115706]
Timestep: 374, Trans probs: [0.2673519395944056, 0.10832307579521185, 0.1052673004932065, 0.10100432069387544, 0.10204483349453411, 0.11399988854101573, 0.10100432069387544, 0.10100432069387544]
Timestep: 375, Trans probs: [0.10162595493624019, 0.10162595493624019, 0.10162595493624019, 0.10162595493624019, 0.15698394252793454, 0.23326032785462442, 0.10162595493624019, 0.10162595493624019]
Timestep: 376, Trans probs: [0.2673519395944056, 0.10832307579521185, 0.1052673004932065, 0.10100432069387544, 0.10204483349453411, 0.11399988854101573, 0.10100432069387544, 0.10100432069387544]
Timestep: 377, Trans probs: [0.2539342272149611, 0.09925915307340963, 0.11421191223625746, 0.09922158923872562, 0.10327317145253742, 0.13165676830665757, 0.09922158923872562, 0.09922158923872562]
Timestep: 378, Trans probs: [0.1042834935614055, 0.1042834935614055, 0.1042834935614055, 0.1042834935614055, 0.20879484746805382, 0.1655041911635131, 0.1042834935614055, 0.1042834935614055]
Timestep: 379, Trans probs: [0.10642548150603755, 0.09855052856872429, 0.15548049293656052, 0.09855052856802225, 0.11651448336491922, 0.22737742791969168, 0.09855052856802225, 0.09855052856802225]
Timestep: 380, Trans probs: [0.10183468770996273, 0.10183468770996273, 0.10183468770996273, 0.10183468770996273, 0.22838545029708912, 0.16060642344313453, 0.10183468770996273, 0.10183468770996273]
Timestep: 381, Trans probs: [0.10490763673773901, 0.10418375965249664, 0.1655983498331308, 0.10418375965249664, 0.10431551062910516, 0.20844346419003854, 0.10418375965249664, 0.10418375965249664]
Timestep: 382, Trans probs: [0.2539342272149611, 0.09925915307340963, 0.11421191223625746, 0.09922158923872562, 0.10327317145253742, 0.13165676830665757, 0.09922158923872562, 0.09922158923872562]
Timestep: 383, Trans probs: [0.16570562411015796, 0.10163501130919075, 0.20944830124553146, 0.10161945134957402, 0.10329772664178341, 0.11505498264461439, 0.10161945134957402, 0.10161945134957402]
Timestep: 384, Trans probs: [0.13322826580230115, 0.10050433193547474, 0.2560661330059891, 0.10049638471806556, 0.10135356037585416, 0.10735855472618416, 0.10049638471806556, 0.10049638471806556]
Timestep: 385, Trans probs: [0.11555049044292481, 0.10228454042926242, 0.26762903135365046, 0.10228131870814151, 0.10262880900302564, 0.10506317264671212, 0.10228131870814151, 0.10228131870814151]
Timestep: 386, Trans probs: [0.10849199637126797, 0.10347481465231471, 0.269481690135616, 0.10347359619752672, 0.10360501701195844, 0.10452569323626276, 0.10347359619752672, 0.10347359619752672]
Timestep: 387, Trans probs: [0.15924051245235163, 0.10170950967215042, 0.23050242951474592, 0.10170950967215042, 0.10170950967215042, 0.10170950967215042, 0.10170950967215042, 0.10170950967215042]
Timestep: 388, Trans probs: [0.20375404969574631, 0.10001943065029961, 0.1268774378864085, 0.10001943064996842, 0.1084943354436341, 0.16079645437400622, 0.10001943064996842, 0.10001943064996842]
Timestep: 389, Trans probs: [0.10172142286897846, 0.10172142286897846, 0.10172142286897846, 0.10172142286897846, 0.26115008562737296, 0.12852137715875625, 0.10172142286897846, 0.10172142286897846]
Timestep: 390, Trans probs: [0.10585935787674275, 0.207985099719275, 0.16575361297905608, 0.10399232320400448, 0.10404121671762807, 0.1043837430952845, 0.10399232320400448, 0.10399232320400448]
Timestep: 391, Trans probs: [0.10247106126638414, 0.15497299919955282, 0.2347734018014693, 0.10151123530342253, 0.10153637102504655, 0.10171246079727968, 0.10151123530342253, 0.10151123530342253]
Timestep: 392, Trans probs: [0.15493282049886362, 0.09917608295532167, 0.2127881842251439, 0.09917608295514364, 0.10373129361321629, 0.1318433698420235, 0.09917608295514364, 0.09917608295514364]
Timestep: 393, Trans probs: [0.1279043359655879, 0.09935939045328288, 0.1575236838313337, 0.09935939045319174, 0.2010508441826864, 0.11608357420753386, 0.09935939045319174, 0.09935939045319174]
Timestep: 394, Trans probs: [0.10224520727340677, 0.1256136171962744, 0.16113246837440104, 0.1018179924421057, 0.20364717269688537, 0.10190755713271524, 0.1018179924421057, 0.1018179924421057]
Timestep: 395, Trans probs: [0.10200219833867309, 0.1016313356802525, 0.23472709901616998, 0.1016313356802525, 0.1016988354235524, 0.1550465245005945, 0.1016313356802525, 0.1016313356802525]
Timestep: 396, Trans probs: [0.20036799611682066, 0.11282010613096133, 0.1318524067037615, 0.10006953938634203, 0.15463334146348548, 0.10011753142594496, 0.10006953938634203, 0.10006953938634203]
Timestep: 397, Trans probs: [0.154757217611237, 0.10585499056039467, 0.21521881239003268, 0.09873281879734012, 0.12921089700533203, 0.09875962604098329, 0.09873281879734012, 0.09873281879734012]
Timestep: 398, Trans probs: [0.1020356368717901, 0.10187065928502553, 0.26294872957567866, 0.10187065928502553, 0.1019006864244638, 0.12563230998796518, 0.10187065928502553, 0.10187065928502553]
Timestep: 399, Trans probs: [0.2269498431107828, 0.10288650698630741, 0.15831915188901172, 0.09927653056382583, 0.11472478811697041, 0.0992901182054502, 0.09927653056382583, 0.09927653056382583]
Timestep: 400, Trans probs: [0.1042834935614055, 0.1042834935614055, 0.1042834935614055, 0.1042834935614055, 0.20879484746805382, 0.1655041911635131, 0.1042834935614055, 0.1042834935614055]
Timestep: 401, Trans probs: [0.2269498431107828, 0.10288650698630741, 0.15831915188901172, 0.09927653056382583, 0.11472478811697041, 0.0992901182054502, 0.09927653056382583, 0.09927653056382583]
Timestep: 402, Trans probs: [0.16014382378987432, 0.10210281982287399, 0.22845002804284315, 0.10041395135936751, 0.10764116615089703, 0.10042030811540889, 0.10041395135936751, 0.10041395135936751]
Timestep: 403, Trans probs: [0.11429239009851112, 0.09850848304666673, 0.229178870204104, 0.09850848304661633, 0.15473869910855856, 0.10775610840231056, 0.09850848304661633, 0.09850848304661633]
Timestep: 404, Trans probs: [0.12850721050030045, 0.10184923312715244, 0.15987994913274312, 0.10107354328360707, 0.205466514475336, 0.10107646291364678, 0.10107354328360707, 0.10107354328360707]
Timestep: 405, Trans probs: [0.10747955303626912, 0.10009684082059415, 0.2613130141565865, 0.10009684082057059, 0.12639777516128778, 0.1044222943635507, 0.10009684082057059, 0.10009684082057059]
Timestep: 406, Trans probs: [0.10527522533269419, 0.1023549100340404, 0.1661257903866448, 0.10235491003403109, 0.21511345205049384, 0.10406589209403358, 0.10235491003403109, 0.10235491003403109]
Timestep: 407, Trans probs: [0.11437742869286179, 0.10025521388867924, 0.13099731503161716, 0.09984428779182522, 0.25499134452895783, 0.09984583448240841, 0.09984428779182522, 0.09984428779182522]
Timestep: 408, Trans probs: [0.10320233763848578, 0.10313836085887121, 0.2687413049731252, 0.10313836085887121, 0.10315000510534113, 0.11235290884756302, 0.10313836085887121, 0.10313836085887121]
Timestep: 409, Trans probs: [0.10267629304537412, 0.10124490109173381, 0.23374708630458357, 0.10124490109172926, 0.15651347768035295, 0.10208353860276768, 0.10124490109172926, 0.10124490109172926]
Timestep: 410, Trans probs: [0.2098427368433162, 0.10211001964311552, 0.11471667833768998, 0.10194150789996413, 0.16556389931227386, 0.10194214216371202, 0.10194150789996413, 0.10194150789996413]
Timestep: 411, Trans probs: [0.15560649203755286, 0.10076272195766586, 0.20785736321850906, 0.1006769372532851, 0.13306535088686225, 0.10067726013955461, 0.1006769372532851, 0.1006769372532851]
Timestep: 412, Trans probs: [0.10386454050122007, 0.10384060420959243, 0.16579933968510488, 0.10384060420959243, 0.20768556500107235, 0.10728813797423298, 0.10384060420959243, 0.10384060420959243]
Timestep: 413, Trans probs: [0.2283601636178743, 0.09980271334918717, 0.1560406887572681, 0.09975766573486626, 0.11676560178084881, 0.09975783529022282, 0.09975766573486626, 0.09975766573486626]
Timestep: 414, Trans probs: [0.10143144540828712, 0.10141911096536294, 0.2347657442998987, 0.10141911096536294, 0.15493073096777915, 0.10319563546258323, 0.10141911096536294, 0.10141911096536294]
Timestep: 415, Trans probs: [0.20355662032289967, 0.10177556339524786, 0.16116568386389157, 0.10177556339524786, 0.1256086477329886, 0.10256679449922869, 0.10177556339524786, 0.10177556339524786]
Timestep: 416, Trans probs: [0.254659754421421, 0.10004145496787344, 0.13188751224655373, 0.10004145496787344, 0.11282118605712144, 0.10046572740341009, 0.10004145496787344, 0.10004145496787344]
Timestep: 417, Trans probs: [0.26747964449641093, 0.10200385398214167, 0.1150768921253284, 0.10200385398214167, 0.10725002654684579, 0.10217802090284826, 0.10200385398214167, 0.10200385398214167]
Timestep: 418, Trans probs: [0.2694670867033156, 0.10336005511430063, 0.10831723715449064, 0.10336005511430063, 0.1053493579934514, 0.10342609769153978, 0.10336005511430063, 0.10336005511430063]
Timestep: 419, Trans probs: [0.26115254720844416, 0.10069931969223679, 0.12684807054688454, 0.10067837407968716, 0.10858648739619668, 0.10067845291717628, 0.10067837407968716, 0.10067837407968716]
Timestep: 420, Trans probs: [0.16586542229838658, 0.10259431856872499, 0.2154915465976801, 0.10258605913982585, 0.10570444488812283, 0.10258609022760781, 0.10258605913982585, 0.10258605913982585]
Timestep: 421, Trans probs: [0.13230390962635705, 0.10137633148885813, 0.25793397310876, 0.10137229419351174, 0.10289659380594453, 0.10137230938954513, 0.10137229419351174, 0.10137229419351174]
Timestep: 422, Trans probs: [0.11507236483237429, 0.10273382222559746, 0.2679246305305847, 0.10273221154853679, 0.103340330154846, 0.1027322176109871, 0.10273221154853679, 0.10273221154853679]
Timestep: 423, Trans probs: [0.11738148791084825, 0.10021262766787448, 0.22841460624256688, 0.0994224900759587, 0.15489830786263412, 0.10082550008820006, 0.0994224900759587, 0.0994224900759587]
Timestep: 424, Trans probs: [0.10830434131671288, 0.10365796793924932, 0.16586451845101025, 0.103657361400272, 0.10388636300870699, 0.20731472508350468, 0.103657361400272, 0.103657361400272]
Timestep: 425, Trans probs: [0.10370836067447009, 0.10130712277393447, 0.23476217215026884, 0.10130680931561717, 0.10142515695942142, 0.15487675949505367, 0.10130680931561717, 0.10130680931561717]
Timestep: 426, Trans probs: [0.10279442457265035, 0.10172414878390773, 0.2629315219139886, 0.10172400906978457, 0.10177675878599977, 0.12560111873409993, 0.10172400906978457, 0.10172400906978457]
Timestep: 427, Trans probs: [0.16579498864407036, 0.10394925938309924, 0.2097441994422188, 0.10394925938309924, 0.10468992572398259, 0.10397384865733139, 0.10394925938309924, 0.10394925938309924]
Timestep: 428, Trans probs: [0.2065746229467429, 0.1030796034058936, 0.16565869541142947, 0.10307954917026654, 0.10310002608320298, 0.11234840464193134, 0.10307954917026654, 0.10307954917026654]
Timestep: 429, Trans probs: [0.15481026953626223, 0.10097580996158308, 0.23450302861889352, 0.10097578175012242, 0.10098643311814555, 0.1057971135147484, 0.10097578175012242, 0.10097578175012242]
Timestep: 430, Trans probs: [0.1329974249197653, 0.10161669744048243, 0.25691409720841557, 0.10161669744048243, 0.10199251399037322, 0.1016291741195161, 0.10161669744048243, 0.10161669744048243]
Timestep: 431, Trans probs: [0.22719764550573654, 0.10156040898524704, 0.16127891503171776, 0.10156039636799716, 0.10156516006930157, 0.10371668130400555, 0.10156039636799716, 0.10156039636799716]
Timestep: 432, Trans probs: [0.1042834935614055, 0.1042834935614055, 0.1042834935614055, 0.1042834935614055, 0.20879484746805382, 0.1655041911635131, 0.1042834935614055, 0.1042834935614055]
Timestep: 433, Trans probs: [0.22719764550573654, 0.10156040898524704, 0.16127891503171776, 0.10156039636799716, 0.10156516006930157, 0.10371668130400555, 0.10156039636799716, 0.10156039636799716]
Timestep: 434, Trans probs: [0.11535909563440536, 0.10277790848895402, 0.2678177785902456, 0.10277790848895402, 0.10292858117012928, 0.1027829106494036, 0.10277790848895402, 0.10277790848895402]
Timestep: 435, Trans probs: [0.10232130244412423, 0.10168212846349609, 0.2625318028594912, 0.10168212846349406, 0.12636176705721452, 0.10205661378519178, 0.10168212846349406, 0.10168212846349406]
Timestep: 436, Trans probs: [0.10301074063552836, 0.10301074063552836, 0.10301074063552836, 0.10301074063552836, 0.2684333773542517, 0.11350217883257814, 0.10301074063552836, 0.10301074063552836]
Timestep: 437, Trans probs: [0.1032974544659368, 0.1030488319031086, 0.1656152997044258, 0.10304883190310782, 0.2156974209659392, 0.10319449725126628, 0.10304883190310782, 0.10304883190310782]
Timestep: 438, Trans probs: [0.26079639149421036, 0.10153947373866296, 0.12897401441399436, 0.10153946794232815, 0.10154165637545973, 0.10253006015068804, 0.10153946794232815, 0.10153946794232815]
Timestep: 439, Trans probs: [0.1042834935614055, 0.1042834935614055, 0.1042834935614055, 0.1042834935614055, 0.20879484746805382, 0.1655041911635131, 0.1042834935614055, 0.1042834935614055]
Timestep: 440, Trans probs: [0.26079639149421036, 0.10153947373866296, 0.12897401441399436, 0.10153946794232815, 0.10154165637545973, 0.10253006015068804, 0.10153946794232815, 0.10153946794232815]
Timestep: 441, Trans probs: [0.10171602552041059, 0.10159476889513452, 0.23370406010365535, 0.10159476889513414, 0.15653502691713053, 0.10166581187826662, 0.10159476889513414, 0.10159476889513414]
Timestep: 442, Trans probs: [0.10840964202529864, 0.10367055723621574, 0.16583781768206501, 0.10367055723621574, 0.20739786989648115, 0.10367244145129219, 0.10367055723621574, 0.10367055723621574]
Timestep: 443, Trans probs: [0.2037254176297138, 0.10183567861609623, 0.160734569977756, 0.10183567861609605, 0.12632994589296426, 0.1018673520351815, 0.10183567861609605, 0.10183567861609605]
Timestep: 444, Trans probs: [0.16544903201379496, 0.10292377990694122, 0.11369475046404957, 0.10292377763126427, 0.20584841445492785, 0.10331269026649345, 0.10292377763126427, 0.10292377763126427]
Timestep: 445, Trans probs: [0.15465926521154386, 0.1000817495958985, 0.23171285042338227, 0.1000817495958984, 0.11320217043256771, 0.10009871554891264, 0.1000817495958984, 0.1000817495958984]
Timestep: 446, Trans probs: [0.10483865879083035, 0.10364750901413414, 0.26960421215501024, 0.10359269045292213, 0.10744151949768535, 0.10369002918357363, 0.10359269045292213, 0.10359269045292213]
Timestep: 447, Trans probs: [0.13356038105194967, 0.10084283776346858, 0.10647895570920525, 0.10084283657267674, 0.25554297315231, 0.10104634260503632, 0.10084283657267674, 0.10084283657267674]
Timestep: 448, Trans probs: [0.11567720966786839, 0.10239147975017593, 0.20707163760587274, 0.10239147926662683, 0.16521111748655265, 0.10247411768964994, 0.10239147926662683, 0.10239147926662683]
Timestep: 449, Trans probs: [0.12774281594855555, 0.10176177703000026, 0.15992474484144265, 0.10176177703000026, 0.20352355406000053, 0.10176177703000026, 0.10176177703000026, 0.10176177703000026]
Timestep: 450, Trans probs: [0.10757550145520617, 0.20135713976142294, 0.1550204749879059, 0.10067856975520068, 0.13328970524696065, 0.10072146928290245, 0.10067856975520068, 0.10067856975520068]
Timestep: 451, Trans probs: [0.1042834935614055, 0.1042834935614055, 0.1042834935614055, 0.1042834935614055, 0.20879484746805382, 0.1655041911635131, 0.1042834935614055, 0.1042834935614055]
Timestep: 452, Trans probs: [0.10757550145520617, 0.20135713976142294, 0.1550204749879059, 0.10067856975520068, 0.13328970524696065, 0.10072146928290245, 0.10067856975520068, 0.10067856975520068]
Timestep: 453, Trans probs: [0.1042834935614055, 0.1042834935614055, 0.1042834935614055, 0.1042834935614055, 0.20879484746805382, 0.1655041911635131, 0.1042834935614055, 0.1042834935614055]
Timestep: 454, Trans probs: [0.10757550145520617, 0.20135713976142294, 0.1550204749879059, 0.10067856975520068, 0.13328970524696065, 0.10072146928290245, 0.10067856975520068, 0.10067856975520068]
Timestep: 455, Trans probs: [0.1042834935614055, 0.1042834935614055, 0.1042834935614055, 0.1042834935614055, 0.20879484746805382, 0.1655041911635131, 0.1042834935614055, 0.1042834935614055]
Timestep: 456, Trans probs: [0.10757550145520617, 0.20135713976142294, 0.1550204749879059, 0.10067856975520068, 0.13328970524696065, 0.10072146928290245, 0.10067856975520068, 0.10067856975520068]
Timestep: 457, Trans probs: [0.10298066257264069, 0.1547725864548931, 0.22835441972224052, 0.09917175745987833, 0.11718160968263579, 0.09919544918795478, 0.09917175745987833, 0.09917175745987833]
Timestep: 458, Trans probs: [0.10214182165063196, 0.12640020770506294, 0.26122238761328803, 0.10035780044145368, 0.10879328449483931, 0.10036889721181659, 0.10035780044145368, 0.10035780044145368]
Timestep: 459, Trans probs: [0.10316135894830498, 0.1127461830079986, 0.2684727596709028, 0.1024564674781813, 0.10578944397252163, 0.10246085196572803, 0.1024564674781813, 0.1024564674781813]
Timestep: 460, Trans probs: [0.10376643784000701, 0.10131875840089631, 0.13342738948715108, 0.10131875840089631, 0.25621140749427584, 0.10131973157498093, 0.10131875840089631, 0.10131875840089631]
Timestep: 461, Trans probs: [0.12592682099784486, 0.1009914058450399, 0.16113111922571138, 0.10099140584503986, 0.10698587328921345, 0.20199056310707078, 0.10099140584503986, 0.10099140584503986]
Timestep: 462, Trans probs: [0.1042834935614055, 0.1042834935614055, 0.1042834935614055, 0.1042834935614055, 0.20879484746805382, 0.1655041911635131, 0.1042834935614055, 0.1042834935614055]
Timestep: 463, Trans probs: [0.2074093066198106, 0.10744330185864646, 0.16603152094357684, 0.10357205444088854, 0.10482600326092865, 0.10357370399437177, 0.10357205444088854, 0.10357205444088854]
Timestep: 464, Trans probs: [0.12592682099784486, 0.1009914058450399, 0.16113111922571138, 0.10099140584503986, 0.10698587328921345, 0.20199056310707078, 0.10099140584503986, 0.10099140584503986]
Timestep: 465, Trans probs: [0.15489251203639387, 0.10327508127894969, 0.13352709894279083, 0.10127616328669355, 0.2031998028484112, 0.10127701503337387, 0.10127616328669355, 0.10127616328669355]
Timestep: 466, Trans probs: [0.10360823875887622, 0.10262101602487506, 0.11557139263853969, 0.10262101602487506, 0.2677148959678313, 0.10262140853525249, 0.10262101602487506, 0.10262101602487506]
Timestep: 467, Trans probs: [0.11306460282741712, 0.09951281392367121, 0.23171009271276757, 0.09951281392367119, 0.10277066052040931, 0.1544033882447213, 0.09951281392367119, 0.09951281392367119]
Timestep: 468, Trans probs: [0.10693561096061478, 0.10071980675015338, 0.16135478327946381, 0.10071980675015338, 0.20293389124746417, 0.1258964875118436, 0.10071980675015338, 0.10071980675015338]
Timestep: 469, Trans probs: [0.2284455502219931, 0.1007273628881423, 0.11718345664003077, 0.0996400178307506, 0.15508309560490097, 0.09964048115268107, 0.0996400178307506, 0.0996400178307506]
Timestep: 470, Trans probs: [0.16068355494521097, 0.10110229671230417, 0.20937420179283456, 0.10059504408051272, 0.12645955408529302, 0.10059526022281916, 0.10059504408051272, 0.10059504408051272]
Timestep: 471, Trans probs: [0.104319403448961, 0.10431112334252925, 0.2697883305946155, 0.10431074227918175, 0.10433749686097471, 0.10431141891537435, 0.10431074227918175, 0.10431074227918175]
Timestep: 472, Trans probs: [0.13091437776580794, 0.10018389502895547, 0.1560277628599595, 0.09992226714953814, 0.11326251711693587, 0.1998446457797267, 0.09992226714953814, 0.09992226714953814]
Timestep: 473, Trans probs: [0.11597160637793578, 0.09880473733391343, 0.22865919954826477, 0.09865858500748621, 0.1061108052074054, 0.15447789651002197, 0.09865858500748621, 0.09865858500748621]
Timestep: 474, Trans probs: [0.10397918267145004, 0.10360675608446206, 0.10849224382327086, 0.10360675608446206, 0.26949464500969694, 0.10360690415773387, 0.10360675608446206, 0.10360675608446206]
Timestep: 475, Trans probs: [0.2082235383781394, 0.10404255143718837, 0.10585854680346471, 0.10404255143718837, 0.1657051025918135, 0.1040426064778291, 0.10404255143718837, 0.10404255143718837]
Timestep: 476, Trans probs: [0.20837200097141154, 0.10019258322395165, 0.1611257459722072, 0.10012400241940814, 0.10362089685440992, 0.12631676571979536, 0.10012400241940814, 0.10012400241940814]
Timestep: 477, Trans probs: [0.1042834935614055, 0.1042834935614055, 0.1042834935614055, 0.1042834935614055, 0.20879484746805382, 0.1655041911635131, 0.1042834935614055, 0.1042834935614055]
Timestep: 478, Trans probs: [0.20837200097141154, 0.10019258322395165, 0.1611257459722072, 0.10012400241940814, 0.10362089685440992, 0.12631676571979536, 0.10012400241940814, 0.10012400241940814]
Timestep: 479, Trans probs: [0.10281905642370699, 0.09946491024386367, 0.2316494120328379, 0.09946491024386367, 0.154621245519969, 0.11305064504803142, 0.09946491024386367, 0.09946491024386367]
Timestep: 480, Trans probs: [0.15587883108505574, 0.09965442037222905, 0.1313233943760189, 0.09961877666659669, 0.20105500468416956, 0.11323201948273676, 0.09961877666659669, 0.09961877666659669]
Timestep: 481, Trans probs: [0.12977429099045243, 0.09863605786890725, 0.21479130359139484, 0.09861631765284762, 0.15479378354242476, 0.10615561104827784, 0.09861631765284762, 0.09861631765284762]
Timestep: 482, Trans probs: [0.1150248361588133, 0.09920995581259956, 0.2574042835502836, 0.09919992990156687, 0.12773205302265805, 0.10302908175094488, 0.09919992990156687, 0.09919992990156687]
Timestep: 483, Trans probs: [0.1550145254519096, 0.10155121250227497, 0.20403435252254656, 0.10155121250227497, 0.13319503126856402, 0.10155124074787993, 0.10155121250227497, 0.10155121250227497]
Timestep: 484, Trans probs: [0.2285828453993574, 0.09985344501699164, 0.1552053941136847, 0.09985344501699164, 0.11694452014632654, 0.0998534602726648, 0.09985344501699164, 0.09985344501699164]
Timestep: 485, Trans probs: [0.10431642289508802, 0.1043152918291059, 0.26978833928155044, 0.10431523977569415, 0.1043188944626938, 0.10431533220447944, 0.10431523977569415, 0.10431523977569415]
Timestep: 486, Trans probs: [0.21001538834023634, 0.1017967233466511, 0.1660753755654269, 0.10179264954667572, 0.1133860261575302, 0.10334853795012837, 0.10179264954667572, 0.10179264954667572]
Timestep: 487, Trans probs: [0.15562484488596623, 0.10063000748867515, 0.23392323429474707, 0.10062793725460556, 0.10651948897202226, 0.10141861259477246, 0.10062793725460556, 0.10062793725460556]
Timestep: 488, Trans probs: [0.16062139712100706, 0.10070774098348927, 0.12646982512953608, 0.10070774098348927, 0.10866232474817623, 0.20141548906732354, 0.10070774098348927, 0.10070774098348927]
Timestep: 489, Trans probs: [0.22745562046934256, 0.1013958160338685, 0.1611771794666256, 0.10139488754396493, 0.104037219812762, 0.10174950158550662, 0.10139488754396493, 0.10139488754396493]
Timestep: 490, Trans probs: [0.1042834935614055, 0.1042834935614055, 0.1042834935614055, 0.1042834935614055, 0.20879484746805382, 0.1655041911635131, 0.1042834935614055, 0.1042834935614055]
Timestep: 491, Trans probs: [0.22745562046934256, 0.1013958160338685, 0.1611771794666256, 0.10139488754396493, 0.104037219812762, 0.10174950158550662, 0.10139488754396493, 0.10139488754396493]
Timestep: 492, Trans probs: [0.1042834935614055, 0.1042834935614055, 0.1042834935614055, 0.1042834935614055, 0.20879484746805382, 0.1655041911635131, 0.1042834935614055, 0.1042834935614055]
Timestep: 493, Trans probs: [0.22745562046934256, 0.1013958160338685, 0.1611771794666256, 0.10139488754396493, 0.104037219812762, 0.10174950158550662, 0.10139488754396493, 0.10139488754396493]
Timestep: 494, Trans probs: [0.10378156408627459, 0.10378156408627459, 0.10378156408627459, 0.10378156408627459, 0.16581330860953533, 0.21149730687281718, 0.10378156408627459, 0.10378156408627459]
Timestep: 495, Trans probs: [0.10323615353780971, 0.10263230060859421, 0.1659619845121111, 0.10263230060859421, 0.2151944947982798, 0.10507816471742232, 0.10263230060859421, 0.10263230060859421]
Timestep: 496, Trans probs: [0.22745562046934256, 0.1013958160338685, 0.1611771794666256, 0.10139488754396493, 0.104037219812762, 0.10174950158550662, 0.10139488754396493, 0.10139488754396493]
Timestep: 497, Trans probs: [0.1593492355236783, 0.10147922695741698, 0.23040173210910214, 0.1014788007175151, 0.10269181061956097, 0.10164159263769643, 0.1014788007175151, 0.1014788007175151]
Timestep: 498, Trans probs: [0.10167155803737384, 0.10137588731524512, 0.2337605392915514, 0.10137588731524512, 0.1564908724883638, 0.10257348092173041, 0.10137588731524512, 0.10137588731524512]
Timestep: 499, Trans probs: [0.13205819140375702, 0.09930770658267052, 0.21269769089928695, 0.09930770658267052, 0.10365590516773912, 0.15435738619853484, 0.09930770658267052, 0.09930770658267052]
