0.0,0.5,1
6020.614419099154,0.5342465753424657,0
5392.706556268495,0.32227800556359365,0
4628.578860618211,0.43219515074596715,0
5565.909860776164,0.4286388361655923,0
5017.939517401288,0.4567537995248117,0
875.0,0.4545454545454546,1
5290.428837657774,0.5149484886987994,0
6492.354613698166,0.4106370595874509,0
4117.673404921051,0.3008848204353581,0
3171.0,0.46036524574150084,1
6635.22070638085,0.4087475828297735,0
3192.0,0.34936640604754665,1
4553.189861526664,0.4062969447744659,0
2987.0,0.47441984002523535,1
5355.671050493574,0.4936058092804828,0
1449.0,0.4741671111057338,1
5961.645577578838,0.4980054275107886,0
8021.424358795091,0.41831652096219496,0
2912.0,0.3672284133239262,1
2134.0,0.5578198684724411,1
4351.5246399917105,0.49864939895404614,0
3894.888593148554,0.39163381165646327,0
2156.0,0.48959185251284437,1
6485.6341653304125,0.49758625377047305,0
3561.2658138005727,0.2805046497979694,1
2185.0,0.5012854188206057,1
6166.779215578626,0.5010774122030113,0
5276.1051514459505,0.29456789677409717,0
768.0,0.4974047055857914,1
6080.684213898161,0.4987119058659534,0
6603.314394898626,0.28695051115174813,0
3956.0,0.3800079442387754,0
2604.0,0.494521124073547,1
2538.0,0.5701284436393683,1
3300.0,0.577439560783416,1
3564.0,0.49085026529707537,1
4804.035918380328,0.40259188212729785,0
3321.0,0.4954274382330407,1
5241.8274194061105,0.3993063802375074,0
2552.0,0.49656138907166153,1
2162.0,0.5896273999751244,1
1701.0,0.6013550037634513,1
3674.0,0.6039724058927634,0
1672.0,0.4794770653755316,1
3864.0,0.5894960276350757,0
1500.0,0.4891664376210195,1
2856.0,0.5876183987060578,1
2616.0,0.5767064121445512,1
3264.0,0.5937834939349051,1
3074.0,0.49972955277175835,1
2424.0,0.49521062320912435,1
4350.0,0.5865277718505583,0
2268.0,0.5093246415167796,1
3220.0,0.5915436947951367,1
2158.0,0.5088129482411705,1
750.0,0.5995897555392028,1
4446.0,0.598930893478278,0
2500.0,0.4850107490820344,1
660.0,0.5625889301698184,1
1914.0,0.5854506990745025,1
1386.0,0.5927330500989152,1
897.0,0.6025302250888946,1
4959.0,0.6082580387511336,0
2912.0,0.4844380265294569,1
2340.0,0.5795428155989759,1
1100.0,0.593599980796859,1
2725.0,0.5958747781653223,1
2016.0,0.590371832361049,1
1870.0,0.6047497362632703,1
3456.0,0.6059012880508364,1
3080.0,0.5060773093335138,1
1155.0,0.5002970075122555,1
4969.504547007969,0.49848843248501074,0
3498.0,0.5014068208467608,1
5572.600530039805,0.39162502550332595,0
2511.0,0.5051661250297346,1
1971.0,0.6051010856363277,1
820.0,0.6077370259934751,1
1904.0,0.611603279581479,1
2730.0,0.6130951222076603,1
2760.0,0.6022729339151258,1
3864.0,0.5852710371023597,0
5972.64057148268,0.3829066269866181,0
792.0,0.5033001661296664,1
1720.0,0.5969733758850582,1
2668.0,0.5987688925285698,1
840.0,0.5740857596170287,1
7708.283021632409,0.49131432394189445,0
1372.0,0.3778985319804995,1
3960.0,0.6024861302828673,0
2268.0,0.4992567771730504,1
3925.0,0.5842079287773654,0
2813.0,0.48471465249874646,1
2520.0,0.5828361973861758,1
2300.0,0.5743936153692557,1
3900.0,0.5920979823848116,0
3096.0,0.478265288527152,1
1430.0,0.5051933850983552,1
1764.0,0.5838595133469853,1
4843.0,0.5872658438572634,0
2226.0,0.4907598734585963,1
1188.0,0.5774416324841891,1
2592.0,0.5867478001531343,1
1416.0,0.5763606495723153,1
4644.0,0.5944865950062572,0
987.0,0.47256448187104766,1
2725.0,0.5868401954242131,1
2700.0,0.5744771229554473,1
3454.0,0.5891374496596062,1
3190.0,0.49906544846638773,1
1638.0,0.5164837017723648,1
1144.0,0.594888661551412,1
4410.0,0.5969728151291847,0
3384.0,0.47950547428153856,1
2262.0,0.5123429326743242,1
4760.0,0.5906514563998295,0
1584.0,0.47330867548827715,1
1950.0,0.5837625406064825,1
1540.0,0.585911301912364,1
4437.0,0.5980726033981002,0
2300.0,0.4732909650895982,1
2760.0,0.5598065307480609,1
5123.292497870888,0.4910518447312332,0
3930.0,0.47797864719555366,0
1920.0,0.5118526477873533,1
3450.0,0.5898077390661197,1
2880.0,0.5070960854528461,1
2592.0,0.5858393434742215,1
1458.0,0.5958786182998593,1
972.0,0.5973866211906681,1
3381.0,0.604649713869049,1
4150.0,0.5076871987659035,0
3128.0,0.494518280496167,1
828.0,0.49578218539052316,1
1008.0,0.5867798094364443,1
1584.0,0.6021740127613597,1
1134.0,0.6073981919700552,1
1652.0,0.6091361906819867,1
2980.0,0.6091355967726227,1
2790.0,0.5752866934132281,1
4416.404240518924,0.4905566929141152,0
3768.0,0.5178020753569621,0
2967.0,0.49792838433506154,1
3267.0,0.5819983401575176,1
2184.0,0.5217896392424941,1
3752.0,0.5931373805288581,0
1610.0,0.49102209708549105,1
1870.0,0.5798265300090523,1
651.0,0.590777603839637,1
2688.0,0.5996918579567668,1
1012.0,0.6045066905411183,1
3360.0,0.6063797695380349,1
2121.0,0.5230586180674912,1
3712.0,0.5751594539590421,0
840.0,0.5006487489241802,1
1593.0,0.5916660812533461,1
2794.0,0.5949168147426322,1
2212.0,0.5704481818828264,1
1900.0,0.5901829583985676,1
806.0,0.60300698481942,1
2793.0,0.6091037177083118,1
3161.0,0.5983912092952867,1
2728.0,0.5304354424462385,1
1215.0,0.60006722599765,1
2106.0,0.6073248614372219,1
4056.0,0.6070285315819561,0
957.0,0.4872756427590794,1
4060.0,0.5838464977994554,0
2576.0,0.4877317459011877,1
1144.0,0.5863919575829151,1
2088.0,0.5869376296052581,1
837.0,0.597311759396669,1
3696.0,0.6039373644740105,0
1269.0,0.49365156659691567,1
520.0,0.5910568820028791,1
2700.0,0.5929910055590496,1
1456.0,0.6011148624606899,1
2720.0,0.6057690478983464,1
860.0,0.5940853624999783,1
4080.0,0.6078257442415579,0
4056.0,0.4862290464247734,0
4152.0,0.4940317549480623,0
2268.0,0.4745028116224348,1
2910.0,0.5733165524899122,1
2919.0,0.5822909294941302,1
1176.0,0.5581944075849576,1
1710.0,0.5825176939042662,1
1776.0,0.5929253820485723,1
1950.0,0.5994787387080461,1
1155.0,0.6023652182757862,1
4740.0,0.6030330901854417,0
2626.0,0.4863267723952031,1
4368.0,0.5695816522862628,0
2688.0,0.4727887441340514,1
1320.0,0.5767024482359981,1
3486.0,0.5836923955923621,1
1472.0,0.495362402881963,1
1210.0,0.5918175843664544,1
2226.0,0.6008833632446448,1
2508.0,0.5932361584666591,1
1012.0,0.598364941701593,1
2616.0,0.6090067148407352,1
3060.0,0.5991461136869235,1
1782.0,0.509501296317035,1
3175.0,0.5992604754700823,1
920.0,0.506200619198852,1
1794.0,0.5992778329985137,1
2058.0,0.6070007910760641,1
1925.0,0.6130313001139877,1
1700.0,0.6161802617856572,1
3248.0,0.6167959448245623,1
4266.0,0.5307418038284722,0
504.0,0.5175801047548172,1
1708.0,0.6014960658596858,1
1431.0,0.6044796925458739,1
1562.0,0.6072429107134221,1
2275.0,0.6084317826456294,1
1740.0,0.6083904446233386,1
2486.0,0.6079607840802843,1
3267.0,0.5913387082144376,1
1701.0,0.5022242309099669,1
1768.0,0.5986829075742267,1
2139.0,0.6086833517777429,1
1530.0,0.6126174530527827,1
1830.0,0.613649692771439,1
2756.0,0.6133930216897268,1
841.0,0.5976156296779821,1
1080.0,0.6124425424972207,1
2756.0,0.6132677613998441,1
1720.0,0.6019023326883046,1
702.0,0.6153588973894347,1
1036.0,0.6142719910195398,1
3500.0,0.616546236701654,1
3042.0,0.5076465212181862,1
3792.0,0.5008362937418864,0
3200.0,0.4925027010503847,1
2080.0,0.5154138057425002,1
3340.0,0.604477989242254,1
2574.0,0.5069033923067618,1
1456.0,0.5724568720777754,1
5289.1138718194015,0.48987313117716924,0
2967.0,0.5035902761681177,1
2961.0,0.5739526285091854,1
3333.514458154741,0.47734585066655044,1
1680.0,0.509351810407369,1
3480.0,0.5973338362539798,1
1925.0,0.5314483142732643,1
4394.0,0.6090055881662191,0
756.0,0.4947756875213597,1
520.0,0.5908137551882494,1
594.0,0.5982633894651803,1
2982.0,0.6080266876169046,1
2496.0,0.5795000534219293,1
1624.0,0.5986092021342428,1
3225.0,0.6196691995308844,1
667.0,0.5359715155781396,1
900.0,0.6132083291492368,1
1080.0,0.613725603787662,1
1078.0,0.616508636073084,1
1575.0,0.6175618380756324,1
3224.0,0.6172364440698155,1
3564.0,0.5326631249222532,1
5017.0,0.5117304476124278,0
2418.0,0.5152704346914074,1
1650.0,0.6023510388550373,1
3567.0,0.6049771243778123,1
2461.0,0.5268852652740382,1
2280.0,0.6008132520080146,1
2288.0,0.6053719250897106,1
1260.0,0.607720733749698,1
3256.0,0.6148326387610442,1
1410.0,0.5327699359430283,1
3400.0,0.6097346982397518,1
720.0,0.5320185810361253,1
600.0,0.6086129266811395,1
3050.0,0.6081122111673309,1
1260.0,0.5082069148393089,1
3320.0,0.5949124715694063,1
3784.0,0.5289133456101767,0
4350.0,0.49691777952493904,0
1944.0,0.4993509542278674,1
2664.0,0.5849439264781459,1
4524.0,0.5799869483126678,0
957.0,0.4796906892575601,1
2619.0,0.5768891791306299,1
3025.0,0.582158385049097,1
4785.0,0.5062064540543327,0
2904.0,0.49711096641331803,1
1320.0,0.5735407417565502,1
5100.0,0.5874712185742784,0
3013.0,0.4671729505854909,1
2100.0,0.4964211657354526,1
4050.0,0.571549100493431,0
682.0,0.47074608882920593,1
3640.0,0.573082547631395,0
1525.0,0.4613033164209491,1
3129.0,0.5703755158191375,1
2025.0,0.476968789342437,1
4056.0,0.5795083103344502,0
4228.0,0.4703800809615814,0
2349.0,0.47633128235734673,1
1652.0,0.5686779863596745,1
528.0,0.5684355668981421,1
3429.0,0.5814674329246292,1
960.0,0.48865165218493756,1
2583.0,0.5873437468923045,1
1320.0,0.5833379643928165,1
1320.0,0.6005883670809162,1
1512.0,0.6022829657600883,1
2400.0,0.6070306181880037,1
754.0,0.6099305460215895,1
1900.0,0.6106346219700842,1
3080.0,0.6102289378250607,1
3300.0,0.5232552021659089,1
2150.0,0.5239820040267397,1
4080.0,0.6051439148665221,0
3784.0,0.5002883782127735,0
1020.0,0.48024808782400746,1
3393.0,0.5830092319419183,1
1240.0,0.5039139078216021,1
4620.0,0.5898263045412588,0
2667.0,0.46766795770868774,1
1944.0,0.5735798792152569,1
2352.0,0.5823153239543492,1
2996.0,0.586219998326474,1
4031.0,0.5824010788025129,0
1122.0,0.5010782653310265,1
650.0,0.5870660550157347,1
4482.0,0.5916762408958149,0
3234.0,0.4734504703221402,1
2793.0,0.48600235308591366,1
4368.0,0.5732284155105019,0
966.0,0.47448227184186786,1
2544.0,0.5800595367331755,1
1608.0,0.5666186885321498,1
2910.0,0.5872949649550079,1
2058.0,0.5911614068075124,1
1449.0,0.5984424804258265,1
3045.0,0.6032168221456444,1
3770.0,0.5201090955670649,0
1640.0,0.4924504915825209,1
1100.0,0.5919985015510332,1
1680.0,0.5971894421805672,1
3510.0,0.6019698778516729,1
2884.0,0.5185696199156151,1
3108.0,0.5946915542343356,1
4290.0,0.527049192261218,0
3612.0,0.4934715540955807,0
4530.0,0.4833464479475647,0
4238.0,0.47759510644903286,0
3300.0,0.47349577117738717,1
1978.0,0.49125975024041413,1
2675.0,0.5792867018687472,1
1161.0,0.5776941890330136,1
4872.0,0.588580642443109,0
3360.0,0.4677132439602158,1
2550.0,0.4946457578469053,1
1260.0,0.5754843734144,1
1533.0,0.5831083231355586,1
3690.0,0.5928557764286615,0
1316.0,0.47471689486202284,1
2134.0,0.5783008850077809,1
2304.0,0.5896731053118088,1
5017.0,0.5984782383071983,0
1472.0,0.4689499556782182,1
2408.0,0.585028417756859,1
3277.0,0.5924229177995968,1
3422.0,0.48956102884967295,1
3444.0,0.5122403562695131,1
2494.0,0.5185739462307559,1
1980.0,0.5988623253516926,1
2808.0,0.603375809761815,1
2970.0,0.5968120075175382,1
1953.0,0.5776668294950955,1
5017.0,0.5985999880849036,0
1113.0,0.4865496998767097,1
836.0,0.5887025422131829,1
700.0,0.5963196861089082,1
1311.0,0.6054819785173206,1
744.0,0.6106604346751854,1
2838.0,0.612744381160997,1
3480.0,0.599727950068592,1
2958.0,0.5101828280239898,1
3886.0,0.5935841141034364,0
4560.0,0.49706185631663263,0
1518.0,0.5019526267499554,1
3220.0,0.5901721244611147,1
3128.0,0.4935316547667197,1
1958.0,0.4961362249616215,1
3588.0,0.5901763318434559,1
4988.0,0.5168094063127942,0
1378.0,0.49196033886890933,1
2860.0,0.5910652513063201,1
2760.0,0.5710217427200925,1
7347.231278420855,0.4869323638157292,0
2975.0,0.37377691913149014,1
1520.0,0.5910449554476946,1
1450.0,0.596671348879762,1
4920.0,0.59884486343768,0
650.0,0.5028800509408184,1
1326.0,0.5944492205872491,1
2772.0,0.5969331663199914,1
2080.0,0.6051687094677692,1
3444.0,0.6100137675486025,1
3933.0,0.5275718518955876,0
3136.0,0.49575134673148846,1
3120.0,0.49640830210191733,1
720.0,0.5209336897986822,1
1755.0,0.6051613763386884,1
1725.0,0.6089467552885881,1
875.0,0.6120996378689082,1
3000.0,0.6130739663679124,1
2200.0,0.5049084752459374,1
1375.0,0.5981410906783916,1
1392.0,0.6183256598273276,1
2596.0,0.6167660884276793,1
1870.0,0.604265528487294,1
1820.0,0.6163735744764082,1
4031.0,0.6151787313282657,0
4238.0,0.5070195947356821,0
4125.0,0.48493696022532606,0
4814.0,0.4789605762732355,0
690.0,0.4897845997946814,1
3129.0,0.5827828940699247,1
3255.0,0.504701052531537,1
4008.0,0.4869885202192625,0
1972.0,0.47838138729889534,1
1176.0,0.5736092766211336,1
768.0,0.5850630355610628,1
2352.0,0.5932875112116196,1
3618.0,0.5978209747922797,0
2350.0,0.48672833352115175,1
2121.0,0.5804213640086915,1
775.0,0.5584137871183961,1
2673.0,0.5873089252733356,1
4080.0,0.5962470636488448,0
651.0,0.47488712044991527,1
897.0,0.5746067625109962,1
3192.0,0.5844100729164359,1
1222.0,0.5070799791186237,1
3807.0,0.5942784007510371,0
1586.0,0.49125838402494093,1
1566.0,0.5853484319604815,1
1716.0,0.5889021102257715,1
3770.0,0.5982436594036427,0
2960.0,0.4904015758933048,1
1188.0,0.5578891242204618,1
1911.0,0.5804975721032448,1
3752.0,0.5901163592699912,0
3289.0,0.47683783476304054,1
720.0,0.48419554560683553,1
4732.0,0.5774564040299005,0
1600.0,0.47263397153235653,1
4470.0,0.5746793095744414,0
1624.0,0.4683080616145049,1
1482.0,0.573156990380624,1
1500.0,0.5814064100388097,1
2709.0,0.5940025010027418,1
4230.0,0.5690495113306082,0
2133.0,0.4860941089719709,1
1276.0,0.5879556922005539,1
2185.0,0.5973808654555028,1
3625.0,0.6040978421566825,0
1210.0,0.47093144016060173,1
2678.0,0.591003769809423,1
1775.0,0.5826182440518637,1
2662.0,0.6084340877182827,1
1323.0,0.592220684747892,1
1474.0,0.6092726004228269,1
1032.0,0.6107213037804442,1
2162.0,0.6140671648759403,1
2639.0,0.6153277935211267,1
3612.0,0.6152380692372087,0
1118.0,0.4982626400274938,1
2184.0,0.5968847395923664,1
806.0,0.5990986226155899,1
1624.0,0.6069573421088248,1
1032.0,0.611038879863142,1
3213.0,0.612823627736581,1
2600.0,0.5273637350484474,1
3753.0,0.6035982266301347,0
3612.0,0.49414257143125984,0
1600.0,0.4868742516176633,1
3132.0,0.5886146912686128,1
902.0,0.5090102755128533,1
783.0,0.5980601707231463,1
1058.0,0.6009798095174831,1
4260.0,0.6085925729412534,0
816.0,0.4993689101836102,1
2130.0,0.5976841527978356,1
2300.0,0.600166422436053,1
2040.0,0.6080811619035049,1
3834.0,0.6124904326598648,0
1950.0,0.49646130105624614,1
3780.0,0.5972406502387412,0
3680.0,0.47286436656554576,0
1113.0,0.4914646686606395,1
3926.0,0.5812753993396615,0
4788.0,0.4563468605591555,0
