0.0,0.5,1
3913.4722453786594,0.5342465753424657,0
6013.209239751096,0.43209246935590784,0
5595.73096089566,0.3223070397322716,0
4555.908648985744,0.4593244451244547,0
3589.624173520983,0.4545454545454545,1
6485.885332437132,0.42536191786888644,0
2906.36504788834,0.337766740252836,1
6401.30640470092,0.5045765104727213,0
3372.4852304560914,0.30413994583353576,1
3001.538454780158,0.4680242089436798,1
4587.941097877948,0.42867614677620347,0
5507.938680326864,0.45642008683315716,0
1604.91734282703,0.4725587173712369,1
3683.034024968064,0.5169366708687546,0
4646.209153201385,0.4117067314021359,0
7239.482229403937,0.41359849348625055,0
879.3650894688631,0.3513186163819007,1
1788.4331994384993,0.5645983771121624,1
4497.5832459949725,0.5071801984970521,0
4202.087517333941,0.40113970104409324,0
591.8551477305493,0.480429609559368,1
4754.279846375401,0.5100931039621089,0
4659.116533322315,0.40761413242615663,0
1733.483973072449,0.4838324150018015,1
6631.862946426782,0.5082585730086437,0
6725.2429814478,0.2902029488427563,0
2786.595165172306,0.36294415757922527,1
3243.054409225116,0.5705456865448947,1
1334.578079757324,0.50063592650128,1
1798.962049694593,0.5793673988838661,1
905.0172598701668,0.5843877427649691,1
3323.2597449133973,0.5860289708003927,1
697.8299236245099,0.5049000573196709,1
3459.838559380789,0.5830215087267737,1
526.2221540867868,0.4901494273921746,1
4826.4513985010435,0.5088420862097346,0
1559.974505283409,0.48735909743360617,1
4388.8396570603,0.5093024449746283,0
1250.4279694922047,0.48816425713941636,1
6108.601527431246,0.5097771521506875,0
2309.707568584135,0.36285521461208314,1
3119.23719785228,0.57836833026815,1
789.3726826769088,0.4924038745056576,1
5832.291101868647,0.5098718691431533,0
920.3844547644787,0.48585595099552226,1
1730.1960621123656,0.58055269835528,1
2434.3727903234785,0.5832992067438796,1
1481.707633383539,0.5817972894970088,1
1053.9581539658998,0.5945149404916463,1
1380.0538064072794,0.5904390171815764,1
3540.442264675055,0.5894522103368248,1
3136.5732668813735,0.48881827661775884,1
5356.330287730873,0.42080683528555446,0
2295.3695504268017,0.4857290622762925,1
3742.1460276426533,0.5104425287736061,0
6055.431117667203,0.40522498117534184,0
1329.2214899644118,0.3589788092504973,1
4191.680925422153,0.582943540378611,0
2931.43350858613,0.47076465784236343,1
5364.934800905457,0.4999740038829141,0
2364.393277970416,0.4776245737953168,1
896.1660686404166,0.5626100374682377,1
2171.3665684401412,0.5647704825829856,1
1162.6092570747676,0.5720251698839022,1
1004.6577910609935,0.5804895689023145,1
2338.3458936725806,0.5834743572329827,1
4519.129359347872,0.5839944371604741,0
1765.1914033044302,0.4681788344318702,1
4216.62924957564,0.5086583668595719,0
4648.315605979798,0.4052211754876589,0
1097.4275396593277,0.4829876625396511,1
6976.651436674811,0.5073691155885205,0
3824.0420925812964,0.3478130801636259,0
3793.933535853755,0.46983995195067163,0
4077.264309619178,0.46207666000566205,0
4337.923812994676,0.4569637464688112,0
1146.811450920195,0.4518818050828468,1
2999.8421589856694,0.5528886772320739,1
2154.518930954251,0.5505189759265621,1
4968.60447602741,0.561411033322803,0
1051.691749344613,0.46028262351447957,1
2679.2687506919283,0.5492438964493235,1
3292.7658809333852,0.565501295100652,1
2707.084025207289,0.479691835303587,1
3163.860514757226,0.5085447604796266,1
3877.2471721125244,0.4861380876510437,0
3468.9282343367113,0.47838265621605514,1
2243.618857965038,0.4718025587180633,1
3854.998603509063,0.5163084710491435,0
1065.349196492408,0.47325027629676325,1
4383.507931288296,0.512876532059929,0
3626.3269473475884,0.4881386067515344,0
2509.2297994880782,0.47230074755348844,1
2090.46367289778,0.5537319661029674,1
3570.348183258757,0.5688612723376221,1
2618.7926357572383,0.48178933855773143,1
6880.651254319582,0.5016280341596294,0
638.1461626870379,0.357382775729166,1
3174.363306445584,0.5686305738752143,1
1219.6709013741868,0.48255388489751116,1
3316.003789971979,0.5101174881176035,1
4033.211597802109,0.49542470175055486,0
2414.6556084241092,0.47488110719692467,1
6358.124374064295,0.5163929517116638,0
2021.693192582449,0.35377291543780637,1
752.0968251634628,0.5657719874419322,1
1700.7037206057678,0.5694065695890428,1
1281.2221854394907,0.5757550103859271,1
1504.5768757984408,0.5777017882879444,1
3826.139009105708,0.5777063326137751,0
3126.6611657505528,0.4548935183171844,1
4220.24744274492,0.46677997723964415,0
6399.623402865187,0.40577802195146295,0
552.3884840869432,0.34206985122878975,1
4396.762978206999,0.56681757451439,0
1382.5086295521205,0.4459684624883969,1
2061.141252794252,0.5556466019027336,1
3504.910651167778,0.5579083576219539,1
3129.651395354121,0.4772741739046191,1
3583.7599250500634,0.4163427551033133,1
5660.254727544772,0.4161500239623567,0
3060.619028003908,0.47907834443388136,1
1260.1948510949949,0.4906789720663122,1
5950.058942664864,0.525611946688772,0
6406.042178950173,0.40990384909544997,0
2052.965409659252,0.35637493976232704,1
3791.897555649239,0.5874932181389214,0
2096.7995899624084,0.46497890272644693,1
3396.8975408048227,0.5699823798136205,1
1948.3178652808588,0.4737542714891969,1
4225.41878054551,0.512485385407462,0
3571.2443289105927,0.479528754957216,1
2569.365004016452,0.4851964539234,1
3681.3231743639594,0.5112938487245472,0
2095.851057520126,0.48263444867003374,1
3674.741654913229,0.5809214480575913,0
3684.6378871543975,0.4757843894195832,0
682.4782936550126,0.4630299774003923,1
3360.8231042619013,0.5678134825065424,1
4345.415090640314,0.48343408433066026,0
1566.9663755713914,0.4623978379742135,1
1900.6901387409205,0.5690704322755011,1
3410.1876848555844,0.5690564851470736,1
4821.206066194129,0.4736023017781219,0
1907.9986782343326,0.47511330927434914,1
2741.041499619771,0.5764720470567979,1
842.6970793214157,0.5772283112390401,1
2978.9491499100086,0.5811496050427764,1
2718.3580938690643,0.582527953505692,1
4495.95991896077,0.5586312636071171,0
4785.899456649703,0.40557068868721585,0
3121.4809261351975,0.46713369906613145,1
1631.5413954578844,0.4846856072038186,1
2285.6407531762347,0.5701327822559987,1
3797.4902616455415,0.5760236117820148,0
705.06541057362,0.4690467963522551,1
1081.7967687005346,0.5637428366852755,1
1079.6032717409935,0.5704503181515226,1
3636.4220582042713,0.5784396711164353,0
4244.42426218586,0.45978916780953577,0
4078.747644270138,0.4685588820358002,0
3626.726659042944,0.45284015115280396,0
3242.6957261578586,0.4615582502630122,1
1864.8328161268885,0.47124714674328094,1
2588.9704934747188,0.5654571966389517,1
4893.03788768899,0.5725279359578314,0
4241.649381105428,0.46242141464274555,0
2495.9222191631,0.45437024682344573,1
3159.8489711973566,0.545385607110448,1
917.1594259182327,0.48503977741329574,1
2504.549495005917,0.5638990605863703,1
2119.6001523215814,0.5741053628373254,1
1533.2281873631805,0.5779042785377069,1
2095.861993657035,0.5790100853160696,1
3248.9423336314403,0.5793174586868478,1
1051.5022380938399,0.4963274557131138,1
1662.6472006914746,0.5727843923245506,1
729.2168374237862,0.5793162082842809,1
2219.7822074866135,0.582353545485174,1
2002.6478801268506,0.5823500323891125,1
2181.2001271809995,0.5817754289514049,1
727.37444038197,0.5813903465074691,1
1934.0269404689438,0.5812036612284499,1
682.653818577362,0.5811232414961017,1
3760.3360355647405,0.5810902878776358,0
2559.6904444168104,0.46238297311987475,1
1067.3949316808728,0.5618952774812318,1
1465.8237896685478,0.5730729616063973,1
2610.2112746844805,0.5816250554619458,1
2682.488071755388,0.5847113958283471,1
4366.282019678007,0.5731565811108917,0
3711.607780551807,0.4744114935575683,0
1665.971385897366,0.47833118616048964,1
660.2172195509366,0.5643742123610026,1
1483.4819992347025,0.5713819257198531,1
801.0212372097703,0.5749995326540073,1
2908.555143244367,0.5756477307050392,1
3083.9483383624593,0.5624116498615666,1
2330.7484640399152,0.4968380373778506,1
865.1965489276702,0.5797749029038435,1
2503.7303420986873,0.5827737808041838,1
959.9149916001116,0.5729722343668058,1
4625.989428647386,0.5836463927544464,0
2383.166652494092,0.46151739985016427,1
510.98582027676974,0.5611636887312609,1
2443.571434033239,0.5712104870465102,1
3984.80061744493,0.55343441705009,0
2823.1241110119304,0.46464929780742326,1
1273.4586595482801,0.561492913157004,1
877.203206890447,0.5715024638387726,1
3287.765226611638,0.5805862273233352,1
2781.449856887334,0.4822661213399423,1
4244.416399530032,0.5093294780538278,0
1389.6181133993236,0.4815708325800754,1
5075.428415646444,0.5094589112255167,0
2471.074033696712,0.4826925619052239,1
5487.95883526153,0.5084652223252996,0
5258.750853048513,0.40455856293076375,0
1020.9125059424866,0.4831004332166949,1
4626.224559741623,0.5068981003893475,0
2194.3532053595204,0.48306611889175693,1
3798.0626956052884,0.5073442853471143,0
2118.957866499677,0.48306995079256343,1
3470.383930366758,0.5087313318278959,1
1966.0268216543086,0.4826589480080826,1
5125.108542047941,0.5177875789463215,0
3940.615027263952,0.48349613804894725,0
4243.927221407703,0.4169324032751692,0
3217.3658857453856,0.4755014578309855,1
3517.746465728392,0.4902477713530144,1
1840.1398510387367,0.4826948838536121,1
3651.1439256384774,0.5130045369948815,0
1131.722996080004,0.4797917576752325,1
3265.4713326148703,0.5110746680759459,1
505.9693297345598,0.4997025316058282,1
2211.102140938548,0.5848710174514918,1
3635.111760565486,0.5887319563687825,0
2081.429027772403,0.46952774973721345,1
1242.0143411920367,0.5677484036078996,1
1355.8980734604315,0.5786243803380895,1
3342.6859611608415,0.5868688065186985,1
2204.2111683397075,0.504584245374462,1
2116.344153980544,0.5853260362632443,1
1210.8017028658926,0.5886077953890061,1
1118.3194484648088,0.5913473435877761,1
3947.504737263504,0.591188346504282,0
2741.0094973521973,0.4755532111108207,1
2894.797754464336,0.5720976243050114,1
1970.801592181192,0.5636498436588689,1
3305.04210211675,0.5784736914567288,1
484.9932078296262,0.511754226429359,1
2271.9473202606096,0.586410282775733,1
2644.8219771254635,0.5608826896491811,1
5349.049526585807,0.5225756363472789,0
3884.8987845743513,0.40923656964905286,0
2662.725982180046,0.4815535249644415,1
3092.8454750308388,0.50855396371917,1
5726.390103771925,0.42178074029103035,0
1839.6173225332564,0.48081615580845294,1
3608.430580701153,0.5198787790418571,0
6442.801782519444,0.41262033897026623,0
1315.921152387929,0.3539268483812803,1
2764.9782735519602,0.590701166286937,1
1622.885521046579,0.5591917970329857,1
3327.9274628090125,0.5136710442603455,1
5271.984832519632,0.424270921515817,0
4477.647749290171,0.481820447139896,0
4878.677543593546,0.4132751577651812,0
3777.582359534722,0.4660449101832064,0
4820.416799996211,0.4172981803670253,0
3927.8979086813006,0.45929745699342067,0
2320.4604517245784,0.4554536231001515,1
930.5683793153262,0.552160532920207,1
1504.0657548416211,0.5744980527704234,1
2433.7404449522082,0.5790828024853423,1
3618.594391652518,0.5680174646556072,0
4066.522489465568,0.4600446278633806,0
4851.434781090863,0.450262941025663,0
2318.26799552478,0.44317541848268827,1
1746.1495392762972,0.5457499029283777,1
3739.363742715261,0.5600741587122238,0
1076.169788392497,0.4500970182652324,1
855.5958170821821,0.5529990881296937,1
1052.0014517478833,0.5667335028224004,1
3363.4173013949585,0.5764684609331809,1
1655.6465184076585,0.49352531384113885,1
2368.3228792561645,0.5722650662412851,1
3080.6743886548225,0.5798021746324749,1
1261.9865067768437,0.4801331750562493,1
4113.931330795083,0.5140102807528959,0
899.1859994376243,0.47421910254292965,1
3656.170824811787,0.5713275054194108,0
637.6104370899242,0.4729139056843201,1
1905.6955632011723,0.5695220274887893,1
573.7892161018283,0.5755889648995274,1
4096.955446996254,0.5848936104583293,0
1184.1432251660992,0.4636101351105407,1
2826.0837290297522,0.5664880582973948,1
1406.1419438726189,0.547459622956743,1
3511.9763848212797,0.5094556491748856,1
1269.6612951278123,0.49001882663951896,1
1291.6738439746036,0.5766914934231041,1
3899.166577525413,0.5820860389242531,0
2698.516193690126,0.47646557163370995,1
2580.3425831147156,0.5584680548156811,1
979.5230350052794,0.5444020116223217,1
7374.80554844795,0.5163889164240174,0
1701.4017762231747,0.3489084738343109,1
2009.401369257524,0.5806334164534723,1
3529.2564085281765,0.5842936468913627,1
3819.8466142108036,0.502909433156166,0
988.0067323954355,0.4723938774067148,1
5739.930783963861,0.5096844171598993,0
1129.8512735782967,0.4685355869078349,1
2067.9858142629605,0.5720754432823671,1
1953.3955354123823,0.5764241946873381,1
3788.292587225404,0.5788158862054616,0
2130.0109516347366,0.4678643182203106,1
5083.841796341642,0.5643302943470367,0
1650.0048575862359,0.44522110854231167,1
1607.2415950565833,0.5619200905047501,1
1525.1559084187406,0.5643562201159089,1
1712.5439736913381,0.5759087886309591,1
3403.5638112525885,0.5803498872258337,1
3083.6190784162904,0.4769073114950353,1
4228.8423095725,0.3963766294368596,0
3235.412401533916,0.4801794611384771,1
3479.013307472504,0.40835396457461076,1
3612.0683095893764,0.48243254812446323,0
6048.300825797398,0.41489920630102267,0
2031.556202219543,0.35664111234348483,1
4518.56256858163,0.5688775501020719,0
1788.0833138709763,0.46284829418263496,1
1505.155172657334,0.5600562546178418,1
1776.0761840154614,0.5680062594620289,1
2979.5958635692314,0.5769822098163069,1
4944.312154317293,0.5540412203157542,0
6804.423685530229,0.4150329048000261,0
3423.409413982632,0.34511229775448776,1
4038.036446075238,0.475599138551743,0
772.5839146275612,0.4630541788249835,1
662.2471119865409,0.5553687995469759,1
2744.046602888606,0.5636065250897089,1
1278.342781865779,0.5585740034985881,1
1202.3076411121115,0.5738369980091598,1
1579.5399261416565,0.579652878254126,1
3830.051799815112,0.583343450040831,0
2936.4479440323976,0.47067887855563806,1
2137.525473544105,0.5674621694820726,1
2751.3585228674237,0.5568313877953759,1
5379.28024742621,0.5075944415171073,0
2104.2975785103695,0.4793833170065236,1
4554.4211200664,0.5538017009747516,0
7011.496080121763,0.40713772224178846,0
4636.759614469994,0.3442667317799376,0
2838.173912441165,0.46645204961413333,1
961.7601077785847,0.5550712878176842,1
2306.0332578446464,0.5641025383621329,1
665.0021123982411,0.5730666670919778,1
3653.599815677642,0.5763998630641921,0
774.2904283962893,0.45792426535718367,1
2375.2692383728854,0.5455833562440346,1
1538.9305777457216,0.5639979556154133,1
4272.950397759475,0.5726967657613679,0
1740.1420930000088,0.45708433380862046,1
3021.376767498818,0.5450947421518944,1
2049.087969648536,0.47658607886210125,1
867.9954755708588,0.5649611212585709,1
579.4423272399434,0.5726104083420571,1
4552.759834835572,0.5794750539438186,0
3368.6720740199016,0.4612523320089524,1
1635.9044284714155,0.4611550477555554,1
1083.327225750022,0.5535334777411635,1
3404.6851645393203,0.5689762120278498,1
1214.01832417565,0.49252297283033786,1
847.7647913452895,0.5721903950003389,1
1891.227460803882,0.5794699618525034,1
4149.757857906823,0.5835825910097867,0
2376.0193758121623,0.47116800705649403,1
1088.7856532661667,0.5663416779978355,1
1883.914549355874,0.574479388749489,1
1995.5991277925277,0.5824974167742211,1
1910.8634643340035,0.5852285789170518,1
2057.427952524243,0.5858745006600341,1
1472.357830387424,0.5859891779646879,1
3962.9493160011443,0.5860025846721648,0
2613.345873366969,0.4579723563813235,1
4793.778075513787,0.567573505529944,0
2907.9071717471993,0.4573875956480874,1
1940.0366379507175,0.5502705703553608,1
980.9460916038836,0.5601987518963791,1
3036.3891276420213,0.5705923535110298,1
4468.427014748634,0.49676957945053946,0
3562.2374100198695,0.47588444865032575,1
2990.737542081942,0.4733241124434343,1
2924.1383121905214,0.5604619339034295,1
2699.574674749743,0.5771033989980537,1
2522.7061632675372,0.557263932540196,1
4891.791772252037,0.5090826672999398,0
1809.2023765003116,0.48352008921413797,1
2516.7888872554267,0.5776699959009765,1
3730.7294735387013,0.5773749133985303,0
4056.2103385689147,0.49298215981356425,0
3588.278283203194,0.470879317705015,1
1260.3753493282536,0.4744638359559601,1
3912.8158904064694,0.5685953261236605,0
2723.1705695549294,0.4697055990825624,1
3580.384760158841,0.5653373689025744,1
3671.54869589474,0.47606340190882623,0
977.5015944995994,0.46971982314391414,1
663.5151756658081,0.5652797246379452,1
2558.885431117575,0.5698836523149958,1
3012.672229714583,0.5491908695202984,1
6684.869836216492,0.4096679936730677,0
4734.733594348791,0.35654596279985623,0
3410.994667481356,0.4676680591328706,1
2795.6803300532456,0.4813933702351413,1
2997.678604775593,0.5720257211381546,1
2376.3310362218044,0.5779593561622294,1
1058.9500289377577,0.5819052883697602,1
2599.532708919146,0.5824534754955965,1
3619.753670632879,0.5819864432728057,0
1395.6699782511582,0.4631597990690271,1
2043.579326881799,0.5560329554448004,1
1152.7487480937916,0.5713080249314847,1
3420.404142550835,0.5798043218829831,1
4319.2474464121615,0.4978334039507386,0
3470.091249591428,0.48575048102106666,1
2685.0506101537794,0.47857903705388893,1
3652.609460277619,0.5611100556000381,0
1100.9121369522625,0.46575009530604305,1
3506.350246410864,0.5567573175354525,1
640.2660785441658,0.48289500669968377,1
3120.1866750059266,0.5717111448764964,1
1627.4903264526363,0.49511887084683565,1
1246.0185784547505,0.578019205630055,1
1680.0692289905728,0.582066500768607,1
969.9422657420799,0.5887125764498979,1
4093.0757041513725,0.5902032036005574,0
910.9884358875114,0.46116032535466034,1
1110.1700749472204,0.5729139139704967,1
1788.782042579889,0.5815830020573374,1
2094.4315554734353,0.5893472695865668,1
1043.7169218174188,0.5920382748362187,1
813.1904860354607,0.5926908491899112,1
1661.44910178198,0.5928242615527735,1
1716.7692286518882,0.5928496449694173,1
1860.9490986474589,0.5928545532432844,1
2370.7214846857805,0.5928556069581645,1
4178.012875193053,0.5928558764832605,0
3240.0427379188463,0.4765352574994369,1
2923.7206980082397,0.4897763310660811,1
3313.6215044797054,0.5509919051156361,1
2573.4597429502264,0.4779276450807062,1
2735.157451523473,0.5600157100702189,1
1602.0096937172493,0.5610605501250232,1
1164.6326806316717,0.571799211573274,1
2981.105329540459,0.5778685204913305,1
4482.20404462676,0.5857785496323452,0
3103.6709310941083,0.4702813189925026,1
1497.5693432993362,0.4776558641951063,1
2981.9807827676505,0.5696416505733429,1
1658.1106740748994,0.5788177667134254,1
2951.6701081371866,0.587457911809165,1
2423.5532059113157,0.5789412415834145,1
668.8916319382229,0.5892675669876468,1
1019.6355566635813,0.5909151606006801,1
1401.7292456802634,0.5934102660948599,1
2194.664039839711,0.5932249236740667,1
3232.7166283418396,0.5925759693981385,1
1999.7919640716814,0.4916568055985039,1
3769.0294198154415,0.5066647485364796,0
3898.912909248416,0.48760156884015876,0
2308.333122997965,0.47902207978623956,1
2344.128522578147,0.5706675527212776,1
1193.1301614227837,0.5867509887371636,1
2718.7778311712214,0.5901452373148013,1
3357.7629964303023,0.5900494821628243,1
1168.1380026230124,0.4884118743993835,1
4156.301787169501,0.5707368547336109,0
2512.1502376433823,0.4639560284469804,1
2467.643562123288,0.5722322237618409,1
1192.9557079447734,0.5687115973806647,1
1387.3670288925387,0.5829826907064461,1
2545.6542023557013,0.5855432486519894,1
3757.4763748018545,0.5615351184195594,0
5761.969557796201,0.39516041119504985,0
1421.954957708402,0.47932850787954906,1
1354.4120863896544,0.5741480792426067,1
1650.8496569855765,0.580763070575655,1
2896.4022885563054,0.5846595511868358,1
1531.103376468063,0.5568458681145277,1
4743.355265212385,0.5053652149029098,0
2314.434397925457,0.4849358954053281,1
917.894676092285,0.5835990037614739,1
3774.442158126149,0.5907638683018654,0
1623.7573524222228,0.4718778697186199,1
1744.4060800653606,0.5752642442680169,1
3708.3310803860813,0.5810871223774454,0
