0.0,0.5,1
5928.0,0.5342465753424657,0
4202.0,0.4690341483734475,0
3425.0,0.4545454545454545,1
5616.0,0.4335965841238194,0
1040.0,0.4602229369590246,1
3820.0,0.5215892199005129,0
4660.0,0.4181385055383463,0
3402.0,0.44743060550901326,1
2300.0,0.46902926714179505,1
4620.0,0.5219472654538495,0
4494.0,0.43527401894487094,0
3350.0,0.47024767398866085,1
3381.0,0.4325845116470519,1
3075.0,0.473824796966982,1
6580.0,0.43746526456503243,0
1470.0,0.3534708504963183,1
1110.0,0.5685234630561978,1
5025.0,0.5158099946366218,0
3906.0,0.4477524247954035,0
2139.0,0.48945083424014757,1
4224.0,0.5173598178635105,0
4392.0,0.4171990714611511,0
3952.0,0.42113794807795013,0
5790.0,0.4206784675044362,0
4715.0,0.4186062593916624,0
5910.0,0.44601594207829937,0
2140.0,0.5100156370552836,1
2175.0,0.5720978491839511,1
3864.0,0.5806740188007979,0
2475.0,0.4697535839070611,1
4800.0,0.509848700793219,0
4788.0,0.4145821329277295,0
2523.0,0.4813890505316567,1
1372.0,0.5781894450537368,1
2828.0,0.5781441392559794,1
2079.0,0.5784094541501356,1
792.0,0.5943325992033328,1
1404.0,0.5901700125866485,1
2668.0,0.589754970408463,1
2436.0,0.5897121530444046,1
2646.0,0.5792479372647135,1
3120.0,0.5880592656763154,1
5376.0,0.40594541286701036,0
2928.0,0.49699129877822046,1
4788.0,0.5035667462207094,0
5474.0,0.413638421418119,0
1554.0,0.4901572548870885,1
5064.0,0.5063056966373294,0
1971.0,0.4893377871105642,1
2324.0,0.5892034514090355,1
3402.0,0.5916041441697969,1
1081.0,0.49192829304750496,1
5304.0,0.5086979308296791,0
3978.0,0.44159567901593344,0
2688.0,0.4990470555940444,1
4368.0,0.49858012633521614,0
3105.0,0.49434426425387457,1
3423.0,0.40946333963492415,1
1917.0,0.5110863566075482,1
3190.0,0.5820084832979617,1
4104.0,0.4148850386653523,0
3510.0,0.5118068671606175,1
2184.0,0.4935936439107534,1
6588.0,0.5103785559992647,0
3927.0,0.3033537590605615,0
2024.0,0.4930258441266324,1
4708.0,0.5108155109016571,0
4242.0,0.44475817915253635,0
2231.0,0.49852232767476407,1
5376.0,0.5085027333538261,0
4935.0,0.44321946277873003,0
1080.0,0.49824914017043287,1
3759.0,0.5089935861855772,0
4650.0,0.489655312197115,0
6214.0,0.4159120638337075,0
4089.0,0.3466014658082084,0
552.0,0.47390961613811156,1
3030.0,0.5708693568158372,1
682.0,0.49989836895295525,1
3380.0,0.5785806148449255,1
840.0,0.4991913571143274,1
3321.0,0.572351277995265,1
1430.0,0.4988413677449799,1
2520.0,0.5713913745090522,1
1914.0,0.5537811639437855,1
5916.0,0.512761006056599,0
4807.0,0.43828828191519575,0
3726.0,0.46488237303042523,0
1653.0,0.4786378626985859,1
2262.0,0.5705301412814421,1
3080.0,0.5752117228020307,1
2262.0,0.4989865060147237,1
3696.0,0.5729650604675134,0
2288.0,0.46630315700238567,1
4620.0,0.5107564309813901,0
2328.0,0.46172010840162503,1
832.0,0.5685524426110302,1
3276.0,0.5745012505389396,1
2610.0,0.4854817985913513,1
4900.0,0.5115558117207377,0
4509.0,0.4095980372746352,0
805.0,0.49308456090937625,1
1680.0,0.5794000047472307,1
825.0,0.583659599055625,1
1302.0,0.587220501205943,1
1968.0,0.5872938406503609,1
988.0,0.5867010046954361,1
800.0,0.5863261161168647,1
1456.0,0.5861575116272305,1
2304.0,0.5860900747246112,1
580.0,0.5860643317851083,1
560.0,0.5860546913148659,1
3384.0,0.5860511093341871,1
2736.0,0.5029542701735187,1
3312.0,0.5743965918809735,1
1875.0,0.5067549428773542,1
2093.0,0.5799435249736717,1
1770.0,0.5835772125922922,1
2490.0,0.5861066997405951,1
1403.0,0.5859299653088037,1
4312.0,0.5853856392847531,0
3880.0,0.4087318035264043,0
3350.0,0.48702198579661826,1
1000.0,0.4685768307379475,1
4128.0,0.5078023460231731,0
5992.0,0.4133730514279429,0
2300.0,0.4693933949095145,1
2880.0,0.5737914900019285,1
4500.0,0.49897091015540895,0
4000.0,0.4070654530996879,0
2208.0,0.5032746798720571,1
870.0,0.5794395996183925,1
7080.0,0.5004599701647873,0
1848.0,0.3598754019725716,1
2200.0,0.5870601497731307,1
2291.0,0.5837691989603596,1
3720.0,0.5963196804038116,0
3175.0,0.4793217768336573,1
1176.0,0.4806018141566717,1
4706.0,0.5065912476734246,0
6148.0,0.40990364865102,0
3944.0,0.35719357091452897,0
1363.0,0.47738866465450014,1
2700.0,0.5647756907789069,1
3451.0,0.5610485612511814,1
4023.0,0.4940683395920888,0
4321.0,0.4789082159957806,0
3275.0,0.4565895557846796,1
3360.0,0.4071185108377635,1
1150.0,0.45924347244444863,1
5481.0,0.511559400964859,0
4494.0,0.44955927716167365,0
1647.0,0.46514624822406475,1
644.0,0.5649427902085268,1
1680.0,0.5653272583043549,1
1200.0,0.571566481263462,1
735.0,0.5735365709641007,1
1357.0,0.5737700095730028,1
1827.0,0.5737043198326206,1
3013.0,0.57364480202918,1
1700.0,0.4906773053679029,1
1932.0,0.5713366187560001,1
1980.0,0.5785687414807917,1
3990.0,0.5816694750439791,0
2840.0,0.47035768913582027,1
1827.0,0.5435539670436039,1
5244.0,0.51195900813062,0
1702.0,0.46701443706944873,1
736.0,0.5789562482696599,1
2064.0,0.5769842021341564,1
1824.0,0.5843774973756384,1
1896.0,0.5870226558925979,1
1170.0,0.5876998674445019,1
3458.0,0.5878605084601151,1
2929.0,0.5054433432399927,1
1792.0,0.5799563977057545,1
2075.0,0.5930341042355014,1
620.0,0.5909840330791559,1
3429.0,0.5899488533302253,1
1449.0,0.4886516271571147,1
5460.0,0.5133655629142947,0
4620.0,0.4167538376528449,0
594.0,0.4871565911501463,1
6448.0,0.5112273256131816,0
3660.0,0.3049667101368959,0
3400.0,0.49411095589270837,1
3843.0,0.41394907057823543,0
1911.0,0.4941082914044177,1
4180.0,0.5087389249465493,0
1265.0,0.4884414847834232,1
1160.0,0.5910420881819926,1
3570.0,0.5908255310905727,1
3600.0,0.49320481922043363,1
4416.0,0.41266583863625445,0
1092.0,0.4935053039611089,1
5040.0,0.5050153731419628,0
2052.0,0.5069684052187788,1
2968.0,0.5862364766627532,1
525.0,0.5805960827286328,1
1932.0,0.5911856091012608,1
3432.0,0.5891775288156172,1
2680.0,0.502226232325151,1
6225.0,0.4946915566849418,0
1512.0,0.3785697060648107,1
3136.0,0.5907035260470247,1
3770.0,0.513506479008379,0
1960.0,0.5025225434696668,1
1008.0,0.578460499216841,1
1702.0,0.5805960719985063,1
1161.0,0.5851480030457663,1
1541.0,0.5855264683450004,1
3096.0,0.5849396589786777,1
2540.0,0.5016544092680112,1
1537.0,0.5636603881884352,1
3703.0,0.5025435417198779,0
1400.0,0.4911328366397809,1
5256.0,0.5030793687404024,0
3800.0,0.48951780322943755,0
2820.0,0.4963398500928179,1
3300.0,0.579130573505872,1
2496.0,0.50402206405211,1
2750.0,0.5779940709456863,1
1189.0,0.5807511877387235,1
3192.0,0.58317237132036,1
2340.0,0.5033343184042193,1
4350.0,0.5785789590367874,0
1140.0,0.46219915090511654,1
5232.0,0.5025985207074422,0
3724.0,0.4653669070494464,0
1380.0,0.4702791716071598,1
5376.0,0.5031987289894871,0
1298.0,0.46441602344539146,1
4030.0,0.503583294567053,0
1958.0,0.46924557610809015,1
4662.0,0.5037407212864065,0
4648.0,0.42739819217895847,0
700.0,0.49146748984513794,1
4116.0,0.5040068227539006,0
4439.0,0.4018512838341713,0
3030.0,0.48338087547226016,1
5060.0,0.40731309540253635,0
1334.0,0.4779036234988057,1
805.0,0.5831075599223804,1
1078.0,0.5805932698094566,1
2662.0,0.5905678236671451,1
1040.0,0.581593704456465,1
2856.0,0.5924354651719136,1
3159.0,0.5863149419983792,1
3052.0,0.5193102458664118,1
3672.0,0.5155440852065757,0
1196.0,0.4825135428472851,1
4994.0,0.5057639369158324,0
2380.0,0.48042447167321484,1
3726.0,0.5768160909927056,0
1008.0,0.4774944116845219,1
3696.0,0.5056586677413942,0
672.0,0.47987315666737473,1
5328.0,0.5052277555286724,0
2842.0,0.47898041133136415,1
1296.0,0.5774030914802155,1
3146.0,0.5751702482966818,1
1400.0,0.4973349839070121,1
1012.0,0.5835337740397583,1
1100.0,0.5849677579142242,1
693.0,0.5881173041705694,1
3540.0,0.5883217708125352,1
2262.0,0.5051520575192724,1
2262.0,0.5885376879576429,1
600.0,0.5904730678685315,1
1700.0,0.592960982691523,1
3120.0,0.5927218904302072,1
3768.0,0.512786018367053,0
2088.0,0.49063897687722646,1
1533.0,0.5742220283442253,1
2860.0,0.5803123699983675,1
950.0,0.566511966800083,1
4392.0,0.5043484638108238,0
2604.0,0.5031287402837564,1
3388.0,0.5866548438917,1
3648.0,0.49510523455326966,0
3975.0,0.4051294034955211,0
2262.0,0.4905101236325536,1
5790.0,0.5038114387619175,0
2052.0,0.4868031372789121,1
5325.0,0.5048247521103775,0
3108.0,0.4846572504768734,1
624.0,0.490038356016825,1
5778.0,0.5049597788551572,0
930.0,0.48951171097445195,1
3030.0,0.5905106747446489,1
609.0,0.5118680111864117,1
3650.0,0.5958468236455297,0
1650.0,0.4798735415328539,1
1380.0,0.5756774444200178,1
2054.0,0.5805731845261554,1
1175.0,0.5882656687904056,1
748.0,0.5905353906642554,1
2640.0,0.5909786203276356,1
2592.0,0.5783097900060534,1
3304.0,0.5922212646231804,1
690.0,0.493412457255028,1
5280.0,0.5057587288499243,0
1334.0,0.4908134573022396,1
2728.0,0.596064189383589,1
2436.0,0.5826299907473732,1
2800.0,0.5876382203788773,1
1798.0,0.5892554439749762,1
841.0,0.5916374448857492,1
3312.0,0.5893528567976877,1
560.0,0.4948399182921582,1
5382.0,0.5061123490909443,0
1242.0,0.491667220088835,1
2106.0,0.5972445482652149,1
2816.0,0.594422766744994,1
1140.0,0.5671815322659022,1
4880.0,0.5058439159614446,0
1520.0,0.49075504626915056,1
3248.0,0.5970969524930172,1
1587.0,0.4948170409601703,1
4991.0,0.5052854937743517,0
3024.0,0.49072455167340145,1
1452.0,0.5168626711441533,1
2576.0,0.5890160011509888,1
2850.0,0.5891691880383768,1
2816.0,0.5840315608775227,1
1300.0,0.5687818616992104,1
3700.0,0.5043497423901253,0
960.0,0.4922684059647676,1
4872.0,0.5054186980642937,0
3796.0,0.49201595606366505,0
2760.0,0.4867432848794726,1
4650.0,0.5744269113625406,0
3172.0,0.4653594744699653,1
1040.0,0.4930023225010216,1
2420.0,0.5739787983524762,1
1885.0,0.5698575547769051,1
2576.0,0.5817510083233994,1
4350.0,0.5576635501547196,0
4440.0,0.40676774998659593,0
1386.0,0.47836713203907294,1
1380.0,0.5787407573727572,1
2220.0,0.5762280728668926,1
1456.0,0.5828323688415318,1
560.0,0.5844431576176337,1
1078.0,0.5843363965965969,1
2190.0,0.5841048421301855,1
3645.0,0.5839787307404337,0
3000.0,0.4651441908621205,1
2900.0,0.4762226569940159,1
1350.0,0.5616630460518359,1
2552.0,0.5700820511728455,1
1219.0,0.5539903844117648,1
5373.0,0.5056555978383389,0
672.0,0.4837777304633842,1
3750.0,0.5062991667140789,0
3480.0,0.48503912453107345,1
3975.0,0.4012648924335238,0
1936.0,0.5099724946320184,1
1050.0,0.5836488069732226,1
1428.0,0.5878571338434246,1
2106.0,0.5941553278031471,1
2450.0,0.595167444211759,1
3175.0,0.5947708744114474,1
2464.0,0.5116927193707133,1
3146.0,0.5916474381280524,1
2944.0,0.513496903465878,1
899.0,0.5677796599969405,1
4500.0,0.5033590540153212,0
1421.0,0.49223043797100374,1
3618.0,0.5948024845570699,0
2158.0,0.47450872477464473,1
6690.0,0.5038807561224052,0
2010.0,0.35312647833586486,1
588.0,0.5886275238915767,1
2925.0,0.5819460623030136,1
506.0,0.580780467098836,1
4379.0,0.5945119012764839,0
1410.0,0.4854022222749288,1
2511.0,0.5801164129806781,1
700.0,0.58372144724285,1
3120.0,0.5929833393120418,1
825.0,0.515252744038587,1
3410.0,0.6000364526830291,1
1232.0,0.5126387324255295,1
1653.0,0.5933325733681268,1
1806.0,0.5947790717632807,1
3484.0,0.597211561558446,1
2408.0,0.49452499414826157,1
4520.0,0.5042966933602756,0
624.0,0.48968403190636944,1
4437.0,0.5963024096697024,0
1530.0,0.4844758645100278,1
1020.0,0.5796562060641801,1
609.0,0.583471660365012,1
1080.0,0.5925464840943065,1
693.0,0.5950656105582625,1
1769.0,0.5953267921730517,1
2352.0,0.5952403513084719,1
2050.0,0.5951736383081774,1
2948.0,0.5951433208738409,1
2020.0,0.5645111039734083,1
6240.0,0.4943464640709662,0
3216.0,0.36933798704836235,1
1080.0,0.5130996331825335,1
1404.0,0.589357089471849,1
1242.0,0.591844055991035,1
4116.0,0.5943755233025327,0
1518.0,0.48191150539543937,1
1166.0,0.5764316575435197,1
3045.0,0.5819771439137377,1
3718.0,0.5065222705191068,0
2040.0,0.4967907456799291,1
1224.0,0.5740841655652004,1
1144.0,0.5784256868373076,1
902.0,0.5825234001949984,1
768.0,0.5831714169935098,1
3640.0,0.582958749692601,0
620.0,0.46532605612651307,1
3348.0,0.5660710031503918,1
1800.0,0.4861350133260277,1
729.0,0.5777279045103207,1
1365.0,0.58199887544649,1
3699.0,0.5885540952880367,0
1456.0,0.47783142702135034,1
609.0,0.5722763388577369,1
2520.0,0.5781062427876614,1
2900.0,0.5585528950014313,1
6860.0,0.494608350670918,0
2760.0,0.3674861593071529,1
2418.0,0.5797614826786301,1
1180.0,0.585665896728333,1
1276.0,0.5871734744021764,1
1909.0,0.5902805911649678,1
3752.0,0.5903041162945241,0
1113.0,0.48095526990374615,1
2520.0,0.5756514975440402,1
660.0,0.5809770896773154,1
621.0,0.5887070305902895,1
3174.0,0.5911476671732363,1
2150.0,0.5104193904212058,1
1870.0,0.5896789812980818,1
1400.0,0.5920978000471846,1
1817.0,0.5945692266047145,1
1260.0,0.5942160250236641,1
2912.0,0.5935826341253005,1
3500.0,0.582770459596673,1
840.0,0.5165688189020304,1
2068.0,0.5893348430692158,1
624.0,0.5912517210834615,1
529.0,0.5936849118801113,1
440.0,0.5933814367788589,1
3105.0,0.5927844879864453,1
1836.0,0.511547742700906,1
3059.0,0.5900404004331282,1
2205.0,0.4946198882770534,1
6540.0,0.4938940712891762,0
3250.0,0.37333141794728664,1
567.0,0.49586995174227577,1
6318.0,0.5048791383538307,0
1220.0,0.36900569346114437,1
3164.0,0.5911822755413981,1
2415.0,0.5124213100459916,1
840.0,0.5873799655558538,1
1242.0,0.5911861789644683,1
1998.0,0.5890779750880402,1
3075.0,0.594288708753098,1
990.0,0.49482088012138925,1
4176.0,0.5051198033275999,0
3480.0,0.4929207141628582,1
6102.0,0.40657061091835495,0
2725.0,0.37246461460978725,1
2970.0,0.5874638455807598,1
4205.0,0.5895850550459576,0
1215.0,0.4812365113088929,1
6237.0,0.5044738562417932,0
1219.0,0.3577911716643536,1
1909.0,0.5877229111889986,1
1464.0,0.5834332264380722,1
1350.0,0.5854979321312676,1
2475.0,0.5858434112849962,1
700.0,0.5855963755590132,1
990.0,0.5854072818807884,1
2289.0,0.5853169458228262,1
3752.0,0.5742875384626205,0
2346.0,0.4798271704511917,1
2212.0,0.5718818683720718,1
1512.0,0.5819907277298958,1
812.0,0.5832320277254214,1
1248.0,0.5831870718789066,1
3048.0,0.5829713894845209,1
1407.0,0.49895221695666736,1
1632.0,0.5858916222572086,1
2457.0,0.5884334094250481,1
1400.0,0.5795785447976548,1
1012.0,0.5943772224732203,1
1886.0,0.5931488979191157,1
1647.0,0.5956972272227146,1
3450.0,0.5954868415308058,1
1274.0,0.49243294119362047,1
