0.0,0.5,1
6042.562202448931,0.5342465753424657,0
5862.27024984424,0.3205991132207469,0
1012.0,0.4545454545454545,1
6233.502904188136,0.525602002212405,0
7014.209919238763,0.3081156086973119,0
1508.0,0.3427416458092286,1
2310.0,0.5553862560202876,1
4454.159178083705,0.5028020309114656,0
6262.772619262707,0.4126722619263303,0
975.0,0.3499355830031752,1
4872.719443827136,0.5136929984355412,0
7077.064714478003,0.40449111148396055,0
1080.0,0.350405251442027,1
3640.0,0.561567341700526,0
3267.0,0.45789554544428407,1
4362.733356815706,0.41586998612817305,0
2756.0,0.47169542208240167,1
5735.560223230226,0.5014171676079388,0
1595.0,0.4718048938910573,1
4624.359787350988,0.5089692169268126,0
754.0,0.46819716083348784,1
6564.665054007125,0.5090955195577258,0
648.0,0.345661496578582,1
3640.0,0.5649182824040141,0
1825.0,0.4577491276669065,1
3300.0,0.5581313044539324,1
2247.0,0.4784997063062333,1
1870.0,0.5540545424627448,1
6084.309018467369,0.507472643361685,0
1300.0,0.3562666761041947,1
625.0,0.5774750790288532,1
2940.0,0.578474528529236,1
3216.0,0.5803159385247493,1
1536.0,0.5180442037796803,1
3302.0,0.5948200575080569,1
3020.0,0.5163753933680918,1
1430.0,0.5212201794418106,1
1449.0,0.5956661718074774,1
3807.0,0.594994568686524,0
2214.0,0.4946805567160425,1
2751.0,0.586588837278042,1
2112.0,0.560601732656091,1
6172.837069209268,0.5055708321263455,0
2037.0,0.3616822945115007,1
1914.0,0.5932617780463978,1
2814.0,0.5918822795831205,1
696.0,0.569460744808592,1
5989.271397398317,0.504329362182897,0
1760.0,0.49435436110699404,1
6979.526381904634,0.504929268059963,0
546.0,0.3666138233335217,1
3321.0,0.595764467679577,1
2175.0,0.49782250936492045,1
7658.910176413374,0.5049408595171789,0
3510.0,0.3675856300134999,1
2054.0,0.5144538217535212,1
2967.0,0.5937087240896441,1
2580.0,0.5872503373905136,1
462.0,0.590537091806672,1
1872.0,0.5943599553624929,1
3388.0,0.5929257116213908,1
1638.0,0.504877995351822,1
5468.479508431955,0.5069969933397966,0
624.0,0.502259071124614,1
5145.530149199898,0.5071756465458805,0
2728.0,0.50262893802656,1
2943.0,0.5955784217902954,1
2639.0,0.5995921747385251,1
2960.0,0.6033670768515301,1
3750.0,0.580455180594815,0
5505.9866956336045,0.407901956665879,0
2760.0,0.4990482163048263,1
1944.0,0.5695817979127756,1
7386.515431599471,0.5038248360331676,0
2940.0,0.37494013458586994,1
504.0,0.5715709469003347,1
4361.15276309379,0.5039807760805524,0
2610.0,0.5166984953576502,1
3472.0,0.5986059977891522,1
1400.0,0.523682997101436,1
3030.0,0.6004705133087717,1
696.0,0.5260001768087452,1
777.0,0.6081337609588431,1
3780.0,0.6083673107117122,0
2400.0,0.4961906994618985,1
768.0,0.5906908630783305,1
1073.0,0.59349955968627,1
990.0,0.6009096147330888,1
1674.0,0.6042369291840249,1
2088.0,0.6053569428348058,1
780.0,0.6056360479486688,1
1660.0,0.6056722282521145,1
2407.0,0.605657852783211,1
1218.0,0.6056412153338115,1
1800.0,0.6056302181585366,1
3475.0,0.6056239524468257,1
3552.0,0.5079376664558637,1
5289.766061593277,0.4065874210117923,0
1404.0,0.507158123757304,1
851.0,0.6037254522600017,1
2755.0,0.6053639178634804,1
3267.0,0.6084476039506809,1
1242.0,0.5267227512598012,1
2420.0,0.6065190821991919,1
1694.0,0.5996769457966133,1
1620.0,0.6091214046489133,1
2106.0,0.6064491873911874,1
1596.0,0.6098942544370284,1
1892.0,0.6111113371705025,1
2112.0,0.6106637060790552,1
2398.0,0.6098476557508455,1
3120.0,0.5967083556053788,1
735.0,0.5073422596975637,1
6779.494435114113,0.5035025745039338,0
2117.0,0.3739702360665169,1
1920.0,0.6064565484505715,1
3066.0,0.6082596620971281,1
1892.0,0.5302893933011392,1
4205.0,0.6099660940856559,0
1375.0,0.48748337516691487,1
3000.0,0.5908622332214519,1
2244.0,0.5008490912783028,1
2250.0,0.5754804483523979,1
2400.0,0.6048118519874703,1
2744.0,0.6105731244258061,1
4200.0,0.6145301358728927,0
2820.0,0.5007709170785675,1
1650.0,0.5682194281670716,1
1380.0,0.593191945081563,1
784.0,0.5966136942594898,1
2706.0,0.604412547330558,1
2632.0,0.5741460999817509,1
5380.653047343821,0.5024413372764598,0
2772.0,0.49988828823190934,1
6788.020000797562,0.5025730253248964,0
648.0,0.3730018844834296,1
3080.0,0.6100556504679518,1
2117.0,0.5289916987275066,1
792.0,0.6095872501936178,1
3404.0,0.608520148353358,1
3724.0,0.531413218984527,0
2709.0,0.5200396084074465,1
2444.0,0.5914151842349352,1
2231.0,0.6039237990657917,1
1978.0,0.6025667615674986,1
1204.0,0.6060214279700601,1
4340.0,0.6074047016612927,0
1034.0,0.48150030252102416,1
560.0,0.5907942764061519,1
4620.0,0.5931055104568654,0
660.0,0.4771182392871509,1
1674.0,0.5892902916551044,1
2291.0,0.589816110609816,1
2720.0,0.6001000776636497,1
2156.0,0.589701078409115,1
672.0,0.6076880410320105,1
3335.0,0.6081416562909707,1
1742.0,0.5280339387600146,1
2835.0,0.6108144033099138,1
3861.0,0.5774088806634542,0
4341.19365861009,0.39719966144159685,0
800.0,0.5001094361267125,1
2877.0,0.595118346005226,1
819.0,0.5872546974832092,1
620.0,0.6029146138100989,1
1058.0,0.6009031142345347,1
899.0,0.6067665725994477,1
4500.0,0.6098000845608058,0
700.0,0.4949171965085488,1
1840.0,0.5931677988357631,1
1092.0,0.5951796767180214,1
1290.0,0.6031680440306167,1
2583.0,0.6067459611889447,1
3690.0,0.592781408719524,0
2632.0,0.4945034527923915,1
1800.0,0.5942552027687013,1
2706.0,0.5983160095045796,1
1056.0,0.5678753298029577,1
2025.0,0.6002171614494485,1
1325.0,0.6043621038094613,1
1364.0,0.6079281705911936,1
3886.0,0.6090705539030283,0
3013.0,0.4794442174939282,1
1587.0,0.4897111764189096,1
3828.0,0.5891513566989229,0
1653.0,0.471479339132382,1
819.0,0.5868877303061717,1
726.0,0.5864123017753676,1
2525.0,0.5985427761049941,1
2280.0,0.5927579833203936,1
3675.0,0.6146408867837453,0
3159.0,0.49147392371900567,1
3625.0,0.5073207678859262,0
2860.0,0.4830992710732669,1
500.0,0.5583501007623852,1
3600.0,0.5851597443994911,1
4031.0,0.48760277190812806,0
1885.0,0.48920536692565714,1
1426.0,0.584485344180849,1
2548.0,0.5868487804199263,1
609.0,0.5949125631127883,1
1456.0,0.5987830342768845,1
1869.0,0.5999196488258989,1
2000.0,0.6000111225591123,1
575.0,0.5998622694098655,1
621.0,0.5997218169494978,1
3172.0,0.5996311024662991,1
1656.0,0.5143891218946844,1
3509.0,0.5995274426195604,1
3458.0,0.5211835070981379,1
1560.0,0.5272378753036752,1
3510.0,0.6056770013952419,1
2871.0,0.5270481472960803,1
1323.0,0.6069006749943857,1
1872.0,0.6051188651642841,1
3624.0,0.6103763903441243,0
1080.0,0.4787889502848026,1
2940.0,0.5959419135975825,1
3074.0,0.5857190696582915,1
3108.0,0.4980417347066379,1
2075.0,0.49683667546744437,1
1820.0,0.5963123297291935,1
1593.0,0.6005909409952779,1
3500.0,0.6076729781193416,1
1896.0,0.5289848591871537,1
1539.0,0.6098921921593322,1
2231.0,0.6101334619240885,1
1020.0,0.6128334404462629,1
1340.0,0.6132983554946394,1
4524.0,0.6126951338824678,0
1302.0,0.4840170089070761,1
2058.0,0.5940534946861925,1
952.0,0.5975629200962886,1
3451.0,0.6062048241007658,1
1344.0,0.5031581637661222,1
2968.0,0.6028607036536887,1
2958.0,0.5991968721287484,1
3302.0,0.6077954384137586,1
2780.0,0.5382282912431008,1
3302.0,0.5833722050971795,1
4279.131927791776,0.3981645086085606,0
1530.0,0.5066588266043814,1
2562.0,0.5964654867976937,1
837.0,0.594657709500511,1
2871.0,0.6069654364598362,1
1482.0,0.603073418726536,1
1232.0,0.6090061645111912,1
2940.0,0.6120046368926404,1
4466.0,0.5797533617996052,0
5968.277128503698,0.39527763329705623,0
1980.0,0.4983120041663449,1
1792.0,0.6014242962330081,1
2706.0,0.5998421567310017,1
2132.0,0.5724056430310699,1
8028.20373102155,0.5008000976213612,0
3645.0,0.3732325007324657,0
3519.0,0.5052996367946377,1
2291.0,0.5024622372737954,1
756.0,0.5849748296667014,1
2990.0,0.5962547272898462,1
2403.0,0.5893072532798314,1
1472.0,0.6008990634945237,1
2250.0,0.6006755910675922,1
1160.0,0.6034006477368707,1
2480.0,0.6043164241715215,1
1620.0,0.5735491377789343,1
4919.775640091346,0.5016657983929411,0
588.0,0.49521024243794864,1
1197.0,0.594083206751206,1
2030.0,0.6044637124135432,1
3567.0,0.607954900575227,1
2697.0,0.5252465558460884,1
840.0,0.6032263310283621,1
3080.0,0.6058635116486272,1
3990.0,0.5264679589676454,0
2574.0,0.5130828256593735,1
1425.0,0.594494557792906,1
2856.0,0.5967420363809046,1
3952.0,0.5907368724169187,0
2117.0,0.47847219058944734,1
1764.0,0.5866939329209957,1
740.0,0.589364360492052,1
1590.0,0.5970232848728918,1
1701.0,0.600474140002044,1
780.0,0.6016306891573306,1
3648.0,0.6019183338805552,0
726.0,0.4687973305477495,1
1044.0,0.5876081979016978,1
2898.0,0.5883846789284881,1
2806.0,0.5621297256161943,1
4560.0,0.5684024077463022,0
2997.0,0.49237905710514906,1
1470.0,0.5635929966319769,1
1248.0,0.5931755098480005,1
1863.0,0.5979463433838085,1
1738.0,0.6028680510232959,1
2378.0,0.6045113374628716,1
729.0,0.6045121144400701,1
1633.0,0.6041346690053166,1
782.0,0.6038087641852503,1
1940.0,0.6036017190890445,1
3780.0,0.6034846389158922,0
1407.0,0.4889822849753016,1
783.0,0.5882940076655266,1
3432.0,0.5909317928828095,1
3240.0,0.513517642745374,1
1326.0,0.5225531530142016,1
2050.0,0.6033359558163215,1
3220.0,0.6052696848374793,1
928.0,0.5276432193609419,1
1508.0,0.6102616985741767,1
2640.0,0.6101393705255996,1
2760.0,0.6019374264955861,1
1800.0,0.614655755773981,1
1496.0,0.6113618852018508,1
3834.0,0.6138522398691222,0
1568.0,0.48723827361180616,1
441.0,0.594980767049524,1
1590.0,0.5992925463569196,1
1560.0,0.6076534442723477,1
1768.0,0.6111453443429801,1
2016.0,0.6122871677264221,1
828.0,0.612560863630295,1
644.0,0.6125912757286875,1
2300.0,0.6125737160923195,1
2322.0,0.5984148722031446,1
2324.0,0.6128424344110825,1
1890.0,0.6120739031398086,1
2002.0,0.6144895557722818,1
3024.0,0.6147284648893201,1
3200.0,0.5064729121367793,1
588.0,0.524994404302869,1
750.0,0.6103419144055882,1
2425.0,0.6114389290926423,1
2024.0,0.6139196739748917,1
1875.0,0.6142068809165258,1
1260.0,0.6135862703512898,1
3528.0,0.6129425850628509,1
2350.0,0.5057327895149453,1
2673.0,0.6034364911672491,1
2450.0,0.6112997202455615,1
874.0,0.6146751024999944,1
1196.0,0.6150216488781335,1
2100.0,0.6143794693301845,1
1955.0,0.6137280300049108,1
4116.0,0.6132908460359031,0
3480.0,0.49634150293158225,1
2373.0,0.5114742596757352,1
4080.0,0.5812640147864214,0
2178.0,0.48446120821954264,1
4437.0,0.5848048712962796,0
1876.0,0.47426381588879596,1
1300.0,0.5786649195678557,1
1458.0,0.5803084198587616,1
1495.0,0.5919201095915417,1
2464.0,0.598271533972585,1
1575.0,0.586840923034595,1
3080.0,0.6039924406296044,1
1840.0,0.5234909043557167,1
2079.0,0.6073146902327426,1
3564.0,0.6069159677302948,1
3556.0,0.5288890295985401,1
4050.0,0.5328724572802455,0
3864.0,0.5003410335735496,0
1992.0,0.49083212748334765,1
1200.0,0.5895240794037185,1
3250.0,0.5935251362908206,1
1652.0,0.49573109956037364,1
2295.0,0.594395292920921,1
2912.0,0.6001011484998829,1
2950.0,0.5944195128624047,1
1584.0,0.5954927353677436,1
2486.0,0.606909016387988,1
3354.0,0.5947093605349442,1
3770.0,0.5057088890337204,0
3567.0,0.4933911651000511,1
1932.0,0.4946510975379925,1
2010.0,0.5929210277864744,1
2400.0,0.5971834360374593,1
3016.0,0.5944811907176522,1
2400.0,0.5059333500025421,1
4118.0,0.6000434808527135,0
1176.0,0.4709222996757931,1
1320.0,0.5881295895603421,1
1050.0,0.5900847003006293,1
3528.0,0.5980050897864392,1
1053.0,0.5164937948947886,1
1872.0,0.6002933083941708,1
936.0,0.6040948198592111,1
812.0,0.6075481744961228,1
2800.0,0.6082584295504737,1
1680.0,0.5731717228917503,1
580.0,0.6013971689477169,1
2210.0,0.6063025553150776,1
1323.0,0.6093942093465013,1
1125.0,0.6098292445849466,1
2424.0,0.6092462491003567,1
3380.0,0.5761697775095318,1
4350.0,0.502175459996127,0
1593.0,0.4939900417554956,1
1587.0,0.5927413312339249,1
1575.0,0.5983660835559402,1
1860.0,0.6018560184704749,1
1161.0,0.6029355796806335,1
1036.0,0.6027856150309494,1
1869.0,0.6024115963850977,1
1104.0,0.6021171493851394,1
1701.0,0.6019350761524169,1
1820.0,0.6018331408945926,1
1495.0,0.6017787188390007,1
962.0,0.6017503483128842,1
4234.0,0.6017357376126846,0
1620.0,0.47545426822043735,1
2744.0,0.5858698906339963,1
1479.0,0.5873949581783279,1
3276.0,0.5966484548582054,1
1458.0,0.495301256591235,1
2948.0,0.5974069175731134,1
966.0,0.5919284070746987,1
3584.0,0.6080283476948506,1
1152.0,0.5253446127154188,1
3720.0,0.6067959886274126,0
2247.0,0.4837307753824256,1
3875.0,0.5815780243929636,0
1269.0,0.4941770109825239,1
2668.0,0.5801526041750285,1
4292.0,0.5570160439774654,0
2050.0,0.48644466740606906,1
3068.0,0.5823539912346668,1
2496.0,0.5000660366762797,1
1000.0,0.5921672281081037,1
576.0,0.5924248418575533,1
462.0,0.6006710284744016,1
1612.0,0.6054359839742,1
2378.0,0.6067183122706968,1
4256.0,0.6065767605369246,0
4116.0,0.48899847101638233,0
2002.0,0.48705996642069593,1
1380.0,0.5807925275810956,1
1700.0,0.5865705679989508,1
1122.0,0.5949014655350112,1
2140.0,0.5990090453941471,1
1386.0,0.5844246265606208,1
1196.0,0.601004824937259,1
2750.0,0.6033522044422718,1
1792.0,0.5923255432550163,1
986.0,0.6067398591229398,1
1125.0,0.606073950437326,1
3080.0,0.6086852538118743,1
3192.0,0.5243029986943749,1
910.0,0.5247400440785833,1
3576.0,0.6052396265596465,1
1131.0,0.5039112515796391,1
2376.0,0.599804106886828,1
600.0,0.5953452762045668,1
552.0,0.606783399880034,1
4560.0,0.6034396982168257,0
812.0,0.48475840976476087,1
744.0,0.5924189751999472,1
756.0,0.5963550083855136,1
1775.0,0.6057055050110616,1
1305.0,0.6098521626997071,1
690.0,0.6110908386970584,1
1850.0,0.6112346541764518,1
4290.0,0.6111233330686474,0
1357.0,0.47216961002513735,1
3192.0,0.5938801906630051,1
3675.0,0.5099128994294975,0
880.0,0.48172089254446904,1
1170.0,0.5897433424281212,1
441.0,0.5921405555326211,1
2162.0,0.599626708116553,1
2128.0,0.6029974343661004,1
3036.0,0.6037272526686555,1
1265.0,0.5175398309614013,1
2645.0,0.6025804837767027,1
2070.0,0.5938497502745111,1
2928.0,0.6080369551387512,1
1410.0,0.5958059509075643,1
2496.0,0.6079416234645526,1
3640.0,0.5980883527594019,0
2444.0,0.4918320324397465,1
2961.0,0.5926145433660394,1
3565.0,0.5705372677612881,1
2706.0,0.5015018225189094,1
2093.0,0.5710777740156927,1
600.0,0.5938311241934345,1
3186.0,0.5990278032000055,1
750.0,0.5256532055949737,1
2580.0,0.608231091955891,1
484.0,0.6002770115994005,1
2620.0,0.6115116758536405,1
2680.0,0.5787986812356859,1
2646.0,0.5761163651448438,1
3564.0,0.6006581405813051,1
2926.0,0.5263659916633351,1
594.0,0.5786299607742831,1
2214.0,0.5995905299459221,1
3900.0,0.6018865108459956,0
