Timestep: 0, Trans probs: [0.125, 0.125, 0.125, 0.125, 0.125, 0.125, 0.125, 0.125]
Timestep: 1, Trans probs: [0.125, 0.125, 0.125, 0.125, 0.125, 0.125, 0.125, 0.125]
Timestep: 2, Trans probs: [0.125, 0.125, 0.125, 0.125, 0.125, 0.125, 0.125, 0.125]
Timestep: 3, Trans probs: [0.125, 0.125, 0.125, 0.125, 0.125, 0.125, 0.125, 0.125]
Timestep: 4, Trans probs: [0.1111111111111111, 0.1111111111111111, 0.1111111111111111, 0.1111111111111111, 0.1111111111111111, 0.2222222222222222, 0.1111111111111111, 0.1111111111111111]
Timestep: 5, Trans probs: [0.10390207819522268, 0.10390207819522268, 0.10390207819522268, 0.10390207819522268, 0.10390207819522268, 0.2726854526334412, 0.10390207819522268, 0.10390207819522268]
Timestep: 6, Trans probs: [0.1030198692041799, 0.1030198692041799, 0.1030198692041799, 0.1030198692041799, 0.1030198692041799, 0.2788609155707406, 0.1030198692041799, 0.1030198692041799]
Timestep: 7, Trans probs: [0.10296937429149848, 0.10296937429149848, 0.10296937429149848, 0.10296937429149848, 0.10296937429149848, 0.27921437995951065, 0.10296937429149848, 0.10296937429149848]
Timestep: 8, Trans probs: [0.125, 0.125, 0.125, 0.125, 0.125, 0.125, 0.125, 0.125]
Timestep: 9, Trans probs: [0.10390207819522268, 0.10390207819522268, 0.10390207819522268, 0.10390207819522268, 0.20780415639044536, 0.16878337443821848, 0.10390207819522268, 0.10390207819522268]
Timestep: 10, Trans probs: [0.125, 0.125, 0.125, 0.125, 0.125, 0.125, 0.125, 0.125]
Timestep: 11, Trans probs: [0.10390207819522268, 0.10390207819522268, 0.10390207819522268, 0.10390207819522268, 0.20780415639044536, 0.16878337443821848, 0.10390207819522268, 0.10390207819522268]
Timestep: 12, Trans probs: [0.10296937429149848, 0.10296937429149848, 0.10296937429149848, 0.10296937429149848, 0.10296937429149848, 0.27921437995951065, 0.10296937429149848, 0.10296937429149848]
Timestep: 13, Trans probs: [0.125, 0.125, 0.125, 0.125, 0.125, 0.125, 0.125, 0.125]
Timestep: 14, Trans probs: [0.10296937429149848, 0.10296937429149848, 0.10296937429149848, 0.10296937429149848, 0.10296937429149848, 0.27921437995951065, 0.10296937429149848, 0.10296937429149848]
Timestep: 15, Trans probs: [0.10033908127665908, 0.10033908127665908, 0.10033908127665908, 0.10033908127665908, 0.16001987986924626, 0.2379456324707991, 0.10033908127665908, 0.10033908127665908]
Timestep: 16, Trans probs: [0.125, 0.125, 0.125, 0.125, 0.125, 0.125, 0.125, 0.125]
Timestep: 17, Trans probs: [0.10296672490437192, 0.10296672490437192, 0.10296672490437192, 0.10296672490437192, 0.20593344980874384, 0.17626620076502458, 0.10296672490437192, 0.10296672490437192]
Timestep: 18, Trans probs: [0.10033908127665908, 0.10033908127665908, 0.10033908127665908, 0.10033908127665908, 0.16001987986924626, 0.2379456324707991, 0.10033908127665908, 0.10033908127665908]
Timestep: 19, Trans probs: [0.125, 0.125, 0.125, 0.125, 0.125, 0.125, 0.125, 0.125]
Timestep: 20, Trans probs: [0.2379456324707991, 0.10033908127665908, 0.16001987986924626, 0.10033908127665908, 0.10033908127665908, 0.10033908127665908, 0.10033908127665908, 0.10033908127665908]
Timestep: 21, Trans probs: [0.10006607479774075, 0.10006607479774075, 0.10006607479774075, 0.10006607479774075, 0.2582002357987066, 0.1414033154148488, 0.10006607479774075, 0.10006607479774075]
Timestep: 22, Trans probs: [0.125, 0.125, 0.125, 0.125, 0.125, 0.125, 0.125, 0.125]
Timestep: 23, Trans probs: [0.10006607479774075, 0.10006607479774075, 0.10006607479774075, 0.10006607479774075, 0.2582002357987066, 0.1414033154148488, 0.10006607479774075, 0.10006607479774075]
Timestep: 24, Trans probs: [0.10086609106794643, 0.10086609106794643, 0.10086609106794643, 0.10086609106794643, 0.1739632304192456, 0.22084022317307567, 0.10086609106794643, 0.10086609106794643]
Timestep: 25, Trans probs: [0.125, 0.125, 0.125, 0.125, 0.125, 0.125, 0.125, 0.125]
Timestep: 26, Trans probs: [0.2379456324707991, 0.10033908127665908, 0.16001987986924626, 0.10033908127665908, 0.10033908127665908, 0.10033908127665908, 0.10033908127665908, 0.10033908127665908]
Timestep: 27, Trans probs: [0.125, 0.125, 0.125, 0.125, 0.125, 0.125, 0.125, 0.125]
Timestep: 28, Trans probs: [0.1001789771844449, 0.1001789771844449, 0.1001789771844449, 0.1001789771844449, 0.12994239766694785, 0.2689837392263828, 0.1001789771844449, 0.1001789771844449]
Timestep: 29, Trans probs: [0.1111111111111111, 0.1111111111111111, 0.1111111111111111, 0.1111111111111111, 0.2222222222222222, 0.1111111111111111, 0.1111111111111111, 0.1111111111111111]
Timestep: 30, Trans probs: [0.10086609106794643, 0.10086609106794643, 0.10086609106794643, 0.10086609106794643, 0.1739632304192456, 0.22084022317307567, 0.10086609106794643, 0.10086609106794643]
Timestep: 31, Trans probs: [0.1111111111111111, 0.1111111111111111, 0.1111111111111111, 0.1111111111111111, 0.2222222222222222, 0.1111111111111111, 0.1111111111111111, 0.1111111111111111]
Timestep: 32, Trans probs: [0.1001789771844449, 0.1001789771844449, 0.1001789771844449, 0.1001789771844449, 0.12994239766694785, 0.2689837392263828, 0.1001789771844449, 0.1001789771844449]
Timestep: 33, Trans probs: [0.10138630869669113, 0.10138630869669113, 0.10138630869669113, 0.10138630869669113, 0.21589148879165443, 0.17579065902819874, 0.10138630869669113, 0.10138630869669113]
Timestep: 34, Trans probs: [0.1111111111111111, 0.1111111111111111, 0.1111111111111111, 0.1111111111111111, 0.2222222222222222, 0.1111111111111111, 0.1111111111111111, 0.1111111111111111]
Timestep: 35, Trans probs: [0.10086609106794643, 0.10086609106794643, 0.10086609106794643, 0.10086609106794643, 0.1739632304192456, 0.22084022317307567, 0.10086609106794643, 0.10086609106794643]
Timestep: 36, Trans probs: [0.12050237275770992, 0.13102722562479216, 0.26041229595094384, 0.09761162113331083, 0.09761162113331083, 0.09761162113331083, 0.09761162113331083, 0.09761162113331083]
Timestep: 37, Trans probs: [0.10086609106794643, 0.10086609106794643, 0.10086609106794643, 0.10086609106794643, 0.1739632304192456, 0.22084022317307567, 0.10086609106794643, 0.10086609106794643]
Timestep: 38, Trans probs: [0.1111111111111111, 0.1111111111111111, 0.1111111111111111, 0.1111111111111111, 0.2222222222222222, 0.1111111111111111, 0.1111111111111111, 0.1111111111111111]
Timestep: 39, Trans probs: [0.10390207819522268, 0.10390207819522268, 0.20780415639044536, 0.10390207819522268, 0.16878337443821848, 0.10390207819522268, 0.10390207819522268, 0.10390207819522268]
Timestep: 40, Trans probs: [0.10033908127665908, 0.10033908127665908, 0.26035896114590534, 0.10033908127665908, 0.13760655119414003, 0.10033908127665908, 0.10033908127665908, 0.10033908127665908]
Timestep: 41, Trans probs: [0.1111111111111111, 0.1111111111111111, 0.1111111111111111, 0.1111111111111111, 0.2222222222222222, 0.1111111111111111, 0.1111111111111111, 0.1111111111111111]
Timestep: 42, Trans probs: [0.20209701359744534, 0.10104850679872267, 0.17450456272338086, 0.10104850679872267, 0.11815588968556055, 0.10104850679872267, 0.10104850679872267, 0.10104850679872267]
Timestep: 43, Trans probs: [0.10086609106794643, 0.10086609106794643, 0.10086609106794643, 0.10086609106794643, 0.1739632304192456, 0.22084022317307567, 0.10086609106794643, 0.10086609106794643]
Timestep: 44, Trans probs: [0.12050237275770992, 0.13102722562479216, 0.26041229595094384, 0.09761162113331083, 0.09761162113331083, 0.09761162113331083, 0.09761162113331083, 0.09761162113331083]
Timestep: 45, Trans probs: [0.10010665236975848, 0.10010665236975848, 0.10010665236975848, 0.10010665236975848, 0.23042856730848382, 0.16893151847296536, 0.10010665236975848, 0.10010665236975848]
Timestep: 46, Trans probs: [0.10390207819522268, 0.10390207819522268, 0.20780415639044536, 0.10390207819522268, 0.16878337443821848, 0.10390207819522268, 0.10390207819522268, 0.10390207819522268]
Timestep: 47, Trans probs: [0.10086609106794643, 0.10086609106794643, 0.10086609106794643, 0.10086609106794643, 0.1739632304192456, 0.22084022317307567, 0.10086609106794643, 0.10086609106794643]
Timestep: 48, Trans probs: [0.20209701359744534, 0.10104850679872267, 0.17450456272338086, 0.10104850679872267, 0.11815588968556055, 0.10104850679872267, 0.10104850679872267, 0.10104850679872267]
Timestep: 49, Trans probs: [0.1574135414293217, 0.09875140852191183, 0.24014658340931444, 0.09875140852191183, 0.10868283255180476, 0.09875140852191183, 0.09875140852191183, 0.09875140852191183]
Timestep: 50, Trans probs: [0.10390207819522268, 0.10390207819522268, 0.20780415639044536, 0.10390207819522268, 0.16878337443821848, 0.10390207819522268, 0.10390207819522268, 0.10390207819522268]
Timestep: 51, Trans probs: [0.21022039886473806, 0.11533058210573656, 0.17551952916939853, 0.09978589797202538, 0.09978589797202538, 0.09978589797202538, 0.09978589797202538, 0.09978589797202538]
Timestep: 52, Trans probs: [0.10086609106794643, 0.10086609106794643, 0.10086609106794643, 0.10086609106794643, 0.1739632304192456, 0.22084022317307567, 0.10086609106794643, 0.10086609106794643]
Timestep: 53, Trans probs: [0.10033908127665908, 0.10033908127665908, 0.16001987986924626, 0.10033908127665908, 0.2379456324707991, 0.10033908127665908, 0.10033908127665908, 0.10033908127665908]
Timestep: 54, Trans probs: [0.10086609106794643, 0.10086609106794643, 0.10086609106794643, 0.10086609106794643, 0.1739632304192456, 0.22084022317307567, 0.10086609106794643, 0.10086609106794643]
Timestep: 55, Trans probs: [0.1572497205770353, 0.09790770340853111, 0.13794950823678143, 0.09790770340853111, 0.11735455073499669, 0.19581540681706222, 0.09790770340853111, 0.09790770340853111]
Timestep: 56, Trans probs: [0.09989858039911169, 0.09989858039911169, 0.09989858039911169, 0.09989858039911169, 0.16593603375119076, 0.23467248385413905, 0.09989858039911169, 0.09989858039911169]
Timestep: 57, Trans probs: [0.22820407445155946, 0.0994783882947743, 0.16997406568022133, 0.0994783882947743, 0.10442991839434762, 0.0994783882947743, 0.0994783882947743, 0.0994783882947743]
Timestep: 58, Trans probs: [0.09989858039911169, 0.09989858039911169, 0.09989858039911169, 0.09989858039911169, 0.16593603375119076, 0.23467248385413905, 0.09989858039911169, 0.09989858039911169]
Timestep: 59, Trans probs: [0.125, 0.125, 0.125, 0.125, 0.125, 0.125, 0.125, 0.125]
Timestep: 60, Trans probs: [0.0998471966176616, 0.0998471966176616, 0.0998471966176616, 0.0998471966176616, 0.2380752423923221, 0.16284157790170825, 0.0998471966176616, 0.0998471966176616]
Timestep: 61, Trans probs: [0.22820407445155946, 0.0994783882947743, 0.16997406568022133, 0.0994783882947743, 0.10442991839434762, 0.0994783882947743, 0.0994783882947743, 0.0994783882947743]
Timestep: 62, Trans probs: [0.10033908127665908, 0.10033908127665908, 0.10033908127665908, 0.10033908127665908, 0.13760655119414003, 0.26035896114590534, 0.10033908127665908, 0.10033908127665908]
Timestep: 63, Trans probs: [0.22820407445155946, 0.0994783882947743, 0.16997406568022133, 0.0994783882947743, 0.10442991839434762, 0.0994783882947743, 0.0994783882947743, 0.0994783882947743]
Timestep: 64, Trans probs: [0.16550103938258684, 0.09947507331242375, 0.2351087824193816, 0.09947507331242375, 0.10201481163591287, 0.09947507331242375, 0.09947507331242375, 0.09947507331242375]
Timestep: 65, Trans probs: [0.13311599303307683, 0.09608210254150282, 0.2171533086870108, 0.09608210254150282, 0.10821840071029726, 0.15718388740360387, 0.09608210254150282, 0.09608210254150282]
Timestep: 66, Trans probs: [0.09989858039911169, 0.09989858039911169, 0.09989858039911169, 0.09989858039911169, 0.16593603375119076, 0.23467248385413905, 0.09989858039911169, 0.09989858039911169]
Timestep: 67, Trans probs: [0.13277701044618276, 0.09976809807041748, 0.1675765904801151, 0.09976809807041748, 0.10103781065119727, 0.19953619614083495, 0.09976809807041748, 0.09976809807041748]
Timestep: 68, Trans probs: [0.1174076021469996, 0.09776398999098702, 0.23588083107312252, 0.09776398999098702, 0.09851959627096735, 0.1571360105449624, 0.09776398999098702, 0.09776398999098702]
Timestep: 69, Trans probs: [0.11563442215278805, 0.15824979994714244, 0.2365217801915367, 0.09791879954170656, 0.09791879954170656, 0.09791879954170656, 0.09791879954170656, 0.09791879954170656]
Timestep: 70, Trans probs: [0.10788356138379766, 0.12952157734650555, 0.16926428163822557, 0.09888842993857853, 0.19777685987715707, 0.09888842993857853, 0.09888842993857853, 0.09888842993857853]
Timestep: 71, Trans probs: [0.1000538628949391, 0.1000538628949391, 0.1000538628949391, 0.1000538628949391, 0.26846887476403297, 0.13120794786633244, 0.1000538628949391, 0.1000538628949391]
Timestep: 72, Trans probs: [0.1001789771844449, 0.1001789771844449, 0.23012137485139272, 0.1001789771844449, 0.1688047620419379, 0.1001789771844449, 0.1001789771844449, 0.1001789771844449]
Timestep: 73, Trans probs: [0.10877724433700502, 0.09873698557183161, 0.16933137591508227, 0.09873698557183161, 0.19786017723016805, 0.1290832602304182, 0.09873698557183161, 0.09873698557183161]
Timestep: 74, Trans probs: [0.10310160016870111, 0.09705727693853018, 0.2366129917611059, 0.09705727693853018, 0.15673030170830785, 0.11532599860776445, 0.09705727693853018, 0.09705727693853018]
Timestep: 75, Trans probs: [0.10788356138379766, 0.12952157734650555, 0.16926428163822557, 0.09888842993857853, 0.19777685987715707, 0.09888842993857853, 0.09888842993857853, 0.09888842993857853]
Timestep: 76, Trans probs: [0.10148851898186434, 0.09839374769474445, 0.1698480698313498, 0.09839374769474445, 0.22734085209140703, 0.10774756831640112, 0.09839374769474445, 0.09839374769474445]
Timestep: 77, Trans probs: [0.09996510068710225, 0.09996510068710225, 0.09996510068710225, 0.09996510068710225, 0.13295370948027296, 0.2672556863971136, 0.09996510068710225, 0.09996510068710225]
Timestep: 78, Trans probs: [0.10148851898186434, 0.09839374769474445, 0.1698480698313498, 0.09839374769474445, 0.22734085209140703, 0.10774756831640112, 0.09839374769474445, 0.09839374769474445]
Timestep: 79, Trans probs: [0.10046927903900847, 0.09886705736023338, 0.23472736990734436, 0.09886705736023338, 0.16562541425059948, 0.10370970736211417, 0.09886705736023338, 0.09886705736023338]
Timestep: 80, Trans probs: [0.10120824700719831, 0.1078741139507616, 0.2682678863822817, 0.09843718197715899, 0.12890102475112242, 0.09843718197715899, 0.09843718197715899, 0.09843718197715899]
Timestep: 81, Trans probs: [0.10025006504232055, 0.09944543404169671, 0.16767408222315416, 0.09944543404169671, 0.2324167179806217, 0.10187739858711677, 0.09944543404169671, 0.09944543404169671]
Timestep: 82, Trans probs: [0.10390207819522268, 0.10390207819522268, 0.10390207819522268, 0.10390207819522268, 0.16878337443821848, 0.20780415639044536, 0.10390207819522268, 0.10390207819522268]
Timestep: 83, Trans probs: [0.09990780338051296, 0.09990780338051296, 0.26579829264887456, 0.09990780338051296, 0.13475488706804764, 0.09990780338051296, 0.09990780338051296, 0.09990780338051296]
Timestep: 84, Trans probs: [0.1000538628949391, 0.1000538628949391, 0.1000538628949391, 0.1000538628949391, 0.26846887476403297, 0.13120794786633244, 0.1000538628949391, 0.1000538628949391]
Timestep: 85, Trans probs: [0.10131934631952584, 0.10131934631952584, 0.10131934631952584, 0.10131934631952584, 0.17568818341563525, 0.21639573866720968, 0.10131934631952584, 0.10131934631952584]
Timestep: 86, Trans probs: [0.10025006504232055, 0.09944543404169671, 0.16767408222315416, 0.09944543404169671, 0.2324167179806217, 0.10187739858711677, 0.09944543404169671, 0.09944543404169671]
Timestep: 87, Trans probs: [0.10131934631952584, 0.10131934631952584, 0.10131934631952584, 0.10131934631952584, 0.17568818341563525, 0.21639573866720968, 0.10131934631952584, 0.10131934631952584]
Timestep: 88, Trans probs: [0.10025006504232055, 0.09944543404169671, 0.16767408222315416, 0.09944543404169671, 0.2324167179806217, 0.10187739858711677, 0.09944543404169671, 0.09944543404169671]
Timestep: 89, Trans probs: [0.10005872899198281, 0.09965284717459422, 0.23372242413015284, 0.09965284717459422, 0.1667278496835493, 0.10087960849593833, 0.09965284717459422, 0.09965284717459422]
Timestep: 90, Trans probs: [0.10001210807798466, 0.09980849679347091, 0.2668732184500514, 0.09980849679347091, 0.13345678266022873, 0.10042390363785167, 0.09980849679347091, 0.09980849679347091]
Timestep: 91, Trans probs: [0.10131934631952584, 0.10131934631952584, 0.10131934631952584, 0.10131934631952584, 0.17568818341563525, 0.21639573866720968, 0.10131934631952584, 0.10131934631952584]
Timestep: 92, Trans probs: [0.10001210807798466, 0.09980849679347091, 0.2668732184500514, 0.09980849679347091, 0.13345678266022873, 0.10042390363785167, 0.09980849679347091, 0.09980849679347091]
Timestep: 93, Trans probs: [0.10131934631952584, 0.10131934631952584, 0.10131934631952584, 0.10131934631952584, 0.17568818341563525, 0.21639573866720968, 0.10131934631952584, 0.10131934631952584]
Timestep: 94, Trans probs: [0.10001210807798466, 0.09980849679347091, 0.2668732184500514, 0.09980849679347091, 0.13345678266022873, 0.10042390363785167, 0.09980849679347091, 0.09980849679347091]
Timestep: 95, Trans probs: [0.09990780338051296, 0.09990780338051296, 0.26579829264887456, 0.09990780338051296, 0.13475488706804764, 0.09990780338051296, 0.09990780338051296, 0.09990780338051296]
Timestep: 96, Trans probs: [0.20238616997245282, 0.10114778745575116, 0.17548177477529078, 0.10114778745575116, 0.11611929807835485, 0.10142160735089689, 0.10114778745575116, 0.10114778745575116]
Timestep: 97, Trans probs: [0.1573785462202166, 0.0988546824739851, 0.24068034134504127, 0.0988546824739851, 0.10750941031505831, 0.09901297222374353, 0.0988546824739851, 0.0988546824739851]
Timestep: 98, Trans probs: [0.12864775437287135, 0.09956022762075334, 0.26961063450302636, 0.09956022762075334, 0.10386179985974839, 0.09963890078134044, 0.09956022762075334, 0.09956022762075334]
Timestep: 99, Trans probs: [0.11396786471053369, 0.1011333238549368, 0.27729945862022326, 0.1011333238549368, 0.10303134375587814, 0.10116803749361772, 0.1011333238549368, 0.1011333238549368]
Timestep: 100, Trans probs: [0.10756084466811991, 0.10212355298504673, 0.27887904412631787, 0.10212355298504673, 0.1029276400137771, 0.10213825925159827, 0.10212355298504673, 0.10212355298504673]
Timestep: 101, Trans probs: [0.10179741468814642, 0.10477643972173557, 0.2770166032956108, 0.1005590053163299, 0.11417352102918757, 0.1005590053163299, 0.1005590053163299, 0.1005590053163299]
Timestep: 102, Trans probs: [0.10114803102698605, 0.10114803102698605, 0.27639789485458355, 0.10114803102698605, 0.11671391898350009, 0.10114803102698605, 0.10114803102698605, 0.10114803102698605]
Timestep: 103, Trans probs: [0.2222222222222222, 0.1111111111111111, 0.1111111111111111, 0.1111111111111111, 0.1111111111111111, 0.1111111111111111, 0.1111111111111111, 0.1111111111111111]
Timestep: 104, Trans probs: [0.10131934631952584, 0.10131934631952584, 0.10131934631952584, 0.10131934631952584, 0.17568818341563525, 0.21639573866720968, 0.10131934631952584, 0.10131934631952584]
Timestep: 105, Trans probs: [0.10487692520589013, 0.10260154485358151, 0.1765696148317941, 0.10260154485358151, 0.2055395814632362, 0.1026076990847535, 0.10260154485358151, 0.10260154485358151]
Timestep: 106, Trans probs: [0.10114318395797563, 0.09985701146623881, 0.2415249213944927, 0.09985701146623881, 0.15804335859998436, 0.09986049018259197, 0.09985701146623881, 0.09985701146623881]
Timestep: 107, Trans probs: [0.10075246272878105, 0.10011993586598163, 0.26991074340895466, 0.10011993586598163, 0.1287354037341891, 0.10012164666414872, 0.10011993586598163, 0.10011993586598163]
Timestep: 108, Trans probs: [0.20425702892699535, 0.10365989210230317, 0.17696392090624505, 0.10186498592758864, 0.10765921435410189, 0.10186498592758864, 0.10186498592758864, 0.10186498592758864]
Timestep: 109, Trans probs: [0.2222222222222222, 0.1111111111111111, 0.1111111111111111, 0.1111111111111111, 0.1111111111111111, 0.1111111111111111, 0.1111111111111111, 0.1111111111111111]
Timestep: 110, Trans probs: [0.10167682346855479, 0.101399049574785, 0.1759626080753561, 0.101399049574785, 0.215364569285901, 0.10139980087104809, 0.101399049574785, 0.101399049574785]
Timestep: 111, Trans probs: [0.10131934631952584, 0.10131934631952584, 0.10131934631952584, 0.10131934631952584, 0.17568818341563525, 0.21639573866720968, 0.10131934631952584, 0.10131934631952584]
Timestep: 112, Trans probs: [0.10167682346855479, 0.101399049574785, 0.1759626080753561, 0.101399049574785, 0.215364569285901, 0.10139980087104809, 0.101399049574785, 0.101399049574785]
Timestep: 113, Trans probs: [0.10104850679872267, 0.10104850679872267, 0.10104850679872267, 0.10104850679872267, 0.11815588968556055, 0.2755530695221035, 0.10104850679872267, 0.10104850679872267]
Timestep: 114, Trans probs: [0.10167682346855479, 0.101399049574785, 0.1759626080753561, 0.101399049574785, 0.215364569285901, 0.10139980087104809, 0.101399049574785, 0.101399049574785]
Timestep: 115, Trans probs: [0.09996510068710225, 0.09996510068710225, 0.09996510068710225, 0.09996510068710225, 0.13295370948027296, 0.2672556863971136, 0.09996510068710225, 0.09996510068710225]
Timestep: 116, Trans probs: [0.10167682346855479, 0.101399049574785, 0.1759626080753561, 0.101399049574785, 0.215364569285901, 0.10139980087104809, 0.101399049574785, 0.101399049574785]
Timestep: 117, Trans probs: [0.09996510068710225, 0.09996510068710225, 0.09996510068710225, 0.09996510068710225, 0.13295370948027296, 0.2672556863971136, 0.09996510068710225, 0.09996510068710225]
Timestep: 118, Trans probs: [0.10167682346855479, 0.101399049574785, 0.1759626080753561, 0.101399049574785, 0.215364569285901, 0.10139980087104809, 0.101399049574785, 0.101399049574785]
Timestep: 119, Trans probs: [0.10131934631952584, 0.10131934631952584, 0.10131934631952584, 0.10131934631952584, 0.17568818341563525, 0.21639573866720968, 0.10131934631952584, 0.10131934631952584]
Timestep: 120, Trans probs: [0.10167682346855479, 0.101399049574785, 0.1759626080753561, 0.101399049574785, 0.215364569285901, 0.10139980087104809, 0.101399049574785, 0.101399049574785]
Timestep: 121, Trans probs: [0.09999475282893118, 0.09984558821407057, 0.23973181644448582, 0.09984558821407057, 0.16104508621004512, 0.09984599166025557, 0.09984558821407057, 0.09984558821407057]
Timestep: 122, Trans probs: [0.11696808710471761, 0.13090595896523577, 0.2628178593956808, 0.09764290164000917, 0.09873648797432913, 0.09764290164000917, 0.09764290164000917, 0.09764290164000917]
Timestep: 123, Trans probs: [0.09950365829239223, 0.15771619469410522, 0.24148861899059257, 0.09950365829239223, 0.10327689485334109, 0.09950365829239223, 0.09950365829239223, 0.09950365829239223]
Timestep: 124, Trans probs: [0.10017333328949932, 0.10009987509686376, 0.16898879697699207, 0.10009987509686376, 0.2303382955664956, 0.10010007377955805, 0.10009987509686376, 0.10009987509686376]
Timestep: 125, Trans probs: [0.09992854600436417, 0.09989130885400511, 0.23470353054410503, 0.09989130885400511, 0.16591127846602208, 0.09989140956948823, 0.09989130885400511, 0.09989130885400511]
Timestep: 126, Trans probs: [0.10335022341321712, 0.10287535914054631, 0.27923120860731393, 0.10287535914054631, 0.10290293549640436, 0.1030141959208795, 0.10287535914054631, 0.10287535914054631]
Timestep: 127, Trans probs: [0.09998122590512465, 0.09996262557033672, 0.16730269946863002, 0.09996262557033672, 0.13294027089581822, 0.19992530144908016, 0.09996262557033672, 0.09996262557033672]
Timestep: 128, Trans probs: [0.09993482320451245, 0.1286418857045952, 0.26988843261527384, 0.09993482320451245, 0.10179556565756884, 0.09993482320451245, 0.09993482320451245, 0.09993482320451245]
Timestep: 129, Trans probs: [0.19580512250249105, 0.0978970393178265, 0.1378799115335832, 0.0978970393178265, 0.11747737094943006, 0.15724943774318967, 0.0978970393178265, 0.0978970393178265]
Timestep: 130, Trans probs: [0.15718378895554724, 0.09607436557716703, 0.21710407893198366, 0.09607436557716703, 0.10829544821554278, 0.1331192215882581, 0.09607436557716703, 0.09607436557716703]
Timestep: 131, Trans probs: [0.1013145259021156, 0.11393702142443846, 0.27735765469711726, 0.1013145259021156, 0.10213269436786623, 0.1013145259021156, 0.1013145259021156, 0.1013145259021156]
Timestep: 132, Trans probs: [0.2276686489928714, 0.09665357491158284, 0.1647079299527167, 0.09665357491158284, 0.10352542376427586, 0.1174836976438048, 0.09665357491158284, 0.09665357491158284]
Timestep: 133, Trans probs: [0.10131934631952584, 0.10131934631952584, 0.10131934631952584, 0.10131934631952584, 0.17568818341563525, 0.21639573866720968, 0.10131934631952584, 0.10131934631952584]
Timestep: 134, Trans probs: [0.103032916674281, 0.10295073642217119, 0.1762831288286861, 0.10295073642217119, 0.10295550880031608, 0.2059255000080322, 0.10295073642217119, 0.10295073642217119]
Timestep: 135, Trans probs: [0.2276686489928714, 0.09665357491158284, 0.1647079299527167, 0.09665357491158284, 0.10352542376427586, 0.1174836976438048, 0.09665357491158284, 0.09665357491158284]
Timestep: 136, Trans probs: [0.1667844623951703, 0.09785449880092587, 0.23151391736631038, 0.09785449880092587, 0.1014699323268985, 0.10881369270791741, 0.09785449880092587, 0.09785449880092587]
Timestep: 137, Trans probs: [0.10220344528224916, 0.10754391653569778, 0.27888925160270966, 0.10220344528224916, 0.10254960545034683, 0.10220344528224916, 0.10220344528224916, 0.10220344528224916]
Timestep: 138, Trans probs: [0.23279251108444116, 0.09877254997254699, 0.16711943764178075, 0.09877254997254699, 0.10062130580081173, 0.10437654558277842, 0.09877254997254699, 0.09877254997254699]
Timestep: 139, Trans probs: [0.1670869868899801, 0.09932336843679229, 0.23320451752100638, 0.09932336843679229, 0.10025814250716412, 0.10215687933468018, 0.09932336843679229, 0.09932336843679229]
Timestep: 140, Trans probs: [0.13373108742809772, 0.09962309259021894, 0.26663363653102073, 0.09962309259021894, 0.1000935997723118, 0.10104930590769398, 0.09962309259021894, 0.09962309259021894]
Timestep: 141, Trans probs: [0.10010400544656652, 0.10005765820753153, 0.24147262346411563, 0.10005765820753153, 0.10006034968808761, 0.15813238857110412, 0.10005765820753153, 0.10005765820753153]
Timestep: 142, Trans probs: [0.09996510068710225, 0.09996510068710225, 0.09996510068710225, 0.09996510068710225, 0.13295370948027296, 0.2672556863971136, 0.09996510068710225, 0.09996510068710225]
Timestep: 143, Trans probs: [0.11626089789053513, 0.10105418013934599, 0.17551420674753268, 0.10105418013934599, 0.10126395119015101, 0.20274422361439717, 0.10105418013934599, 0.10105418013934599]
Timestep: 144, Trans probs: [0.09986084497332758, 0.09986084497332758, 0.09986084497332758, 0.09986084497332758, 0.23946944664291125, 0.1613654835171234, 0.09986084497332758, 0.09986084497332758]
Timestep: 145, Trans probs: [0.11626089789053513, 0.10105418013934599, 0.17551420674753268, 0.10105418013934599, 0.10126395119015101, 0.20274422361439717, 0.10105418013934599, 0.10105418013934599]
Timestep: 146, Trans probs: [0.1026355120967224, 0.10486925553445171, 0.27917288447466615, 0.1026355120967224, 0.10278029950727015, 0.1026355120967224, 0.1026355120967224, 0.1026355120967224]
Timestep: 147, Trans probs: [0.2064370820046864, 0.09883242366999714, 0.14178586288242387, 0.09883242366999714, 0.0989534334048807, 0.15749392702802037, 0.09883242366999714, 0.09883242366999714]
Timestep: 148, Trans probs: [0.15943868195589467, 0.10720801244111264, 0.23975923048668857, 0.09866262585277587, 0.09894357170520053, 0.09866262585277587, 0.09866262585277587, 0.09866262585277587]
Timestep: 149, Trans probs: [0.10282649767540453, 0.1037573892566555, 0.2792232858985236, 0.10282649767540453, 0.10288683646779825, 0.10282649767540453, 0.10282649767540453, 0.10282649767540453]
Timestep: 150, Trans probs: [0.10024056611874226, 0.10021779421697179, 0.26991734753649854, 0.10021779421697179, 0.10021911662866483, 0.12875179284820729, 0.10021779421697179, 0.10021779421697179]
Timestep: 151, Trans probs: [0.16025306730426492, 0.09755902402767833, 0.12258512251205943, 0.09755902402767833, 0.19518855234088753, 0.13173716173207475, 0.09755902402767833, 0.09755902402767833]
Timestep: 152, Trans probs: [0.09986084497332758, 0.09986084497332758, 0.09986084497332758, 0.09986084497332758, 0.23946944664291125, 0.1613654835171234, 0.09986084497332758, 0.09986084497332758]
Timestep: 153, Trans probs: [0.10290790768068327, 0.10329534442899205, 0.17632418882207873, 0.10290790768068327, 0.10293302066482961, 0.20581581536136653, 0.10290790768068327, 0.10290790768068327]
Timestep: 154, Trans probs: [0.16025306730426492, 0.09755902402767833, 0.12258512251205943, 0.09755902402767833, 0.19518855234088753, 0.13173716173207475, 0.09755902402767833, 0.09755902402767833]
Timestep: 155, Trans probs: [0.13502583290074666, 0.09588145211779635, 0.20738848965624265, 0.09588145211779635, 0.15683855796423488, 0.11722131100759046, 0.09588145211779635, 0.09588145211779635]
Timestep: 156, Trans probs: [0.22915787680258437, 0.10372238180347909, 0.16960497220555337, 0.09947502585513017, 0.09961466576786257, 0.09947502585513017, 0.09947502585513017, 0.09947502585513017]
Timestep: 157, Trans probs: [0.11894069483047842, 0.09582939419868745, 0.1616644544440114, 0.09582939419868745, 0.22764857724273987, 0.10842869668802058, 0.09582939419868745, 0.09582939419868745]
Timestep: 158, Trans probs: [0.10002905478657725, 0.10024769842071134, 0.24148939502409325, 0.10002905478657725, 0.10004322689116381, 0.1581034605177227, 0.10002905478657725, 0.10002905478657725]
Timestep: 159, Trans probs: [0.2069376156496378, 0.0973248566561705, 0.13232828651730952, 0.0973248566561705, 0.1674109705116349, 0.1040237006967358, 0.0973248566561705, 0.0973248566561705]
Timestep: 160, Trans probs: [0.10020385407850203, 0.10031129504970353, 0.26992098898864925, 0.10020385407850203, 0.10021081821759888, 0.1287414814300401, 0.10020385407850203, 0.10020385407850203]
Timestep: 161, Trans probs: [0.25694025046419844, 0.09697384051976726, 0.11708971029511489, 0.09697384051976726, 0.13725112605920306, 0.10082355110241445, 0.09697384051976726, 0.09697384051976726]
Timestep: 162, Trans probs: [0.10143699466047643, 0.10148415203037761, 0.27736525294253195, 0.10143699466047643, 0.10144005132014508, 0.11396256506503968, 0.10143699466047643, 0.10143699466047643]
Timestep: 163, Trans probs: [0.2045122510877357, 0.10227606251930152, 0.17663426348507896, 0.10225612554386786, 0.10225741782435022, 0.10755162845193014, 0.10225612554386786, 0.10225612554386786]
Timestep: 164, Trans probs: [0.27434931343787783, 0.09932091304545551, 0.10884117393659755, 0.09932091304545551, 0.11838299043036565, 0.10114287001333701, 0.09932091304545551, 0.09932091304545551]
Timestep: 165, Trans probs: [0.16575624303362504, 0.10169246253819318, 0.23486394248574172, 0.09952320670544079, 0.09959452512067687, 0.09952320670544079, 0.09952320670544079, 0.09952320670544079]
Timestep: 166, Trans probs: [0.17710768215445014, 0.10121358828969816, 0.10534167020137256, 0.10121358828969816, 0.21069268713119227, 0.10200360735419237, 0.10121358828969816, 0.10121358828969816]
Timestep: 167, Trans probs: [0.09996510068710225, 0.09996510068710225, 0.09996510068710225, 0.09996510068710225, 0.13295370948027296, 0.2672556863971136, 0.09996510068710225, 0.09996510068710225]
Timestep: 168, Trans probs: [0.17710768215445014, 0.10121358828969816, 0.10534167020137256, 0.10121358828969816, 0.21069268713119227, 0.10200360735419237, 0.10121358828969816, 0.10121358828969816]
Timestep: 169, Trans probs: [0.1577866222341705, 0.09962030986670736, 0.24153467181677182, 0.09960896691313118, 0.0996097021438871, 0.10262179319906985, 0.09960896691313118, 0.09960896691313118]
Timestep: 170, Trans probs: [0.24069807668751475, 0.0994872773460838, 0.10175673083935931, 0.0994872773460838, 0.15967448501844983, 0.09992159807034078, 0.0994872773460838, 0.0994872773460838]
Timestep: 171, Trans probs: [0.09986084497332758, 0.09986084497332758, 0.09986084497332758, 0.09986084497332758, 0.23946944664291125, 0.1613654835171234, 0.09986084497332758, 0.09986084497332758]
Timestep: 172, Trans probs: [0.24069807668751475, 0.0994872773460838, 0.10175673083935931, 0.0994872773460838, 0.15967448501844983, 0.09992159807034078, 0.0994872773460838, 0.0994872773460838]
Timestep: 173, Trans probs: [0.12865483633829014, 0.09999672147974045, 0.26990801810884385, 0.09999113288983005, 0.09999149513262308, 0.10147553027101226, 0.09999113288983005, 0.09999113288983005]
Timestep: 174, Trans probs: [0.15778923793145394, 0.09961091101292147, 0.24153319150121372, 0.09961091101292147, 0.09961105060280699, 0.10262287591283957, 0.09961091101292147, 0.09961091101292147]
Timestep: 175, Trans probs: [0.10104850679872267, 0.10104850679872267, 0.10104850679872267, 0.10104850679872267, 0.11815588968556055, 0.2755530695221035, 0.10104850679872267, 0.10104850679872267]
Timestep: 176, Trans probs: [0.2694374295368157, 0.09994062420705446, 0.10105848855570218, 0.09994062420705446, 0.1295870275816778, 0.10015455749758644, 0.09994062420705446, 0.09994062420705446]
Timestep: 177, Trans probs: [0.20020248064750795, 0.10010124032375398, 0.10010124032375398, 0.10010124032375398, 0.1688866369092507, 0.13040468082447165, 0.10010124032375398, 0.10010124032375398]
Timestep: 178, Trans probs: [0.10626908577449043, 0.09903654373213226, 0.2409527459029104, 0.09903513332144459, 0.09903522474184133, 0.15760099988429174, 0.09903513332144459, 0.09903513332144459]
Timestep: 179, Trans probs: [0.09996510068710225, 0.09996510068710225, 0.09996510068710225, 0.09996510068710225, 0.13295370948027296, 0.2672556863971136, 0.09996510068710225, 0.09996510068710225]
Timestep: 180, Trans probs: [0.10836022581987954, 0.10231560055870857, 0.17665189904383125, 0.1021109242423377, 0.2042285776082299, 0.1021109242423377, 0.1021109242423377, 0.1021109242423377]
Timestep: 181, Trans probs: [0.20020248064750795, 0.10010124032375398, 0.10010124032375398, 0.10010124032375398, 0.1688866369092507, 0.13040468082447165, 0.10010124032375398, 0.10010124032375398]
Timestep: 182, Trans probs: [0.16878337443821848, 0.10390207819522268, 0.20780415639044536, 0.10390207819522268, 0.10390207819522268, 0.10390207819522268, 0.10390207819522268, 0.10390207819522268]
Timestep: 183, Trans probs: [0.20020248064750795, 0.10010124032375398, 0.10010124032375398, 0.10010124032375398, 0.1688866369092507, 0.13040468082447165, 0.10010124032375398, 0.10010124032375398]
Timestep: 184, Trans probs: [0.2694374295368157, 0.09994062420705446, 0.10105848855570218, 0.09994062420705446, 0.1295870275816778, 0.10015455749758644, 0.09994062420705446, 0.09994062420705446]
Timestep: 185, Trans probs: [0.17593441070395416, 0.10130319544400318, 0.2030985982465642, 0.10130319544400318, 0.11435681676524445, 0.10139739250822453, 0.10130319544400318, 0.10130319544400318]
Timestep: 186, Trans probs: [0.14191838071034027, 0.09899704344769239, 0.2565378852277219, 0.09899704344769239, 0.10650434292387483, 0.09905121734729344, 0.09899704344769239, 0.09899704344769239]
Timestep: 187, Trans probs: [0.12039406384955072, 0.10027871502397136, 0.27438991497935933, 0.10027871502397136, 0.10379705711982484, 0.10030410395537974, 0.10027871502397136, 0.10027871502397136]
Timestep: 188, Trans probs: [0.10836022581987954, 0.10231560055870857, 0.17665189904383125, 0.1021109242423377, 0.2042285776082299, 0.1021109242423377, 0.1021109242423377, 0.1021109242423377]
Timestep: 189, Trans probs: [0.11030974217677703, 0.10163910365765273, 0.17668902151065127, 0.10163910365765273, 0.20479477422966946, 0.10165004745229121, 0.10163910365765273, 0.10163910365765273]
Timestep: 190, Trans probs: [0.10307616524952821, 0.09963076485134274, 0.24151611282449756, 0.09951410057002602, 0.15772055479452746, 0.09951410057002602, 0.09951410057002602, 0.09951410057002602]
Timestep: 191, Trans probs: [0.1042364308098524, 0.09930796234891337, 0.14196700669942386, 0.09930796234891337, 0.25725053019543276, 0.09931418289963749, 0.09930796234891337, 0.09930796234891337]
Timestep: 192, Trans probs: [0.10276429623359323, 0.10046728091237712, 0.22081669746956475, 0.10046728091237712, 0.17407970251779933, 0.10047018012953414, 0.10046728091237712, 0.10046728091237712]
Timestep: 193, Trans probs: [0.10085328009184484, 0.09964556195275748, 0.2625680955748824, 0.09964556195275748, 0.13834929022738907, 0.09964708629485364, 0.09964556195275748, 0.09964556195275748]
Timestep: 194, Trans probs: [0.16878337443821848, 0.10390207819522268, 0.20780415639044536, 0.10390207819522268, 0.10390207819522268, 0.10390207819522268, 0.10390207819522268, 0.10390207819522268]
Timestep: 195, Trans probs: [0.10144002260424964, 0.2017848562832766, 0.17476353627412325, 0.1008924281416383, 0.1184411811160848, 0.10089311929735084, 0.1008924281416383, 0.1008924281416383]
Timestep: 196, Trans probs: [0.10123340747013819, 0.10123340747013819, 0.10123340747013819, 0.10123340747013819, 0.11587629295785574, 0.27672326222131516, 0.10123340747013819, 0.10123340747013819]
Timestep: 197, Trans probs: [0.10626908577449043, 0.09903654373213226, 0.2409527459029104, 0.09903513332144459, 0.09903522474184133, 0.15760099988429174, 0.09903513332144459, 0.09903513332144459]
Timestep: 198, Trans probs: [0.10123340747013819, 0.10123340747013819, 0.10123340747013819, 0.10123340747013819, 0.11587629295785574, 0.27672326222131516, 0.10123340747013819, 0.10123340747013819]
Timestep: 199, Trans probs: [0.10626908577449043, 0.09903654373213226, 0.2409527459029104, 0.09903513332144459, 0.09903522474184133, 0.15760099988429174, 0.09903513332144459, 0.09903513332144459]
Timestep: 200, Trans probs: [0.20020248064750795, 0.10010124032375398, 0.10010124032375398, 0.10010124032375398, 0.1688866369092507, 0.13040468082447165, 0.10010124032375398, 0.10010124032375398]
Timestep: 201, Trans probs: [0.2566531133351596, 0.09904340779747134, 0.14191696960600209, 0.09902889242741013, 0.10627093955172648, 0.09902889242741013, 0.09902889242741013, 0.09902889242741013]
Timestep: 202, Trans probs: [0.10144002260424964, 0.2017848562832766, 0.17476353627412325, 0.1008924281416383, 0.1184411811160848, 0.10089311929735084, 0.1008924281416383, 0.1008924281416383]
Timestep: 203, Trans probs: [0.09897790636046286, 0.1572837117196576, 0.24024257950862135, 0.09865972419819112, 0.10885650401943792, 0.09866012579724681, 0.09865972419819112, 0.09865972419819112]
Timestep: 204, Trans probs: [0.0995945885935276, 0.1286687863592697, 0.2694721640708788, 0.09943592701507191, 0.10452055265861265, 0.0994361272724956, 0.09943592701507191, 0.09943592701507191]
Timestep: 205, Trans probs: [0.10626908577449043, 0.09903654373213226, 0.2409527459029104, 0.09903513332144459, 0.09903522474184133, 0.15760099988429174, 0.09903513332144459, 0.09903513332144459]
Timestep: 206, Trans probs: [0.20221178236467996, 0.11398717249016677, 0.1762001534669147, 0.10107083943172637, 0.10331744546900046, 0.1010709279140589, 0.10107083943172637, 0.10107083943172637]
Timestep: 207, Trans probs: [0.15728758172222698, 0.10628130121308259, 0.2410630248758439, 0.09881383711133802, 0.1001126925882138, 0.09881388826661862, 0.09881383711133802, 0.09881383711133802]
Timestep: 208, Trans probs: [0.17411241178635506, 0.10030755369541305, 0.22068497446857366, 0.10030075649454365, 0.10369203407148368, 0.10030075649454365, 0.10030075649454365, 0.10030075649454365]
Timestep: 209, Trans probs: [0.1285814739929373, 0.10326413740097645, 0.17016402169665693, 0.09955760753318188, 0.19975991138540786, 0.09955763292447575, 0.09955760753318188, 0.09955760753318188]
Timestep: 210, Trans probs: [0.10325700720690346, 0.09967216616966229, 0.26968501840981085, 0.09967146709344774, 0.09967151240636647, 0.12869989452691372, 0.09967146709344774, 0.09967146709344774]
Timestep: 211, Trans probs: [0.11943499837565617, 0.13074236110715778, 0.16384849913060412, 0.09762041886011456, 0.19524084938142994, 0.09787203542480831, 0.09762041886011456, 0.09762041886011456]
Timestep: 212, Trans probs: [0.21260645405251893, 0.09989229898001718, 0.13958450945561554, 0.09769318660193954, 0.15714397603924224, 0.09769320166678742, 0.09769318660193954, 0.09769318660193954]
Timestep: 213, Trans probs: [0.16253946018394963, 0.09858681130075404, 0.21844675317354326, 0.09733906152452207, 0.13107072069605213, 0.09733907007213465, 0.09733906152452207, 0.09733906152452207]
Timestep: 214, Trans probs: [0.10276774485983764, 0.10118762452523168, 0.17612560983008557, 0.10118731638756795, 0.10118733636052171, 0.21516973526161948, 0.10118731638756795, 0.10118731638756795]
Timestep: 215, Trans probs: [0.2310037164631655, 0.09832154397929393, 0.1640016263002272, 0.09763781005836626, 0.1161218683399824, 0.0976378147422322, 0.09763781005836626, 0.09763781005836626]
Timestep: 216, Trans probs: [0.16732871908858074, 0.09892443174739042, 0.2313577276387, 0.09857193275889413, 0.1081013880749855, 0.09857193517366097, 0.09857193275889413, 0.09857193275889413]
Timestep: 217, Trans probs: [0.1005790270214964, 0.09972935791223618, 0.2397545262220744, 0.09972919221912499, 0.09972920295906769, 0.1610203092277503, 0.09972919221912499, 0.09972919221912499]
Timestep: 218, Trans probs: [0.13841054729714106, 0.09955677894379612, 0.2624813692457915, 0.09955320063100125, 0.10133850198926633, 0.09955320063100125, 0.09955320063100125, 0.09955320063100125]
Timestep: 219, Trans probs: [0.20020248064750795, 0.10010124032375398, 0.10010124032375398, 0.10010124032375398, 0.1688866369092507, 0.13040468082447165, 0.10010124032375398, 0.10010124032375398]
Timestep: 220, Trans probs: [0.23331360366715245, 0.09932411732024252, 0.1667852257586711, 0.09914455543342743, 0.10399883029014935, 0.09914455666350214, 0.09914455543342743, 0.09914455543342743]
Timestep: 221, Trans probs: [0.16712510683599038, 0.09962328616748825, 0.23314196975345636, 0.09953282567978022, 0.10197833390425158, 0.09953282629947274, 0.09953282567978022, 0.09953282567978022]
Timestep: 222, Trans probs: [0.1337218914597238, 0.09977069865527055, 0.26665139942754257, 0.09972520000902746, 0.1009552101096683, 0.0997252003207124, 0.09972520000902746, 0.09972520000902746]
Timestep: 223, Trans probs: [0.10046199180274698, 0.10004334637767337, 0.16903596417345818, 0.10004326473805365, 0.20008653476784716, 0.1302423686641134, 0.10004326473805365, 0.10004326473805365]
Timestep: 224, Trans probs: [0.13841054729714106, 0.09955677894379612, 0.2624813692457915, 0.09955320063100125, 0.10133850198926633, 0.09955320063100125, 0.09955320063100125, 0.09955320063100125]
Timestep: 225, Trans probs: [0.20020248064750795, 0.10010124032375398, 0.10010124032375398, 0.10010124032375398, 0.1688866369092507, 0.13040468082447165, 0.10010124032375398, 0.10010124032375398]
Timestep: 226, Trans probs: [0.2173495636158, 0.10112144661951634, 0.17547508548168358, 0.10110117471332335, 0.10164920529083554, 0.10110117485219448, 0.10110117471332335, 0.10110117471332335]
Timestep: 227, Trans probs: [0.098223664658791, 0.0979757776303292, 0.1388274721357477, 0.09797572929013121, 0.25518876881941543, 0.11585712888532312, 0.09797572929013121, 0.09797572929013121]
Timestep: 228, Trans probs: [0.2614913893258413, 0.09981234990296779, 0.13939671261612813, 0.09980155755305847, 0.10009331786889668, 0.09980155762699064, 0.09980155755305847, 0.09980155755305847]
Timestep: 229, Trans probs: [0.20020248064750795, 0.10010124032375398, 0.10010124032375398, 0.10010124032375398, 0.1688866369092507, 0.13040468082447165, 0.10010124032375398, 0.10010124032375398]
Timestep: 230, Trans probs: [0.13760655119414003, 0.10033908127665908, 0.26035896114590534, 0.10033908127665908, 0.10033908127665908, 0.10033908127665908, 0.10033908127665908, 0.10033908127665908]
Timestep: 231, Trans probs: [0.20020248064750795, 0.10010124032375398, 0.10010124032375398, 0.10010124032375398, 0.1688866369092507, 0.13040468082447165, 0.10010124032375398, 0.10010124032375398]
Timestep: 232, Trans probs: [0.2614913893258413, 0.09981234990296779, 0.13939671261612813, 0.09980155755305847, 0.10009331786889668, 0.09980155762699064, 0.09980155755305847, 0.09980155755305847]
Timestep: 233, Trans probs: [0.20020248064750795, 0.10010124032375398, 0.10010124032375398, 0.10010124032375398, 0.1688866369092507, 0.13040468082447165, 0.10010124032375398, 0.10010124032375398]
Timestep: 234, Trans probs: [0.2614913893258413, 0.09981234990296779, 0.13939671261612813, 0.09980155755305847, 0.10009331786889668, 0.09980155762699064, 0.09980155755305847, 0.09980155755305847]
Timestep: 235, Trans probs: [0.13841054729714106, 0.09955677894379612, 0.2624813692457915, 0.09955320063100125, 0.10133850198926633, 0.09955320063100125, 0.09955320063100125, 0.09955320063100125]
Timestep: 236, Trans probs: [0.11848015730260007, 0.10084770549857239, 0.17478544971080334, 0.10084608160388804, 0.2025023610724721, 0.10084608160388804, 0.10084608160388804, 0.10084608160388804]
Timestep: 237, Trans probs: [0.09981038572469243, 0.09969255339438972, 0.21880381011593533, 0.0996925304160265, 0.174423261252002, 0.10819239826490105, 0.0996925304160265, 0.0996925304160265]
Timestep: 238, Trans probs: [0.20758114714762407, 0.098690360314177, 0.14146750786025256, 0.09868942079968071, 0.1575033014792235, 0.09868942079968071, 0.09868942079968071, 0.09868942079968071]
Timestep: 239, Trans probs: [0.1745126731975832, 0.10092078469979382, 0.11893850683273975, 0.1009158723165066, 0.201964545970205, 0.10091587235015849, 0.1009158723165066, 0.1009158723165066]
Timestep: 240, Trans probs: [0.09919847644275391, 0.09913574903182881, 0.16254398959688726, 0.09913573679942005, 0.23805397853477386, 0.10366059599549594, 0.09913573679942005, 0.09913573679942005]
Timestep: 241, Trans probs: [0.24009529132768923, 0.09868311370069831, 0.10914529656885803, 0.09868026127285587, 0.15735525329179062, 0.09868026129239618, 0.09868026127285587, 0.09868026127285587]
Timestep: 242, Trans probs: [0.09972448796630871, 0.09969333556663716, 0.23087718608283653, 0.0996933294916393, 0.1686844854215002, 0.10194051648779957, 0.0996933294916393, 0.0996933294916393]
Timestep: 243, Trans probs: [0.1606457393484899, 0.09756295638553228, 0.2199070933071353, 0.09756241210450738, 0.1316345625408129, 0.09756241210450738, 0.09756241210450738, 0.09756241210450738]
Timestep: 244, Trans probs: [0.2694258173790076, 0.0994417222562655, 0.10466080666843998, 0.09944029931595975, 0.12871045642270026, 0.09944029932570748, 0.09944029931595975, 0.09944029931595975]
Timestep: 245, Trans probs: [0.17619002876581755, 0.10107155508178517, 0.2044488715683873, 0.10107092626351935, 0.11400583952562497, 0.101070926267827, 0.10107092626351935, 0.10107092626351935]
Timestep: 246, Trans probs: [0.14183171824320734, 0.09897682664159045, 0.2569297816160768, 0.09897646790242423, 0.10635580188697087, 0.09897646790488174, 0.09897646790242423, 0.09897646790242423]
Timestep: 247, Trans probs: [0.12033436089369982, 0.10029395504808923, 0.2744519198888027, 0.10029378728944568, 0.10374461501047628, 0.10029378729059489, 0.10029378728944568, 0.10029378728944568]
Timestep: 248, Trans probs: [0.13222733590438515, 0.09780189979796014, 0.26236895061901083, 0.09780160277378387, 0.11639540258350842, 0.09780160277378387, 0.09780160277378387, 0.09780160277378387]
Timestep: 249, Trans probs: [0.11028362198639208, 0.10164879759770873, 0.17668836784770095, 0.10164872531541874, 0.20478431130602817, 0.10164872531591389, 0.10164872531541874, 0.10164872531541874]
Timestep: 250, Trans probs: [0.10422067366048969, 0.09931234676840303, 0.24127968792514196, 0.09931230568069913, 0.1579380689228874, 0.0993123056809806, 0.09931230568069913, 0.09931230568069913]
Timestep: 251, Trans probs: [0.10226009248622583, 0.09983647418322546, 0.2697731178212576, 0.09983645389506753, 0.128784499928882, 0.09983645389520651, 0.09983645389506753, 0.09983645389506753]
Timestep: 252, Trans probs: [0.09972787427576749, 0.09971208810613535, 0.1661882035604241, 0.09971208502769044, 0.23438475421929766, 0.1008508247553041, 0.09971208502769044, 0.09971208502769044]
Timestep: 253, Trans probs: [0.20359918910359462, 0.10126623260555373, 0.17606224946462462, 0.10126622367591165, 0.11400743412251936, 0.10126622367597284, 0.10126622367591165, 0.10126622367591165]
Timestep: 254, Trans probs: [0.10260695445718039, 0.10260695445718039, 0.10260695445718039, 0.10260695445718039, 0.10520824412907247, 0.27915002912784515, 0.10260695445718039, 0.10260695445718039]
Timestep: 255, Trans probs: [0.20359918910359462, 0.10126623260555373, 0.17606224946462462, 0.10126622367591165, 0.11400743412251936, 0.10126622367597284, 0.10126622367591165, 0.10126622367591165]
Timestep: 256, Trans probs: [0.20020248064750795, 0.10010124032375398, 0.10010124032375398, 0.10010124032375398, 0.1688866369092507, 0.13040468082447165, 0.10010124032375398, 0.10010124032375398]
Timestep: 257, Trans probs: [0.20359918910359462, 0.10126623260555373, 0.17606224946462462, 0.10126622367591165, 0.11400743412251936, 0.10126622367597284, 0.10126622367591165, 0.10126622367591165]
Timestep: 258, Trans probs: [0.10836493678698979, 0.10156360466772667, 0.2785802062989973, 0.10156354598553412, 0.10523706830414974, 0.10156354598553412, 0.10156354598553412, 0.10156354598553412]
Timestep: 259, Trans probs: [0.15768538472587199, 0.09901598987093768, 0.14189794302515116, 0.09901598475140715, 0.20533674337237556, 0.09901598475144222, 0.09901598475140715, 0.09901598475140715]
Timestep: 260, Trans probs: [0.09987030826983714, 0.0998624084213332, 0.23299135515674535, 0.09986240688079176, 0.16725644286460878, 0.10043226464510034, 0.09986240688079176, 0.09986240688079176]
Timestep: 261, Trans probs: [0.1052130204815909, 0.10235400567580673, 0.27911886326792507, 0.1023539810081013, 0.10389818654227222, 0.1023539810081013, 0.1023539810081013, 0.1023539810081013]
Timestep: 262, Trans probs: [0.10281377228342634, 0.10281377228342634, 0.10281377228342634, 0.10281377228342634, 0.20671188811783572, 0.1764054781816062, 0.10281377228342634, 0.10281377228342634]
Timestep: 263, Trans probs: [0.22952785594653258, 0.09758570644516915, 0.12269712124470111, 0.09758570344720274, 0.15984650257476576, 0.09758570344722325, 0.09758570344720274, 0.09758570344720274]
Timestep: 264, Trans probs: [0.167452051985058, 0.09834843474048413, 0.20984876518802076, 0.09834843317032384, 0.13095701540513088, 0.09834843317033458, 0.09834843317032384, 0.09834843317032384]
Timestep: 265, Trans probs: [0.1367429988519398, 0.09774000393104934, 0.25841226718928173, 0.09774000304483012, 0.11614471784840263, 0.0977400030448362, 0.09774000304483012, 0.09774000304483012]
Timestep: 266, Trans probs: [0.10390047271862125, 0.10270681779726473, 0.27921395741032384, 0.10270680749835759, 0.10335152208035976, 0.10270680749835759, 0.10270680749835759, 0.10270680749835759]
Timestep: 267, Trans probs: [0.10335484999012413, 0.1028576935219274, 0.17637279790553864, 0.10285768923243954, 0.20598390165265165, 0.10285768923243954, 0.10285768923243954, 0.10285768923243954]
Timestep: 268, Trans probs: [0.11802434568917089, 0.09977096710674971, 0.17496549139637313, 0.09977096669199965, 0.20815532903970477, 0.09977096669200249, 0.09977096669199965, 0.09977096669199965]
Timestep: 269, Trans probs: [0.09988800299576621, 0.09988403369196282, 0.16677509297714174, 0.09988403291791291, 0.23363041183200164, 0.10017035974938887, 0.09988403291791291, 0.09988403291791291]
Timestep: 270, Trans probs: [0.1998410323668454, 0.09991952147898689, 0.13345175508649856, 0.09991952109095861, 0.16696607215222575, 0.10006305564256764, 0.09991952109095861, 0.09991952109095861]
Timestep: 271, Trans probs: [0.10029553954710596, 0.10001526530799498, 0.24147500546468684, 0.10001526288977655, 0.1581531381211061, 0.10001526288977655, 0.10001526288977655, 0.10001526288977655]
Timestep: 272, Trans probs: [0.20729092384061684, 0.09852206504872967, 0.1407335819489421, 0.09852206481590382, 0.15936516989809457, 0.09852206481590542, 0.09852206481590382, 0.09852206481590382]
Timestep: 273, Trans probs: [0.160353930153427, 0.09751335819901417, 0.2194141732483125, 0.0975133580645004, 0.1326651061412439, 0.0975133580645013, 0.0975133580645004, 0.0975133580645004]
Timestep: 274, Trans probs: [0.13211467178523398, 0.09775006766641901, 0.2621620563819722, 0.09775006759285966, 0.11697293379493563, 0.09775006759286015, 0.09775006759285966, 0.09775006759285966]
Timestep: 275, Trans probs: [0.11578272174588158, 0.09995437890427857, 0.2756369493657064, 0.0999543788703971, 0.10880843450254486, 0.09995437887039732, 0.0999543788703971, 0.0999543788703971]
Timestep: 276, Trans probs: [0.10834669920351012, 0.10154639995597979, 0.278570950937506, 0.10154639994142335, 0.1053503501373106, 0.10154639994142345, 0.10154639994142335, 0.10154639994142335]
Timestep: 277, Trans probs: [0.10520533514267359, 0.1023463576487749, 0.2791172646680635, 0.10234635764265508, 0.10394561196986764, 0.10234635764265514, 0.10234635764265508, 0.10234635764265508]
Timestep: 278, Trans probs: [0.10033560704443942, 0.10019788157622045, 0.2699084257359233, 0.10019788038791906, 0.1287665640917407, 0.10019788038791906, 0.10019788038791906, 0.10019788038791906]
Timestep: 279, Trans probs: [0.10145506591852513, 0.11402198389313321, 0.2773336736144959, 0.10128747057189334, 0.10203746118619363, 0.10128940367197205, 0.10128747057189334, 0.10128747057189334]
Timestep: 280, Trans probs: [0.15724487270928872, 0.09786204854552699, 0.11779007719961536, 0.09786204831492384, 0.23556950646283373, 0.0979473501379636, 0.09786204831492384, 0.09786204831492384]
Timestep: 281, Trans probs: [0.1014944053789019, 0.10143395125652155, 0.17592781312929975, 0.10143395073492073, 0.11397407656067311, 0.20286790146984146, 0.10143395073492073, 0.10143395073492073]
Timestep: 282, Trans probs: [0.10004133094354305, 0.10004133094354305, 0.10004133094354305, 0.10004133094354305, 0.258402421397568, 0.14134959294117372, 0.10004133094354305, 0.10004133094354305]
Timestep: 283, Trans probs: [0.10389725442435145, 0.10270355497017619, 0.1765101294092211, 0.10270355496762101, 0.20607484132576714, 0.10270355496762104, 0.10270355496762101, 0.10270355496762101]
Timestep: 284, Trans probs: [0.20020248064750795, 0.10010124032375398, 0.10010124032375398, 0.10010124032375398, 0.1688866369092507, 0.13040468082447165, 0.10010124032375398, 0.10010124032375398]
Timestep: 285, Trans probs: [0.10389725442435145, 0.10270355497017619, 0.1765101294092211, 0.10270355496762101, 0.20607484132576714, 0.10270355496762104, 0.10270355496762101, 0.10270355496762101]
Timestep: 286, Trans probs: [0.15777266293224898, 0.10263935966145606, 0.24154589134889212, 0.09957219638791123, 0.09975283491014265, 0.09957266198352653, 0.09957219638791123, 0.09957219638791123]
Timestep: 287, Trans probs: [0.10061699106971948, 0.0999444229429225, 0.1415293875185063, 0.09994442294148283, 0.1581870837614376, 0.19988884588296565, 0.09994442294148283, 0.09994442294148283]
Timestep: 288, Trans probs: [0.09808446369402324, 0.09767882986064304, 0.22043804625628688, 0.09767882985977476, 0.13280567104264895, 0.1579564995670737, 0.09767882985977476, 0.09767882985977476]
Timestep: 289, Trans probs: [0.09908332809606772, 0.09904851581910486, 0.24099403900975658, 0.099048515518743, 0.10626969938853208, 0.1574588711303097, 0.099048515518743, 0.099048515518743]
Timestep: 290, Trans probs: [0.12914525897025367, 0.0987733776200892, 0.10896574772622511, 0.09877337750214515, 0.2679784772876064, 0.09881700588939012, 0.09877337750214515, 0.09877337750214515]
Timestep: 291, Trans probs: [0.0980314854396754, 0.09780930906348301, 0.16504777784633692, 0.09780930906300742, 0.21485851785543972, 0.1308249826060427, 0.09780930906300742, 0.09780930906300742]
Timestep: 292, Trans probs: [0.0978435060777503, 0.09772041307256246, 0.23269314490418896, 0.09772041307229898, 0.16256951679809167, 0.11601217993050973, 0.09772041307229898, 0.09772041307229898]
Timestep: 293, Trans probs: [0.09874377688531248, 0.09868067614814267, 0.26655195222829114, 0.09868067614800762, 0.13192404561204524, 0.10805752068218556, 0.09868067614800762, 0.09868067614800762]
Timestep: 294, Trans probs: [0.11426322398615733, 0.10070165036475787, 0.20595437131937427, 0.1007016503120938, 0.17625467224711286, 0.10072113114631623, 0.1007016503120938, 0.1007016503120938]
Timestep: 295, Trans probs: [0.2012461760987543, 0.10060892483111245, 0.17596771254833418, 0.10060892483105181, 0.11553214505634818, 0.10481826697229542, 0.10060892483105181, 0.10060892483105181]
Timestep: 296, Trans probs: [0.10004133094354305, 0.10004133094354305, 0.10004133094354305, 0.10004133094354305, 0.258402421397568, 0.14134959294117372, 0.10004133094354305, 0.10004133094354305]
Timestep: 297, Trans probs: [0.15701356537954334, 0.097723524438866, 0.13957215661598224, 0.0977235243503128, 0.19757601100149533, 0.11494416951317478, 0.0977235243503128, 0.0977235243503128]
Timestep: 298, Trans probs: [0.13274621323916258, 0.09614263879818698, 0.12197850429675752, 0.09614263874351733, 0.25393067138902325, 0.10677405604631748, 0.09614263874351733, 0.09614263874351733]
Timestep: 299, Trans probs: [0.20020248064750795, 0.10010124032375398, 0.10010124032375398, 0.10010124032375398, 0.1688866369092507, 0.13040468082447165, 0.10010124032375398, 0.10010124032375398]
Timestep: 300, Trans probs: [0.2012461760987543, 0.10060892483111245, 0.17596771254833418, 0.10060892483105181, 0.11553214505634818, 0.10481826697229542, 0.10060892483105181, 0.10060892483105181]
Timestep: 301, Trans probs: [0.10656325570188005, 0.09888919975342926, 0.2573375105272583, 0.09888919972362839, 0.1416422115488175, 0.09890022329772966, 0.09888919972362839, 0.09888919972362839]
Timestep: 302, Trans probs: [0.2041372089385981, 0.10027760065485695, 0.1742362822167607, 0.10027760064094683, 0.12023336016876461, 0.10028274609817922, 0.10027760064094683, 0.10027760064094683]
Timestep: 303, Trans probs: [0.20020248064750795, 0.10010124032375398, 0.10010124032375398, 0.10010124032375398, 0.1688866369092507, 0.13040468082447165, 0.10010124032375398, 0.10010124032375398]
Timestep: 304, Trans probs: [0.2555595781327975, 0.09849161834763621, 0.142354522233048, 0.09849161834760091, 0.10717774234496742, 0.10094168389874814, 0.09849161834760091, 0.09849161834760091]
Timestep: 305, Trans probs: [0.10086681257429253, 0.10086681257429253, 0.10086681257429253, 0.10086681257429253, 0.17399112737658357, 0.22080799717766128, 0.10086681257429253, 0.10086681257429253]
Timestep: 306, Trans probs: [0.10754433497271065, 0.10249241010710393, 0.2788898472394253, 0.1022113625824818, 0.10222791468779761, 0.10221140524551714, 0.1022113625824818, 0.1022113625824818]
Timestep: 307, Trans probs: [0.2555595781327975, 0.09849161834763621, 0.142354522233048, 0.09849161834760091, 0.10717774234496742, 0.10094168389874814, 0.09849161834760091, 0.09849161834760091]
Timestep: 308, Trans probs: [0.09984446450282579, 0.09984446450282579, 0.09984446450282579, 0.09984446450282579, 0.13837571973063606, 0.2625574932524092, 0.09984446450282579, 0.09984446450282579]
Timestep: 309, Trans probs: [0.2555595781327975, 0.09849161834763621, 0.142354522233048, 0.09849161834760091, 0.10717774234496742, 0.10094168389874814, 0.09849161834760091, 0.09849161834760091]
Timestep: 310, Trans probs: [0.13760655119414003, 0.10033908127665908, 0.26035896114590534, 0.10033908127665908, 0.10033908127665908, 0.10033908127665908, 0.10033908127665908, 0.10033908127665908]
Timestep: 311, Trans probs: [0.1741526498172521, 0.19996914312320416, 0.12069679888246374, 0.09998457156159372, 0.1040861918109181, 0.10114150168138067, 0.09998457156159372, 0.09998457156159372]
Timestep: 312, Trans probs: [0.10086681257429253, 0.10086681257429253, 0.10086681257429253, 0.10086681257429253, 0.17399112737658357, 0.22080799717766128, 0.10086681257429253, 0.10086681257429253]
Timestep: 313, Trans probs: [0.20020248064750795, 0.10010124032375398, 0.10010124032375398, 0.10010124032375398, 0.1688866369092507, 0.13040468082447165, 0.10010124032375398, 0.10010124032375398]
Timestep: 314, Trans probs: [0.1741526498172521, 0.19996914312320416, 0.12069679888246374, 0.09998457156159372, 0.1040861918109181, 0.10114150168138067, 0.09998457156159372, 0.09998457156159372]
Timestep: 315, Trans probs: [0.20020248064750795, 0.10010124032375398, 0.10010124032375398, 0.10010124032375398, 0.1688866369092507, 0.13040468082447165, 0.10010124032375398, 0.10010124032375398]
Timestep: 316, Trans probs: [0.1741526498172521, 0.19996914312320416, 0.12069679888246374, 0.09998457156159372, 0.1040861918109181, 0.10114150168138067, 0.09998457156159372, 0.09998457156159372]
Timestep: 317, Trans probs: [0.11642569546806632, 0.09866434016031504, 0.11120082037602025, 0.0986643401337874, 0.17522870178232122, 0.20248742181191492, 0.0986643401337874, 0.0986643401337874]
Timestep: 318, Trans probs: [0.11815588968556055, 0.10104850679872267, 0.2755530695221035, 0.10104850679872267, 0.10104850679872267, 0.10104850679872267, 0.10104850679872267, 0.10104850679872267]
Timestep: 319, Trans probs: [0.14170457841658024, 0.15691319519067767, 0.11021348698267748, 0.09801181713821111, 0.19843991792058668, 0.09869337007484459, 0.09801181713821111, 0.09801181713821111]
Timestep: 320, Trans probs: [0.09984667690566891, 0.09984667690566891, 0.09984667690566891, 0.09984667690566891, 0.1382447144576787, 0.26267522410830774, 0.09984667690566891, 0.09984667690566891]
Timestep: 321, Trans probs: [0.14170457841658024, 0.15691319519067767, 0.11021348698267748, 0.09801181713821111, 0.19843991792058668, 0.09869337007484459, 0.09801181713821111, 0.09801181713821111]
Timestep: 322, Trans probs: [0.20020248064750795, 0.10010124032375398, 0.10010124032375398, 0.10010124032375398, 0.1688866369092507, 0.13040468082447165, 0.10010124032375398, 0.10010124032375398]
Timestep: 323, Trans probs: [0.14170457841658024, 0.15691319519067767, 0.11021348698267748, 0.09801181713821111, 0.19843991792058668, 0.09869337007484459, 0.09801181713821111, 0.09801181713821111]
Timestep: 324, Trans probs: [0.09984667690566891, 0.09984667690566891, 0.09984667690566891, 0.09984667690566891, 0.1382447144576787, 0.26267522410830774, 0.09984667690566891, 0.09984667690566891]
Timestep: 325, Trans probs: [0.14170457841658024, 0.15691319519067767, 0.11021348698267748, 0.09801181713821111, 0.19843991792058668, 0.09869337007484459, 0.09801181713821111, 0.09801181713821111]
Timestep: 326, Trans probs: [0.20020248064750795, 0.10010124032375398, 0.10010124032375398, 0.10010124032375398, 0.1688866369092507, 0.13040468082447165, 0.10010124032375398, 0.10010124032375398]
Timestep: 327, Trans probs: [0.14170457841658024, 0.15691319519067767, 0.11021348698267748, 0.09801181713821111, 0.19843991792058668, 0.09869337007484459, 0.09801181713821111, 0.09801181713821111]
Timestep: 328, Trans probs: [0.12318784267260476, 0.13250966717541024, 0.2002932117817867, 0.09640721832459576, 0.15796266051561805, 0.096824962880793, 0.09640721832459576, 0.09640721832459576]
Timestep: 329, Trans probs: [0.11194534979105435, 0.11764327010507536, 0.2546514573486072, 0.09557582218958943, 0.13320128964965744, 0.09583116653683729, 0.09557582218958943, 0.09557582218958943]
Timestep: 330, Trans probs: [0.10636713234069699, 0.10912952296376943, 0.27398310014912874, 0.0984310737336399, 0.11667215693107423, 0.09855486641441089, 0.0984310737336399, 0.0984310737336399]
Timestep: 331, Trans probs: [0.1581295551243263, 0.0984926456314783, 0.2394528806422489, 0.098492645623491, 0.10995138155064946, 0.0984956001808241, 0.098492645623491, 0.098492645623491]
Timestep: 332, Trans probs: [0.0988751255367667, 0.1330999021546706, 0.25275310880808327, 0.0948224637355, 0.11229238413017452, 0.1185120881638049, 0.0948224637355, 0.0948224637355]
Timestep: 333, Trans probs: [0.09990389842189565, 0.1167477184181418, 0.1756353803405108, 0.09790936952698714, 0.2044166094728775, 0.10956828476561292, 0.09790936952698714, 0.09790936952698714]
Timestep: 334, Trans probs: [0.10098899338424949, 0.10098899338424949, 0.10098899338424949, 0.10098899338424949, 0.21936150054975279, 0.1747045391447503, 0.10098899338424949, 0.10098899338424949]
Timestep: 335, Trans probs: [0.2050525395651434, 0.10546688725832627, 0.17749379127005596, 0.10079258058613028, 0.10876237275542183, 0.10084666739266175, 0.10079258058613028, 0.10079258058613028]
Timestep: 336, Trans probs: [0.10302342406962854, 0.10296001875375402, 0.2792338918813867, 0.10295649140377386, 0.10295669914468328, 0.10295649193922585, 0.10295649140377386, 0.10295649140377386]
Timestep: 337, Trans probs: [0.0983972285297216, 0.10809341815104956, 0.23924132948957783, 0.09724907268534899, 0.1585602476319929, 0.10396055814161125, 0.09724907268534899, 0.09724907268534899]
Timestep: 338, Trans probs: [0.15807163480768763, 0.10155160755616582, 0.1424306145545166, 0.09889869587285896, 0.10342196664694102, 0.19782808881611205, 0.09889869587285896, 0.09889869587285896]
Timestep: 339, Trans probs: [0.20020248064750795, 0.10010124032375398, 0.10010124032375398, 0.10010124032375398, 0.1688866369092507, 0.13040468082447165, 0.10010124032375398, 0.10010124032375398]
Timestep: 340, Trans probs: [0.15807163480768763, 0.10155160755616582, 0.1424306145545166, 0.09889869587285896, 0.10342196664694102, 0.19782808881611205, 0.09889869587285896, 0.09889869587285896]
Timestep: 341, Trans probs: [0.10007909817255421, 0.10006422691987067, 0.24147137306530744, 0.1000633996057546, 0.15813170329366297, 0.10006339973134093, 0.1000633996057546, 0.1000633996057546]
Timestep: 342, Trans probs: [0.13310657281722238, 0.09854658982396203, 0.12354264618390186, 0.09692442884640805, 0.09969024777162766, 0.2543406568640619, 0.09692442884640805, 0.09692442884640805]
Timestep: 343, Trans probs: [0.09928206212910895, 0.10415876044868834, 0.26882419624548914, 0.09870459717684038, 0.12954105103249294, 0.1020801386136995, 0.09870459717684038, 0.09870459717684038]
Timestep: 344, Trans probs: [0.12914043715516058, 0.09933534365183663, 0.1697838799773211, 0.09933534364784477, 0.20439748800758448, 0.09933682026456288, 0.09933534364784477, 0.09933534364784477]
Timestep: 345, Trans probs: [0.11651927428233552, 0.09987000622243183, 0.11191185366368363, 0.09908853034737489, 0.19950949366209575, 0.17492378112732868, 0.09908853034737489, 0.09908853034737489]
Timestep: 346, Trans probs: [0.20168564731343858, 0.10314042914152181, 0.17638431206375016, 0.10071439422904072, 0.11443057944429881, 0.10221584934986847, 0.10071439422904072, 0.10071439422904072]
Timestep: 347, Trans probs: [0.10779909824900936, 0.097955149003503, 0.10507494157380168, 0.0974930981299769, 0.25436051004349247, 0.14233100674026272, 0.0974930981299769, 0.0974930981299769]
Timestep: 348, Trans probs: [0.15715604574313144, 0.09999710454608025, 0.2410705117802234, 0.09858993746606441, 0.10654570273515207, 0.09946082279721954, 0.09858993746606441, 0.09858993746606441]
Timestep: 349, Trans probs: [0.10435435296068153, 0.09965197314523548, 0.10305304399980318, 0.09943125495102392, 0.2737968815740784, 0.12084998346712954, 0.09943125495102392, 0.09943125495102392]
Timestep: 350, Trans probs: [0.10337748601073682, 0.10133496393031735, 0.20405134339643655, 0.10123909294521603, 0.1769764124347908, 0.11054251539207041, 0.10123909294521603, 0.10123909294521603]
Timestep: 351, Trans probs: [0.12855269272806566, 0.1001420853157748, 0.2697046783363766, 0.09944265893319, 0.10339703805552493, 0.099875528764688, 0.09944265893319, 0.09944265893319]
Timestep: 352, Trans probs: [0.10027280746865973, 0.09910659776368386, 0.1577541099456682, 0.09905185873573279, 0.24134711633815553, 0.10436379227663423, 0.09905185873573279, 0.09905185873573279]
Timestep: 353, Trans probs: [0.10022821890175108, 0.10022091230991473, 0.2699180333004141, 0.10022050583127468, 0.12875081210111794, 0.10022050589297817, 0.10022050583127468, 0.10022050583127468]
Timestep: 354, Trans probs: [0.10030969078388641, 0.09973302518636543, 0.12873295762668313, 0.09970595791525076, 0.17006790002531152, 0.20203855263200118, 0.09970595791525076, 0.09970595791525076]
Timestep: 355, Trans probs: [0.0983095158967391, 0.09797211705043628, 0.21289584578743642, 0.09795628037475126, 0.13912405281273837, 0.15782962732839612, 0.09795628037475126, 0.09795628037475126]
Timestep: 356, Trans probs: [0.09772862607173295, 0.0975379942115927, 0.2599994623724146, 0.09752904641886206, 0.12078902233069294, 0.13135775575698055, 0.09752904641886206, 0.09752904641886206]
Timestep: 357, Trans probs: [0.09982066315964387, 0.09973179429516457, 0.27519579309325976, 0.09972762300827169, 0.11057097125855844, 0.11549790916855832, 0.09972762300827169, 0.09972762300827169]
Timestep: 358, Trans probs: [0.11515099046885799, 0.0979301878876044, 0.2365641680983364, 0.09793018788529799, 0.15863304884362614, 0.09793104104568105, 0.09793018788529799, 0.09793018788529799]
Timestep: 359, Trans probs: [0.11393256337118521, 0.10139279638802458, 0.277317781790892, 0.10108408620340198, 0.10282945517906503, 0.10127514466062724, 0.10108408620340198, 0.10108408620340198]
Timestep: 360, Trans probs: [0.09984437281443878, 0.09984437281443878, 0.09984437281443878, 0.09984437281443878, 0.26217596622877637, 0.13875779688459092, 0.09984437281443878, 0.09984437281443878]
Timestep: 361, Trans probs: [0.2028945380718504, 0.10142901337601987, 0.17706780208678582, 0.10142721522317882, 0.1061015514564734, 0.10822544933933408, 0.10142721522317882, 0.10142721522317882]
Timestep: 362, Trans probs: [0.09984446450282579, 0.09984446450282579, 0.09984446450282579, 0.09984446450282579, 0.13837571973063606, 0.2625574932524092, 0.09984446450282579, 0.09984446450282579]
Timestep: 363, Trans probs: [0.2028945380718504, 0.10142901337601987, 0.17706780208678582, 0.10142721522317882, 0.1061015514564734, 0.10822544933933408, 0.10142721522317882, 0.10142721522317882]
Timestep: 364, Trans probs: [0.20020248064750795, 0.10010124032375398, 0.10010124032375398, 0.10010124032375398, 0.1688866369092507, 0.13040468082447165, 0.10010124032375398, 0.10010124032375398]
Timestep: 365, Trans probs: [0.2028945380718504, 0.10142901337601987, 0.17706780208678582, 0.10142721522317882, 0.1061015514564734, 0.10822544933933408, 0.10142721522317882, 0.10142721522317882]
Timestep: 366, Trans probs: [0.09984437281443878, 0.09984437281443878, 0.09984437281443878, 0.09984437281443878, 0.26217596622877637, 0.13875779688459092, 0.09984437281443878, 0.09984437281443878]
Timestep: 367, Trans probs: [0.20020248064750795, 0.10010124032375398, 0.10010124032375398, 0.10010124032375398, 0.1688866369092507, 0.13040468082447165, 0.10010124032375398, 0.10010124032375398]
Timestep: 368, Trans probs: [0.10368175780923894, 0.09919410644830509, 0.2345155052814188, 0.09919410644770406, 0.16583198234107355, 0.09919432877685139, 0.09919410644770406, 0.09919410644770406]
Timestep: 369, Trans probs: [0.10096640078839211, 0.10096640078839211, 0.10096640078839211, 0.10096640078839211, 0.17461425109537923, 0.2195873441742682, 0.10096640078839211, 0.10096640078839211]
Timestep: 370, Trans probs: [0.20020248064750795, 0.10010124032375398, 0.10010124032375398, 0.10010124032375398, 0.1688866369092507, 0.13040468082447165, 0.10010124032375398, 0.10010124032375398]
Timestep: 371, Trans probs: [0.2028945380718504, 0.10142901337601987, 0.17706780208678582, 0.10142721522317882, 0.1061015514564734, 0.10822544933933408, 0.10142721522317882, 0.10142721522317882]
Timestep: 372, Trans probs: [0.20020248064750795, 0.10010124032375398, 0.10010124032375398, 0.10010124032375398, 0.1688866369092507, 0.13040468082447165, 0.10010124032375398, 0.10010124032375398]
Timestep: 373, Trans probs: [0.10754746183051432, 0.10223393842603411, 0.27888243254779027, 0.10210312747927597, 0.10284269934804299, 0.10218408540979045, 0.10210312747927597, 0.10210312747927597]
Timestep: 374, Trans probs: [0.20020248064750795, 0.10010124032375398, 0.10010124032375398, 0.10010124032375398, 0.1688866369092507, 0.13040468082447165, 0.10010124032375398, 0.10010124032375398]
Timestep: 375, Trans probs: [0.10368175780923894, 0.09919410644830509, 0.2345155052814188, 0.09919410644770406, 0.16583198234107355, 0.09919432877685139, 0.09919410644770406, 0.09919410644770406]
Timestep: 376, Trans probs: [0.20020248064750795, 0.10010124032375398, 0.10010124032375398, 0.10010124032375398, 0.1688866369092507, 0.13040468082447165, 0.10010124032375398, 0.10010124032375398]
Timestep: 377, Trans probs: [0.2028945380718504, 0.10142901337601987, 0.17706780208678582, 0.10142721522317882, 0.1061015514564734, 0.10822544933933408, 0.10142721522317882, 0.10142721522317882]
Timestep: 378, Trans probs: [0.09984420621039251, 0.09984420621039251, 0.09984420621039251, 0.09984420621039251, 0.16235032126960816, 0.23858444146803684, 0.09984420621039251, 0.09984420621039251]
Timestep: 379, Trans probs: [0.10754746183051432, 0.10223393842603411, 0.27888243254779027, 0.10210312747927597, 0.10284269934804299, 0.10218408540979045, 0.10210312747927597, 0.10210312747927597]
Timestep: 380, Trans probs: [0.20020248064750795, 0.10010124032375398, 0.10010124032375398, 0.10010124032375398, 0.1688866369092507, 0.13040468082447165, 0.10010124032375398, 0.10010124032375398]
Timestep: 381, Trans probs: [0.2028945380718504, 0.10142901337601987, 0.17706780208678582, 0.10142721522317882, 0.1061015514564734, 0.10822544933933408, 0.10142721522317882, 0.10142721522317882]
Timestep: 382, Trans probs: [0.20020248064750795, 0.10010124032375398, 0.10010124032375398, 0.10010124032375398, 0.1688866369092507, 0.13040468082447165, 0.10010124032375398, 0.10010124032375398]
Timestep: 383, Trans probs: [0.1018543022086603, 0.09960285190011979, 0.1674934656423484, 0.09960285189981825, 0.23263786110728218, 0.09960296344213451, 0.09960285189981825, 0.09960285189981825]
Timestep: 384, Trans probs: [0.20013789188048078, 0.10006894594024039, 0.10006894594024039, 0.10006894594024039, 0.13093571997256115, 0.1685816584457561, 0.10006894594024039, 0.10006894594024039]
Timestep: 385, Trans probs: [0.20061417119522, 0.09974006290216429, 0.13393625960143024, 0.09974006290201241, 0.166749198509773, 0.09974011908537528, 0.09974006290201241, 0.09974006290201241]
Timestep: 386, Trans probs: [0.20020248064750795, 0.10010124032375398, 0.10010124032375398, 0.10010124032375398, 0.1688866369092507, 0.13040468082447165, 0.10010124032375398, 0.10010124032375398]
Timestep: 387, Trans probs: [0.20061417119522, 0.09974006290216429, 0.13393625960143024, 0.09974006290201241, 0.166749198509773, 0.09974011908537528, 0.09974006290201241, 0.09974006290201241]
Timestep: 388, Trans probs: [0.10199013138425748, 0.10199013138425748, 0.10199013138425748, 0.10199013138425748, 0.1095125752383637, 0.2785466364560913, 0.10199013138425748, 0.10199013138425748]
Timestep: 389, Trans probs: [0.20061417119522, 0.09974006290216429, 0.13393625960143024, 0.09974006290201241, 0.166749198509773, 0.09974011908537528, 0.09974006290201241, 0.09974006290201241]
Timestep: 390, Trans probs: [0.20020248064750795, 0.10010124032375398, 0.10010124032375398, 0.10010124032375398, 0.1688866369092507, 0.13040468082447165, 0.10010124032375398, 0.10010124032375398]
Timestep: 391, Trans probs: [0.20746470866063876, 0.10264782072188552, 0.17657869391506306, 0.10259307376485576, 0.10290259915491864, 0.10262695625292681, 0.10259307376485576, 0.10259307376485576]
Timestep: 392, Trans probs: [0.20020248064750795, 0.10010124032375398, 0.10010124032375398, 0.10010124032375398, 0.1688866369092507, 0.13040468082447165, 0.10010124032375398, 0.10010124032375398]
Timestep: 393, Trans probs: [0.109324539393701, 0.10201763417172258, 0.27856965557596364, 0.10201763417172258, 0.10201763417172258, 0.10201763417172258, 0.10201763417172258, 0.10201763417172258]
Timestep: 394, Trans probs: [0.2028945380718504, 0.10142901337601987, 0.17706780208678582, 0.10142721522317882, 0.1061015514564734, 0.10822544933933408, 0.10142721522317882, 0.10142721522317882]
Timestep: 395, Trans probs: [0.20020248064750795, 0.10010124032375398, 0.10010124032375398, 0.10010124032375398, 0.1688866369092507, 0.13040468082447165, 0.10010124032375398, 0.10010124032375398]
Timestep: 396, Trans probs: [0.2028945380718504, 0.10142901337601987, 0.17706780208678582, 0.10142721522317882, 0.1061015514564734, 0.10822544933933408, 0.10142721522317882, 0.10142721522317882]
Timestep: 397, Trans probs: [0.20061417119522, 0.09974006290216429, 0.13393625960143024, 0.09974006290201241, 0.166749198509773, 0.09974011908537528, 0.09974006290201241, 0.09974006290201241]
Timestep: 398, Trans probs: [0.2564510986164282, 0.09907023858904222, 0.14253941644049462, 0.0990692052009224, 0.10175551941253072, 0.10297611133873713, 0.0990692052009224, 0.0990692052009224]
Timestep: 399, Trans probs: [0.20020248064750795, 0.10010124032375398, 0.10010124032375398, 0.10010124032375398, 0.1688866369092507, 0.13040468082447165, 0.10010124032375398, 0.10010124032375398]
Timestep: 400, Trans probs: [0.2564510986164282, 0.09907023858904222, 0.14253941644049462, 0.0990692052009224, 0.10175551941253072, 0.10297611133873713, 0.0990692052009224, 0.0990692052009224]
Timestep: 401, Trans probs: [0.174050343695735, 0.1003120789726129, 0.22099045625432373, 0.10031159479526931, 0.10157022401123998, 0.1021421126802805, 0.10031159479526931, 0.10031159479526931]
Timestep: 402, Trans probs: [0.15751672317434529, 0.09782435974776253, 0.21588435612926127, 0.09782435974767266, 0.13747708871137418, 0.09782439299423881, 0.09782435974767266, 0.09782435974767266]
Timestep: 403, Trans probs: [0.11178003192687559, 0.13287015401072705, 0.25465020686460654, 0.09567569664357914, 0.11799682062346818, 0.09567569664358512, 0.09567569664357914, 0.09567569664357914]
Timestep: 404, Trans probs: [0.15724889581905033, 0.09801447044097855, 0.09801447044097855, 0.09801447044097855, 0.13871789657203132, 0.21396085540402565, 0.09801447044097855, 0.09801447044097855]
Timestep: 405, Trans probs: [0.23791305722537237, 0.09957503524821817, 0.1630140796894371, 0.09957478072252178, 0.1002364256382517, 0.10053706003115538, 0.09957478072252178, 0.09957478072252178]
Timestep: 406, Trans probs: [0.16845067835440475, 0.09991453014352593, 0.23125823822258054, 0.09991440404507085, 0.1002421996384973, 0.10039114150577898, 0.09991440404507085, 0.09991440404507085]
Timestep: 407, Trans probs: [0.20746470866063876, 0.10264782072188552, 0.17657869391506306, 0.10259307376485576, 0.10290259915491864, 0.10262695625292681, 0.10259307376485576, 0.10259307376485576]
Timestep: 408, Trans probs: [0.1344848462478769, 0.099839166806181, 0.1662346694070743, 0.09983910306220403, 0.1998439099369029, 0.1000800984153529, 0.09983910306220403, 0.09983910306220403]
Timestep: 409, Trans probs: [0.15858828591634147, 0.10001084158646421, 0.241307727406884, 0.09998024597452888, 0.10015322579354131, 0.0999991813731824, 0.09998024597452888, 0.09998024597452888]
Timestep: 410, Trans probs: [0.11841618784576503, 0.09780714776670316, 0.13730262299541143, 0.09780710984849236, 0.2551022455112254, 0.09795046633541796, 0.09780710984849236, 0.09780710984849236]
Timestep: 411, Trans probs: [0.10941446362829038, 0.09959903775961536, 0.21800848762891187, 0.09959901970038575, 0.17451365607732736, 0.09966729580469792, 0.09959901970038575, 0.09959901970038575]
Timestep: 412, Trans probs: [0.1042885137215121, 0.09904165780117137, 0.2613793189168373, 0.09904164814757335, 0.13908741983935097, 0.09907814527840812, 0.09904164814757335, 0.09904164814757335]
Timestep: 413, Trans probs: [0.10295745524792214, 0.10055769546307282, 0.27536392632718276, 0.10055769104779694, 0.1188734660410896, 0.1005743837773419, 0.10055769104779694, 0.10055769104779694]
Timestep: 414, Trans probs: [0.1309352186179611, 0.0976354696499522, 0.16349595861355704, 0.09763546964990209, 0.11975598632221952, 0.19527095784660384, 0.09763546964990209, 0.09763546964990209]
Timestep: 415, Trans probs: [0.20463281728128938, 0.101802316698595, 0.17669867975854026, 0.10180231480685406, 0.1096497749736962, 0.10180946686731712, 0.10180231480685406, 0.10180231480685406]
Timestep: 416, Trans probs: [0.15724889581905033, 0.09801447044097855, 0.09801447044097855, 0.09801447044097855, 0.13871789657203132, 0.21396085540402565, 0.09801447044097855, 0.09801447044097855]
Timestep: 417, Trans probs: [0.20463281728128938, 0.101802316698595, 0.17669867975854026, 0.10180231480685406, 0.1096497749736962, 0.10180946686731712, 0.10180231480685406, 0.10180231480685406]
Timestep: 418, Trans probs: [0.15787221475212276, 0.09938239679890913, 0.24136571944436272, 0.09938239572289001, 0.10384601803293193, 0.09938646380300345, 0.09938239572289001, 0.09938239572289001]
Timestep: 419, Trans probs: [0.11667075743292123, 0.09604458083459884, 0.23288376578225595, 0.0960445808345678, 0.10974623617640493, 0.15652091727011563, 0.0960445808345678, 0.0960445808345678]
Timestep: 420, Trans probs: [0.12897862740684554, 0.10019986587620365, 0.2698030477341332, 0.10018483442800984, 0.10026981841831398, 0.10019413728047413, 0.10018483442800984, 0.10018483442800984]
Timestep: 421, Trans probs: [0.10843042551374506, 0.09761419346451357, 0.1693717666999694, 0.09761419346449729, 0.20241344533909061, 0.12932758858918952, 0.09761419346449729, 0.09761419346449729]
Timestep: 422, Trans probs: [0.21549390881887576, 0.10143150369785965, 0.1759086686886548, 0.10142490299830367, 0.10146222167710511, 0.10142898812259368, 0.10142490299830367, 0.10142490299830367]
Timestep: 423, Trans probs: [0.2286117339991888, 0.0998735854612965, 0.16994196302057538, 0.09987358493028405, 0.1020763702115035, 0.09987559251658376, 0.09987358493028405, 0.09987358493028405]
Timestep: 424, Trans probs: [0.16548342773274896, 0.0996981146096767, 0.23520123476884103, 0.09969811433832886, 0.10082373965695973, 0.09969914021678716, 0.09969811433832886, 0.09969811433832886]
Timestep: 425, Trans probs: [0.16107970954926584, 0.09986896308912288, 0.23970200395425373, 0.09986542087250426, 0.09988544766559107, 0.09986761312425371, 0.09986542087250426, 0.09986542087250426]
Timestep: 426, Trans probs: [0.13272373709488242, 0.09988387957054691, 0.16752668537136325, 0.09988387943509076, 0.20032966810698136, 0.09988439155095385, 0.09988387943509076, 0.09988387943509076]
Timestep: 427, Trans probs: [0.10560931620370212, 0.10254564379374113, 0.27911682103385105, 0.10254564379374113, 0.10254564379374113, 0.10254564379374113, 0.10254564379374113, 0.10254564379374113]
Timestep: 428, Trans probs: [0.11733753283452007, 0.19578088834298465, 0.137947123450743, 0.09789044413138516, 0.15737237558172362, 0.09789074739587306, 0.09789044413138516, 0.09789044413138516]
Timestep: 429, Trans probs: [0.10820958796063945, 0.15715384777656508, 0.2171445119972522, 0.0960756939427213, 0.13318908727460513, 0.0960758831627743, 0.0960756939427213, 0.0960756939427213]
Timestep: 430, Trans probs: [0.10347900357032708, 0.13099309748169766, 0.2613748609385973, 0.09665791564755113, 0.11752126904881813, 0.09665802201790649, 0.09665791564755113, 0.09665791564755113]
Timestep: 431, Trans probs: [0.10255078956918624, 0.1153709006731078, 0.2754944234577039, 0.09937252372109785, 0.10909374185265651, 0.09937257328405195, 0.09937252372109785, 0.09937252372109785]
Timestep: 432, Trans probs: [0.10265406424782725, 0.10818522777575953, 0.27855242446154455, 0.1012828196463946, 0.10547698354563753, 0.10128284103004735, 0.1012828196463946, 0.1012828196463946]
Timestep: 433, Trans probs: [0.10281097424060079, 0.10514013705553495, 0.2791149967031573, 0.10223354565442587, 0.10399970037838642, 0.10223355465904282, 0.10223354565442587, 0.10223354565442587]
Timestep: 434, Trans probs: [0.10289740556490727, 0.10387052978741923, 0.27921338193310247, 0.102656155901992, 0.10339405534447409, 0.10265615966412096, 0.102656155901992, 0.102656155901992]
Timestep: 435, Trans probs: [0.10422306533309622, 0.1086883345291927, 0.278295683601372, 0.10081340312354577, 0.10553930404215477, 0.10081340312354704, 0.10081340312354577, 0.10081340312354577]
Timestep: 436, Trans probs: [0.10293704335369137, 0.10334246667645595, 0.1763938614474348, 0.10283653384247761, 0.10314395774265038, 0.20567306925233456, 0.10283653384247761, 0.10283653384247761]
Timestep: 437, Trans probs: [0.10346413926109363, 0.10535173824132948, 0.279072466850654, 0.1020227760135379, 0.10402055159277071, 0.10202277601353846, 0.1020227760135379, 0.1020227760135379]
Timestep: 438, Trans probs: [0.1031619155444299, 0.09680557595193862, 0.13897511352671973, 0.09680557595192905, 0.2551981843308549, 0.11544248279026963, 0.09680557595192905, 0.09680557595192905]
Timestep: 439, Trans probs: [0.10004079198286543, 0.10026977594112961, 0.14152935967033303, 0.09998402399634708, 0.10015765767150556, 0.2580503427451251, 0.09998402399634708, 0.09998402399634708]
Timestep: 440, Trans probs: [0.1008471475981749, 0.10095311331220988, 0.22086747340650362, 0.10082087737264755, 0.10090122892438141, 0.17396840464078744, 0.10082087737264755, 0.10082087737264755]
Timestep: 441, Trans probs: [0.09983964903597754, 0.0998952892469406, 0.26268547537885717, 0.09982585513194264, 0.09986804592290174, 0.13823397501949514, 0.09982585513194264, 0.09982585513194264]
Timestep: 442, Trans probs: [0.10406468263291495, 0.10278696831371897, 0.27921350748477125, 0.10278696831371897, 0.10278696831371897, 0.10278696831371897, 0.10278696831371897, 0.10278696831371897]
Timestep: 443, Trans probs: [0.10253350678985147, 0.10253350678985147, 0.10253350678985147, 0.10253350678985147, 0.10568824515386924, 0.279110714107022, 0.10253350678985147, 0.10253350678985147]
Timestep: 444, Trans probs: [0.10098614377506103, 0.2019912334988545, 0.17471472112551634, 0.10097989857404212, 0.10099900048819345, 0.11836920539024838, 0.10097989857404212, 0.10097989857404212]
Timestep: 445, Trans probs: [0.10253350678985147, 0.10253350678985147, 0.10253350678985147, 0.10253350678985147, 0.10568824515386924, 0.279110714107022, 0.10253350678985147, 0.10253350678985147]
Timestep: 446, Trans probs: [0.20573506866253372, 0.10395878930386349, 0.17664023647880148, 0.10256601485349424, 0.103401846140824, 0.10256601485349448, 0.10256601485349424, 0.10256601485349424]
Timestep: 447, Trans probs: [0.10217304869048757, 0.09913577340526475, 0.21842158637361866, 0.09913577340526017, 0.17482114983788363, 0.10804112147696483, 0.09913577340526017, 0.09913577340526017]
Timestep: 448, Trans probs: [0.15724889581905033, 0.09801447044097855, 0.09801447044097855, 0.09801447044097855, 0.13871789657203132, 0.21396085540402565, 0.09801447044097855, 0.09801447044097855]
Timestep: 449, Trans probs: [0.10098614377506103, 0.2019912334988545, 0.17471472112551634, 0.10097989857404212, 0.10099900048819345, 0.11836920539024838, 0.10097989857404212, 0.10097989857404212]
Timestep: 450, Trans probs: [0.1078385964787073, 0.1022188276570368, 0.17662952125681464, 0.10221850244553939, 0.10222034110874637, 0.2044372061620768, 0.10221850244553939, 0.10221850244553939]
Timestep: 451, Trans probs: [0.09872426802566536, 0.15733924916416708, 0.14151022250165526, 0.09872064382869736, 0.19745237282489225, 0.10881195599752803, 0.09872064382869736, 0.09872064382869736]
Timestep: 452, Trans probs: [0.10253350678985147, 0.10253350678985147, 0.10253350678985147, 0.10253350678985147, 0.10568824515386924, 0.279110714107022, 0.10253350678985147, 0.10253350678985147]
Timestep: 453, Trans probs: [0.10217304869048757, 0.09913577340526475, 0.21842158637361866, 0.09913577340526017, 0.17482114983788363, 0.10804112147696483, 0.09913577340526017, 0.09913577340526017]
Timestep: 454, Trans probs: [0.09872426802566536, 0.15733924916416708, 0.14151022250165526, 0.09872064382869736, 0.19745237282489225, 0.10881195599752803, 0.09872064382869736, 0.09872064382869736]
Timestep: 455, Trans probs: [0.09674339481677628, 0.13280138867703087, 0.21980506138874142, 0.09674116533090968, 0.15747765297977553, 0.10294900614494683, 0.09674116533090968, 0.09674116533090968]
Timestep: 456, Trans probs: [0.10045691717868903, 0.09883513201777476, 0.2613641815151018, 0.0988351320177723, 0.13924813672427055, 0.10359023651084685, 0.0988351320177723, 0.0988351320177723]
Timestep: 457, Trans probs: [0.19445705103850489, 0.11715832338654183, 0.16524508088067738, 0.09722790940304228, 0.13079684576615583, 0.10065897071899317, 0.09722790940304228, 0.09722790940304228]
Timestep: 458, Trans probs: [0.1561752288592901, 0.10815671981900686, 0.23380435671357386, 0.095775807569684, 0.11662906509654222, 0.09790720680253504, 0.095775807569684, 0.095775807569684]
Timestep: 459, Trans probs: [0.10120543071221098, 0.10046291924545019, 0.27533747194391683, 0.10046291924544908, 0.11896544357728844, 0.10263997678478624, 0.10046291924544908, 0.10046291924544908]
Timestep: 460, Trans probs: [0.22664154169007622, 0.103996418902177, 0.16974623890636653, 0.09751764403621019, 0.10842989008220985, 0.09863297831053973, 0.09751764403621019, 0.09751764403621019]
Timestep: 461, Trans probs: [0.10253350678985147, 0.10253350678985147, 0.10253350678985147, 0.10253350678985147, 0.10568824515386924, 0.279110714107022, 0.10253350678985147, 0.10253350678985147]
Timestep: 462, Trans probs: [0.10207856086850954, 0.10176022500972838, 0.27849416208223743, 0.10176022500972791, 0.1096927852952822, 0.10269359171505874, 0.10176022500972791, 0.10176022500972791]
Timestep: 463, Trans probs: [0.10253350678985147, 0.10253350678985147, 0.10253350678985147, 0.10253350678985147, 0.10568824515386924, 0.279110714107022, 0.10253350678985147, 0.10253350678985147]
Timestep: 464, Trans probs: [0.22664154169007622, 0.103996418902177, 0.16974623890636653, 0.09751764403621019, 0.10842989008220985, 0.09863297831053973, 0.09751764403621019, 0.09751764403621019]
Timestep: 465, Trans probs: [0.10253350678985147, 0.10253350678985147, 0.10253350678985147, 0.10253350678985147, 0.10568824515386924, 0.279110714107022, 0.10253350678985147, 0.10253350678985147]
Timestep: 466, Trans probs: [0.22664154169007622, 0.103996418902177, 0.16974623890636653, 0.09751764403621019, 0.10842989008220985, 0.09863297831053973, 0.09751764403621019, 0.09751764403621019]
Timestep: 467, Trans probs: [0.15724889581905033, 0.09801447044097855, 0.09801447044097855, 0.09801447044097855, 0.13871789657203132, 0.21396085540402565, 0.09801447044097855, 0.09801447044097855]
Timestep: 468, Trans probs: [0.22664154169007622, 0.103996418902177, 0.16974623890636653, 0.09751764403621019, 0.10842989008220985, 0.09863297831053973, 0.09751764403621019, 0.09751764403621019]
Timestep: 469, Trans probs: [0.10253350678985147, 0.10253350678985147, 0.10253350678985147, 0.10253350678985147, 0.10568824515386924, 0.279110714107022, 0.10253350678985147, 0.10253350678985147]
Timestep: 470, Trans probs: [0.22664154169007622, 0.103996418902177, 0.16974623890636653, 0.09751764403621019, 0.10842989008220985, 0.09863297831053973, 0.09751764403621019, 0.09751764403621019]
Timestep: 471, Trans probs: [0.10253350678985147, 0.10253350678985147, 0.10253350678985147, 0.10253350678985147, 0.10568824515386924, 0.279110714107022, 0.10253350678985147, 0.10253350678985147]
Timestep: 472, Trans probs: [0.10207856086850954, 0.10176022500972838, 0.27849416208223743, 0.10176022500972791, 0.1096927852952822, 0.10269359171505874, 0.10176022500972791, 0.10176022500972791]
Timestep: 473, Trans probs: [0.15724889581905033, 0.09801447044097855, 0.09801447044097855, 0.09801447044097855, 0.13871789657203132, 0.21396085540402565, 0.09801447044097855, 0.09801447044097855]
Timestep: 474, Trans probs: [0.10207856086850954, 0.10176022500972838, 0.27849416208223743, 0.10176022500972791, 0.1096927852952822, 0.10269359171505874, 0.10176022500972791, 0.10176022500972791]
Timestep: 475, Trans probs: [0.10253350678985147, 0.10253350678985147, 0.10253350678985147, 0.10253350678985147, 0.10568824515386924, 0.279110714107022, 0.10253350678985147, 0.10253350678985147]
Timestep: 476, Trans probs: [0.22664154169007622, 0.103996418902177, 0.16974623890636653, 0.09751764403621019, 0.10842989008220985, 0.09863297831053973, 0.09751764403621019, 0.09751764403621019]
Timestep: 477, Trans probs: [0.10253350678985147, 0.10253350678985147, 0.10253350678985147, 0.10253350678985147, 0.10568824515386924, 0.279110714107022, 0.10253350678985147, 0.10253350678985147]
Timestep: 478, Trans probs: [0.21934589150309197, 0.10105187758363099, 0.17472393832812283, 0.10096526265301421, 0.10101724197309737, 0.10096526265301423, 0.10096526265301421, 0.10096526265301421]
Timestep: 479, Trans probs: [0.22664154169007622, 0.103996418902177, 0.16974623890636653, 0.09751764403621019, 0.10842989008220985, 0.09863297831053973, 0.09751764403621019, 0.09751764403621019]
Timestep: 480, Trans probs: [0.15724889581905033, 0.09801447044097855, 0.09801447044097855, 0.09801447044097855, 0.13871789657203132, 0.21396085540402565, 0.09801447044097855, 0.09801447044097855]
Timestep: 481, Trans probs: [0.10207856086850954, 0.10176022500972838, 0.27849416208223743, 0.10176022500972791, 0.1096927852952822, 0.10269359171505874, 0.10176022500972791, 0.10176022500972791]
Timestep: 482, Trans probs: [0.23099040528525094, 0.10008608612723735, 0.1685924345472726, 0.10006350446874114, 0.10007705616527458, 0.10006350446874114, 0.10006350446874114, 0.10006350446874114]
Timestep: 483, Trans probs: [0.12960170914645, 0.10011886938220427, 0.16934359328193957, 0.10011886867395788, 0.10011887267820307, 0.20046034948932948, 0.10011886867395788, 0.10011886867395788]
Timestep: 484, Trans probs: [0.15724889581905033, 0.09801447044097855, 0.09801447044097855, 0.09801447044097855, 0.13871789657203132, 0.21396085540402565, 0.09801447044097855, 0.09801447044097855]
Timestep: 485, Trans probs: [0.22664154169007622, 0.103996418902177, 0.16974623890636653, 0.09751764403621019, 0.10842989008220985, 0.09863297831053973, 0.09751764403621019, 0.09751764403621019]
Timestep: 486, Trans probs: [0.15724889581905033, 0.09801447044097855, 0.09801447044097855, 0.09801447044097855, 0.13871789657203132, 0.21396085540402565, 0.09801447044097855, 0.09801447044097855]
Timestep: 487, Trans probs: [0.22664154169007622, 0.103996418902177, 0.16974623890636653, 0.09751764403621019, 0.10842989008220985, 0.09863297831053973, 0.09751764403621019, 0.09751764403621019]
Timestep: 488, Trans probs: [0.12960170914645, 0.10011886938220427, 0.16934359328193957, 0.10011886867395788, 0.10011887267820307, 0.20046034948932948, 0.10011886867395788, 0.10011886867395788]
Timestep: 489, Trans probs: [0.16573594937860495, 0.10174568009259743, 0.13605074328578076, 0.09836536998410988, 0.2024242200441155, 0.09894729724657172, 0.09836536998410988, 0.09836536998410988]
Timestep: 490, Trans probs: [0.13678940709391926, 0.09918446806271727, 0.2165423782328153, 0.09719797297597092, 0.1583498755359304, 0.0975399521467049, 0.09719797297597092, 0.09719797297597092]
Timestep: 491, Trans probs: [0.11938740720774146, 0.0984693599251335, 0.26111498972195896, 0.09736435618834376, 0.1313805897503579, 0.09755458482977684, 0.09736435618834376, 0.09736435618834376]
Timestep: 492, Trans probs: [0.10993155710693572, 0.10022490905437002, 0.2754098744740203, 0.0997121517102031, 0.1154967803038516, 0.09980042393021304, 0.0997121517102031, 0.0997121517102031]
Timestep: 493, Trans probs: [0.1058314173576848, 0.10165085951247795, 0.2785313210312374, 0.10143001996763859, 0.10822830425110051, 0.10146803794458366, 0.10143001996763859, 0.10143001996763859]
Timestep: 494, Trans probs: [0.11546172759397348, 0.0980487944802255, 0.23698257440927223, 0.09804879406192633, 0.09804879642688352, 0.15731172490386627, 0.09804879406192633, 0.09804879406192633]
Timestep: 495, Trans probs: [0.10414740790888011, 0.10238833244894778, 0.1768152607967741, 0.10229540862435463, 0.20745136732252117, 0.10231140564981309, 0.10229540862435463, 0.10229540862435463]
Timestep: 496, Trans probs: [0.10256815043823113, 0.10243444187945977, 0.1766668582413228, 0.10243444187945956, 0.1057663040429288, 0.20526091975967878, 0.10243444187945956, 0.10243444187945956]
Timestep: 497, Trans probs: [0.19958279162829118, 0.09975354100323366, 0.14178606473602928, 0.09975354100323355, 0.1016401369450622, 0.15797684267768314, 0.09975354100323355, 0.09975354100323355]
Timestep: 498, Trans probs: [0.2006965197800292, 0.09988262130621381, 0.14148273593860128, 0.09983068255446134, 0.15860645139552612, 0.09983962391624561, 0.09983068255446134, 0.09983068255446134]
Timestep: 499, Trans probs: [0.15790677537009337, 0.09754109996757747, 0.22049881548736666, 0.0975410999675774, 0.0986819042661879, 0.1327481050060424, 0.0975410999675774, 0.0975410999675774]
