Timestep: 0, Trans probs: [0.125, 0.125, 0.125, 0.125, 0.125, 0.125, 0.125, 0.125]
Timestep: 1, Trans probs: [0.1111111111111111, 0.1111111111111111, 0.1111111111111111, 0.1111111111111111, 0.2222222222222222, 0.1111111111111111, 0.1111111111111111, 0.1111111111111111]
Timestep: 2, Trans probs: [0.125, 0.125, 0.125, 0.125, 0.125, 0.125, 0.125, 0.125]
Timestep: 3, Trans probs: [0.125, 0.125, 0.125, 0.125, 0.125, 0.125, 0.125, 0.125]
Timestep: 4, Trans probs: [0.1111111111111111, 0.1111111111111111, 0.1111111111111111, 0.1111111111111111, 0.1111111111111111, 0.2222222222222222, 0.1111111111111111, 0.1111111111111111]
Timestep: 5, Trans probs: [0.125, 0.125, 0.125, 0.125, 0.125, 0.125, 0.125, 0.125]
Timestep: 6, Trans probs: [0.125, 0.125, 0.125, 0.125, 0.125, 0.125, 0.125, 0.125]
Timestep: 7, Trans probs: [0.2222222222222222, 0.1111111111111111, 0.1111111111111111, 0.1111111111111111, 0.1111111111111111, 0.1111111111111111, 0.1111111111111111, 0.1111111111111111]
Timestep: 8, Trans probs: [0.1111111111111111, 0.1111111111111111, 0.1111111111111111, 0.1111111111111111, 0.1111111111111111, 0.2222222222222222, 0.1111111111111111, 0.1111111111111111]
Timestep: 9, Trans probs: [0.10185691219185172, 0.10185691219185172, 0.10185691219185172, 0.10185691219185172, 0.10185691219185172, 0.28700161465703794, 0.10185691219185172, 0.10185691219185172]
Timestep: 10, Trans probs: [0.1111111111111111, 0.1111111111111111, 0.1111111111111111, 0.1111111111111111, 0.2222222222222222, 0.1111111111111111, 0.1111111111111111, 0.1111111111111111]
Timestep: 11, Trans probs: [0.125, 0.125, 0.125, 0.125, 0.125, 0.125, 0.125, 0.125]
Timestep: 12, Trans probs: [0.1111111111111111, 0.1111111111111111, 0.1111111111111111, 0.1111111111111111, 0.2222222222222222, 0.1111111111111111, 0.1111111111111111, 0.1111111111111111]
Timestep: 13, Trans probs: [0.125, 0.125, 0.125, 0.125, 0.125, 0.125, 0.125, 0.125]
Timestep: 14, Trans probs: [0.09844196691478523, 0.09844196691478523, 0.09844196691478523, 0.09844196691478523, 0.19688393382957045, 0.21246426468171817, 0.09844196691478523, 0.09844196691478523]
Timestep: 15, Trans probs: [0.1111111111111111, 0.1111111111111111, 0.1111111111111111, 0.1111111111111111, 0.2222222222222222, 0.1111111111111111, 0.1111111111111111, 0.1111111111111111]
Timestep: 16, Trans probs: [0.125, 0.125, 0.125, 0.125, 0.125, 0.125, 0.125, 0.125]
Timestep: 17, Trans probs: [0.09461691054399474, 0.09461691054399474, 0.09461691054399474, 0.09461691054399474, 0.2580147708656702, 0.17428376587036148, 0.09461691054399474, 0.09461691054399474]
Timestep: 18, Trans probs: [0.125, 0.125, 0.125, 0.125, 0.125, 0.125, 0.125, 0.125]
Timestep: 19, Trans probs: [0.1111111111111111, 0.1111111111111111, 0.2222222222222222, 0.1111111111111111, 0.1111111111111111, 0.1111111111111111, 0.1111111111111111, 0.1111111111111111]
Timestep: 20, Trans probs: [0.09461691054399474, 0.09461691054399474, 0.09461691054399474, 0.09461691054399474, 0.2580147708656702, 0.17428376587036148, 0.09461691054399474, 0.09461691054399474]
Timestep: 21, Trans probs: [0.1111111111111111, 0.1111111111111111, 0.1111111111111111, 0.1111111111111111, 0.2222222222222222, 0.1111111111111111, 0.1111111111111111, 0.1111111111111111]
Timestep: 22, Trans probs: [0.1111111111111111, 0.1111111111111111, 0.2222222222222222, 0.1111111111111111, 0.1111111111111111, 0.1111111111111111, 0.1111111111111111, 0.1111111111111111]
Timestep: 23, Trans probs: [0.1111111111111111, 0.1111111111111111, 0.1111111111111111, 0.1111111111111111, 0.2222222222222222, 0.1111111111111111, 0.1111111111111111, 0.1111111111111111]
Timestep: 24, Trans probs: [0.10185691219185172, 0.10185691219185172, 0.10185691219185172, 0.10185691219185172, 0.28700161465703794, 0.10185691219185172, 0.10185691219185172, 0.10185691219185172]
Timestep: 25, Trans probs: [0.09844196691478523, 0.09844196691478523, 0.09844196691478523, 0.09844196691478523, 0.3109062315965034, 0.09844196691478523, 0.09844196691478523, 0.09844196691478523]
Timestep: 26, Trans probs: [0.1111111111111111, 0.1111111111111111, 0.2222222222222222, 0.1111111111111111, 0.1111111111111111, 0.1111111111111111, 0.1111111111111111, 0.1111111111111111]
Timestep: 27, Trans probs: [0.09367951163378074, 0.09367951163378074, 0.09367951163378074, 0.09367951163378074, 0.2928230123162264, 0.14509991788108917, 0.09367951163378074, 0.09367951163378074]
Timestep: 28, Trans probs: [0.09844196691478523, 0.09844196691478523, 0.09844196691478523, 0.09844196691478523, 0.3109062315965034, 0.09844196691478523, 0.09844196691478523, 0.09844196691478523]
Timestep: 29, Trans probs: [0.125, 0.125, 0.125, 0.125, 0.125, 0.125, 0.125, 0.125]
Timestep: 30, Trans probs: [0.09844196691478523, 0.09844196691478523, 0.09844196691478523, 0.09844196691478523, 0.3109062315965034, 0.09844196691478523, 0.09844196691478523, 0.09844196691478523]
Timestep: 31, Trans probs: [0.1111111111111111, 0.1111111111111111, 0.2222222222222222, 0.1111111111111111, 0.1111111111111111, 0.1111111111111111, 0.1111111111111111, 0.1111111111111111]
Timestep: 32, Trans probs: [0.09844196691478523, 0.09844196691478523, 0.09844196691478523, 0.09844196691478523, 0.3109062315965034, 0.09844196691478523, 0.09844196691478523, 0.09844196691478523]
Timestep: 33, Trans probs: [0.09431713645362666, 0.09431713645362666, 0.09431713645362666, 0.09431713645362666, 0.3087621017785203, 0.12533507949971973, 0.09431713645362666, 0.09431713645362666]
Timestep: 34, Trans probs: [0.125, 0.125, 0.125, 0.125, 0.125, 0.125, 0.125, 0.125]
Timestep: 35, Trans probs: [0.09431713645362666, 0.09431713645362666, 0.09431713645362666, 0.09431713645362666, 0.3087621017785203, 0.12533507949971973, 0.09431713645362666, 0.09431713645362666]
Timestep: 36, Trans probs: [0.1111111111111111, 0.1111111111111111, 0.2222222222222222, 0.1111111111111111, 0.1111111111111111, 0.1111111111111111, 0.1111111111111111, 0.1111111111111111]
Timestep: 37, Trans probs: [0.11179086800562793, 0.09060406910251122, 0.09060406910251122, 0.09060406910251122, 0.18542812851358806, 0.2497606579682279, 0.09060406910251122, 0.09060406910251122]
Timestep: 38, Trans probs: [0.09431713645362666, 0.09431713645362666, 0.09431713645362666, 0.09431713645362666, 0.3087621017785203, 0.12533507949971973, 0.09431713645362666, 0.09431713645362666]
Timestep: 39, Trans probs: [0.125, 0.125, 0.125, 0.125, 0.125, 0.125, 0.125, 0.125]
Timestep: 40, Trans probs: [0.1111111111111111, 0.1111111111111111, 0.2222222222222222, 0.1111111111111111, 0.1111111111111111, 0.1111111111111111, 0.1111111111111111, 0.1111111111111111]
Timestep: 41, Trans probs: [0.1111111111111111, 0.1111111111111111, 0.2222222222222222, 0.1111111111111111, 0.1111111111111111, 0.1111111111111111, 0.1111111111111111, 0.1111111111111111]
Timestep: 42, Trans probs: [0.09431713645362666, 0.09431713645362666, 0.09431713645362666, 0.09431713645362666, 0.3087621017785203, 0.12533507949971973, 0.09431713645362666, 0.09431713645362666]
Timestep: 43, Trans probs: [0.09758478143423556, 0.09758478143423556, 0.09758478143423556, 0.09758478143423556, 0.21932174852611544, 0.19516956286847112, 0.09758478143423556, 0.09758478143423556]
Timestep: 44, Trans probs: [0.20371382438370345, 0.10185691219185172, 0.18514470246518622, 0.10185691219185172, 0.10185691219185172, 0.10185691219185172, 0.10185691219185172, 0.10185691219185172]
Timestep: 45, Trans probs: [0.09758478143423556, 0.09758478143423556, 0.09758478143423556, 0.09758478143423556, 0.21932174852611544, 0.19516956286847112, 0.09758478143423556, 0.09758478143423556]
Timestep: 46, Trans probs: [0.09526901142338352, 0.09526901142338352, 0.09526901142338352, 0.09526901142338352, 0.31509992454827973, 0.11328600691141913, 0.09526901142338352, 0.09526901142338352]
Timestep: 47, Trans probs: [0.20371382438370345, 0.10185691219185172, 0.18514470246518622, 0.10185691219185172, 0.10185691219185172, 0.10185691219185172, 0.10185691219185172, 0.10185691219185172]
Timestep: 48, Trans probs: [0.0943084951154402, 0.0943084951154402, 0.0943084951154402, 0.0943084951154402, 0.17824679908400567, 0.2559022302233531, 0.0943084951154402, 0.0943084951154402]
Timestep: 49, Trans probs: [0.09350345308551473, 0.09350345308551473, 0.09350345308551473, 0.09350345308551473, 0.2411815573235838, 0.19779772416332791, 0.09350345308551473, 0.09350345308551473]
Timestep: 50, Trans probs: [0.20371382438370345, 0.10185691219185172, 0.18514470246518622, 0.10185691219185172, 0.10185691219185172, 0.10185691219185172, 0.10185691219185172, 0.10185691219185172]
Timestep: 51, Trans probs: [0.09526901142338352, 0.09526901142338352, 0.09526901142338352, 0.09526901142338352, 0.31509992454827973, 0.11328600691141913, 0.09526901142338352, 0.09526901142338352]
Timestep: 52, Trans probs: [0.20371382438370345, 0.10185691219185172, 0.18514470246518622, 0.10185691219185172, 0.10185691219185172, 0.10185691219185172, 0.10185691219185172, 0.10185691219185172]
Timestep: 53, Trans probs: [0.12651549597426687, 0.09410551160649541, 0.3088514343867606, 0.09410551160649541, 0.09410551160649541, 0.09410551160649541, 0.09410551160649541, 0.09410551160649541]
Timestep: 54, Trans probs: [0.17055666168448094, 0.09606666385977643, 0.15697669129708414, 0.09606666385977643, 0.19213332771955285, 0.09606666385977643, 0.09606666385977643, 0.09606666385977643]
Timestep: 55, Trans probs: [0.09526901142338352, 0.09526901142338352, 0.09526901142338352, 0.09526901142338352, 0.31509992454827973, 0.11328600691141913, 0.09526901142338352, 0.09526901142338352]
Timestep: 56, Trans probs: [0.17055666168448094, 0.09606666385977643, 0.15697669129708414, 0.09606666385977643, 0.19213332771955285, 0.09606666385977643, 0.09606666385977643, 0.09606666385977643]
Timestep: 57, Trans probs: [0.1476496810937381, 0.0918433332756994, 0.2293191846885566, 0.0918433332756994, 0.16381446783920828, 0.0918433332756994, 0.0918433332756994, 0.0918433332756994]
Timestep: 58, Trans probs: [0.1111111111111111, 0.1111111111111111, 0.2222222222222222, 0.1111111111111111, 0.1111111111111111, 0.1111111111111111, 0.1111111111111111, 0.1111111111111111]
Timestep: 59, Trans probs: [0.2200270624659453, 0.09049932413223082, 0.18664366400441096, 0.09049932413223082, 0.14083265286848962, 0.09049932413223082, 0.09049932413223082, 0.09049932413223082]
Timestep: 60, Trans probs: [0.10185691219185172, 0.10185691219185172, 0.28700161465703794, 0.10185691219185172, 0.10185691219185172, 0.10185691219185172, 0.10185691219185172, 0.10185691219185172]
Timestep: 61, Trans probs: [0.2695590328921867, 0.08982320324241164, 0.15656249957628288, 0.08982320324241164, 0.12476245131947225, 0.08982320324241164, 0.08982320324241164, 0.08982320324241164]
Timestep: 62, Trans probs: [0.09526901142338352, 0.09526901142338352, 0.09526901142338352, 0.09526901142338352, 0.31509992454827973, 0.11328600691141913, 0.09526901142338352, 0.09526901142338352]
Timestep: 63, Trans probs: [0.2695590328921867, 0.08982320324241164, 0.15656249957628288, 0.08982320324241164, 0.12476245131947225, 0.08982320324241164, 0.08982320324241164, 0.08982320324241164]
Timestep: 64, Trans probs: [0.09526901142338352, 0.09526901142338352, 0.09526901142338352, 0.09526901142338352, 0.31509992454827973, 0.11328600691141913, 0.09526901142338352, 0.09526901142338352]
Timestep: 65, Trans probs: [0.2695590328921867, 0.08982320324241164, 0.15656249957628288, 0.08982320324241164, 0.12476245131947225, 0.08982320324241164, 0.08982320324241164, 0.08982320324241164]
Timestep: 66, Trans probs: [0.2065328577796469, 0.09101465214229054, 0.2249233881910074, 0.09101465214229054, 0.11347049331789304, 0.09101465214229054, 0.09101465214229054, 0.09101465214229054]
Timestep: 67, Trans probs: [0.16812013865618308, 0.09092336006366665, 0.27133324730564007, 0.09092336006366665, 0.10592981371984353, 0.09092336006366665, 0.09092336006366665, 0.09092336006366665]
Timestep: 68, Trans probs: [0.14073225985540244, 0.09198292709598518, 0.2978936862414349, 0.09198292709598518, 0.10145941842323673, 0.09198292709598518, 0.09198292709598518, 0.09198292709598518]
Timestep: 69, Trans probs: [0.1227416033728898, 0.09351713580881972, 0.3104745724610755, 0.09351713580881972, 0.099198145121936, 0.09351713580881972, 0.09351713580881972, 0.09351713580881972]
Timestep: 70, Trans probs: [0.09844196691478524, 0.09844196691478524, 0.3109062315965034, 0.09844196691478524, 0.09844196691478524, 0.09844196691478524, 0.09844196691478524, 0.09844196691478524]
Timestep: 71, Trans probs: [0.20670041185177007, 0.09486982684162418, 0.22078358755784516, 0.09486982684162418, 0.09816686638226399, 0.09486982684162418, 0.09486982684162418, 0.09486982684162418]
Timestep: 72, Trans probs: [0.1682377702330899, 0.09312145921119976, 0.2708188616765407, 0.09312145921119976, 0.09533607203437063, 0.09312145921119976, 0.09312145921119976, 0.09312145921119976]
Timestep: 73, Trans probs: [0.09758478143423559, 0.09758478143423559, 0.316906529960351, 0.09758478143423559, 0.09758478143423559, 0.09758478143423559, 0.09758478143423559, 0.09758478143423559]
Timestep: 74, Trans probs: [0.23381967446012192, 0.0932927110753084, 0.20503147764420465, 0.0932927110753084, 0.09468529251913137, 0.0932927110753084, 0.0932927110753084, 0.0932927110753084]
Timestep: 75, Trans probs: [0.18440237651547572, 0.09272398202938248, 0.25834522501245755, 0.09272398202938248, 0.0936324883251544, 0.09272398202938248, 0.09272398202938248, 0.09272398202938248]
Timestep: 76, Trans probs: [0.15113549195261725, 0.09288096759320656, 0.29100141704990673, 0.09288096759320656, 0.09345825303144306, 0.09288096759320656, 0.09288096759320656, 0.09288096759320656]
Timestep: 77, Trans probs: [0.12905047932242367, 0.0938686941695636, 0.3073887143746765, 0.0938686941695636, 0.09421733545508171, 0.0938686941695636, 0.0938686941695636, 0.0938686941695636]
Timestep: 78, Trans probs: [0.11548851869709635, 0.09498053009773577, 0.3144250724983185, 0.09498053009773577, 0.09518375831590624, 0.09498053009773577, 0.09498053009773577, 0.09498053009773577]
Timestep: 79, Trans probs: [0.10758137297954631, 0.09586051654981234, 0.3171393774342852, 0.09586051654981234, 0.09597666683710677, 0.09586051654981234, 0.09586051654981234, 0.09586051654981234]
Timestep: 80, Trans probs: [0.10308729362020062, 0.0964554177298883, 0.31811448003413617, 0.0964554177298883, 0.0965211376962217, 0.0964554177298883, 0.0964554177298883, 0.0964554177298883]
Timestep: 81, Trans probs: [0.10055960121652366, 0.09682575657166159, 0.3184488580361702, 0.09682575657166159, 0.0968627578889982, 0.09682575657166159, 0.09682575657166159, 0.09682575657166159]
Timestep: 82, Trans probs: [0.09914301918377061, 0.09704601550370315, 0.31856010709582877, 0.09704601550370315, 0.09706679620188483, 0.09704601550370315, 0.09704601550370315, 0.09704601550370315]
Timestep: 83, Trans probs: [0.0983499006033997, 0.0971736742425788, 0.31859639787908534, 0.0971736742425788, 0.09718533030462098, 0.0971736742425788, 0.0971736742425788, 0.0971736742425788]
Timestep: 84, Trans probs: [0.09790589572405994, 0.09724658108552356, 0.3186080841459813, 0.09724658108552356, 0.09725311470234094, 0.09724658108552356, 0.09724658108552356, 0.09724658108552356]
Timestep: 85, Trans probs: [0.09765730526483896, 0.097287869751893, 0.3186118152250337, 0.097287869751893, 0.09729153075066241, 0.097287869751893, 0.097287869751893, 0.097287869751893]
Timestep: 86, Trans probs: [0.09739372252523663, 0.09739372252523663, 0.3182439423233435, 0.09739372252523663, 0.09739372252523663, 0.09739372252523663, 0.09739372252523663, 0.09739372252523663]
Timestep: 87, Trans probs: [0.19482924709986119, 0.09731114045259423, 0.22130185920961984, 0.09731114045259423, 0.09731319142754777, 0.09731114045259423, 0.09731114045259423, 0.09731114045259423]
Timestep: 88, Trans probs: [0.16116723266329494, 0.09421262731001505, 0.27355559530511386, 0.09421262731001505, 0.09421403548151597, 0.09421262731001505, 0.09421262731001505, 0.09421262731001505]
Timestep: 89, Trans probs: [0.0973522977206981, 0.0973522977206981, 0.3185339159551133, 0.0973522977206981, 0.0973522977206981, 0.0973522977206981, 0.0973522977206981, 0.0973522977206981]
Timestep: 90, Trans probs: [0.22990117629556678, 0.09391628757224837, 0.20660021349528182, 0.09391628757224837, 0.0939171723479096, 0.09391628757224837, 0.09391628757224837, 0.09391628757224837]
Timestep: 91, Trans probs: [0.18219589603550887, 0.09298484425622665, 0.2598944579819946, 0.09298484425622665, 0.09298542470136337, 0.09298484425622665, 0.09298484425622665, 0.09298484425622665]
Timestep: 92, Trans probs: [0.1496646186365074, 0.0930519199787169, 0.29202349314483783, 0.0930519199787169, 0.09305228832507036, 0.0930519199787169, 0.0930519199787169, 0.0930519199787169]
Timestep: 93, Trans probs: [0.09734337018421543, 0.09734337018421543, 0.318596408710492, 0.09734337018421543, 0.09734337018421543, 0.09734337018421543, 0.09734337018421543, 0.09734337018421543]
Timestep: 94, Trans probs: [0.1946828973999079, 0.09734144869995395, 0.22126841040036832, 0.09734144869995395, 0.09734144869995395, 0.09734144869995395, 0.09734144869995395, 0.09734144869995395]
Timestep: 95, Trans probs: [0.22211140539680604, 0.09399739016627673, 0.21390403162822577, 0.09399739016627673, 0.09399761214358451, 0.09399739016627673, 0.09399739016627673, 0.09399739016627673]
Timestep: 96, Trans probs: [0.09526901142338352, 0.09526901142338352, 0.09526901142338352, 0.09526901142338352, 0.31509992454827973, 0.11328600691141913, 0.09526901142338352, 0.09526901142338352]
Timestep: 97, Trans probs: [0.22211140539680604, 0.09399739016627673, 0.21390403162822577, 0.09399739016627673, 0.09399761214358451, 0.09399739016627673, 0.09399739016627673, 0.09399739016627673]
Timestep: 98, Trans probs: [0.17727547389498427, 0.09297846133711454, 0.2648536120247416, 0.09297846133711454, 0.09297860739470135, 0.09297846133711454, 0.09297846133711454, 0.09297846133711454]
Timestep: 99, Trans probs: [0.16108340806596777, 0.09422471440568318, 0.2735683054999331, 0.09422471440568318, 0.09422471440568318, 0.09422471440568318, 0.09422471440568318, 0.09422471440568318]
Timestep: 100, Trans probs: [0.2394841479255709, 0.09315936183844599, 0.20155958892644887, 0.09315936183844599, 0.09315945395575041, 0.09315936183844599, 0.09315936183844599, 0.09315936183844599]
Timestep: 101, Trans probs: [0.11398412124797941, 0.09516639046198398, 0.3150175359801166, 0.09516639046198398, 0.09516639046198398, 0.09516639046198398, 0.09516639046198398, 0.09516639046198398]
Timestep: 102, Trans probs: [0.13593274953667128, 0.09392208749418617, 0.30053472549821175, 0.09392208749418617, 0.09392208749418617, 0.09392208749418617, 0.09392208749418617, 0.09392208749418617]
Timestep: 103, Trans probs: [0.187488016109198, 0.09279520793078597, 0.16294546876239058, 0.09279520793078597, 0.18559047547448151, 0.09279520793078597, 0.09279520793078597, 0.09279520793078597]
Timestep: 104, Trans probs: [0.10299747835459148, 0.09647900910189763, 0.31812846703402275, 0.09647900910189763, 0.09647900910189763, 0.09647900910189763, 0.09647900910189763, 0.09647900910189763]
Timestep: 105, Trans probs: [0.20270612197096902, 0.09598703386529794, 0.2213716748372434, 0.09598703386529794, 0.09598703386529794, 0.09598703386529794, 0.09598703386529794, 0.09598703386529794]
Timestep: 106, Trans probs: [0.15926939004793894, 0.09024417066219151, 0.14137938607100875, 0.09024417066219151, 0.15788619990790317, 0.18048834132438302, 0.09024417066219151, 0.09024417066219151]
Timestep: 107, Trans probs: [0.09350345308551473, 0.09350345308551473, 0.09350345308551473, 0.09350345308551473, 0.2411815573235838, 0.19779772416332791, 0.09350345308551473, 0.09350345308551473]
Timestep: 108, Trans probs: [0.15926939004793894, 0.09024417066219151, 0.14137938607100875, 0.09024417066219151, 0.15788619990790317, 0.18048834132438302, 0.09024417066219151, 0.09024417066219151]
Timestep: 109, Trans probs: [0.09350345308551473, 0.09350345308551473, 0.09350345308551473, 0.09350345308551473, 0.2411815573235838, 0.19779772416332791, 0.09350345308551473, 0.09350345308551473]
Timestep: 110, Trans probs: [0.15926939004793894, 0.09024417066219151, 0.14137938607100875, 0.09024417066219151, 0.15788619990790317, 0.18048834132438302, 0.09024417066219151, 0.09024417066219151]
Timestep: 111, Trans probs: [0.11964173109621591, 0.09472996223072142, 0.31197849551945556, 0.09472996223072142, 0.09472996223072142, 0.09472996223072142, 0.09472996223072142, 0.09472996223072142]
Timestep: 112, Trans probs: [0.2277981762904929, 0.08730814669586133, 0.12670631249780354, 0.08730814669586133, 0.13942432264420498, 0.15683860178405332, 0.08730814669586133, 0.08730814669586133]
Timestep: 113, Trans probs: [0.125, 0.125, 0.125, 0.125, 0.125, 0.125, 0.125, 0.125]
Timestep: 114, Trans probs: [0.18773791405012366, 0.1742292030497877, 0.11533278869339553, 0.08711460152489385, 0.12444182165006092, 0.13691446798195056, 0.08711460152489385, 0.08711460152489385]
Timestep: 115, Trans probs: [0.09526901142338352, 0.09526901142338352, 0.09526901142338352, 0.09526901142338352, 0.31509992454827973, 0.11328600691141913, 0.09526901142338352, 0.09526901142338352]
Timestep: 116, Trans probs: [0.10996266448865476, 0.09562140083026001, 0.3163089305297852, 0.09562140083026001, 0.09562140083026001, 0.09562140083026001, 0.09562140083026001, 0.09562140083026001]
Timestep: 117, Trans probs: [0.20071713410089873, 0.09628847398444156, 0.2215520219924519, 0.09628847398444156, 0.09628847398444156, 0.09628847398444156, 0.09628847398444156, 0.09628847398444156]
Timestep: 118, Trans probs: [0.25841099000174733, 0.0938109321177796, 0.17872341729157498, 0.0938109321177796, 0.0938109321177796, 0.0938109321177796, 0.0938109321177796, 0.0938109321177796]
Timestep: 119, Trans probs: [0.09526901142338352, 0.09526901142338352, 0.09526901142338352, 0.09526901142338352, 0.31509992454827973, 0.11328600691141913, 0.09526901142338352, 0.09526901142338352]
Timestep: 120, Trans probs: [0.25841099000174733, 0.0938109321177796, 0.17872341729157498, 0.0938109321177796, 0.0938109321177796, 0.0938109321177796, 0.0938109321177796, 0.0938109321177796]
Timestep: 121, Trans probs: [0.29213859964972244, 0.09335312112619257, 0.1477426735931221, 0.09335312112619257, 0.09335312112619257, 0.09335312112619257, 0.09335312112619257, 0.09335312112619257]
Timestep: 122, Trans probs: [0.18773791405012366, 0.1742292030497877, 0.11533278869339553, 0.08711460152489385, 0.12444182165006092, 0.13691446798195056, 0.08711460152489385, 0.08711460152489385]
Timestep: 123, Trans probs: [0.09526901142338352, 0.09526901142338352, 0.09526901142338352, 0.09526901142338352, 0.31509992454827973, 0.11328600691141913, 0.09526901142338352, 0.09526901142338352]
Timestep: 124, Trans probs: [0.21406652109039445, 0.09414006074379391, 0.22109311444684207, 0.09414006074379391, 0.09414006074379391, 0.09414006074379391, 0.09414006074379391, 0.09414006074379391]
Timestep: 125, Trans probs: [0.18773791405012366, 0.1742292030497877, 0.11533278869339553, 0.08711460152489385, 0.12444182165006092, 0.13691446798195056, 0.08711460152489385, 0.08711460152489385]
Timestep: 126, Trans probs: [0.1214320117949079, 0.09454550471676239, 0.3112949599045177, 0.09454550471676239, 0.09454550471676239, 0.09454550471676239, 0.09454550471676239, 0.09454550471676239]
Timestep: 127, Trans probs: [0.11100488623151836, 0.09549615805135825, 0.22052200740897393, 0.09549615805135825, 0.1909923161027165, 0.09549615805135825, 0.09549615805135825, 0.09549615805135825]
Timestep: 128, Trans probs: [0.10364822796467268, 0.09284848850647558, 0.17991214601060182, 0.09284848850647558, 0.25219718349234765, 0.09284848850647558, 0.09284848850647558, 0.09284848850647558]
Timestep: 129, Trans probs: [0.16293161361290723, 0.1524752230252348, 0.10688657191644149, 0.08504434087733187, 0.19898174143823139, 0.12359182737518953, 0.08504434087733187, 0.08504434087733187]
Timestep: 130, Trans probs: [0.14324762804963978, 0.13531694593234392, 0.1849138736816707, 0.08417378264669428, 0.17058996015490702, 0.11341024424135575, 0.08417378264669428, 0.08417378264669428]
Timestep: 131, Trans probs: [0.12873237693727133, 0.1225987117325817, 0.2440015501509734, 0.08304410136447514, 0.14987919742114783, 0.10565585966460032, 0.08304410136447514, 0.08304410136447514]
Timestep: 132, Trans probs: [0.11704414801539957, 0.11270883230098039, 0.28326854126742795, 0.08475136834036665, 0.1319908625970264, 0.1007335107980657, 0.08475136834036665, 0.08475136834036665]
Timestep: 133, Trans probs: [0.10886243006304822, 0.10606410834156922, 0.3041738682614699, 0.08801836869260975, 0.11851010484239623, 0.09833438241368715, 0.08801836869260975, 0.08801836869260975]
Timestep: 134, Trans probs: [0.10382425437580306, 0.10212903304007075, 0.31334072323784, 0.09119693662057185, 0.10966880898888491, 0.09744637049568565, 0.09119693662057185, 0.09119693662057185]
Timestep: 135, Trans probs: [0.10094166706540121, 0.09995202256085632, 0.3168242343485236, 0.09357003047718637, 0.10435362940473217, 0.09721835518892755, 0.09357003047718637, 0.09357003047718637]
Timestep: 136, Trans probs: [0.0993388552009181, 0.09877237247541684, 0.318031518536377, 0.09511925435766676, 0.10129189764839844, 0.09720759306588919, 0.09511925435766676, 0.09511925435766676]
Timestep: 137, Trans probs: [0.1720944981407471, 0.09302546885907244, 0.26975268870481833, 0.09302546885907244, 0.09302546885907244, 0.09302546885907244, 0.09302546885907244, 0.09302546885907244]
Timestep: 138, Trans probs: [0.23615076837726381, 0.09329932360511722, 0.20405328999203284, 0.09329932360511722, 0.09329932360511722, 0.09329932360511722, 0.09329932360511722, 0.09329932360511722]
Timestep: 139, Trans probs: [0.1945137513664495, 0.09813134327366037, 0.22236695439792076, 0.09606143025054932, 0.09955894506465383, 0.09724471514566758, 0.09606143025054932, 0.09606143025054932]
Timestep: 140, Trans probs: [0.18557582987039525, 0.09281304735186494, 0.2575458860184151, 0.09281304735186494, 0.09281304735186494, 0.09281304735186494, 0.09281304735186494, 0.09281304735186494]
Timestep: 141, Trans probs: [0.25454192408000287, 0.09484793785055914, 0.18026809817387757, 0.09342473639737336, 0.09582950805221853, 0.09423832265122183, 0.09342473639737336, 0.09342473639737336]
Timestep: 142, Trans probs: [0.15186210615358314, 0.09293695364457441, 0.29051617197897034, 0.09293695364457441, 0.09293695364457441, 0.09293695364457441, 0.09293695364457441, 0.09293695364457441]
Timestep: 143, Trans probs: [0.09949142931210017, 0.09243327976908412, 0.24176685021690644, 0.09243327976908412, 0.19657532162557279, 0.09243327976908412, 0.09243327976908412, 0.09243327976908412]
Timestep: 144, Trans probs: [0.09526901142338352, 0.09526901142338352, 0.09526901142338352, 0.09526901142338352, 0.31509992454827973, 0.11328600691141913, 0.09526901142338352, 0.09526901142338352]
Timestep: 145, Trans probs: [0.2902122851891925, 0.09385593500830615, 0.14917632726911412, 0.09293423148587789, 0.09449162625943218, 0.09346113181632146, 0.09293423148587789, 0.09293423148587789]
Timestep: 146, Trans probs: [0.09949142931210017, 0.09243327976908412, 0.24176685021690644, 0.09243327976908412, 0.19657532162557279, 0.09243327976908412, 0.09243327976908412, 0.09243327976908412]
Timestep: 147, Trans probs: [0.21359676460353805, 0.09436292560812853, 0.12795523233980124, 0.0938032378297935, 0.18855217544220776, 0.094123188516944, 0.0938032378297935, 0.0938032378297935]
Timestep: 148, Trans probs: [0.12949257804756323, 0.09389216383224899, 0.2132622751266938, 0.09389216383224899, 0.18778432766449799, 0.09389216383224899, 0.09389216383224899, 0.09389216383224899]
Timestep: 149, Trans probs: [0.2678468319607856, 0.09184163731944738, 0.11566525858988036, 0.09144470745787964, 0.15864053367739214, 0.09167161607885568, 0.09144470745787964, 0.09144470745787964]
Timestep: 150, Trans probs: [0.20571340621814166, 0.09211645657127128, 0.19935292530916415, 0.09186027082863037, 0.13522967764126886, 0.09200672177426288, 0.09186027082863037, 0.09186027082863037]
Timestep: 151, Trans probs: [0.17045355786924477, 0.09057829105158761, 0.2563793647134267, 0.09039815501261884, 0.1208931898850491, 0.09050113144283514, 0.09039815501261884, 0.09039815501261884]
Timestep: 152, Trans probs: [0.14345379153176174, 0.0910506643382542, 0.2907589320366598, 0.09093248392849403, 0.11093911745672345, 0.09100004285111868, 0.09093248392849403, 0.09093248392849403]
Timestep: 153, Trans probs: [0.12474098526602075, 0.09262417490502566, 0.30757305306131205, 0.09255174453661201, 0.10481340313220207, 0.09259315002560349, 0.09255174453661201, 0.09255174453661201]
Timestep: 154, Trans probs: [0.11307571547624802, 0.09422028113908193, 0.31459221639099777, 0.09417775804789418, 0.10137644608432138, 0.0942020667656685, 0.09417775804789418, 0.09417775804789418]
Timestep: 155, Trans probs: [0.09684004904824876, 0.09223853796987345, 0.2818340495489179, 0.09223853796987345, 0.1601332115534662, 0.09223853796987345, 0.09223853796987345, 0.09223853796987345]
Timestep: 156, Trans probs: [0.10623543357736927, 0.09541926396719638, 0.2218326992869262, 0.09539487116041129, 0.19491917415359897, 0.09540881553367532, 0.09539487116041129, 0.09539487116041129]
Timestep: 157, Trans probs: [0.10045862879274356, 0.09301318427394893, 0.2730278337365216, 0.09299639318282132, 0.16150518168319336, 0.0930059919651286, 0.09299639318282132, 0.09299639318282132]
Timestep: 158, Trans probs: [0.09785611304368588, 0.09315335385569151, 0.2999985873753605, 0.09314274811443894, 0.1364148903975763, 0.09314881098436902, 0.09314274811443894, 0.09314274811443894]
Timestep: 159, Trans probs: [0.09705175262366612, 0.09425064947820835, 0.31169815069799917, 0.09424433238349972, 0.12001850644059944, 0.09424794360902769, 0.09424433238349972, 0.09424433238349972]
Timestep: 160, Trans probs: [0.11675373869389068, 0.09148266423966808, 0.26770060576813504, 0.09148266423966808, 0.15813233433963392, 0.09148266423966808, 0.09148266423966808, 0.09148266423966808]
Timestep: 161, Trans probs: [0.20006498331951428, 0.09187378067305332, 0.20565693288583176, 0.09187378067305332, 0.13490918042938738, 0.09187378067305332, 0.09187378067305332, 0.09187378067305332]
Timestep: 162, Trans probs: [0.19227785680496218, 0.09533220786677134, 0.22086551273334956, 0.095328560982942, 0.11020809388832942, 0.09533064575776168, 0.095328560982942, 0.095328560982942]
Timestep: 163, Trans probs: [0.16009096178777965, 0.0928092797097807, 0.272737957064112, 0.09280674871967368, 0.10313335969576483, 0.09280819558354182, 0.09280674871967368, 0.09280674871967368]
Timestep: 164, Trans probs: [0.1356204510490611, 0.09297459254679101, 0.2999936730095068, 0.0929729883026247, 0.09951841310314968, 0.09297390538361741, 0.0929729883026247, 0.0929729883026247]
Timestep: 165, Trans probs: [0.09600109490911274, 0.09316547065661566, 0.30316682883823715, 0.09316547065661566, 0.13500472296957172, 0.09316547065661566, 0.09316547065661566, 0.09316547065661566]
Timestep: 166, Trans probs: [0.11956821864701361, 0.09413198123546886, 0.21760907055444748, 0.09413102437970575, 0.19216608504881352, 0.0941315713751392, 0.09413102437970575, 0.09413102437970575]
Timestep: 167, Trans probs: [0.0960906750997848, 0.0944178781610562, 0.31272016335725267, 0.0944178781610562, 0.11909977073768145, 0.0944178781610562, 0.0944178781610562, 0.0944178781610562]
Timestep: 168, Trans probs: [0.10971128177955582, 0.09192494026970079, 0.17826654982998236, 0.0919242711863335, 0.2523997608877411, 0.09192465367401932, 0.0919242711863335, 0.0919242711863335]
Timestep: 169, Trans probs: [0.2152573727367127, 0.09228086823900991, 0.21074002601820344, 0.09228086823900991, 0.11259826005003437, 0.09228086823900991, 0.09228086823900991, 0.09228086823900991]
Timestep: 170, Trans probs: [0.1664026105809948, 0.09043584957846995, 0.260764863470007, 0.09043584957846995, 0.1206532780566484, 0.09043584957846995, 0.09043584957846995, 0.09043584957846995]
Timestep: 171, Trans probs: [0.231683759400324, 0.0910900579630765, 0.2020847438720036, 0.0910900579630765, 0.11078120691228985, 0.0910900579630765, 0.0910900579630765, 0.0910900579630765]
Timestep: 172, Trans probs: [0.10349441036512584, 0.09182939639633483, 0.14845577349870462, 0.09182895758395616, 0.19707538096890526, 0.183658166019061, 0.09182895758395616, 0.09182895758395616]
Timestep: 173, Trans probs: [0.09526901142338352, 0.09526901142338352, 0.09526901142338352, 0.09526901142338352, 0.31509992454827973, 0.11328600691141913, 0.09526901142338352, 0.09526901142338352]
Timestep: 174, Trans probs: [0.10349441036512584, 0.09182939639633483, 0.14845577349870462, 0.09182895758395616, 0.19707538096890526, 0.183658166019061, 0.09182895758395616, 0.09182895758395616]
Timestep: 175, Trans probs: [0.0964382661609091, 0.09547615606918078, 0.3165089931508505, 0.09547615606918078, 0.10967196034233664, 0.09547615606918078, 0.09547615606918078, 0.09547615606918078]
Timestep: 176, Trans probs: [0.09802518515481841, 0.08945906790962838, 0.13104223160981868, 0.08945874567098433, 0.2562044285684845, 0.15689284974429707, 0.08945874567098433, 0.08945874567098433]
Timestep: 177, Trans probs: [0.1843933258302208, 0.09111242924092174, 0.2558674449731993, 0.09111242924092174, 0.10417708299197115, 0.09111242924092174, 0.09111242924092174, 0.09111242924092174]
Timestep: 178, Trans probs: [0.18572160116221298, 0.08999858697790195, 0.117788160909104, 0.08999837162933716, 0.2014326895181334, 0.13506384654463618, 0.08999837162933716, 0.08999837162933716]
Timestep: 179, Trans probs: [0.15850771412249734, 0.08828795578460709, 0.19696141719360344, 0.08828779781085014, 0.17003293443632647, 0.12134658503041526, 0.08828779781085014, 0.08828779781085014]
Timestep: 180, Trans probs: [0.1517336008008168, 0.0917369958764337, 0.2894414722298285, 0.0917369958764337, 0.10013994758718611, 0.0917369958764337, 0.0917369958764337, 0.0917369958764337]
Timestep: 181, Trans probs: [0.22589740310008452, 0.08690093801400688, 0.16752516859193725, 0.08690082081416398, 0.1475470784971941, 0.11142694935428527, 0.08690082081416398, 0.08690082081416398]
Timestep: 182, Trans probs: [0.18545481248358278, 0.08716271440504346, 0.23133920433845473, 0.08716263152654403, 0.13004895892044727, 0.10450641527283969, 0.08716263152654403, 0.08716263152654403]
Timestep: 183, Trans probs: [0.0967606137343748, 0.09621448854821107, 0.3178944517207286, 0.09621448854821107, 0.10427249180384121, 0.09621448854821107, 0.09621448854821107, 0.09621448854821107]
Timestep: 184, Trans probs: [0.1555410311779634, 0.08800035693180411, 0.1870701451539084, 0.08800029998246797, 0.2054696165466278, 0.09991795024229237, 0.08800029998246797, 0.08800029998246797]
Timestep: 185, Trans probs: [0.13572853527896536, 0.087746537169392, 0.24587382951633857, 0.08774649671165347, 0.17119861779608148, 0.09621299010426225, 0.08774649671165347, 0.08774649671165347]
Timestep: 186, Trans probs: [0.0969898377684306, 0.09668186347695219, 0.3183748623541852, 0.09668186347695219, 0.1012259824926232, 0.09668186347695219, 0.09668186347695219, 0.09668186347695219]
Timestep: 187, Trans probs: [0.09713552089400901, 0.09696241222386241, 0.2215733985247712, 0.09696241222386241, 0.1964790194619077, 0.09696241222386241, 0.09696241222386241, 0.09696241222386241]
Timestep: 188, Trans probs: [0.12111712600777978, 0.08882531723768938, 0.19524473466459702, 0.0888252900096954, 0.23381372540076473, 0.0945232266600828, 0.0888252900096954, 0.0888252900096954]
Timestep: 189, Trans probs: [0.1112026665501205, 0.0895494581290457, 0.2504582276062711, 0.08954943987136825, 0.18677114809219184, 0.09337018000826623, 0.08954943987136825, 0.08954943987136825]
Timestep: 190, Trans probs: [0.10467805532681101, 0.09054832358207927, 0.28609713697143935, 0.09054831166809037, 0.15399002571854942, 0.0930415233968499, 0.09054831166809037, 0.09054831166809037]
Timestep: 191, Trans probs: [0.1009470230965251, 0.09223985580609304, 0.304982786875762, 0.09223984846433338, 0.13133454802471697, 0.09377624080390277, 0.09223984846433338, 0.09223984846433338]
Timestep: 192, Trans probs: [0.09906101579925088, 0.09392103632513923, 0.3134276075033349, 0.09392103199118162, 0.11699925554934656, 0.0948279888493836, 0.09392103199118162, 0.09392103199118162]
Timestep: 193, Trans probs: [0.12964565208143616, 0.09310184123717635, 0.3066250795855357, 0.09310184123717635, 0.09822006214714632, 0.09310184123717635, 0.09310184123717635, 0.09310184123717635]
Timestep: 194, Trans probs: [0.21040676474769363, 0.09449664596839061, 0.21961425010541963, 0.09449664596839061, 0.09749575530493373, 0.09449664596839061, 0.09449664596839061, 0.09449664596839061]
Timestep: 195, Trans probs: [0.09526901142338352, 0.09526901142338352, 0.09526901142338352, 0.09526901142338352, 0.31509992454827973, 0.11328600691141913, 0.09526901142338352, 0.09526901142338352]
Timestep: 196, Trans probs: [0.21040676474769363, 0.09449664596839061, 0.21961425010541963, 0.09449664596839061, 0.09749575530493373, 0.09449664596839061, 0.09449664596839061, 0.09449664596839061]
Timestep: 197, Trans probs: [0.2634293638683451, 0.09299731052689125, 0.17658319241501394, 0.09299731052689125, 0.09500089108218474, 0.09299731052689125, 0.09299731052689125, 0.09299731052689125]
Timestep: 198, Trans probs: [0.2942714748758428, 0.09305930209971475, 0.14610127922187444, 0.09305930209971475, 0.0943307354037089, 0.09305930209971475, 0.09305930209971475, 0.09305930209971475]
Timestep: 199, Trans probs: [0.09526901142338352, 0.09526901142338352, 0.09526901142338352, 0.09526901142338352, 0.31509992454827973, 0.11328600691141913, 0.09526901142338352, 0.09526901142338352]
Timestep: 200, Trans probs: [0.19760590620275442, 0.09236175642157553, 0.15219749735970045, 0.09236175642157553, 0.09602605790809195, 0.18472351284315106, 0.09236175642157553, 0.09236175642157553]
Timestep: 201, Trans probs: [0.19337769290512077, 0.09520954410068258, 0.2215590217313476, 0.09520954160602707, 0.10849352429304512, 0.09573159215172276, 0.09520954160602707, 0.09520954160602707]
Timestep: 202, Trans probs: [0.16067851517735454, 0.09280163640104118, 0.2729657025891866, 0.09280163467614941, 0.10198664318954828, 0.09316259861442115, 0.09280163467614941, 0.09280163467614941]
Timestep: 203, Trans probs: [0.2942714748758428, 0.09305930209971475, 0.14610127922187444, 0.09305930209971475, 0.0943307354037089, 0.09305930209971475, 0.09305930209971475, 0.09305930209971475]
Timestep: 204, Trans probs: [0.2289535379603344, 0.0929964684686669, 0.2070258243025662, 0.09299646737694922, 0.09880983863500017, 0.09322492850258461, 0.09299646737694922, 0.09299646737694922]
Timestep: 205, Trans probs: [0.18196717208840515, 0.09236221942825691, 0.2598775366082026, 0.09236221870874073, 0.09619362562506478, 0.09251279012384836, 0.09236221870874073, 0.09236221870874073]
Timestep: 206, Trans probs: [0.09418564144056137, 0.0940672559354284, 0.27335343560158015, 0.0940672559354284, 0.16212464328071646, 0.0940672559354284, 0.0940672559354284, 0.0940672559354284]
Timestep: 207, Trans probs: [0.14967108213659447, 0.09264913887412925, 0.19925093518395534, 0.0926491384162504, 0.18773647094244772, 0.09274495761412199, 0.0926491384162504, 0.0926491384162504]
Timestep: 208, Trans probs: [0.1314787357780906, 0.09038989912313597, 0.2575948544558473, 0.09038989879319792, 0.1589078701317174, 0.09045894413161497, 0.09038989879319792, 0.09038989879319792]
Timestep: 209, Trans probs: [0.1179322957393977, 0.09078522804697907, 0.29204144046583513, 0.09078522782899161, 0.1360545067256891, 0.09083084553512415, 0.09078522782899161, 0.09078522782899161]
Timestep: 210, Trans probs: [0.10910766740149073, 0.09245531760585976, 0.30836370506384714, 0.09245531747214354, 0.12022405757051911, 0.09248329994185261, 0.09245531747214354, 0.09245531747214354]
Timestep: 211, Trans probs: [0.10390738542618615, 0.09413576185541873, 0.3149668857826675, 0.09413576177695386, 0.11043049967316315, 0.09415218193170277, 0.09413576177695386, 0.09413576177695386]
Timestep: 212, Trans probs: [0.10098347325751024, 0.095380685659864, 0.3173800312500629, 0.09538068561487434, 0.10472365249551599, 0.09539010049242384, 0.09538068561487434, 0.09538068561487434]
Timestep: 213, Trans probs: [0.09936352680435802, 0.09618776527083182, 0.3182087822513388, 0.09618776524533088, 0.1014835281689541, 0.09619310176852464, 0.09618776524533088, 0.09618776524533088]
Timestep: 214, Trans probs: [0.09846689001035401, 0.09667706039817955, 0.3184830974137965, 0.09667706038380747, 0.09966170302768758, 0.09668006799855984, 0.09667706038380747, 0.09667706038380747]
Timestep: 215, Trans probs: [0.09796913658749443, 0.09696333064426746, 0.3185719508412305, 0.09696333063619096, 0.09864056923432558, 0.09696502078410914, 0.09696333063619096, 0.09696333063619096]
Timestep: 216, Trans probs: [0.09769196332813604, 0.09712760305225358, 0.3186003671864443, 0.09712760304772185, 0.09806870589597806, 0.09712855139402243, 0.09712760304772185, 0.09712760304772185]
Timestep: 217, Trans probs: [0.09753727032538795, 0.09722086440549424, 0.31860938670694844, 0.09722086440295356, 0.09774848926448633, 0.09722139608882237, 0.09722086440295356, 0.09722086440295356]
Timestep: 218, Trans probs: [0.09745080888954578, 0.09727349627515511, 0.31861223664592175, 0.09727349627373133, 0.0975691751398136, 0.09727379422836967, 0.09727349627373133, 0.09727349627373133]
Timestep: 219, Trans probs: [0.09740244103689004, 0.09730310011846509, 0.3186131346948882, 0.0973031001176674, 0.09746875674743626, 0.09730326704931815, 0.0973031001176674, 0.0973031001176674]
Timestep: 220, Trans probs: [0.09737536936277177, 0.09731972033305625, 0.31861341720783354, 0.09731972033260938, 0.0974125182537354, 0.09731981384477477, 0.09731972033260938, 0.09731972033260938]
Timestep: 221, Trans probs: [0.1665112269438613, 0.09002747733992514, 0.22353919429595065, 0.09002747733992514, 0.09269042362198225, 0.15714924577850523, 0.09002747733992514, 0.09002747733992514]
Timestep: 222, Trans probs: [0.09736021275106291, 0.09732904151069936, 0.22128446448002023, 0.09732904151044905, 0.09738102132608004, 0.1946581354007904, 0.09732904151044905, 0.09732904151044905]
Timestep: 223, Trans probs: [0.21495271045503048, 0.09405153886761057, 0.21997409770833806, 0.09405153886761057, 0.0948154974985786, 0.09405153886761057, 0.09405153886761057, 0.09405153886761057]
Timestep: 224, Trans probs: [0.09391660861525784, 0.09384225601675286, 0.30028607857863576, 0.09384225601675286, 0.13658603272234213, 0.09384225601675286, 0.09384225601675286, 0.09384225601675286]
Timestep: 225, Trans probs: [0.18845384535089166, 0.09421621715279425, 0.17935929029089137, 0.09421621715262234, 0.09425192128833465, 0.16107007445922095, 0.09421621715262234, 0.09421621715262234]
Timestep: 226, Trans probs: [0.16050237409154372, 0.09090137839399079, 0.24468679557864387, 0.09090137839386381, 0.09092774836352045, 0.1402775683907098, 0.09090137839386381, 0.09090137839386381]
Timestep: 227, Trans probs: [0.1429099488532065, 0.0893361228427819, 0.27219189569742797, 0.0893361228427819, 0.09120141084878067, 0.13635225322945735, 0.0893361228427819, 0.0893361228427819]
Timestep: 228, Trans probs: [0.13778986000845272, 0.0905306327821432, 0.19495126501568255, 0.09053063278205697, 0.09054853804871968, 0.214587805798831, 0.09053063278205697, 0.09053063278205697]
Timestep: 229, Trans probs: [0.12264187529846404, 0.08985355398505417, 0.2521538541901529, 0.08985355398499435, 0.08986597660954823, 0.1759240779617976, 0.08985355398499435, 0.08985355398499435]
Timestep: 230, Trans probs: [0.17275157742161473, 0.09295405504603822, 0.1760658071883008, 0.09295405504603822, 0.18641234015989347, 0.09295405504603822, 0.09295405504603822, 0.09295405504603822]
Timestep: 231, Trans probs: [0.20268232512974121, 0.09055320803364234, 0.19735271400922974, 0.09055320803360296, 0.09056138257279726, 0.14719074615378053, 0.09055320803360296, 0.09055320803360296]
Timestep: 232, Trans probs: [0.1486797122808415, 0.09025541798104225, 0.2413616659424613, 0.09025541798104225, 0.15868153187148593, 0.09025541798104225, 0.09025541798104225, 0.09025541798104225]
Timestep: 233, Trans probs: [0.25800229724484025, 0.08958320213380631, 0.16467194483655317, 0.08958320213377866, 0.08958894949997354, 0.1294039998834907, 0.08958320213377866, 0.08958320213377866]
Timestep: 234, Trans probs: [0.20096200915803614, 0.09045460779141096, 0.23017834283050181, 0.0904546077913928, 0.0904583788988345, 0.11658283794703823, 0.0904546077913928, 0.0904546077913928]
Timestep: 235, Trans probs: [0.12987869704477545, 0.09006482088901911, 0.283102651804068, 0.09006482088901911, 0.136694546706061, 0.09006482088901911, 0.09006482088901911, 0.09006482088901911]
Timestep: 236, Trans probs: [0.254979919269994, 0.09062176420999331, 0.1838528402325496, 0.09062176420998119, 0.09062428049259048, 0.10805590316492905, 0.09062176420998119, 0.09062176420998119]
Timestep: 237, Trans probs: [0.11660794385573053, 0.09162613622953718, 0.3043767250904005, 0.09162613622953718, 0.12088464990618307, 0.09162613622953718, 0.09162613622953718, 0.09162613622953718]
Timestep: 238, Trans probs: [0.28890335208612566, 0.09137413638042759, 0.15158990277876982, 0.09137413638041976, 0.0913757615883682, 0.10263443802504937, 0.09137413638041976, 0.09137413638041976]
Timestep: 239, Trans probs: [0.21351624236033614, 0.09285256749825008, 0.22248883624444854, 0.09285256749824529, 0.09285356028082063, 0.09973109112140878, 0.09285256749824529, 0.09285256749824529]
Timestep: 240, Trans probs: [0.17191320838184282, 0.09224386806715051, 0.2700813170000584, 0.09224386806714736, 0.09224452356129625, 0.09678547878820998, 0.09224386806714736, 0.09224386806714736]
Timestep: 241, Trans probs: [0.10832670918339972, 0.09347580505713586, 0.3134251882178071, 0.09347580505713586, 0.11086907731311385, 0.09347580505713586, 0.09347580505713586, 0.09347580505713586]
Timestep: 242, Trans probs: [0.19844471592535998, 0.09493613089098542, 0.2218985020019178, 0.09493613089098542, 0.10497612761779515, 0.09493613089098542, 0.09493613089098542, 0.09493613089098542]
Timestep: 243, Trans probs: [0.09526901142338352, 0.09526901142338352, 0.09526901142338352, 0.09526901142338352, 0.31509992454827973, 0.11328600691141913, 0.09526901142338352, 0.09526901142338352]
Timestep: 244, Trans probs: [0.2356841847372461, 0.09282588547467074, 0.20450795535062888, 0.09282588547466876, 0.09282629712555432, 0.09567802088789364, 0.09282588547466876, 0.09282588547466876]
Timestep: 245, Trans probs: [0.19844471592535998, 0.09493613089098542, 0.2218985020019178, 0.09493613089098542, 0.10497612761779515, 0.09493613089098542, 0.09493613089098542, 0.09493613089098542]
Timestep: 246, Trans probs: [0.27795345870109367, 0.09250415508991418, 0.16516571290885665, 0.09250415508991289, 0.09250442291441378, 0.09435978511598304, 0.09250415508991289, 0.09250415508991289]
Timestep: 247, Trans probs: [0.2079553868426096, 0.09324388810251168, 0.23143330059306189, 0.09324388810251089, 0.09324405376800167, 0.09439170638628254, 0.09324388810251089, 0.09324388810251089]
Timestep: 248, Trans probs: [0.1635743417498803, 0.09285239792455906, 0.2724514717374521, 0.09285239792455906, 0.09971219688987237, 0.09285239792455906, 0.09285239792455906, 0.09285239792455906]
Timestep: 249, Trans probs: [0.26021712608278946, 0.09270092907509357, 0.1828285800471539, 0.09270092907509306, 0.09270103712274494, 0.0934495404469389, 0.09270092907509306, 0.09270092907509306]
Timestep: 250, Trans probs: [0.09294041035206917, 0.09294041035206917, 0.09294041035206917, 0.09294041035206917, 0.18878715441151905, 0.253570383476066, 0.09294041035206917, 0.09294041035206917]
Timestep: 251, Trans probs: [0.26021712608278946, 0.09270092907509357, 0.1828285800471539, 0.09270092907509306, 0.09270103712274494, 0.0934495404469389, 0.09270092907509306, 0.09270092907509306]
Timestep: 252, Trans probs: [0.09294041035206917, 0.09294041035206917, 0.09294041035206917, 0.09294041035206917, 0.18878715441151905, 0.253570383476066, 0.09294041035206917, 0.09294041035206917]
Timestep: 253, Trans probs: [0.26021712608278946, 0.09270092907509357, 0.1828285800471539, 0.09270092907509306, 0.09270103712274494, 0.0934495404469389, 0.09270092907509306, 0.09270092907509306]
Timestep: 254, Trans probs: [0.09526901142338352, 0.09526901142338352, 0.09526901142338352, 0.09526901142338352, 0.31509992454827973, 0.11328600691141913, 0.09526901142338352, 0.09526901142338352]
Timestep: 255, Trans probs: [0.13770558688257167, 0.09307976844704319, 0.2994872429164094, 0.09307976844704319, 0.0974083279658031, 0.09307976844704319, 0.09307976844704319, 0.09307976844704319]
Timestep: 256, Trans probs: [0.21499780258172724, 0.09420013357413366, 0.21722152138041692, 0.09420013357413366, 0.09678000816718757, 0.09420013357413366, 0.09420013357413366, 0.09420013357413366]
Timestep: 257, Trans probs: [0.09526901142338352, 0.09526901142338352, 0.09526901142338352, 0.09526901142338352, 0.31509992454827973, 0.11328600691141913, 0.09526901142338352, 0.09526901142338352]
Timestep: 258, Trans probs: [0.26021712608278946, 0.09270092907509357, 0.1828285800471539, 0.09270092907509306, 0.09270103712274494, 0.0934495404469389, 0.09270092907509306, 0.09270092907509306]
Timestep: 259, Trans probs: [0.19907627264171637, 0.09291660592479674, 0.2429496075180861, 0.0929166059247964, 0.09291667439759436, 0.0933910217434172, 0.0929166059247964, 0.0929166059247964]
Timestep: 260, Trans probs: [0.16116902915289708, 0.09272419397599048, 0.28217989043994585, 0.09272419397599029, 0.09272423812278836, 0.09303006638040734, 0.09272419397599029, 0.09272419397599029]
Timestep: 261, Trans probs: [0.1354943338759806, 0.09351480890062702, 0.3032291837856726, 0.0935148089006269, 0.09351483597734653, 0.09370241075849257, 0.0935148089006269, 0.0935148089006269]
Timestep: 262, Trans probs: [0.1193475528052662, 0.09463736853819384, 0.31271779294483293, 0.09463736853819375, 0.09463738447621906, 0.09474779562090675, 0.09463736853819375, 0.09463736853819375]
Timestep: 263, Trans probs: [0.10980190467498913, 0.09560564901819504, 0.31650075056161014, 0.095605649018195, 0.09560565817475487, 0.09566909051586592, 0.095605649018195, 0.095605649018195]
Timestep: 264, Trans probs: [0.10434213632762705, 0.0962886965912568, 0.31788968899819925, 0.09628869659125679, 0.09628870178571121, 0.09632468652343537, 0.09628869659125679, 0.09628869659125679]
Timestep: 265, Trans probs: [0.21499780258172724, 0.09420013357413366, 0.21722152138041692, 0.09420013357413366, 0.09678000816718757, 0.09420013357413366, 0.09420013357413366, 0.09420013357413366]
Timestep: 266, Trans probs: [0.19798771697025863, 0.09672383959612985, 0.22164895359754558, 0.09672383959612982, 0.0967238425244462, 0.0967441285232302, 0.09672383959612982, 0.09672383959612982]
Timestep: 267, Trans probs: [0.16299920624781666, 0.09398011594139163, 0.27310626764979784, 0.09398011594139163, 0.09398011793726359, 0.09399394439955533, 0.09398011594139163, 0.09398011594139163]
Timestep: 268, Trans probs: [0.1371320719045552, 0.09379980563063986, 0.3000604111354828, 0.09379980563063986, 0.09379980688370845, 0.093808487553694, 0.09379980563063986, 0.09379980563063986]
Timestep: 269, Trans probs: [0.12036878834987803, 0.09465160756932742, 0.31171641287317964, 0.09465160756932742, 0.09465160831300862, 0.09465676018662407, 0.09465160756932742, 0.09465160756932742]
Timestep: 270, Trans probs: [0.11038566917956362, 0.09556928200385116, 0.31619566980192687, 0.09556928200385116, 0.0955692824323067, 0.09557225057079818, 0.09556928200385116, 0.09556928200385116]
Timestep: 271, Trans probs: [0.10466906901809458, 0.09625531041121517, 0.31779738251583983, 0.09625531041121517, 0.09625531065452153, 0.09625699616668336, 0.09625531041121517, 0.09625531041121517]
Timestep: 272, Trans probs: [0.10144638933433424, 0.09670131886459038, 0.3183447466328032, 0.09670131886459038, 0.0967013190018068, 0.09670226957269422, 0.09670131886459038, 0.09670131886459038]
Timestep: 273, Trans probs: [0.1111111111111111, 0.1111111111111111, 0.2222222222222222, 0.1111111111111111, 0.1111111111111111, 0.1111111111111111, 0.1111111111111111, 0.1111111111111111]
Timestep: 274, Trans probs: [0.17321747512361127, 0.09291022610631454, 0.2676060471349249, 0.09291022610631454, 0.09462534720989108, 0.09291022610631454, 0.09291022610631454, 0.09291022610631454]
Timestep: 275, Trans probs: [0.09526901142338352, 0.09526901142338352, 0.09526901142338352, 0.09526901142338352, 0.31509992454827973, 0.11328600691141913, 0.09526901142338352, 0.09526901142338352]
Timestep: 276, Trans probs: [0.17321747512361127, 0.09291022610631454, 0.2676060471349249, 0.09291022610631454, 0.09462534720989108, 0.09291022610631454, 0.09291022610631454, 0.09291022610631454]
Timestep: 277, Trans probs: [0.23687922472494075, 0.09313595378821599, 0.2032242325861841, 0.09313595378821599, 0.09421677374779526, 0.09313595378821599, 0.09313595378821599, 0.09313595378821599]
Timestep: 278, Trans probs: [0.2788073760847605, 0.09270965014693752, 0.1642325287977121, 0.09270965014693752, 0.0934118443828397, 0.09270965014693752, 0.09270965014693752, 0.09270965014693752]
Timestep: 279, Trans probs: [0.09294041035206917, 0.09294041035206917, 0.09294041035206917, 0.09294041035206917, 0.18878715441151905, 0.253570383476066, 0.09294041035206917, 0.09294041035206917]
Timestep: 280, Trans probs: [0.2788073760847605, 0.09270965014693752, 0.1642325287977121, 0.09270965014693752, 0.0934118443828397, 0.09270965014693752, 0.09270965014693752, 0.09270965014693752]
Timestep: 281, Trans probs: [0.09963939352624993, 0.19394454488720433, 0.22155416491501823, 0.09697227244360217, 0.0969722725207291, 0.09697280681999201, 0.09697227244360217, 0.09697227244360217]
Timestep: 282, Trans probs: [0.09294041035206917, 0.09294041035206917, 0.09294041035206917, 0.09294041035206917, 0.18878715441151905, 0.253570383476066, 0.09294041035206917, 0.09294041035206917]
Timestep: 283, Trans probs: [0.20826699389313796, 0.09339379774891578, 0.23093677371398497, 0.09339379774891578, 0.09382724364829813, 0.09339379774891578, 0.09339379774891578, 0.09339379774891578]
Timestep: 284, Trans probs: [0.09526901142338352, 0.09526901142338352, 0.09526901142338352, 0.09526901142338352, 0.31509992454827973, 0.11328600691141913, 0.09526901142338352, 0.09526901142338352]
Timestep: 285, Trans probs: [0.20826699389313796, 0.09339379774891578, 0.23093677371398497, 0.09339379774891578, 0.09382724364829813, 0.09339379774891578, 0.09339379774891578, 0.09339379774891578]
Timestep: 286, Trans probs: [0.18785400461144894, 0.09389180271536314, 0.09389180271536314, 0.09389180271536314, 0.13610810358742575, 0.20657887822430956, 0.09389180271536314, 0.09389180271536314]
Timestep: 287, Trans probs: [0.26050149311351595, 0.09278539987061392, 0.18250337502481148, 0.09278539987061392, 0.09306813250860302, 0.09278539987061392, 0.09278539987061392, 0.09278539987061392]
Timestep: 288, Trans probs: [0.125, 0.125, 0.125, 0.125, 0.125, 0.125, 0.125, 0.125]
Timestep: 289, Trans probs: [0.26050149311351595, 0.09278539987061392, 0.18250337502481148, 0.09278539987061392, 0.09306813250860302, 0.09278539987061392, 0.09278539987061392, 0.09278539987061392]
Timestep: 290, Trans probs: [0.09294041035206917, 0.09294041035206917, 0.09294041035206917, 0.09294041035206917, 0.18878715441151905, 0.253570383476066, 0.09294041035206917, 0.09294041035206917]
Timestep: 291, Trans probs: [0.09963939352624993, 0.19394454488720433, 0.22155416491501823, 0.09697227244360217, 0.0969722725207291, 0.09697280681999201, 0.09697227244360217, 0.09697227244360217]
Timestep: 292, Trans probs: [0.09579920134007418, 0.16070817654088523, 0.27367496652393103, 0.09396345754757948, 0.09396345760066492, 0.09396382535170617, 0.09396345754757948, 0.09396345754757948]
Timestep: 293, Trans probs: [0.09490913898844086, 0.13574640999205553, 0.3005732858752556, 0.09375418674161547, 0.093754186775014, 0.0937544181443876, 0.09375418674161547, 0.09375418674161547]
Timestep: 294, Trans probs: [0.09531396471036525, 0.11954890323672097, 0.31199421170085556, 0.09462855660118448, 0.09462855662100488, 0.09462869392749987, 0.09462855660118448, 0.09462855660118448]
Timestep: 295, Trans probs: [0.09595716565154244, 0.10991516527826033, 0.31631554970104453, 0.09556240805305749, 0.09556240806447296, 0.0955624871455073, 0.09556240805305749, 0.09556240805305749]
Timestep: 296, Trans probs: [0.09647895989624192, 0.1044036702063494, 0.3178431515593866, 0.09625483468529701, 0.09625483469177819, 0.09625487959035285, 0.09625483468529701, 0.09625483468529701]
Timestep: 297, Trans probs: [0.26050149311351595, 0.09278539987061392, 0.18250337502481148, 0.09278539987061392, 0.09306813250860302, 0.09278539987061392, 0.09278539987061392, 0.09278539987061392]
Timestep: 298, Trans probs: [0.2921752160146114, 0.09297443306377919, 0.14979911121845627, 0.09297443306377919, 0.09315350744803653, 0.09297443306377919, 0.09297443306377919, 0.09297443306377919]
Timestep: 299, Trans probs: [0.19353134511275782, 0.10129769607324436, 0.2216585373064609, 0.09670247923628673, 0.09670247923994152, 0.09670250455873532, 0.09670247923628673, 0.09670247923628673]
Timestep: 300, Trans probs: [0.21395884719295846, 0.09396285301623516, 0.2221561625996307, 0.09396285301623516, 0.0940707251262351, 0.09396285301623516, 0.09396285301623516, 0.09396285301623516]
Timestep: 301, Trans probs: [0.2648651586104559, 0.0929611753734161, 0.17729682238626515, 0.0929611753734161, 0.0930321421361984, 0.0929611753734161, 0.0929611753734161, 0.0929611753734161]
Timestep: 302, Trans probs: [0.19708823704294395, 0.09312695014811534, 0.242061282062956, 0.09312695014811534, 0.09521573015352343, 0.09312695014811534, 0.09312695014811534, 0.09312695014811534]
Timestep: 303, Trans probs: [0.2542870466277504, 0.09694167111020026, 0.17989889082937227, 0.09377447479539477, 0.09377447479791379, 0.09377449224857896, 0.09377447479539477, 0.09377447479539477]
Timestep: 304, Trans probs: [0.09526901142338352, 0.09526901142338352, 0.09526901142338352, 0.09526901142338352, 0.31509992454827973, 0.11328600691141913, 0.09526901142338352, 0.09526901142338352]
Timestep: 305, Trans probs: [0.20156669313212472, 0.09314994696991954, 0.14633892061929388, 0.09314994696991954, 0.18634465139898368, 0.09314994696991954, 0.09314994696991954, 0.09314994696991954]
Timestep: 306, Trans probs: [0.25959124009878376, 0.09068497290341314, 0.1290601364108129, 0.09068497290341314, 0.1579237589733376, 0.09068497290341314, 0.09068497290341314, 0.09068497290341314]
Timestep: 307, Trans probs: [0.2542870466277504, 0.09694167111020026, 0.17989889082937227, 0.09377447479539477, 0.09377447479791379, 0.09377449224857896, 0.09377447479539477, 0.09377447479539477]
Timestep: 308, Trans probs: [0.09294041035206917, 0.09294041035206917, 0.09294041035206917, 0.09294041035206917, 0.18878715441151905, 0.253570383476066, 0.09294041035206917, 0.09294041035206917]
Timestep: 309, Trans probs: [0.2542870466277504, 0.09694167111020026, 0.17989889082937227, 0.09377447479539477, 0.09377447479791379, 0.09377449224857896, 0.09377447479539477, 0.09377447479539477]
Timestep: 310, Trans probs: [0.13495209407508416, 0.09347859213833, 0.3033430715515149, 0.09347859213833, 0.0943118736817509, 0.09347859213833, 0.09347859213833, 0.09347859213833]
Timestep: 311, Trans probs: [0.11903352214215793, 0.09461263728684588, 0.21818735482058543, 0.09461263728684588, 0.18971593660302724, 0.09461263728684588, 0.09461263728684588, 0.09461263728684588]
Timestep: 312, Trans probs: [0.19711141073906302, 0.09518235716047405, 0.148922423340831, 0.0931306329086246, 0.18626126581888103, 0.09313064421487709, 0.0931306329086246, 0.0931306329086246]
Timestep: 313, Trans probs: [0.09526901142338352, 0.09526901142338352, 0.09526901142338352, 0.09526901142338352, 0.31509992454827973, 0.11328600691141913, 0.09526901142338352, 0.09526901142338352]
Timestep: 314, Trans probs: [0.19711141073906302, 0.09518235716047405, 0.148922423340831, 0.0931306329086246, 0.18626126581888103, 0.09313064421487709, 0.0931306329086246, 0.0931306329086246]
Timestep: 315, Trans probs: [0.16615424442009608, 0.09199280786462558, 0.22159296668569806, 0.09050001643185183, 0.15825990707598125, 0.09050002465804345, 0.09050001643185183, 0.09050001643185183]
Timestep: 316, Trans probs: [0.14272548209322644, 0.09060960077521778, 0.2712448087240148, 0.08956056309800416, 0.13717785023468654, 0.08956056887884183, 0.08956056309800416, 0.08956056309800416]
Timestep: 317, Trans probs: [0.1250718867211097, 0.0914859799609424, 0.2987056713668205, 0.09080993111126816, 0.12149673378061304, 0.09080993483670981, 0.09080993111126816, 0.09080993111126816]
Timestep: 318, Trans probs: [0.2022516609379706, 0.09102505088215085, 0.20732056341229238, 0.09102505088215085, 0.1353025212389829, 0.09102505088215085, 0.09102505088215085, 0.09102505088215085]
Timestep: 319, Trans probs: [0.20619627897170775, 0.09315462935030332, 0.2183749270121198, 0.09274610138842962, 0.11128975686091233, 0.09274610363966795, 0.09274610138842962, 0.09274610138842962]
Timestep: 320, Trans probs: [0.09526901142338352, 0.09526901142338352, 0.09526901142338352, 0.09526901142338352, 0.31509992454827973, 0.11328600691141913, 0.09526901142338352, 0.09526901142338352]
Timestep: 321, Trans probs: [0.20619627897170775, 0.09315462935030332, 0.2183749270121198, 0.09274610138842962, 0.11128975686091233, 0.09274610363966795, 0.09274610138842962, 0.09274610138842962]
Timestep: 322, Trans probs: [0.09294041035206917, 0.09294041035206917, 0.09294041035206917, 0.09294041035206917, 0.18878715441151905, 0.253570383476066, 0.09294041035206917, 0.09294041035206917]
Timestep: 323, Trans probs: [0.20619627897170775, 0.09315462935030332, 0.2183749270121198, 0.09274610138842962, 0.11128975686091233, 0.09274610363966795, 0.09274610138842962, 0.09274610138842962]
Timestep: 324, Trans probs: [0.16868188845099494, 0.09191977298707703, 0.26859428468374213, 0.09164235779820977, 0.10423462115661974, 0.09164235932693673, 0.09164235779820977, 0.09164235779820977]
Timestep: 325, Trans probs: [0.16751441734460884, 0.09008867977377497, 0.2611316008869697, 0.09008867977377497, 0.1209105828995466, 0.09008867977377497, 0.09008867977377497, 0.09008867977377497]
Timestep: 326, Trans probs: [0.23349360372700598, 0.09244490378667829, 0.2047164028076577, 0.0922686145256739, 0.100270630604501, 0.09226861549713532, 0.0922686145256739, 0.0922686145256739]
Timestep: 327, Trans probs: [0.1846120549048148, 0.0921553231306484, 0.2577885070734243, 0.09203976638375005, 0.09728504871932407, 0.09203976702053823, 0.09203976638375005, 0.09203976638375005]
Timestep: 328, Trans probs: [0.15146580397952986, 0.09249932260418231, 0.29056145165903025, 0.09242562353832716, 0.09577092719782214, 0.09242562394445397, 0.09242562353832716, 0.09242562353832716]
Timestep: 329, Trans probs: [0.12933239502369176, 0.09361896305783855, 0.30715090310728255, 0.0935743267405109, 0.09560043160317008, 0.09357432698648424, 0.0935743267405109, 0.0935743267405109]
Timestep: 330, Trans probs: [0.14127115793183903, 0.09093724823070816, 0.2930682573016396, 0.09093724823070816, 0.1109743436129806, 0.09093724823070816, 0.09093724823070816, 0.09093724823070816]
Timestep: 331, Trans probs: [0.21599054130890133, 0.09265277422320493, 0.21587762616611642, 0.09265277422320493, 0.1048679614089577, 0.09265277422320493, 0.09265277422320493, 0.09265277422320493]
Timestep: 332, Trans probs: [0.09526901142338352, 0.09526901142338352, 0.09526901142338352, 0.09526901142338352, 0.31509992454827973, 0.11328600691141913, 0.09526901142338352, 0.09526901142338352]
Timestep: 333, Trans probs: [0.21047837214144433, 0.0948241375176861, 0.21952391965517878, 0.09479807050848417, 0.09598128850810901, 0.0947980706521293, 0.09479807050848417, 0.09479807050848417]
Timestep: 334, Trans probs: [0.09526901142338352, 0.09526901142338352, 0.09526901142338352, 0.09526901142338352, 0.31509992454827973, 0.11328600691141913, 0.09526901142338352, 0.09526901142338352]
Timestep: 335, Trans probs: [0.21047837214144433, 0.0948241375176861, 0.21952391965517878, 0.09479807050848417, 0.09598128850810901, 0.0947980706521293, 0.09479807050848417, 0.09479807050848417]
Timestep: 336, Trans probs: [0.1704055086192467, 0.09320942161563955, 0.2696351905739936, 0.09319202258899065, 0.09398178873927833, 0.09319202268486991, 0.09319202258899065, 0.09319202258899065]
Timestep: 337, Trans probs: [0.14187518744249852, 0.09334883893126493, 0.29759000896222076, 0.09333790170291965, 0.09383435779206631, 0.09333790176319046, 0.09333790170291965, 0.09333790170291965]
Timestep: 338, Trans probs: [0.10340800478102719, 0.09246025982888803, 0.2991961635241946, 0.09246025982888803, 0.13509453255033807, 0.09246025982888803, 0.09246025982888803, 0.09246025982888803]
Timestep: 339, Trans probs: [0.12327492089658716, 0.09433069830201445, 0.2161532147228297, 0.09432417463844804, 0.18894446748882718, 0.09432417467439741, 0.09432417463844804, 0.09432417463844804]
Timestep: 340, Trans probs: [0.11229848396501503, 0.09188225017987592, 0.2696892053254724, 0.0918776486176791, 0.15861946603356278, 0.09187764864303652, 0.0918776486176791, 0.0918776486176791]
Timestep: 341, Trans probs: [0.1053218564201826, 0.09222004517314185, 0.2985420790110571, 0.0922170921897474, 0.13504765062035606, 0.09221709220602015, 0.0922170921897474, 0.0922170921897474]
Timestep: 342, Trans probs: [0.10147583612373219, 0.09360337935027346, 0.31117725521749307, 0.09360160499757617, 0.11933710930841887, 0.09360160500735393, 0.09360160499757617, 0.09360160499757617]
Timestep: 343, Trans probs: [0.09949212064155213, 0.09492671357239929, 0.3160281701619566, 0.0949256845870926, 0.10985025727005124, 0.09492568459276296, 0.0949256845870926, 0.0949256845870926]
Timestep: 344, Trans probs: [0.09847980804210629, 0.09587824307306744, 0.3177490029977515, 0.09587765671305902, 0.10438231903160758, 0.09587765671629021, 0.09587765671305902, 0.09587765671305902]
Timestep: 345, Trans probs: [0.09795496123819337, 0.09648502368941644, 0.3183312445650244, 0.09648469238398925, 0.10129000096958311, 0.09648469238581496, 0.09648469238398925, 0.09648469238398925]
Timestep: 346, Trans probs: [0.09767670194116508, 0.09684962926094662, 0.31852270740577854, 0.09684944284917159, 0.09955318999439611, 0.09684944285019884, 0.09684944284917159, 0.09684944284917159]
Timestep: 347, Trans probs: [0.21599054130890133, 0.09265277422320493, 0.21587762616611642, 0.09265277422320493, 0.1048679614089577, 0.09265277422320493, 0.09265277422320493, 0.09265277422320493]
Timestep: 348, Trans probs: [0.1003392457613212, 0.09377913445303643, 0.3114386246861051, 0.09377913445303643, 0.11932645728739158, 0.09377913445303643, 0.09377913445303643, 0.09377913445303643]
Timestep: 349, Trans probs: [0.19458812822824328, 0.0970619318532931, 0.22152275496369456, 0.09706182719032208, 0.09857987619290406, 0.09706182719089883, 0.09706182719032208, 0.09706182719032208]
Timestep: 350, Trans probs: [0.161056349849759, 0.09404836559269474, 0.27361079994169374, 0.09404829368119838, 0.09509130989066261, 0.09404829368159465, 0.09404829368119838, 0.09404829368119838]
Timestep: 351, Trans probs: [0.1742718549067124, 0.09191068063828561, 0.17419645364096717, 0.09191068063828561, 0.19197828826089244, 0.09191068063828561, 0.09191068063828561, 0.09191068063828561]
Timestep: 352, Trans probs: [0.22975598060681646, 0.09381357293871327, 0.20670704858206018, 0.09381352772692501, 0.09446928696446079, 0.09381352772717415, 0.09381352772692501, 0.09381352772692501]
Timestep: 353, Trans probs: [0.1821454612980085, 0.09291538834340962, 0.25993192883131305, 0.09291535866723107, 0.09334578685818107, 0.09291535866739459, 0.09291535866723107, 0.09291535866723107]
Timestep: 354, Trans probs: [0.14964735253462907, 0.0930081207238313, 0.29203080087662414, 0.09300810188672962, 0.09328131831789317, 0.09300810188683341, 0.09300810188672962, 0.09300810188672962]
Timestep: 355, Trans probs: [0.12810969922399804, 0.093970747959959, 0.30790119024967805, 0.09397073660601095, 0.09413541614225863, 0.09397073660607351, 0.09397073660601095, 0.09397073660601095]
Timestep: 356, Trans probs: [0.11492816935619647, 0.09505589350767615, 0.3146406427223711, 0.09505588689854556, 0.09515174681953757, 0.09505588689858196, 0.09505588689854556, 0.09505588689854556]
Timestep: 357, Trans probs: [0.09883970869561202, 0.09504098075182331, 0.31612085763258313, 0.09504098075182331, 0.10983452991268823, 0.09504098075182331, 0.09504098075182331, 0.09504098075182331]
Timestep: 358, Trans probs: [0.14945738573231984, 0.08980985217128888, 0.23921263086857028, 0.08980985217128888, 0.16228072254266554, 0.08980985217128888, 0.08980985217128888, 0.08980985217128888]
Timestep: 359, Trans probs: [0.10725938032293804, 0.0959108284726936, 0.22131009984862102, 0.09591082469838702, 0.19187639256217848, 0.09591082469840782, 0.09591082469838702, 0.09591082469838702]
Timestep: 360, Trans probs: [0.194058349791196, 0.09594766354943202, 0.22183211686832302, 0.09594766354943202, 0.10437121559332085, 0.09594766354943202, 0.09594766354943202, 0.09594766354943202]
Timestep: 361, Trans probs: [0.10105020162831213, 0.0931805501274784, 0.1801386551975773, 0.0931805475101861, 0.25290840300587336, 0.09318054751020054, 0.0931805475101861, 0.0931805475101861]
Timestep: 362, Trans probs: [0.1304490313269095, 0.08978759752134789, 0.2814223433434825, 0.08978759752134789, 0.13919063772286858, 0.08978759752134789, 0.08978759752134789, 0.08978759752134789]
Timestep: 363, Trans probs: [0.2084131187407187, 0.0914094061865875, 0.21203374075117964, 0.0914094061865875, 0.1225061095751643, 0.0914094061865875, 0.0914094061865875, 0.0914094061865875]
Timestep: 364, Trans probs: [0.19050026833829461, 0.09268699709104047, 0.14933133958851177, 0.0926869953861413, 0.19673341343757858, 0.0926869953861507, 0.0926869953861413, 0.0926869953861413]
Timestep: 365, Trans probs: [0.1707515214152674, 0.09067673986693461, 0.26390613578915506, 0.09067673986693461, 0.11195864346090452, 0.09067673986693461, 0.09067673986693461, 0.09067673986693461]
Timestep: 366, Trans probs: [0.23447337940834334, 0.09149606656458084, 0.202867774633279, 0.09149606656458084, 0.10517851313547351, 0.09149606656458084, 0.09149606656458084, 0.09149606656458084]
Timestep: 367, Trans probs: [0.25131820229922364, 0.0904086827851697, 0.1312362060927305, 0.0904086815563301, 0.16540218259754894, 0.09040868155633688, 0.0904086815563301, 0.0904086815563301]
Timestep: 368, Trans probs: [0.09526901142338352, 0.09526901142338352, 0.09526901142338352, 0.09526901142338352, 0.31509992454827973, 0.11328600691141913, 0.09526901142338352, 0.09526901142338352]
Timestep: 369, Trans probs: [0.25131820229922364, 0.0904086827851697, 0.1312362060927305, 0.0904086815563301, 0.16540218259754894, 0.09040868155633688, 0.0904086815563301, 0.0904086815563301]
Timestep: 370, Trans probs: [0.1979029598190778, 0.09060844391243568, 0.20844069180075445, 0.09060844309304507, 0.14061413209554724, 0.0906084430930496, 0.09060844309304507, 0.09060844309304507]
Timestep: 371, Trans probs: [0.18552785279184825, 0.09153246319806695, 0.25628232628587355, 0.09153246319806695, 0.1005275049319434, 0.09153246319806695, 0.09153246319806695, 0.09153246319806695]
Timestep: 372, Trans probs: [0.2443155857252492, 0.09205892312843865, 0.19757015488640417, 0.09205892312843865, 0.09781964374615339, 0.09205892312843865, 0.09205892312843865, 0.09205892312843865]
Timestep: 373, Trans probs: [0.28276525894725707, 0.09219054082188208, 0.16036907275433662, 0.09219054082188208, 0.09591296418899592, 0.09219054082188208, 0.09219054082188208, 0.09219054082188208]
Timestep: 374, Trans probs: [0.2544273999257919, 0.0897798796260371, 0.17200050746992274, 0.08977987905428521, 0.12467269676110422, 0.08977987905428836, 0.08977987905428521, 0.08977987905428521]
Timestep: 375, Trans probs: [0.09294041035206917, 0.09294041035206917, 0.09294041035206917, 0.09294041035206917, 0.18878715441151905, 0.253570383476066, 0.09294041035206917, 0.09294041035206917]
Timestep: 376, Trans probs: [0.2544273999257919, 0.0897798796260371, 0.17200050746992274, 0.08977987905428521, 0.12467269676110422, 0.08977987905428836, 0.08977987905428521, 0.08977987905428521]
Timestep: 377, Trans probs: [0.09294041035206917, 0.09294041035206917, 0.09294041035206917, 0.09294041035206917, 0.18878715441151905, 0.253570383476066, 0.09294041035206917, 0.09294041035206917]
Timestep: 378, Trans probs: [0.21024560206212262, 0.09319932631442428, 0.2282722197375216, 0.09319932631442428, 0.09548554662823447, 0.09319932631442428, 0.09319932631442428, 0.09319932631442428]
Timestep: 379, Trans probs: [0.26182573343269405, 0.09261085185309018, 0.18101287811946315, 0.09261085185309018, 0.09410712918239186, 0.09261085185309018, 0.09261085185309018, 0.09261085185309018]
Timestep: 380, Trans probs: [0.2544273999257919, 0.0897798796260371, 0.17200050746992274, 0.08977987905428521, 0.12467269676110422, 0.08977987905428836, 0.08977987905428521, 0.08977987905428521]
Timestep: 381, Trans probs: [0.19876043684514813, 0.09053212332902814, 0.23511061073144096, 0.09053212295319654, 0.11346833728159449, 0.09053212295319861, 0.09053212295319654, 0.09053212295319654]
Timestep: 382, Trans probs: [0.21411683879915638, 0.09437179748823071, 0.21747388942104556, 0.09437179748823071, 0.09655028433864446, 0.09437179748823071, 0.09437179748823071, 0.09437179748823071]
Timestep: 383, Trans probs: [0.16249662754836186, 0.09082046594232433, 0.18657018883039575, 0.09082046569342303, 0.1968308549052247, 0.0908204656934244, 0.09082046569342303, 0.09082046569342303]
Timestep: 384, Trans probs: [0.09294041035206917, 0.09294041035206917, 0.09294041035206917, 0.09294041035206917, 0.18878715441151905, 0.253570383476066, 0.09294041035206917, 0.09294041035206917]
Timestep: 385, Trans probs: [0.2000040181566503, 0.09288595987701823, 0.24173303448131406, 0.09288595987701823, 0.09383314797694448, 0.09288595987701823, 0.09288595987701823, 0.09288595987701823]
Timestep: 386, Trans probs: [0.09526901142338352, 0.09526901142338352, 0.09526901142338352, 0.09526901142338352, 0.31509992454827973, 0.11328600691141913, 0.09526901142338352, 0.09526901142338352]
Timestep: 387, Trans probs: [0.16249662754836186, 0.09082046594232433, 0.18657018883039575, 0.09082046569342303, 0.1968308549052247, 0.0908204656934244, 0.09082046569342303, 0.09082046569342303]
Timestep: 388, Trans probs: [0.14058977356126132, 0.08942255115906803, 0.2471976374351122, 0.08942255098138568, 0.16509983391901475, 0.08942255098138666, 0.08942255098138568, 0.08942255098138568]
Timestep: 389, Trans probs: [0.12421249461468818, 0.08991031687957403, 0.28559203958177404, 0.08991031676045692, 0.1406438818821353, 0.08991031676045759, 0.08991031676045692, 0.08991031676045692]
Timestep: 390, Trans probs: [0.11304876923842241, 0.09168636076019258, 0.3052376632107863, 0.0916863606860099, 0.12328176404655863, 0.09168636068601031, 0.0916863606860099, 0.0916863606860099]
Timestep: 391, Trans probs: [0.10622178131430082, 0.0935609976713756, 0.31368669607899907, 0.09356099762741, 0.11228653442568431, 0.09356099762741024, 0.09356099762741, 0.09356099762741]
Timestep: 392, Trans probs: [0.2000040181566503, 0.09288595987701823, 0.24173303448131406, 0.09288595987701823, 0.09383314797694448, 0.09288595987701823, 0.09288595987701823, 0.09288595987701823]
Timestep: 393, Trans probs: [0.23658300890913944, 0.09318636742215619, 0.20338532558610845, 0.09318636742215619, 0.09409982839397112, 0.09318636742215619, 0.09318636742215619, 0.09318636742215619]
Timestep: 394, Trans probs: [0.19729823010606976, 0.09499943189707397, 0.22190927873127023, 0.09499943187172633, 0.10579533177868056, 0.09499943187172646, 0.09499943187172633, 0.09499943187172633]
Timestep: 395, Trans probs: [0.16185165921279263, 0.09267673618528872, 0.1887995103840357, 0.09267673618528872, 0.18596514947672813, 0.09267673618528872, 0.09267673618528872, 0.09267673618528872]
Timestep: 396, Trans probs: [0.25575999828080964, 0.09284566462274604, 0.1797714566460734, 0.0928456646053844, 0.10024022202883326, 0.09284566460538449, 0.0928456646053844, 0.0928456646053844]
Timestep: 397, Trans probs: [0.19797887826979244, 0.0926284746091606, 0.24146849961246505, 0.0926284745979335, 0.09741024911684797, 0.09262847459793354, 0.0926284745979335, 0.0926284745979335]
Timestep: 398, Trans probs: [0.16088983153201478, 0.09240586988189294, 0.2815665143956524, 0.09240586987459466, 0.09551430469206126, 0.09240586987459469, 0.09240586987459466, 0.09240586987459466]
Timestep: 399, Trans probs: [0.13543754216218853, 0.09327324765471766, 0.3030091667439703, 0.09327324765022427, 0.09518705283822634, 0.09327324765022427, 0.09327324765022427, 0.09327324765022427]
Timestep: 400, Trans probs: [0.11934526771203356, 0.09447998469258476, 0.31264620790299197, 0.09447998468993489, 0.09560860093265015, 0.09447998468993489, 0.09447998468993489, 0.09447998468993489]
Timestep: 401, Trans probs: [0.10980940234590654, 0.09551046332252201, 0.3164787997836614, 0.09551046332099819, 0.0961594812639174, 0.09551046332099819, 0.09551046332099819, 0.09551046332099819]
Timestep: 402, Trans probs: [0.10434900134471016, 0.096233243621996, 0.31788316887083246, 0.09623324362113111, 0.09660161167793677, 0.09623324362113111, 0.09623324362113111, 0.09623324362113111]
Timestep: 403, Trans probs: [0.10126855132142386, 0.09669214121718449, 0.31837088161164045, 0.09669214121669678, 0.09689986098296409, 0.09669214121669678, 0.09669214121669678, 0.09669214121669678]
Timestep: 404, Trans probs: [0.09954032623486996, 0.09696807714498304, 0.3185344584711069, 0.0969680771447089, 0.09708482957020452, 0.0969680771447089, 0.0969680771447089, 0.0969680771447089]
Timestep: 405, Trans probs: [0.09857239501140387, 0.09712899924243229, 0.3185880949010448, 0.09712899924227847, 0.09719451387600507, 0.09712899924227847, 0.09712899924227847, 0.09712899924227847]
Timestep: 406, Trans probs: [0.09803047982757825, 0.0972212274274102, 0.31860542425879995, 0.09722122742732395, 0.09725795877691572, 0.09722122742732395, 0.09722122742732395, 0.09722122742732395]
Timestep: 407, Trans probs: [0.09772706858058318, 0.09727356302733284, 0.31861096898428354, 0.0972735630272845, 0.09729414729866237, 0.0972735630272845, 0.0972735630272845, 0.0972735630272845]
Timestep: 408, Trans probs: [0.09755717464619322, 0.0973030935233904, 0.31861273166510895, 0.09730309352336332, 0.09731462607185423, 0.09730309352336332, 0.09730309352336332, 0.09730309352336332]
Timestep: 409, Trans probs: [0.09746203450235914, 0.09731970259120068, 0.3186132896135576, 0.09731970259118551, 0.09732616292814064, 0.09731970259118551, 0.09731970259118551, 0.09731970259118551]
Timestep: 410, Trans probs: [0.09740875292255452, 0.09732902711191092, 0.3186134657122483, 0.09732902711190243, 0.09733264580567662, 0.09732902711190243, 0.09732902711190243, 0.09732902711190243]
Timestep: 411, Trans probs: [0.09737891232221718, 0.0973342566008339, 0.3186135211836482, 0.09733425660082914, 0.09733628348998397, 0.09733425660082914, 0.09733425660082914, 0.09733425660082914]
Timestep: 412, Trans probs: [0.09736219955715408, 0.09733718775703262, 0.31861353863412123, 0.09733718775702997, 0.09733832302357226, 0.09733718775702997, 0.09733718775702997, 0.09733718775702997]
Timestep: 413, Trans probs: [0.09735283914294024, 0.09733883014676045, 0.31861354411884635, 0.09733883014675897, 0.09733946600441722, 0.09733883014675897, 0.09733883014675897, 0.09733883014675897]
Timestep: 414, Trans probs: [0.09734759656035531, 0.09733975024327386, 0.3186135458416542, 0.09733975024327304, 0.09734010638162452, 0.09733975024327304, 0.09733975024327304, 0.09733975024327304]
Timestep: 415, Trans probs: [0.09734466028039597, 0.09734026564464324, 0.31861354638258005, 0.09734026564464275, 0.09734046511380977, 0.09734026564464275, 0.09734026564464275, 0.09734026564464275]
Timestep: 416, Trans probs: [0.14053854010763966, 0.09020514637073336, 0.2503516129349942, 0.09020514637073336, 0.1580841151036993, 0.09020514637073336, 0.09020514637073336, 0.09020514637073336]
Timestep: 417, Trans probs: [0.19468357005163897, 0.0973405543351537, 0.22127299221721775, 0.09734055433515343, 0.0973406660553759, 0.09734055433515343, 0.09734055433515343, 0.09734055433515343]
Timestep: 418, Trans probs: [0.1610833000577553, 0.09422438405484321, 0.2735703188794534, 0.09422438405484303, 0.09422446078857595, 0.09422438405484303, 0.09422438405484303, 0.09422438405484303]
Timestep: 419, Trans probs: [0.1359325672164965, 0.09392199821429816, 0.3005353952823389, 0.09392199821429806, 0.09392204642967417, 0.09392199821429806, 0.09392199821429806, 0.09392199821429806]
Timestep: 420, Trans probs: [0.11964161345079426, 0.0947299447716633, 0.3119786893281955, 0.09472994477166324, 0.0947299733626941, 0.09472994477166324, 0.09472994477166324, 0.09472994477166324]
Timestep: 421, Trans probs: [0.10996259849487292, 0.09562140020181407, 0.316308983834902, 0.09562140020181403, 0.09562141666115478, 0.09562140020181403, 0.09562140020181403, 0.09562140020181403]
Timestep: 422, Trans probs: [0.12412281459757026, 0.0903719506272212, 0.2881294997021627, 0.0903719506272212, 0.13588793256416107, 0.0903719506272212, 0.0903719506272212, 0.0903719506272212]
Timestep: 423, Trans probs: [0.2007170998281636, 0.09628847605439103, 0.22155203450307243, 0.09628847605439102, 0.09628848539680873, 0.09628847605439102, 0.09628847605439102, 0.09628847605439102]
Timestep: 424, Trans probs: [0.164600036975654, 0.09381093256288883, 0.27253436131406183, 0.09381093256288883, 0.09381093889584007, 0.09381093256288883, 0.09381093256288883, 0.09381093256288883]
Timestep: 425, Trans probs: [0.1381422909357221, 0.09370965916262566, 0.2995997501134815, 0.09370965916262566, 0.09370966313766804, 0.09370965916262566, 0.09370965916262566, 0.09370965916262566]
Timestep: 426, Trans probs: [0.12098263029843297, 0.0945900858273527, 0.311476852376315, 0.0945900858273527, 0.09459008818848863, 0.0945900858273527, 0.0945900858273527, 0.0945900858273527]
Timestep: 427, Trans probs: [0.11295239393926935, 0.092030835922036, 0.3066480459277714, 0.092030835922036, 0.12024538052277928, 0.092030835922036, 0.092030835922036, 0.092030835922036]
Timestep: 428, Trans probs: [0.1999736666596724, 0.09381184163462265, 0.22050025445203164, 0.09381184163462265, 0.11046687071518259, 0.09381184163462265, 0.09381184163462265, 0.09381184163462265]
Timestep: 429, Trans probs: [0.09294041035206917, 0.09294041035206917, 0.09294041035206917, 0.09294041035206917, 0.18878715441151905, 0.253570383476066, 0.09294041035206917, 0.09294041035206917]
Timestep: 430, Trans probs: [0.20627008516642004, 0.09552707887440458, 0.22056744022590158, 0.09552707887440458, 0.0955270802356554, 0.09552707887440458, 0.09552707887440458, 0.09552707887440458]
Timestep: 431, Trans probs: [0.1678834935850206, 0.09351889303692167, 0.27100314727936126, 0.09351889303692167, 0.09351889395100987, 0.09351889303692167, 0.09351889303692167, 0.09351889303692167]
Timestep: 432, Trans probs: [0.1999736666596724, 0.09381184163462265, 0.22050025445203164, 0.09381184163462265, 0.11046687071518259, 0.09381184163462265, 0.09381184163462265, 0.09381184163462265]
Timestep: 433, Trans probs: [0.25692074033539475, 0.0921439932398189, 0.17882042615129318, 0.0921439932398189, 0.10353886731421753, 0.0921439932398189, 0.0921439932398189, 0.0921439932398189]
Timestep: 434, Trans probs: [0.2909907363982246, 0.09222907643042026, 0.14826771351134382, 0.09222907643042026, 0.09959616793833022, 0.09222907643042026, 0.09222907643042026, 0.09222907643042026]
Timestep: 435, Trans probs: [0.3076120405011025, 0.09340761667135097, 0.1274649315377111, 0.09340761667135097, 0.09788494460443144, 0.09340761667135097, 0.09340761667135097, 0.09340761667135097]
Timestep: 436, Trans probs: [0.3145744279274203, 0.09470107238507276, 0.11460277088321734, 0.09470107238507276, 0.09731743926399847, 0.09470107238507276, 0.09470107238507276, 0.09470107238507276]
Timestep: 437, Trans probs: [0.15213322045793456, 0.09287243286545926, 0.290254681062924, 0.09287243286545926, 0.09324993415184507, 0.09287243286545926, 0.09287243286545926, 0.09287243286545926]
Timestep: 438, Trans probs: [0.09526901142338352, 0.09526901142338352, 0.09526901142338352, 0.09526901142338352, 0.31509992454827973, 0.11328600691141913, 0.09526901142338352, 0.09526901142338352]
Timestep: 439, Trans probs: [0.2215081041131994, 0.09570093828035776, 0.10708829477535181, 0.09570093828035776, 0.19289890970966003, 0.09570093828035776, 0.09570093828035776, 0.09570093828035776]
Timestep: 440, Trans probs: [0.27321649483910676, 0.09309597328656022, 0.10097294554295225, 0.09309597328656022, 0.1603306931851399, 0.09309597328656022, 0.09309597328656022, 0.09309597328656022]
Timestep: 441, Trans probs: [0.23377423255262883, 0.09354077842381893, 0.2049810963305122, 0.09354077842381893, 0.09354077899776438, 0.09354077842381893, 0.09354077842381893, 0.09354077842381893]
Timestep: 442, Trans probs: [0.09526901142338352, 0.09526901142338352, 0.09526901142338352, 0.09526901142338352, 0.31509992454827973, 0.11328600691141913, 0.09526901142338352, 0.09526901142338352]
Timestep: 443, Trans probs: [0.23377423255262883, 0.09354077842381893, 0.2049810963305122, 0.09354077842381893, 0.09354077899776438, 0.09354077842381893, 0.09354077842381893, 0.09354077842381893]
Timestep: 444, Trans probs: [0.09291250915465415, 0.09291250915465415, 0.09291250915465415, 0.09291250915465415, 0.15412075787227386, 0.28840418719980127, 0.09291250915465415, 0.09291250915465415]
Timestep: 445, Trans probs: [0.2070549222307746, 0.09318241701169458, 0.1913446695060156, 0.09318241701169458, 0.1356883232047369, 0.09318241701169458, 0.09318241701169458, 0.09318241701169458]
Timestep: 446, Trans probs: [0.263044076608551, 0.09096492704458917, 0.16088834513843348, 0.09096492704458917, 0.12124294303006966, 0.09096492704458917, 0.09096492704458917, 0.09096492704458917]
Timestep: 447, Trans probs: [0.09526901142338352, 0.09526901142338352, 0.09526901142338352, 0.09526901142338352, 0.31509992454827973, 0.11328600691141913, 0.09526901142338352, 0.09526901142338352]
Timestep: 448, Trans probs: [0.23377423255262883, 0.09354077842381893, 0.2049810963305122, 0.09354077842381893, 0.09354077899776438, 0.09354077842381893, 0.09354077842381893, 0.09354077842381893]
Timestep: 449, Trans probs: [0.18430929029124835, 0.09287915950297905, 0.2584157523166735, 0.09287915950297905, 0.09287915987718295, 0.09287915950297905, 0.09287915950297905, 0.09287915950297905]
Timestep: 450, Trans probs: [0.263044076608551, 0.09096492704458917, 0.16088834513843348, 0.09096492704458917, 0.12124294303006966, 0.09096492704458917, 0.09096492704458917, 0.09096492704458917]
Timestep: 451, Trans probs: [0.2440203711782381, 0.09297995263614317, 0.1980999127672738, 0.09297995263614317, 0.0929799528737722, 0.09297995263614317, 0.09297995263614317, 0.09297995263614317]
Timestep: 452, Trans probs: [0.2035457008466614, 0.09139353216739778, 0.22835948261186642, 0.09139353216739778, 0.11112715570448325, 0.09139353216739778, 0.09139353216739778, 0.09139353216739778]
Timestep: 453, Trans probs: [0.2571699188251822, 0.09119076815557756, 0.1825261566181296, 0.09119076815557756, 0.1043500837788004, 0.09119076815557756, 0.09119076815557756, 0.09119076815557756]
Timestep: 454, Trans probs: [0.09291250915465415, 0.09291250915465415, 0.09291250915465415, 0.09291250915465415, 0.15412075787227386, 0.28840418719980127, 0.09291250915465415, 0.09291250915465415]
Timestep: 455, Trans probs: [0.2828292401030711, 0.09278250618903475, 0.16047572260969656, 0.09278250618903475, 0.09278250634205869, 0.09278250618903475, 0.09278250618903475, 0.09278250618903475]
Timestep: 456, Trans probs: [0.09291250915465415, 0.09291250915465415, 0.09291250915465415, 0.09291250915465415, 0.15412075787227386, 0.28840418719980127, 0.09291250915465415, 0.09291250915465415]
Timestep: 457, Trans probs: [0.2828292401030711, 0.09278250618903475, 0.16047572260969656, 0.09278250618903475, 0.09278250634205869, 0.09278250618903475, 0.09278250618903475, 0.09278250618903475]
Timestep: 458, Trans probs: [0.09526901142338352, 0.09526901142338352, 0.09526901142338352, 0.09526901142338352, 0.31509992454827973, 0.11328600691141913, 0.09526901142338352, 0.09526901142338352]
Timestep: 459, Trans probs: [0.2828292401030711, 0.09278250618903475, 0.16047572260969656, 0.09278250618903475, 0.09278250634205869, 0.09278250618903475, 0.09278250618903475, 0.09278250618903475]
Timestep: 460, Trans probs: [0.2571699188251822, 0.09119076815557756, 0.1825261566181296, 0.09119076815557756, 0.1043500837788004, 0.09119076815557756, 0.09119076815557756, 0.09119076815557756]
Timestep: 461, Trans probs: [0.26662332554425733, 0.09606666385977643, 0.15697669129708414, 0.09606666385977643, 0.09606666385977643, 0.09606666385977643, 0.09606666385977643, 0.09606666385977643]
Timestep: 462, Trans probs: [0.09526901142338352, 0.09526901142338352, 0.09526901142338352, 0.09526901142338352, 0.31509992454827973, 0.11328600691141913, 0.09526901142338352, 0.09526901142338352]
Timestep: 463, Trans probs: [0.19849139586907186, 0.18358355855954459, 0.15050668949996115, 0.09179177927977229, 0.10025123895233334, 0.09179177927977229, 0.09179177927977229, 0.09179177927977229]
Timestep: 464, Trans probs: [0.09526901142338352, 0.09526901142338352, 0.09526901142338352, 0.09526901142338352, 0.31509992454827973, 0.11328600691141913, 0.09526901142338352, 0.09526901142338352]
Timestep: 465, Trans probs: [0.3035480753036589, 0.0935697207542383, 0.13503360007718013, 0.0935697207542383, 0.09356972084796951, 0.0935697207542383, 0.0935697207542383, 0.0935697207542383]
Timestep: 466, Trans probs: [0.14687405201820997, 0.09311476019285228, 0.2943427609834704, 0.09311476019285228, 0.09320938603405816, 0.09311476019285228, 0.09311476019285228, 0.09311476019285228]
Timestep: 467, Trans probs: [0.19849139586907186, 0.18358355855954459, 0.15050668949996115, 0.09179177927977229, 0.10025123895233334, 0.09179177927977229, 0.09179177927977229, 0.09179177927977229]
Timestep: 468, Trans probs: [0.09291250915465415, 0.09291250915465415, 0.09291250915465415, 0.09291250915465415, 0.15412075787227386, 0.28840418719980127, 0.09291250915465415, 0.09291250915465415]
Timestep: 469, Trans probs: [0.19849139586907186, 0.18358355855954459, 0.15050668949996115, 0.09179177927977229, 0.10025123895233334, 0.09179177927977229, 0.09179177927977229, 0.09179177927977229]
Timestep: 470, Trans probs: [0.21817171772315785, 0.09468034527767176, 0.11906586527801519, 0.09468034527767176, 0.18936069061046823, 0.09468034527767176, 0.09468034527767176, 0.09468034527767176]
Timestep: 471, Trans probs: [0.16743784687736324, 0.15655812703787447, 0.2219872806062287, 0.08956860861229538, 0.09574231102935213, 0.08956860861229538, 0.08956860861229538, 0.08956860861229538]
Timestep: 472, Trans probs: [0.27108742916625117, 0.09218653732646283, 0.10930979528713552, 0.09218653732646283, 0.15867008891429923, 0.09218653732646283, 0.09218653732646283, 0.09218653732646283]
Timestep: 473, Trans probs: [0.14376004824145286, 0.13610045080902589, 0.27110236536616505, 0.0889381386445431, 0.09328458100518373, 0.0889381386445431, 0.0889381386445431, 0.0889381386445431]
Timestep: 474, Trans probs: [0.29925360730493805, 0.09247552978870743, 0.10341584422857757, 0.09247552978870743, 0.13495289952294717, 0.09247552978870743, 0.09247552978870743, 0.09247552978870743]
Timestep: 475, Trans probs: [0.09526901142338352, 0.09526901142338352, 0.09526901142338352, 0.09526901142338352, 0.31509992454827973, 0.11328600691141913, 0.09526901142338352, 0.09526901142338352]
Timestep: 476, Trans probs: [0.12582177549906992, 0.12087258787790671, 0.2985020323197341, 0.09039903706677298, 0.09320745603619733, 0.09039903706677298, 0.09039903706677298, 0.09039903706677298]
Timestep: 477, Trans probs: [0.29925360730493805, 0.09247552978870743, 0.10341584422857757, 0.09247552978870743, 0.13495289952294717, 0.09247552978870743, 0.09247552978870743, 0.09247552978870743]
Timestep: 478, Trans probs: [0.21768103130708263, 0.09378919618442794, 0.1941333214457451, 0.09378919618442794, 0.11923966632503265, 0.09378919618442794, 0.09378919618442794, 0.09378919618442794]
Timestep: 479, Trans probs: [0.11393723641859135, 0.11093979869526248, 0.31100344165390814, 0.09248372514200254, 0.09418462266422792, 0.09248372514200254, 0.09248372514200254, 0.09248372514200254]
Timestep: 480, Trans probs: [0.2698652512419685, 0.0917888545831911, 0.16167600995506703, 0.0917888545831911, 0.10951446588700907, 0.0917888545831911, 0.0917888545831911, 0.0917888545831911]
Timestep: 481, Trans probs: [0.09526901142338352, 0.09526901142338352, 0.09526901142338352, 0.09526901142338352, 0.31509992454827973, 0.11328600691141913, 0.09526901142338352, 0.09526901142338352]
Timestep: 482, Trans probs: [0.2693133192023422, 0.09301023189474605, 0.17258786868856288, 0.09301023189474605, 0.09304765263536469, 0.09301023189474605, 0.09301023189474605, 0.09301023189474605]
Timestep: 483, Trans probs: [0.09526901142338352, 0.09526901142338352, 0.09526901142338352, 0.09526901142338352, 0.31509992454827973, 0.11328600691141913, 0.09526901142338352, 0.09526901142338352]
Timestep: 484, Trans probs: [0.26662332554425733, 0.09606666385977643, 0.15697669129708414, 0.09606666385977643, 0.09606666385977643, 0.09606666385977643, 0.09606666385977643, 0.09606666385977643]
Timestep: 485, Trans probs: [0.09526901142338352, 0.09526901142338352, 0.09526901142338352, 0.09526901142338352, 0.31509992454827973, 0.11328600691141913, 0.09526901142338352, 0.09526901142338352]
Timestep: 486, Trans probs: [0.2698652512419685, 0.0917888545831911, 0.16167600995506703, 0.0917888545831911, 0.10951446588700907, 0.0917888545831911, 0.0917888545831911, 0.0917888545831911]
Timestep: 487, Trans probs: [0.09526901142338352, 0.09526901142338352, 0.09526901142338352, 0.09526901142338352, 0.31509992454827973, 0.11328600691141913, 0.09526901142338352, 0.09526901142338352]
Timestep: 488, Trans probs: [0.2698652512419685, 0.0917888545831911, 0.16167600995506703, 0.0917888545831911, 0.10951446588700907, 0.0917888545831911, 0.0917888545831911, 0.0917888545831911]
Timestep: 489, Trans probs: [0.10676673221193159, 0.10501877548560982, 0.3159420606871202, 0.09425611054087087, 0.09524798945185488, 0.09425611054087087, 0.09425611054087087, 0.09425611054087087]
Timestep: 490, Trans probs: [0.29829868923294783, 0.09224382979464096, 0.13690965446864897, 0.09224382979464096, 0.1035725073251984, 0.09224382979464096, 0.09224382979464096, 0.09224382979464096]
Timestep: 491, Trans probs: [0.10263962487485469, 0.10164026525701227, 0.3177183984284327, 0.0954869248658151, 0.0960540119764399, 0.0954869248658151, 0.0954869248658151, 0.0954869248658151]
Timestep: 492, Trans probs: [0.3109734784486312, 0.09362967902867154, 0.12044677631120773, 0.09362967902867154, 0.10043135009680319, 0.09362967902867154, 0.09362967902867154, 0.09362967902867154]
Timestep: 493, Trans probs: [0.10030969403764597, 0.09974397849538587, 0.31832177402842693, 0.09626070757472105, 0.09658172313965696, 0.09626070757472105, 0.09626070757472105, 0.09626070757472105]
Timestep: 494, Trans probs: [0.3159246518693714, 0.09493981231940701, 0.11049195489831955, 0.09493981231940701, 0.09888433163527396, 0.09493981231940701, 0.09493981231940701, 0.09493981231940701]
Timestep: 495, Trans probs: [0.12426148571841271, 0.1375287591881248, 0.26703296406467625, 0.08657477873645124, 0.12487682155551666, 0.08657563326391579, 0.08657477873645124, 0.08657477873645124]
Timestep: 496, Trans probs: [0.09900296602018877, 0.09868432855746355, 0.31851995745707645, 0.09672238739581364, 0.09690319838201675, 0.09672238739581364, 0.09672238739581364, 0.09672238739581364]
Timestep: 497, Trans probs: [0.09380876440165743, 0.09380876440165743, 0.09380876440165743, 0.09380876440165743, 0.1309393440138798, 0.3062080695761756, 0.09380876440165743, 0.09380876440165743]
Timestep: 498, Trans probs: [0.22182281069613283, 0.09588325191688926, 0.10474643899546389, 0.09588325191688926, 0.09813123880706762, 0.19176650383377852, 0.09588325191688926, 0.09588325191688926]
Timestep: 499, Trans probs: [0.18046993683192708, 0.09317037579183428, 0.1924845903335889, 0.09317037579183428, 0.09472864922584284, 0.15963532044130407, 0.09317037579183428, 0.09317037579183428]
