Action: 0
[0.10749746688365777, 0.10466735270150548, 0.15973431504926236, 0.10466735270150548, 0.1046673563854198, 0.20943145087563803, 0.10466735270150548, 0.10466735270150548]
[0.12388047352494708, 0.10442614861715523, 0.25888107127829824, 0.10252901148490358, 0.10269626063998519, 0.10252901148490358, 0.10252901148490358, 0.10252901148490358]
[0.22779629519320624, 0.10277869371849532, 0.1555283665642307, 0.10277869069433634, 0.10277870540239727, 0.10278186703866136, 0.10277869069433634, 0.10277869069433634]
[0.125, 0.125, 0.125, 0.125, 0.125, 0.125, 0.125, 0.125]
[0.22654183848343484, 0.10122592122005124, 0.15445032944284082, 0.10122592120863586, 0.11287822601301484, 0.10122592121475071, 0.10122592120863586, 0.10122592120863586]
[0.10595455266783699, 0.1045352593713149, 0.2643711382355399, 0.10440848415108502, 0.10750476444643012, 0.10440883282562298, 0.10440848415108502, 0.10440848415108502]
[0.125, 0.125, 0.125, 0.125, 0.125, 0.125, 0.125, 0.125]
[0.125, 0.125, 0.125, 0.125, 0.125, 0.125, 0.125, 0.125]

Action: 1
[0.10505683614870993, 0.10505673700204565, 0.10505673700204146, 0.10505673700204146, 0.10515785888186632, 0.2645016199592123, 0.10505673700204146, 0.10505673700204146]
[0.10273040972053009, 0.10273040972053009, 0.10273040972053009, 0.10273040972053009, 0.12792586783790103, 0.2556916738389184, 0.10273040972053009, 0.10273040972053009]
[0.10268379189949098, 0.10268379010203015, 0.10268379010203015, 0.10268379010203015, 0.15266950669050217, 0.23122775089985623, 0.10268379010203015, 0.10268379010203015]
[0.125, 0.125, 0.125, 0.125, 0.125, 0.125, 0.125, 0.125]
[0.10267605045568029, 0.10267605045568029, 0.10267605045568029, 0.10267605045568029, 0.23118454572188515, 0.152759151544033, 0.10267605045568029, 0.10267605045568029]
[0.10391393273649156, 0.10391385972123923, 0.1039138412802885, 0.1039138412802885, 0.15953616214301394, 0.21698068027810125, 0.1039138412802885, 0.1039138412802885]
[0.125, 0.125, 0.125, 0.125, 0.125, 0.125, 0.125, 0.125]
[0.125, 0.125, 0.125, 0.125, 0.125, 0.125, 0.125, 0.125]

