Timestep: 0, Trans probs: [0.1111111111111111, 0.1111111111111111, 0.2222222222222222, 0.1111111111111111, 0.1111111111111111, 0.1111111111111111, 0.1111111111111111, 0.1111111111111111]
Timestep: 1, Trans probs: [0.125, 0.125, 0.125, 0.125, 0.125, 0.125, 0.125, 0.125]
Timestep: 2, Trans probs: [0.125, 0.125, 0.125, 0.125, 0.125, 0.125, 0.125, 0.125]
Timestep: 3, Trans probs: [0.125, 0.125, 0.125, 0.125, 0.125, 0.125, 0.125, 0.125]
Timestep: 4, Trans probs: [0.125, 0.125, 0.125, 0.125, 0.125, 0.125, 0.125, 0.125]
Timestep: 5, Trans probs: [0.1111111111111111, 0.1111111111111111, 0.2222222222222222, 0.1111111111111111, 0.1111111111111111, 0.1111111111111111, 0.1111111111111111, 0.1111111111111111]
Timestep: 6, Trans probs: [0.10109951515280109, 0.10109951515280109, 0.29230339393039245, 0.10109951515280109, 0.10109951515280109, 0.10109951515280109, 0.10109951515280109, 0.10109951515280109]
Timestep: 7, Trans probs: [0.09595414506440893, 0.09595414506440893, 0.3283209845491375, 0.09595414506440893, 0.09595414506440893, 0.09595414506440893, 0.09595414506440893, 0.09595414506440893]
Timestep: 8, Trans probs: [0.1111111111111111, 0.1111111111111111, 0.2222222222222222, 0.1111111111111111, 0.1111111111111111, 0.1111111111111111, 0.1111111111111111, 0.1111111111111111]
Timestep: 9, Trans probs: [0.09391357368723754, 0.09391357368723754, 0.24869141050209967, 0.09391357368723754, 0.1878271473744751, 0.09391357368723754, 0.09391357368723754, 0.09391357368723754]
Timestep: 10, Trans probs: [0.1111111111111111, 0.1111111111111111, 0.1111111111111111, 0.1111111111111111, 0.2222222222222222, 0.1111111111111111, 0.1111111111111111, 0.1111111111111111]
Timestep: 11, Trans probs: [0.20219903030560218, 0.10109951515280109, 0.10109951515280109, 0.10109951515280109, 0.19120387877759135, 0.10109951515280109, 0.10109951515280109, 0.10109951515280109]
Timestep: 12, Trans probs: [0.2689755377304731, 0.09416396288300914, 0.09416396288300914, 0.09416396288300914, 0.16604068497147195, 0.09416396288300914, 0.09416396288300914, 0.09416396288300914]
Timestep: 13, Trans probs: [0.3104459128103009, 0.09095813753346968, 0.09095813753346968, 0.09095813753346968, 0.14380526198888108, 0.09095813753346968, 0.09095813753346968, 0.09095813753346968]
Timestep: 14, Trans probs: [0.3321119563351809, 0.09019380653900021, 0.09019380653900021, 0.09019380653900021, 0.12672520443081786, 0.09019380653900021, 0.09019380653900021, 0.09019380653900021]
Timestep: 15, Trans probs: [0.10109951515280109, 0.10109951515280109, 0.29230339393039245, 0.10109951515280109, 0.10109951515280109, 0.10109951515280109, 0.10109951515280109, 0.10109951515280109]
Timestep: 16, Trans probs: [0.18097533369036709, 0.09048766684518354, 0.20600620752323684, 0.09048766684518354, 0.16058012456047824, 0.09048766684518354, 0.09048766684518354, 0.09048766684518354]
Timestep: 17, Trans probs: [0.1583640088698037, 0.08687426136966277, 0.2650139027914842, 0.08687426136966277, 0.14225078149039833, 0.08687426136966277, 0.08687426136966277, 0.08687426136966277]
Timestep: 18, Trans probs: [0.13912769922314042, 0.08585940009989944, 0.3044538571384986, 0.08585940009989944, 0.12712144313886387, 0.08585940009989944, 0.08585940009989944, 0.08585940009989944]
Timestep: 19, Trans probs: [0.12416194172895946, 0.08653632400201476, 0.32747501513677146, 0.08653632400201476, 0.1156814231241952, 0.08653632400201476, 0.08653632400201476, 0.08653632400201476]
Timestep: 20, Trans probs: [0.2518455894845912, 0.0904732519185222, 0.0904732519185222, 0.0904732519185222, 0.20531489900427563, 0.0904732519185222, 0.0904732519185222, 0.0904732519185222]
Timestep: 21, Trans probs: [0.09595414506440893, 0.09595414506440893, 0.3283209845491375, 0.09595414506440893, 0.09595414506440893, 0.09595414506440893, 0.09595414506440893, 0.09595414506440893]
Timestep: 22, Trans probs: [0.20130888708544448, 0.08786146151608196, 0.25170325502911395, 0.08786146151608196, 0.10768055030503192, 0.08786146151608196, 0.08786146151608196, 0.08786146151608196]
Timestep: 23, Trans probs: [0.2063382841600838, 0.08874715544965926, 0.08874715544965926, 0.08874715544965926, 0.2611787831419607, 0.08874715544965926, 0.08874715544965926, 0.08874715544965926]
Timestep: 24, Trans probs: [0.2571653769290971, 0.08678671301372946, 0.20751096118632437, 0.08678671301372946, 0.10139009681593117, 0.08678671301372946, 0.08678671301372946, 0.08678671301372946]
Timestep: 25, Trans probs: [0.21002848864808832, 0.0864799929863447, 0.26050204616297234, 0.0864799929863447, 0.09706950025721583, 0.0864799929863447, 0.0864799929863447, 0.0864799929863447]
Timestep: 26, Trans probs: [0.17235423524507842, 0.08799259004620014, 0.17598518009240027, 0.08799259004620014, 0.21169763443152068, 0.08799259004620014, 0.08799259004620014, 0.08799259004620014]
Timestep: 27, Trans probs: [0.26179607244517095, 0.08650522404496662, 0.211562648339057, 0.08650522404496662, 0.09411515899093902, 0.08650522404496662, 0.08650522404496662, 0.08650522404496662]
Timestep: 28, Trans probs: [0.21200698269958218, 0.08663863361958923, 0.2627185755963125, 0.08663863361958923, 0.09208127360615907, 0.08663863361958923, 0.08663863361958923, 0.08663863361958923]
Timestep: 29, Trans probs: [0.2222222222222222, 0.1111111111111111, 0.1111111111111111, 0.1111111111111111, 0.1111111111111111, 0.1111111111111111, 0.1111111111111111, 0.1111111111111111]
Timestep: 30, Trans probs: [0.17620308319068784, 0.08679220785101668, 0.21236985051305743, 0.08679220785101668, 0.09067381919015463, 0.17358441570203337, 0.08679220785101668, 0.08679220785101668]
Timestep: 31, Trans probs: [0.19120387877759135, 0.10109951515280109, 0.20219903030560218, 0.10109951515280109, 0.10109951515280109, 0.10109951515280109, 0.10109951515280109, 0.10109951515280109]
Timestep: 32, Trans probs: [0.15126697794786695, 0.08544480754913772, 0.23954478703325238, 0.08544480754913772, 0.18196419727319207, 0.08544480754913772, 0.08544480754913772, 0.08544480754913772]
Timestep: 33, Trans probs: [0.15435756597025194, 0.08462239160109346, 0.1825654972315533, 0.08462239160109346, 0.08764981799122507, 0.23693755240259584, 0.08462239160109346, 0.08462239160109346]
Timestep: 34, Trans probs: [0.13683722626350056, 0.08382880880729154, 0.24210798039324352, 0.08382880880729154, 0.08613007331774518, 0.1996094847963444, 0.08382880880729154, 0.08382880880729154]
Timestep: 35, Trans probs: [0.12338333070769787, 0.08374533742900579, 0.285846759430124, 0.08374533742900579, 0.0854661491712769, 0.17032241097487796, 0.08374533742900579, 0.08374533742900579]
Timestep: 36, Trans probs: [0.13434707545887598, 0.08446638802711068, 0.2857112545414176, 0.08446638802711068, 0.15760972986415292, 0.08446638802711068, 0.08446638802711068, 0.08446638802711068]
Timestep: 37, Trans probs: [0.19798179107287373, 0.0847366138241882, 0.23009264047241948, 0.0847366138241882, 0.08597426151112415, 0.14700485164682978, 0.0847366138241882, 0.0847366138241882]
Timestep: 38, Trans probs: [0.1698252020508374, 0.0839812325478202, 0.278147628135909, 0.0839812325478202, 0.08491941457794318, 0.13118282504402967, 0.0839812325478202, 0.0839812325478202]
Timestep: 39, Trans probs: [0.14702346538771474, 0.0845957300532997, 0.3103937882932578, 0.0845957300532997, 0.0852779978912282, 0.11892182821460044, 0.0845957300532997, 0.0845957300532997]
Timestep: 40, Trans probs: [0.12962665598251993, 0.08602951486926895, 0.329747751833806, 0.08602951486926895, 0.08650598461541402, 0.11000154809118425, 0.08602951486926895, 0.08602951486926895]
Timestep: 41, Trans probs: [0.12112215320233014, 0.08506955721691085, 0.31559420417180956, 0.08506955721691085, 0.13793585654130602, 0.08506955721691085, 0.08506955721691085, 0.08506955721691085]
Timestep: 42, Trans probs: [0.2048359801082848, 0.08766174735871197, 0.2526434577240298, 0.08766174735871197, 0.08798428700381772, 0.10388928572901981, 0.08766174735871197, 0.08766174735871197]
Timestep: 43, Trans probs: [0.09391357368723754, 0.09391357368723754, 0.3426049841893372, 0.09391357368723754, 0.09391357368723754, 0.09391357368723754, 0.09391357368723754, 0.09391357368723754]
Timestep: 44, Trans probs: [0.1726401462408871, 0.08679570502163608, 0.20766496446006547, 0.08679570502163608, 0.173827709739506, 0.0986843594729972, 0.08679570502163608, 0.08679570502163608]
Timestep: 45, Trans probs: [0.152063578513311, 0.08430725048617708, 0.264015636731281, 0.08430725048617708, 0.15300091284530304, 0.0936908699653965, 0.08430725048617708, 0.08430725048617708]
Timestep: 46, Trans probs: [0.13476329449687258, 0.08402448356299021, 0.30262222542403827, 0.08402448356299021, 0.13546521018264784, 0.09105133564448056, 0.08402448356299021, 0.08402448356299021]
Timestep: 47, Trans probs: [0.09319050396310458, 0.09319050396310458, 0.34766647225826786, 0.09319050396310458, 0.09319050396310458, 0.09319050396310458, 0.09319050396310458, 0.09319050396310458]
Timestep: 48, Trans probs: [0.12129765276699633, 0.08519480768610159, 0.2407364978476407, 0.08519480768610159, 0.20699190363666833, 0.09019471500428827, 0.08519480768610159, 0.08519480768610159]
Timestep: 49, Trans probs: [0.125, 0.125, 0.125, 0.125, 0.125, 0.125, 0.125, 0.125]
Timestep: 50, Trans probs: [0.11164904193864103, 0.16938516344353857, 0.200828951958234, 0.08469258172176929, 0.17563329745110687, 0.08842580004317159, 0.08469258172176929, 0.08469258172176929]
Timestep: 51, Trans probs: [0.10401129423333877, 0.1502127641147331, 0.2578148981515776, 0.08244025599321106, 0.15521263192090531, 0.08542764359981203, 0.08244025599321106, 0.08244025599321106]
Timestep: 52, Trans probs: [0.09874968589844405, 0.13387400617105397, 0.2980281861240121, 0.08235046618305399, 0.1376751180966169, 0.08462160516071095, 0.08235046618305399, 0.08235046618305399]
Timestep: 53, Trans probs: [0.09559975367020204, 0.12092697254709686, 0.3230689223093318, 0.08377470982826153, 0.12366785387852522, 0.08541236811005952, 0.08377470982826153, 0.08377470982826153]
Timestep: 54, Trans probs: [0.09394636408703505, 0.11146212903071334, 0.3370276102861594, 0.08576841571493514, 0.11335766416124485, 0.08690098529004195, 0.08576841571493514, 0.08576841571493514]
Timestep: 55, Trans probs: [0.11149876652886163, 0.08649114850162742, 0.3328840227830742, 0.08649114850162742, 0.123161468179927, 0.08649114850162742, 0.08649114850162742, 0.08649114850162742]
Timestep: 56, Trans probs: [0.18086727544494705, 0.10494565756403862, 0.2564592083593352, 0.08768705169968961, 0.10621889873855508, 0.08844780479405522, 0.08768705169968961, 0.08768705169968961]
Timestep: 57, Trans probs: [0.15619678575333612, 0.09915967185123463, 0.29918013671083865, 0.08619391722229003, 0.10011621102838515, 0.08676544298933535, 0.08619391722229003, 0.08619391722229003]
Timestep: 58, Trans probs: [0.13634484723914564, 0.09581211468722493, 0.32455238831618405, 0.08659815856716473, 0.09649186764087934, 0.08700430641507197, 0.08659815856716473, 0.08659815856716473]
Timestep: 59, Trans probs: [0.12176860229686566, 0.09409853896303957, 0.3380588495481112, 0.08780854237643938, 0.0945625789153147, 0.08808580314735076, 0.08780854237643938, 0.08780854237643938]
Timestep: 60, Trans probs: [0.11171045449688514, 0.09330410782952184, 0.34470840282591025, 0.08911995196718374, 0.09361279090429606, 0.08930438804183545, 0.08911995196718374, 0.08911995196718374]
Timestep: 61, Trans probs: [0.10490225641959795, 0.08806635133324825, 0.34201203754908066, 0.08806635133324825, 0.11275394936508024, 0.08806635133324825, 0.08806635133324825, 0.08806635133324825]
Timestep: 62, Trans probs: [0.1952481610194512, 0.09296794979877891, 0.25757989669840653, 0.0902282907860287, 0.09317006616244038, 0.09034905396283671, 0.0902282907860287, 0.0902282907860287]
Timestep: 63, Trans probs: [0.1653706500209161, 0.0904880298856929, 0.2994879488219495, 0.08848223773192826, 0.0906360057522124, 0.08857065232344417, 0.08848223773192826, 0.08848223773192826]
Timestep: 64, Trans probs: [0.10055410353672506, 0.0894413910360011, 0.34650224697405013, 0.0894413910360011, 0.10573669430921942, 0.0894413910360011, 0.0894413910360011, 0.0894413910360011]
Timestep: 65, Trans probs: [0.23059197120415115, 0.08981288453199009, 0.23597638273603766, 0.08841013950052484, 0.08991637103289567, 0.0884719719933508, 0.08841013950052484, 0.08841013950052484]
Timestep: 66, Trans probs: [0.09774959767020998, 0.09050475293863859, 0.3485982910379368, 0.09050475293863859, 0.10112834659866018, 0.09050475293863859, 0.09050475293863859, 0.09050475293863859]
Timestep: 67, Trans probs: [0.2780579444234443, 0.0885826039817988, 0.19438847555767022, 0.08756717494187731, 0.08865751652534895, 0.08761193468610581, 0.08756717494187731, 0.08756717494187731]
Timestep: 68, Trans probs: [0.22240112739425977, 0.08827635730699432, 0.250731201269384, 0.08755756093907674, 0.08832938598954951, 0.08758924522258202, 0.08755756093907674, 0.08755756093907674]
Timestep: 69, Trans probs: [0.18381502037374753, 0.0878002424382193, 0.2913811172223476, 0.08728568369115439, 0.08783820363790251, 0.08730836525432, 0.08728568369115439, 0.08728568369115439]
Timestep: 70, Trans probs: [0.15512957004892963, 0.08804935383892827, 0.317969914148608, 0.0876898600948607, 0.08807587523008382, 0.0877057064488683, 0.0876898600948607, 0.0876898600948607]
Timestep: 71, Trans probs: [0.0929442995796374, 0.0929442995796374, 0.34938990294253813, 0.0929442995796374, 0.0929442995796374, 0.0929442995796374, 0.0929442995796374, 0.0929442995796374]
Timestep: 72, Trans probs: [0.09286158720128918, 0.09286158720128918, 0.2571073023896866, 0.09286158720128918, 0.18572317440257835, 0.09286158720128918, 0.09286158720128918, 0.09286158720128918]
Timestep: 73, Trans probs: [0.2602046478544811, 0.09416396288300914, 0.17481157484746396, 0.09416396288300914, 0.09416396288300914, 0.09416396288300914, 0.09416396288300914, 0.09416396288300914]
Timestep: 74, Trans probs: [0.13440904850314622, 0.08881242584627472, 0.24509697025914545, 0.08856806615988909, 0.17739851946542348, 0.08857883744634276, 0.08856806615988909, 0.08856806615988909]
Timestep: 75, Trans probs: [0.12134255994081047, 0.08667524293926347, 0.29198853917473505, 0.08648945517217208, 0.15402764779903302, 0.08649764462964164, 0.08648945517217208, 0.08648945517217208]
Timestep: 76, Trans probs: [0.21387072431503787, 0.09079369214493128, 0.24136712281537437, 0.09079369214493128, 0.09079369214493128, 0.09079369214493128, 0.09079369214493128, 0.09079369214493128]
Timestep: 77, Trans probs: [0.11155713779559616, 0.08667811053554596, 0.23402135875014304, 0.08654477979864918, 0.13501361675488707, 0.17309543676788014, 0.08654477979864918, 0.08654477979864918]
Timestep: 78, Trans probs: [0.09595885094244744, 0.09127110386993388, 0.34954057312750403, 0.09127110386993388, 0.09814505658037907, 0.09127110386993388, 0.09127110386993388, 0.09127110386993388]
Timestep: 79, Trans probs: [0.1883422553581249, 0.08450174522937913, 0.19965051196807357, 0.08439754724197178, 0.12227594932959954, 0.15203689638890744, 0.08439754724197178, 0.08439754724197178]
Timestep: 80, Trans probs: [0.16534137815381492, 0.08234953457256983, 0.25664546697042867, 0.08226625702451397, 0.11253959078670701, 0.13632525844293764, 0.08226625702451397, 0.08226625702451397]
Timestep: 81, Trans probs: [0.0948194032522622, 0.09179999414939502, 0.3499530731402132, 0.09179999414939502, 0.09622755286054958, 0.09179999414939502, 0.09179999414939502, 0.09179999414939502]
Timestep: 82, Trans probs: [0.18624982167485998, 0.09215517943071738, 0.25797513950120826, 0.09215517943071738, 0.09499914167034466, 0.09215517943071738, 0.09215517943071738, 0.09215517943071738]
Timestep: 83, Trans probs: [0.2276257180216387, 0.0822817026902932, 0.21485551389983054, 0.08221835972076967, 0.10524500859121456, 0.1233369776347139, 0.08221835972076967, 0.08221835972076967]
Timestep: 84, Trans probs: [0.19248077431422056, 0.08234221978468034, 0.2650980093934507, 0.0822942198509574, 0.09974331685346137, 0.11345302010131479, 0.0822942198509574, 0.0822942198509574]
Timestep: 85, Trans probs: [0.1589569491119539, 0.08958731426447789, 0.3014225037126149, 0.08958731426447789, 0.09168397585304176, 0.08958731426447789, 0.08958731426447789, 0.08958731426447789]
Timestep: 86, Trans probs: [0.09003634396694792, 0.09003634396694792, 0.21120350463740212, 0.09003634396694792, 0.1585420875939624, 0.18007268793389583, 0.09003634396694792, 0.09003634396694792]
Timestep: 87, Trans probs: [0.13758537488176445, 0.08911802187970215, 0.23712357110619003, 0.08911802187970215, 0.17970094461353478, 0.08911802187970215, 0.08911802187970215, 0.08911802187970215]
Timestep: 88, Trans probs: [0.1733338906630273, 0.08666694533151365, 0.1819675892238682, 0.08666694533151365, 0.14054822340928746, 0.15748251537776256, 0.08666694533151365, 0.08666694533151365]
Timestep: 89, Trans probs: [0.2474208144755564, 0.08323012950905428, 0.21762867345419187, 0.08319483037453365, 0.09602689022508218, 0.10610900121251435, 0.08319483037453365, 0.08319483037453365]
Timestep: 90, Trans probs: [0.20426339987717812, 0.0838947870193118, 0.2662916139091283, 0.08386890913313211, 0.09327612516755433, 0.10066734662743103, 0.08386890913313211, 0.08386890913313211]
Timestep: 91, Trans probs: [0.1111111111111111, 0.1111111111111111, 0.2222222222222222, 0.1111111111111111, 0.1111111111111111, 0.1111111111111111, 0.1111111111111111, 0.1111111111111111]
Timestep: 92, Trans probs: [0.12382263638168439, 0.08664641945754921, 0.20017204161780128, 0.08664641945754921, 0.24277322471276824, 0.08664641945754921, 0.08664641945754921, 0.08664641945754921]
Timestep: 93, Trans probs: [0.17161488113324128, 0.16946782000662242, 0.2163814702985106, 0.08472457179555243, 0.09151388504556789, 0.09684822812940047, 0.08472457179555243, 0.08472457179555243]
Timestep: 94, Trans probs: [0.15130486573039245, 0.14961571778573168, 0.26946992259900515, 0.0829460353230702, 0.08828736183666663, 0.09248402607899332, 0.0829460353230702, 0.0829460353230702]
Timestep: 95, Trans probs: [0.1134174297584121, 0.08561711779816726, 0.25612850329378156, 0.08561711779816726, 0.20236847795696997, 0.08561711779816726, 0.08561711779816726, 0.08561711779816726]
Timestep: 96, Trans probs: [0.21744216949038045, 0.1329732216567217, 0.2224375698993183, 0.08320809494835671, 0.08719509144993363, 0.09032766265857584, 0.08320809494835671, 0.08320809494835671]
Timestep: 97, Trans probs: [0.1542102373940383, 0.08318821597193904, 0.2444736158952955, 0.08318821597193904, 0.12734296575862922, 0.14122031706428087, 0.08318821597193904, 0.08318821597193904]
Timestep: 98, Trans probs: [0.18458638219452708, 0.12065958439095192, 0.18836694250787359, 0.08299692522039138, 0.1690112423432105, 0.08838507290226273, 0.08299692522039138, 0.08299692522039138]
Timestep: 99, Trans probs: [0.1628362653456665, 0.11137402420622645, 0.24693458043444397, 0.08105489490862956, 0.15029799297244698, 0.0853924523153275, 0.08105489490862956, 0.08105489490862956]
Timestep: 100, Trans probs: [0.1058364774424594, 0.08548922078308556, 0.29577700242354876, 0.08548922078308556, 0.1709404162185641, 0.08548922078308556, 0.08548922078308556, 0.08548922078308556]
Timestep: 101, Trans probs: [0.22504049083004665, 0.10437269021467839, 0.20884994248679084, 0.08100557364012671, 0.13437160300590337, 0.08434855254220072, 0.08100557364012671, 0.08100557364012671]
Timestep: 102, Trans probs: [0.10069002186088268, 0.08633719439663701, 0.3210100734632787, 0.08633719439663701, 0.14661393269265363, 0.08633719439663701, 0.08633719439663701, 0.08633719439663701]
Timestep: 103, Trans probs: [0.2726096401351915, 0.09906282448190463, 0.1790405020548792, 0.08117522048613565, 0.12202709012422372, 0.08373428174539406, 0.08117522048613565, 0.08117522048613565]
Timestep: 104, Trans probs: [0.2234596102681391, 0.09558812246025229, 0.23692499609482826, 0.08240830969533879, 0.11250848370712985, 0.08429385838363417, 0.08240830969533879, 0.08240830969533879]
Timestep: 105, Trans probs: [0.187489108305528, 0.09284450198369289, 0.2805449783625203, 0.08308940949266927, 0.10536817678006286, 0.08448500609018818, 0.08308940949266927, 0.08308940949266927]
Timestep: 106, Trans probs: [0.15938436323607003, 0.0913413853911858, 0.31061329196077575, 0.0843281432420832, 0.10034504824977745, 0.08533148143594144, 0.0843281432420832, 0.0843281432420832]
Timestep: 107, Trans probs: [0.1381563554553376, 0.09085364675223018, 0.32926711658689223, 0.08597812012258109, 0.0971128913495471, 0.08667562948824954, 0.08597812012258109, 0.08597812012258109]
Timestep: 108, Trans probs: [0.1229361275106572, 0.09095856791253759, 0.3397933695970745, 0.08766261620815705, 0.09518994012435263, 0.08813414623090697, 0.08766261620815705, 0.08766261620815705]
Timestep: 109, Trans probs: [0.17902638220409603, 0.08882802830793586, 0.2880054479482887, 0.08882802830793586, 0.08882802830793586, 0.08882802830793586, 0.08882802830793586, 0.08882802830793586]
Timestep: 110, Trans probs: [0.11249227519796143, 0.091306631112766, 0.256163662441973, 0.08912301045476227, 0.09410998280057806, 0.17855841708243483, 0.08912301045476227, 0.08912301045476227]
Timestep: 111, Trans probs: [0.097446185216355, 0.08764658306812563, 0.3355194947506944, 0.08764658306812563, 0.12880140469232246, 0.08764658306812563, 0.08764658306812563, 0.08764658306812563]
Timestep: 112, Trans probs: [0.19187180994697106, 0.08880041883724976, 0.21261197669768456, 0.08716046770344713, 0.09090580273807702, 0.15432858866967625, 0.08716046770344713, 0.08716046770344713]
Timestep: 113, Trans probs: [0.0955091432987851, 0.08897621014274996, 0.34319761480664757, 0.08897621014274996, 0.11641219118081747, 0.08897621014274996, 0.08897621014274996, 0.08897621014274996]
Timestep: 114, Trans probs: [0.25140954250608205, 0.08616914219455299, 0.18268690485050695, 0.08489071215914265, 0.08781040208297775, 0.13725187188845242, 0.08489071215914265, 0.08489071215914265]
Timestep: 115, Trans probs: [0.20933167957114387, 0.08531176665929682, 0.24210468269316426, 0.08435225081839737, 0.08654360165875455, 0.1236515169624484, 0.08435225081839737, 0.08435225081839737]
Timestep: 116, Trans probs: [0.17708062957865398, 0.08499611353392064, 0.2856981883401616, 0.08428367510551046, 0.08591074834625644, 0.113463294884476, 0.08428367510551046, 0.08428367510551046]
Timestep: 117, Trans probs: [0.15164970321480456, 0.08570148869418476, 0.3146296566200758, 0.08519126130387406, 0.08635652317123675, 0.10608884438807598, 0.08519126130387406, 0.08519126130387406]
Timestep: 118, Trans probs: [0.1325898117739172, 0.08700404015636791, 0.33189875478050707, 0.08665135268094809, 0.08745682348476533, 0.10109651176159817, 0.08665135268094809, 0.08665135268094809]
Timestep: 119, Trans probs: [0.15202140147503665, 0.0884498675377672, 0.31727939329836014, 0.0884498675377672, 0.0884498675377672, 0.0884498675377672, 0.0884498675377672, 0.0884498675377672]
Timestep: 120, Trans probs: [0.09438736742561189, 0.09010087241040153, 0.34700565323748267, 0.09010087241040153, 0.10810261728489784, 0.09010087241040153, 0.09010087241040153, 0.09010087241040153]
Timestep: 121, Trans probs: [0.11908143135730029, 0.08842240083505187, 0.2531280592889789, 0.08818519839907187, 0.08872692343920491, 0.1860855898822483, 0.08818519839907187, 0.08818519839907187]
Timestep: 122, Trans probs: [0.09374419558614147, 0.09095970591972602, 0.3488037088997217, 0.09095970591972602, 0.10265356591550678, 0.09095970591972602, 0.09095970591972602, 0.09095970591972602]
Timestep: 123, Trans probs: [0.1964007565105794, 0.08683302908342448, 0.20992009176213663, 0.08665576406788658, 0.08706060349232043, 0.1598182269478793, 0.08665576406788658, 0.08665576406788658]
Timestep: 124, Trans probs: [0.1374376774176569, 0.08221064399445192, 0.28983751796782947, 0.08221064399445192, 0.11654556988694438, 0.12733665874976158, 0.08221064399445192, 0.08221064399445192]
Timestep: 125, Trans probs: [0.09337347044850632, 0.09157573124110033, 0.34962228086680186, 0.09157573124110033, 0.0991255924791901, 0.09157573124110033, 0.09157573124110033, 0.09157573124110033]
Timestep: 126, Trans probs: [0.1696423261790156, 0.08488118155528232, 0.18010082848970588, 0.08474405006618829, 0.16980128225095834, 0.141342231326473, 0.08474405006618829, 0.08474405006618829]
Timestep: 127, Trans probs: [0.2069430888248843, 0.08322916253293855, 0.2354322489891718, 0.08322916253293855, 0.10839874484217983, 0.11630926721200975, 0.08322916253293855, 0.08322916253293855]
Timestep: 128, Trans probs: [0.17667375090347706, 0.08299611831124143, 0.19824607633783062, 0.08299611831124143, 0.18505093886188176, 0.1080447606518449, 0.08299611831124143, 0.08299611831124143]
Timestep: 129, Trans probs: [0.15114970047934642, 0.08205263873055867, 0.15967544400451422, 0.08194084950199533, 0.23322013055233487, 0.1280795377272597, 0.08194084950199533, 0.08194084950199533]
Timestep: 130, Trans probs: [0.09315668398513417, 0.09200031601453328, 0.3499850883294886, 0.09200031601453328, 0.09685664761271075, 0.09200031601453328, 0.09200031601453328, 0.09200031601453328]
Timestep: 131, Trans probs: [0.15555472239796173, 0.08165856405484004, 0.2542302832749275, 0.08165856405484004, 0.16216293815570787, 0.10141779995204261, 0.08165856405484004, 0.08165856405484004]
Timestep: 132, Trans probs: [0.21646759837567936, 0.08119403490755697, 0.14204477248394934, 0.08110640013337987, 0.19969855612993964, 0.11727583770273502, 0.08110640013337987, 0.08110640013337987]
Timestep: 133, Trans probs: [0.18610966579166646, 0.08080729389905578, 0.20891502614381705, 0.08073907547304161, 0.1730559701724193, 0.10889481757391661, 0.08073907547304161, 0.08073907547304161]
Timestep: 134, Trans probs: [0.1626882434279928, 0.08043175090063437, 0.2608810144398177, 0.0803784623720969, 0.15249140553288776, 0.10237219858237666, 0.0803784623720969, 0.0803784623720969]
Timestep: 135, Trans probs: [0.09302762247680453, 0.09228547813109785, 0.25785728997614893, 0.09228547813109785, 0.18768769689155726, 0.09228547813109785, 0.09228547813109785, 0.09228547813109785]
Timestep: 136, Trans probs: [0.22446379553231113, 0.08134201651927737, 0.2169585387631536, 0.08130196756161469, 0.1354984013315601, 0.09783134516885371, 0.08130196756161469, 0.08130196756161469]
Timestep: 137, Trans probs: [0.18996233002860294, 0.08178153460190758, 0.26604062937942635, 0.08175126298199176, 0.12271647005916887, 0.09424524698491894, 0.08175126298199176, 0.08175126298199176]
Timestep: 138, Trans probs: [0.1623744678573832, 0.08288629335844416, 0.3011386910714148, 0.0828640506323046, 0.11296412075743417, 0.09204427505840972, 0.0828640506323046, 0.0828640506323046]
Timestep: 139, Trans probs: [0.14088057177545357, 0.08461495974022389, 0.3237038813279547, 0.08459921525234929, 0.10590551494497025, 0.09109742645434969, 0.08459921525234929, 0.08459921525234929]
Timestep: 140, Trans probs: [0.09026440931237252, 0.0897184437286091, 0.3012413739182343, 0.0897184437286091, 0.15990199812634767, 0.0897184437286091, 0.0897184437286091, 0.0897184437286091]
Timestep: 141, Trans probs: [0.1379019362708417, 0.08193036232636978, 0.2945726717907988, 0.08193036232636978, 0.1429072335044041, 0.09689670912847634, 0.08193036232636978, 0.08193036232636978]
Timestep: 142, Trans probs: [0.2115753222885207, 0.08652126488010063, 0.2503041182993325, 0.08651047944875316, 0.10110591338307828, 0.09096194280270832, 0.08651047944875316, 0.08651047944875316]
Timestep: 143, Trans probs: [0.17751933639617593, 0.08611106914519813, 0.29193133660924975, 0.08610318553381072, 0.09677171843359132, 0.0893569828143528, 0.08610318553381072, 0.08610318553381072]
Timestep: 144, Trans probs: [0.08960280748540185, 0.08922173870895507, 0.23685885466447273, 0.08922173870895507, 0.22742964430535018, 0.08922173870895507, 0.08922173870895507, 0.08922173870895507]
Timestep: 145, Trans probs: [0.2379389743155508, 0.08671177371400002, 0.23199105908235493, 0.08670620902669979, 0.09423664737811052, 0.08900291842988435, 0.08670620902669979, 0.08670620902669979]
Timestep: 146, Trans probs: [0.19583120076605579, 0.08650820225778907, 0.2780355987222481, 0.0865041795138713, 0.09194797598291357, 0.08816448372937956, 0.0865041795138713, 0.0865041795138713]
Timestep: 147, Trans probs: [0.1643435377469734, 0.08686192912644009, 0.30946418084544963, 0.08685907804593489, 0.09071731568284237, 0.08803580246048985, 0.08685907804593489, 0.08685907804593489]
Timestep: 148, Trans probs: [0.141107584143856, 0.08777808978379438, 0.32876819584158046, 0.08777612742544343, 0.09043169777252973, 0.08858605018190933, 0.08777612742544343, 0.08777612742544343]
Timestep: 149, Trans probs: [0.1247002208837701, 0.08890118180621044, 0.33957295748449595, 0.08889986451370403, 0.09068249657818031, 0.08944354970623122, 0.08889986451370403, 0.08889986451370403]
Timestep: 150, Trans probs: [0.12388245750642075, 0.08346779650277596, 0.320475439152505, 0.08346779650277596, 0.12749656689554725, 0.09427435043442324, 0.08346779650277596, 0.08346779650277596]
Timestep: 151, Trans probs: [0.1135581163265117, 0.08995470921459824, 0.25523031786940314, 0.08995384068314836, 0.1810830254937585, 0.09031230904628336, 0.08995384068314836, 0.08995384068314836]
Timestep: 152, Trans probs: [0.10546600185625583, 0.08781282512595236, 0.2992359486558136, 0.0878121755443429, 0.15596842083226212, 0.0880802768966875, 0.0878121755443429, 0.0878121755443429]
Timestep: 153, Trans probs: [0.10022550014666787, 0.08774884815495784, 0.32492375548206365, 0.08774838905324459, 0.13591885528209394, 0.0879378737744828, 0.08774838905324459, 0.08774838905324459]
Timestep: 154, Trans probs: [0.09709186270655328, 0.08861550593436408, 0.3383619981093728, 0.08861519403098497, 0.12134112546753657, 0.08874392568921836, 0.08861519403098497, 0.08861519403098497]
Timestep: 155, Trans probs: [0.08832763897912115, 0.08805133203559184, 0.2831520020975629, 0.08805133203559184, 0.1882636987453567, 0.08805133203559184, 0.08805133203559184, 0.08805133203559184]
Timestep: 156, Trans probs: [0.17609404768390144, 0.08794959613027678, 0.22553724837959607, 0.08794959613027678, 0.15862072328511853, 0.08794959613027678, 0.08794959613027678, 0.08794959613027678]
Timestep: 157, Trans probs: [0.23946221056220854, 0.08562407215842888, 0.192101712663884, 0.08562407215842888, 0.14031571598176318, 0.08562407215842888, 0.08562407215842888, 0.08562407215842888]
Timestep: 158, Trans probs: [0.18496646556652552, 0.0896741605627331, 0.25521267391466523, 0.08967395382500783, 0.11136555794278577, 0.08975928053826694, 0.08967395382500783, 0.08967395382500783]
Timestep: 159, Trans probs: [0.1587156733573497, 0.08771495093418062, 0.29876975977030834, 0.08771479689731641, 0.10387685282427012, 0.08777837242194195, 0.08771479689731641, 0.08771479689731641]
Timestep: 160, Trans probs: [0.13783911784510233, 0.08771274978341727, 0.32442966384203464, 0.08771264103369915, 0.09912302020138564, 0.0877575252269627, 0.08771264103369915, 0.08771264103369915]
Timestep: 161, Trans probs: [0.12264852551355174, 0.0885934490030524, 0.3380086217383177, 0.08859337512018169, 0.09634540964004129, 0.08862386874449177, 0.08859337512018169, 0.08859337512018169]
Timestep: 162, Trans probs: [0.20076777652255254, 0.08470478184442246, 0.24974148886391484, 0.08470478184442246, 0.12596682539142026, 0.08470478184442246, 0.08470478184442246, 0.08470478184442246]
Timestep: 163, Trans probs: [0.22126429287488075, 0.08898339669694788, 0.2448353269434319, 0.08898339669694788, 0.08898339669694788, 0.08898339669694788, 0.08898339669694788, 0.08898339669694788]
Timestep: 164, Trans probs: [0.17046590125966327, 0.08461765252176734, 0.20669025899193585, 0.08461765252176734, 0.1151379246177969, 0.16923530504353468, 0.08461765252176734, 0.08461765252176734]
Timestep: 165, Trans probs: [0.2334206590111352, 0.08251604084936282, 0.17976172737234544, 0.08251604084936282, 0.10682915169927261, 0.14992429851979558, 0.08251604084936282, 0.08251604084936282]
Timestep: 166, Trans probs: [0.20188878683757638, 0.08965475756288353, 0.2550229125977188, 0.08965470857679385, 0.09479449070094, 0.08967492657049962, 0.08965470857679385, 0.08965470857679385]
Timestep: 167, Trans probs: [0.17007440495438753, 0.08818858217204957, 0.2970295503741516, 0.08818854643185309, 0.09193852574630475, 0.0882032974575474, 0.08818854643185309, 0.08818854643185309]
Timestep: 168, Trans probs: [0.14552591623327285, 0.08820649218216282, 0.32259997449609185, 0.08820646716430983, 0.09083142283068077, 0.0882167927648623, 0.08820646716430983, 0.08820646716430983]
Timestep: 169, Trans probs: [0.12778386408449802, 0.08895761733738677, 0.3366854658754776, 0.08895760039113601, 0.09073565692415124, 0.0889645946050783, 0.08895760039113601, 0.08895760039113601]
Timestep: 170, Trans probs: [0.19856508750500676, 0.0819212768932791, 0.23900995144323042, 0.0819212768932791, 0.10071443201275071, 0.13402542146589574, 0.0819212768932791, 0.0819212768932791]
Timestep: 171, Trans probs: [0.2525692322642153, 0.08210285533608645, 0.20110538459728602, 0.08210285533608645, 0.0963396104581372, 0.12157435133601566, 0.08210285533608645, 0.08210285533608645]
Timestep: 172, Trans probs: [0.2921239068449842, 0.08281735953113419, 0.17111942555488957, 0.08281735953113419, 0.09338129374796136, 0.11210593572762814, 0.08281735953113419, 0.08281735953113419]
Timestep: 173, Trans probs: [0.20549587930494556, 0.08988766959412908, 0.2539956476034543, 0.0898876583680398, 0.09106553668951779, 0.08989229170383392, 0.0898876583680398, 0.0898876583680398]
Timestep: 174, Trans probs: [0.2715308159353456, 0.08798186833372741, 0.2005779740622899, 0.08798186833372741, 0.08798186833372741, 0.08798186833372741, 0.08798186833372741, 0.08798186833372741]
Timestep: 175, Trans probs: [0.17243019584302632, 0.08843469176220764, 0.20766785323973105, 0.08843468360585757, 0.08929047476122527, 0.17687273357623698, 0.08843468360585757, 0.08843468360585757]
Timestep: 176, Trans probs: [0.1514810511286886, 0.0856295201711803, 0.26473649217759043, 0.08562951377669356, 0.08630044442206042, 0.15496395077039962, 0.08562951377669356, 0.08562951377669356]
Timestep: 177, Trans probs: [0.23394612768444562, 0.08430382814581798, 0.2317386208189559, 0.08430382814581798, 0.09185644142365502, 0.10524349748967159, 0.08430382814581798, 0.08430382814581798]
Timestep: 178, Trans probs: [0.2787888956929094, 0.08463718063671861, 0.19253616860076164, 0.08463718063671861, 0.09016450098212098, 0.09996171217733338, 0.08463718063671861, 0.08463718063671861]
Timestep: 179, Trans probs: [0.21914115358123845, 0.08506917625733024, 0.21834996781239452, 0.08506917149893224, 0.08556843831412828, 0.1366637495381118, 0.08506917149893224, 0.08506917149893224]
Timestep: 180, Trans probs: [0.2241638374296707, 0.08548389774910521, 0.24803858077619204, 0.08548389774910521, 0.08943198778721646, 0.09643000301049992, 0.08548389774910521, 0.08548389774910521]
Timestep: 181, Trans probs: [0.2697834960773421, 0.08435080484095588, 0.18483619021170677, 0.08435080125342123, 0.08472721722261267, 0.12324988788711885, 0.08435080125342123, 0.08435080125342123]
Timestep: 182, Trans probs: [0.18583059565530377, 0.0857664549100408, 0.2888238079751485, 0.0857664549100408, 0.08861518875113217, 0.0936645879782524, 0.0857664549100408, 0.0857664549100408]
Timestep: 183, Trans probs: [0.1135366417251527, 0.08550607750290637, 0.3353945297053629, 0.08550607750290637, 0.11604329457890292, 0.09300122397895597, 0.08550607750290637, 0.08550607750290637]
Timestep: 184, Trans probs: [0.3047226821988605, 0.08476999008282748, 0.1580250676071821, 0.08476998746747075, 0.08504439932251599, 0.1131278983862017, 0.08476998746747075, 0.08476998746747075]
Timestep: 185, Trans probs: [0.24028216273474218, 0.086033253418081, 0.22343898742695348, 0.08603325158397786, 0.08622569173525349, 0.10592014993303625, 0.08603325158397786, 0.08603325158397786]
Timestep: 186, Trans probs: [0.19846316168799044, 0.085815760971796, 0.2719784134812, 0.08581575963235734, 0.08595629795402629, 0.1003390870079152, 0.08581575963235734, 0.08581575963235734]
Timestep: 187, Trans probs: [0.16679822575551653, 0.08618587312141153, 0.30559283423953604, 0.08618587216288695, 0.08628644372222125, 0.09657900667265384, 0.08618587216288695, 0.08618587216288695]
Timestep: 188, Trans probs: [0.1063458308906063, 0.08746657122876537, 0.3432390294964194, 0.08746657122876537, 0.10803412191938577, 0.09251473277852716, 0.08746657122876537, 0.08746657122876537]
Timestep: 189, Trans probs: [0.15700232925486354, 0.08656094447274981, 0.22950567006141084, 0.08656094447274981, 0.17512729023259002, 0.09212093256013633, 0.08656094447274981, 0.08656094447274981]
Timestep: 190, Trans probs: [0.19062153632392895, 0.08907631667785058, 0.2580025363076668, 0.08907631667785058, 0.10266026003415724, 0.09241040062284464, 0.08907631667785058, 0.08907631667785058]
Timestep: 191, Trans probs: [0.14309059465579735, 0.08718318373774664, 0.23934938076202422, 0.0871831830729772, 0.17443611594621014, 0.09439117567929005, 0.0871831830729772, 0.0871831830729772]
Timestep: 192, Trans probs: [0.1282513951206668, 0.08526516732530755, 0.28752825446219576, 0.085265166814178, 0.1523524167281426, 0.09080726592115328, 0.085265166814178, 0.085265166814178]
Timestep: 193, Trans probs: [0.11667303775675154, 0.08548669527851628, 0.31771447982509016, 0.08548669490769377, 0.13415823598126825, 0.08950746643529248, 0.08548669490769377, 0.08548669490769377]
Timestep: 194, Trans probs: [0.1083828636082236, 0.08676924555565242, 0.33448338652097176, 0.08676924529865478, 0.12050093728941744, 0.08955583112977047, 0.08676924529865478, 0.08676924529865478]
Timestep: 195, Trans probs: [0.10280064035601494, 0.08827922788457825, 0.3429886759888167, 0.08827922771191077, 0.11094233814376422, 0.09015143449109361, 0.08827922771191077, 0.08827922771191077]
Timestep: 196, Trans probs: [0.09917317200273039, 0.08960569488206846, 0.347027490318757, 0.08960569476830597, 0.10453735454770346, 0.0908392039438227, 0.08960569476830597, 0.08960569476830597]
Timestep: 197, Trans probs: [0.09685603708500211, 0.09062673677963087, 0.34885854310797987, 0.09062673670556112, 0.10034860921703308, 0.0914298636936707, 0.09062673670556112, 0.09062673670556112]
Timestep: 198, Trans probs: [0.09538519444485859, 0.09135795417351268, 0.3496626725916252, 0.09135795412562661, 0.09764314099602542, 0.09187717541709828, 0.09135795412562661, 0.09135795412562661]
Timestep: 199, Trans probs: [0.1391519579912917, 0.08469774082090575, 0.1952001557669369, 0.08469774082090575, 0.2378610724434623, 0.08899585051468595, 0.08469774082090575, 0.08469774082090575]
Timestep: 200, Trans probs: [0.20922565947654756, 0.08403275459811625, 0.16755789262892964, 0.08403275459811625, 0.19980387526802487, 0.08728155423403282, 0.08403275459811625, 0.08403275459811625]
Timestep: 201, Trans probs: [0.18631222848108642, 0.09185980740816069, 0.25814845806847586, 0.09185980737733311, 0.0959060177997644, 0.0921940661105134, 0.09185980737733311, 0.09185980737733311]
Timestep: 202, Trans probs: [0.15904232819098615, 0.08938687363487056, 0.3014059827968432, 0.08938687361213628, 0.09237081645873138, 0.08963337808215983, 0.08938687361213628, 0.08938687361213628]
Timestep: 203, Trans probs: [0.13767606946747749, 0.08898064105247357, 0.3261817110361117, 0.08898064103658024, 0.09106668549938358, 0.08915296983481298, 0.08898064103658024, 0.08898064103658024]
Timestep: 204, Trans probs: [0.17927832897549256, 0.08314986453906718, 0.2304339008072693, 0.08314986453906718, 0.1720438802733386, 0.08564443178763081, 0.08314986453906718, 0.08314986453906718]
Timestep: 205, Trans probs: [0.2387283200158702, 0.08285160696378734, 0.19473763818933482, 0.08285160696378734, 0.1503809799509418, 0.08474663398870377, 0.08285160696378734, 0.08285160696378734]
Timestep: 206, Trans probs: [0.2118798202942042, 0.08952332161976441, 0.24945752867714557, 0.08952332160904825, 0.09092984927381768, 0.08963951530792325, 0.08952332160904825, 0.08952332160904825]
Timestep: 207, Trans probs: [0.17707931850351888, 0.08820583077904215, 0.2925796701287233, 0.08820583077125849, 0.08922746035778027, 0.08829022791716003, 0.08820583077125849, 0.08820583077125849]
Timestep: 208, Trans probs: [0.16248477923622973, 0.08754552700956757, 0.2997567411352516, 0.08754552700956757, 0.09757032739858586, 0.09000604419166247, 0.08754552700956757, 0.08754552700956757]
Timestep: 209, Trans probs: [0.15047717616648076, 0.08818856101564711, 0.23142771762010392, 0.08818856101019178, 0.17709314986818042, 0.08824771229901243, 0.08818856101019178, 0.08818856101019178]
Timestep: 210, Trans probs: [0.13389737232687882, 0.0858942430293403, 0.28217668040273497, 0.08589424302513612, 0.15440914681229173, 0.08593982835334575, 0.08589424302513612, 0.08589424302513612]
Timestep: 211, Trans probs: [0.19999101478993422, 0.08298962395755606, 0.2499611398333099, 0.08298962395755606, 0.13367731429200352, 0.08441203525452821, 0.08298962395755606, 0.08298962395755606]
Timestep: 212, Trans probs: [0.20655428813508195, 0.08580102405211235, 0.228719016397858, 0.08580102404905118, 0.13568838343818762, 0.0858342158296064, 0.08580102404905118, 0.08580102404905118]
Timestep: 213, Trans probs: [0.17599476936016992, 0.08479539616155864, 0.277530162901962, 0.08479539615924668, 0.1224730187177309, 0.08482046438083861, 0.08479539615924668, 0.08479539615924668]
Timestep: 214, Trans probs: [0.15132728852436464, 0.08519744033873433, 0.3101493594360676, 0.08519744033705791, 0.1125179730600392, 0.08521561762962053, 0.08519744033705791, 0.08519744033705791]
Timestep: 215, Trans probs: [0.14038472168944935, 0.087709264669016, 0.32458365117726995, 0.087709264669016, 0.09475578470144141, 0.08943878375577524, 0.087709264669016, 0.087709264669016]
Timestep: 216, Trans probs: [0.1325347566193492, 0.08646152530295835, 0.24318745297399114, 0.08646152530179037, 0.19195749962121, 0.0864741895771202, 0.08646152530179037, 0.08646152530179037]
Timestep: 217, Trans probs: [0.12000246345497571, 0.0853354631971506, 0.28859662033203426, 0.08533546319627178, 0.16471407121740597, 0.08534499220961815, 0.08533546319627178, 0.08533546319627178]
Timestep: 218, Trans probs: [0.12435553149932572, 0.08862985491785073, 0.33791323239643595, 0.08862985491785073, 0.09340896287330068, 0.08980285355953467, 0.08862985491785073, 0.08862985491785073]
Timestep: 219, Trans probs: [0.11068742213727857, 0.0858078880629651, 0.23168272140047702, 0.08580788806233441, 0.2285835774442422, 0.08581472676803384, 0.08580788806233441, 0.08580788806233441]
Timestep: 220, Trans probs: [0.10379749521207636, 0.08552462857839101, 0.27818757280264933, 0.0855246285779278, 0.19038676638225388, 0.08552965129084596, 0.0855246285779278, 0.0855246285779278]
Timestep: 221, Trans probs: [0.09909286690824266, 0.0860336868812109, 0.3097589644468484, 0.08603368688087985, 0.1609761446275831, 0.08603727649347526, 0.08603368688087985, 0.08603368688087985]
Timestep: 222, Trans probs: [0.09618897270051592, 0.0871577825324092, 0.3290347375490334, 0.08715778253218026, 0.13898489466133396, 0.0871602649601667, 0.08715778253218026, 0.08715778253218026]
Timestep: 223, Trans probs: [0.17002180115094484, 0.08349489266953959, 0.2904714719275838, 0.08349489266953959, 0.1209803371715278, 0.08454681907178513, 0.08349489266953959, 0.08349489266953959]
Timestep: 224, Trans probs: [0.23131698504927128, 0.08477393364471485, 0.2325286717036481, 0.08477393364471485, 0.11153373445535988, 0.08552487421286138, 0.08477393364471485, 0.08477393364471485]
Timestep: 225, Trans probs: [0.27711252115465385, 0.08495245462043696, 0.19304650933282444, 0.08495245462043696, 0.10452932512163692, 0.08550182590913706, 0.08495245462043696, 0.08495245462043696]
Timestep: 226, Trans probs: [0.18301391947677245, 0.08846717477770655, 0.25129265326440403, 0.08846717477755242, 0.12335588226286526, 0.08846884588559442, 0.08846717477755242, 0.08846717477755242]
Timestep: 227, Trans probs: [0.15772653612292178, 0.0867242000747763, 0.2957264265110023, 0.08672420007466057, 0.11292478203062617, 0.08672545503669175, 0.08672420007466057, 0.08672420007466057]
Timestep: 228, Trans probs: [0.13742085918025, 0.08690480339656767, 0.3225084907622652, 0.08690480339648532, 0.1055457402067196, 0.08690569626474154, 0.08690480339648532, 0.08690480339648532]
Timestep: 229, Trans probs: [0.12249332236696407, 0.08796731066294827, 0.3369617550025146, 0.087967310662892, 0.100707759070819, 0.08796792090807812, 0.087967310662892, 0.087967310662892]
Timestep: 230, Trans probs: [0.22300338154238888, 0.0856699799857799, 0.24859286943105466, 0.0856699799857799, 0.09966122315223815, 0.0860626059311986, 0.0856699799857799, 0.0856699799857799]
Timestep: 231, Trans probs: [0.20137743564435234, 0.08919574284123859, 0.2549656524227095, 0.08919574284120113, 0.09767779145160803, 0.08919614911648809, 0.08919574284120113, 0.08919574284120113]
Timestep: 232, Trans probs: [0.11336187616475642, 0.08968858109945448, 0.3445625278690906, 0.08968858109945448, 0.0928554135741392, 0.09046585799419582, 0.08968858109945448, 0.08968858109945448]
Timestep: 233, Trans probs: [0.18495693910812244, 0.08589311630086001, 0.2893087294474788, 0.08589311630086001, 0.09598553386414317, 0.08617633237681556, 0.08589311630086001, 0.08589311630086001]
Timestep: 234, Trans probs: [0.16985044627477164, 0.08784656646562294, 0.20902298484210763, 0.08784656646559556, 0.1818934395712765, 0.08784686344943461, 0.08784656646559556, 0.08784656646559556]
Timestep: 235, Trans probs: [0.14932432270317805, 0.0853447223262184, 0.2652315424273286, 0.08534472232619703, 0.15872029153106784, 0.08534495403361606, 0.08534472232619703, 0.08534472232619703]
Timestep: 236, Trans probs: [0.1324423873033359, 0.08493996984749105, 0.3034390549895446, 0.08493996984747518, 0.13941853643579064, 0.08494014188141227, 0.08493996984747518, 0.08493996984747518]
Timestep: 237, Trans probs: [0.11952191707846203, 0.08592931970010985, 0.32637607636092814, 0.08592931970009862, 0.12445528640173333, 0.08592944135847086, 0.08592931970009862, 0.08592931970009862]
Timestep: 238, Trans probs: [0.11033603794289278, 0.08743445696723522, 0.3387922571038285, 0.08743445696722757, 0.11369933717716191, 0.08743453990719888, 0.08743445696722757, 0.08743445696722757]
Timestep: 239, Trans probs: [0.21809221571677856, 0.08774333513679229, 0.2554477734624677, 0.08774333513679229, 0.08774333513679229, 0.08774333513679229, 0.08774333513679229, 0.08774333513679229]
Timestep: 240, Trans probs: [0.10413326075815336, 0.0888993609083533, 0.2561000252562423, 0.08889936090834821, 0.1063704933646806, 0.17779877698752583, 0.08889936090834821, 0.08889936090834821]
Timestep: 241, Trans probs: [0.098423388069404, 0.0869563389082881, 0.299770026017115, 0.08695633890828428, 0.10010742541616625, 0.1538738048641738, 0.08695633890828428, 0.08695633890828428]
Timestep: 242, Trans probs: [0.09524792554474393, 0.08710887923123317, 0.3252679921530265, 0.08710887923123047, 0.0964432163092989, 0.13460534906800606, 0.08710887923123047, 0.08710887923123047]
Timestep: 243, Trans probs: [0.0937107346079101, 0.08816603380606244, 0.33857724641061876, 0.0881660338060606, 0.09452502284333485, 0.12052286091389222, 0.0881660338060606, 0.0881660338060606]
Timestep: 244, Trans probs: [0.09305305469627073, 0.08937147277989996, 0.3450115008755712, 0.08937147277989872, 0.09359372748446775, 0.11085582582409426, 0.08937147277989872, 0.08937147277989872]
Timestep: 245, Trans probs: [0.15634906511090135, 0.08665552033598234, 0.3164183299023998, 0.08665552033598234, 0.09375575466372815, 0.08685476897904135, 0.08665552033598234, 0.08665552033598234]
Timestep: 246, Trans probs: [0.22326512663855058, 0.08781091468957078, 0.24487937591769363, 0.08781091468957078, 0.09266471536480911, 0.08794712332066355, 0.08781091468957078, 0.08781091468957078]
Timestep: 247, Trans probs: [0.27230925301858566, 0.08723285232570957, 0.20068916617528423, 0.08723285232570957, 0.09073893068458075, 0.08733124081871096, 0.08723285232570957, 0.08723285232570957]
Timestep: 248, Trans probs: [0.18321244310382231, 0.090402546903676, 0.2575629838477558, 0.09040254690367519, 0.09316343668514876, 0.1044509487485716, 0.09040254690367519, 0.09040254690367519]
Timestep: 249, Trans probs: [0.1966786837849232, 0.0906071152720344, 0.2571021562563423, 0.0906071152720344, 0.0926758316290641, 0.09111486724153278, 0.0906071152720344, 0.0906071152720344]
Timestep: 250, Trans probs: [0.2187620619613333, 0.08725768092492327, 0.2551307308088523, 0.08725768092492327, 0.08974889354156376, 0.0873275899885576, 0.08725768092492327, 0.08725768092492327]
Timestep: 251, Trans probs: [0.15725218617295209, 0.08824505280677988, 0.21253419693933787, 0.08824505280677927, 0.17854291568187916, 0.09869048997871328, 0.08824505280677927, 0.08824505280677927]
Timestep: 252, Trans probs: [0.1398221168539138, 0.08529601520627826, 0.2687993051693367, 0.08529601520627776, 0.15664502232364239, 0.09354949482799556, 0.08529601520627776, 0.08529601520627776]
Timestep: 253, Trans probs: [0.1254437816973848, 0.08481167019610236, 0.30636750352374326, 0.084811670196102, 0.13797998271242998, 0.09096205128203357, 0.084811670196102, 0.084811670196102]
Timestep: 254, Trans probs: [0.2550420539545655, 0.08877904302256909, 0.21040160968744615, 0.08877904302256909, 0.09029021471606885, 0.08914994955164321, 0.08877904302256909, 0.08877904302256909]
Timestep: 255, Trans probs: [0.20785562239985939, 0.08787769224771172, 0.17564239545167246, 0.08787769224771172, 0.17684586908892558, 0.08814534406869572, 0.08787769224771172, 0.08787769224771172]
Timestep: 256, Trans probs: [0.1145822290038868, 0.08585244867249309, 0.24250811305855635, 0.08585244867249281, 0.20929865958736338, 0.09020120366022205, 0.08585244867249281, 0.08585244867249281]
Timestep: 257, Trans probs: [0.18112599156159467, 0.08713178869686113, 0.2942526863644929, 0.08713178869686113, 0.08891241031738993, 0.08718175696907791, 0.08713178869686113, 0.08713178869686113]
Timestep: 258, Trans probs: [0.19187102324510827, 0.08526666553334095, 0.20161528728121067, 0.08526666553334077, 0.17695052871332925, 0.08849649862698844, 0.08526666553334077, 0.08526666553334077]
Timestep: 259, Trans probs: [0.1531684383028058, 0.08764695656384675, 0.31967375465703, 0.08764695656384675, 0.0888881923362419, 0.08768178844853533, 0.08764695656384675, 0.08764695656384675]
Timestep: 260, Trans probs: [0.2501140844171763, 0.08372237833231137, 0.1739481678899818, 0.08372237833231122, 0.15482119171609202, 0.08622704264750489, 0.08372237833231122, 0.08372237833231122]
Timestep: 261, Trans probs: [0.17906612326450005, 0.08533111060949142, 0.23923004494334535, 0.08533111060949142, 0.15483917072962136, 0.08554021862456763, 0.08533111060949142, 0.08533111060949142]
Timestep: 262, Trans probs: [0.133039154665762, 0.0885833285917255, 0.3345950716024259, 0.0885833285917255, 0.08942549760484873, 0.08860696176006129, 0.0885833285917255, 0.0885833285917255]
Timestep: 263, Trans probs: [0.20849156243033412, 0.08356296862929485, 0.15130541372616346, 0.08356296862929474, 0.22050765312625428, 0.08544349620006919, 0.08356296862929474, 0.08356296862929474]
Timestep: 264, Trans probs: [0.1778226575927832, 0.0832189270409858, 0.21773666268835462, 0.08321892704098573, 0.18692199163550205, 0.08464297991941724, 0.08321892704098573, 0.08321892704098573]
Timestep: 265, Trans probs: [0.11913966329935395, 0.08960697103423217, 0.3426433447263184, 0.08960697103423217, 0.09016643692422303, 0.08962267091317601, 0.08960697103423217, 0.08960697103423217]
Timestep: 266, Trans probs: [0.20036055980313702, 0.0905117021083277, 0.2561926255811138, 0.0905117021083277, 0.0908780242459426, 0.09052198193649577, 0.0905117021083277, 0.0905117021083277]
Timestep: 267, Trans probs: [0.23772788520243276, 0.08278025036335325, 0.18539558160499567, 0.0827802503633532, 0.16188895876471918, 0.08386657297443949, 0.0827802503633532, 0.0827802503633532]
Timestep: 268, Trans probs: [0.1995210244774787, 0.08285412518527446, 0.2429718531886117, 0.08285412518527441, 0.1424185562640944, 0.08367206532871753, 0.08285412518527441, 0.08285412518527441]
Timestep: 269, Trans probs: [0.16875536442192327, 0.08879642954171306, 0.29819192992364646, 0.08879642954171306, 0.08906307526349297, 0.08880391222408518, 0.08879642954171306, 0.08879642954171306]
Timestep: 270, Trans probs: [0.2533111613883391, 0.0832083842073028, 0.2024652845242984, 0.08320838420730277, 0.12757242501768282, 0.08381759224046842, 0.08320838420730277, 0.08320838420730277]
Timestep: 271, Trans probs: [0.2087985980771219, 0.08381681069757439, 0.2552567678597104, 0.08381681069757436, 0.11641296937145305, 0.08426442190141725, 0.08381681069757436, 0.08381681069757436]
Timestep: 272, Trans probs: [0.17548035419215385, 0.08444750733803086, 0.29376654749886777, 0.08444750733803086, 0.10818953553915317, 0.08477353341770177, 0.08444750733803086, 0.08444750733803086]
Timestep: 273, Trans probs: [0.14994815574335135, 0.0856511577552944, 0.31914549925337854, 0.0856511577552944, 0.10242028222227041, 0.08588143175982209, 0.0856511577552944, 0.0856511577552944]
Timestep: 274, Trans probs: [0.14445566800635867, 0.08865182142684784, 0.3234420874847955, 0.08865182142684784, 0.08883791516323365, 0.08865704363822074, 0.08865182142684784, 0.08865182142684784]
Timestep: 275, Trans probs: [0.21834801774394885, 0.08715511496302544, 0.24707819985545543, 0.08715511496302544, 0.09864049014812787, 0.08731283240036602, 0.08715511496302544, 0.08715511496302544]
Timestep: 276, Trans probs: [0.1819603239341876, 0.08667967222248864, 0.28950568642920055, 0.08667967222248864, 0.09502108406408302, 0.0867942166825743, 0.08667967222248864, 0.08667967222248864]
Timestep: 277, Trans probs: [0.1542310965505364, 0.08711862890852076, 0.31710104045147125, 0.08711862890852076, 0.09299403721283858, 0.08719931015107073, 0.08711862890852076, 0.08711862890852076]
Timestep: 278, Trans probs: [0.13394907857758476, 0.08811456789007692, 0.33329579820764194, 0.08811456789007692, 0.0921271824485846, 0.08816966920588105, 0.08811456789007692, 0.08811456789007692]
Timestep: 279, Trans probs: [0.1198139413161581, 0.08924170990906226, 0.34202257835850397, 0.08924170990906226, 0.09191817746571523, 0.0892784632233735, 0.08924170990906226, 0.08924170990906226]
Timestep: 280, Trans probs: [0.11031495365238486, 0.09024734525974173, 0.34642001699134356, 0.09024734525974173, 0.09200417818722181, 0.0902714701300827, 0.09024734525974173, 0.09024734525974173]
Timestep: 281, Trans probs: [0.23983271037202866, 0.08435973056119203, 0.2011170975956247, 0.08435973056119203, 0.13709289679411896, 0.0845183729934595, 0.08435973056119203, 0.08435973056119203]
Timestep: 282, Trans probs: [0.104078584930629, 0.09103990497259959, 0.2574849249943281, 0.09103990497259959, 0.18322129037639684, 0.09105557980824767, 0.09103990497259959, 0.09103990497259959]
Timestep: 283, Trans probs: [0.09837983903549366, 0.08869950937422048, 0.3009730821869194, 0.08869950937422048, 0.1571378944112051, 0.08871114686949978, 0.08869950937422048, 0.08869950937422048]
Timestep: 284, Trans probs: [0.09524815195548451, 0.08844954140438911, 0.3259813354118705, 0.08844954140438911, 0.1365146324594781, 0.08845771455561045, 0.08844954140438911, 0.08844954140438911]
Timestep: 285, Trans probs: [0.09373756143004498, 0.08913994195537324, 0.338912824093878, 0.08913994195537324, 0.12164437753466122, 0.08914546911992285, 0.08913994195537324, 0.08913994195537324]
Timestep: 286, Trans probs: [0.12698422122920938, 0.08928237242021737, 0.33719228855513445, 0.08928237242021737, 0.08940809991650243, 0.0892859006182843, 0.08928237242021737, 0.08928237242021737]
Timestep: 287, Trans probs: [0.2051659487865003, 0.09011884896560447, 0.2540354942801311, 0.09011884896560447, 0.09020197928058399, 0.09012118179036659, 0.09011884896560447, 0.09011884896560447]
Timestep: 288, Trans probs: [0.18313328169128013, 0.09004757784739553, 0.255098533156646, 0.09004757784739553, 0.11152664354186319, 0.09005123022062857, 0.09004757784739553, 0.09004757784739553]
Timestep: 289, Trans probs: [0.15740129964912253, 0.0879209502249462, 0.2990380258926741, 0.0879209502249462, 0.1039531971557889, 0.08792367640262957, 0.0879209502249462, 0.0879209502249462]
Timestep: 290, Trans probs: [0.1721575611551023, 0.0885892528635243, 0.2962448426541931, 0.0885892528635243, 0.08864963734780422, 0.0885909473888032, 0.0885892528635243, 0.0885892528635243]
Timestep: 291, Trans probs: [0.22473731491098514, 0.08783923302599911, 0.23690527533249464, 0.08783923302599911, 0.09915931972056156, 0.0878411579319623, 0.08783923302599911, 0.08783923302599911]
Timestep: 292, Trans probs: [0.18702033155675563, 0.08697028861672539, 0.2828834033732296, 0.08697028861672539, 0.09524341519586449, 0.08697169540724885, 0.08697028861672539, 0.08697028861672539]
Timestep: 293, Trans probs: [0.15808022585412076, 0.08714353187096846, 0.3131918383965408, 0.08714353187096846, 0.09300927896295162, 0.087144529302513, 0.08714353187096846, 0.08714353187096846]
Timestep: 294, Trans probs: [0.2003813818731643, 0.08409052993197541, 0.25551336480442555, 0.08409052993197541, 0.1235339421200267, 0.08420919147448173, 0.08409052993197541, 0.08409052993197541]
Timestep: 295, Trans probs: [0.1367018716273795, 0.0880160485245448, 0.24315927900569997, 0.0880160485245448, 0.18005792217922725, 0.08801673308951403, 0.0880160485245448, 0.0880160485245448]
Timestep: 296, Trans probs: [0.16978382069735098, 0.08441705162683952, 0.2946721490990182, 0.08441705162683952, 0.11337166502423061, 0.0845041586720421, 0.08441705162683952, 0.08441705162683952]
Timestep: 297, Trans probs: [0.12312878995244664, 0.08612397044972464, 0.20404427815199036, 0.08612397044972464, 0.24220655932702917, 0.08612449076963524, 0.08612397044972464, 0.08612397044972464]
Timestep: 298, Trans probs: [0.11293600303375023, 0.08535423182232248, 0.25860109471087167, 0.08535423182232248, 0.2016913553201005, 0.0853546196459877, 0.08535423182232248, 0.08535423182232248]
Timestep: 299, Trans probs: [0.10552213311259953, 0.08539474161803239, 0.29721383096318527, 0.08539474161803239, 0.17029004482544288, 0.08539502462664272, 0.08539474161803239, 0.08539474161803239]
Timestep: 300, Trans probs: [0.10049685647428819, 0.08632737621421915, 0.3217732512658105, 0.08632737621421915, 0.1460928119536033, 0.08632757544942152, 0.08632737621421915, 0.08632737621421915]
Timestep: 301, Trans probs: [0.09733173566415596, 0.08766902173625792, 0.3358976472385378, 0.08766902173625792, 0.1284253725498642, 0.08766915760241033, 0.08766902173625792, 0.08766902173625792]
Timestep: 302, Trans probs: [0.09544227458552647, 0.08900515500277846, 0.34337558503517196, 0.08900515500277846, 0.11615627485391575, 0.08900524551427211, 0.08900515500277846, 0.08900515500277846]
Timestep: 303, Trans probs: [0.146880254302633, 0.08850173886686308, 0.3220659458121924, 0.08850173886686308, 0.08854392180223275, 0.08850292261548948, 0.08850173886686308, 0.08850173886686308]
Timestep: 304, Trans probs: [0.18447451913695254, 0.0901263057000101, 0.25696000713982425, 0.0901263057000101, 0.10793388585948224, 0.09012636506370071, 0.0901263057000101, 0.0901263057000101]
Timestep: 305, Trans probs: [0.15817516936849438, 0.08808118849460958, 0.30010789595400006, 0.08808118849460958, 0.10131094810147748, 0.08808123259758985, 0.08808118849460958, 0.08808118849460958]
Timestep: 306, Trans probs: [0.14602770201003565, 0.0855583797218483, 0.32005039474712355, 0.0855583797218483, 0.10606830259137291, 0.08562008176407476, 0.0855583797218483, 0.0855583797218483]
Timestep: 307, Trans probs: [0.13735081998742338, 0.08801120449481582, 0.23725820245077756, 0.08801120449481582, 0.18533492404334131, 0.08801123553919454, 0.08801120449481582, 0.08801120449481582]
Timestep: 308, Trans probs: [0.12366800328097696, 0.08602970402528688, 0.2859111905583134, 0.08602970402528688, 0.16027226235233935, 0.0860297277072229, 0.08602970402528688, 0.08602970402528688]
Timestep: 309, Trans probs: [0.1285280346631524, 0.0870803667343007, 0.33488929471185414, 0.0870803667343007, 0.1011385443386573, 0.08712265934913348, 0.0870803667343007, 0.0870803667343007]
Timestep: 310, Trans probs: [0.11628741536654355, 0.08857307995630521, 0.25427262569216547, 0.08857307995630521, 0.18654627984342637, 0.08860135927264369, 0.08857307995630521, 0.08857307995630521]
Timestep: 311, Trans probs: [0.11327719459993743, 0.08608349378301003, 0.23049802502142916, 0.08608349378301003, 0.22580729435336588, 0.08608351089322742, 0.08608349378301003, 0.08608349378301003]
Timestep: 312, Trans probs: [0.10564840130941416, 0.08557050801820207, 0.2777664278339961, 0.08557050801820207, 0.1887326181326128, 0.08557052065116884, 0.08557050801820207, 0.08557050801820207]
Timestep: 313, Trans probs: [0.1003850846019061, 0.08599976798833806, 0.3097031843766933, 0.08599976798833806, 0.15991288202850037, 0.08599977703954798, 0.08599976798833806, 0.08599976798833806]
Timestep: 314, Trans probs: [0.09706977661286041, 0.08711052893042794, 0.3290954892735513, 0.08711052893042794, 0.13828208319511168, 0.08711053519676491, 0.08711052893042794, 0.08711052893042794]
Timestep: 315, Trans probs: [0.09513599725022458, 0.08842865225991961, 0.339829113560155, 0.08842865225991961, 0.12289162366977559, 0.0884286564801665, 0.08842865225991961, 0.08842865225991961]
Timestep: 316, Trans probs: [0.09406760868662248, 0.08963682000185236, 0.34534565819945084, 0.08963682000185236, 0.11240263031682222, 0.08963682278969497, 0.08963682000185236, 0.08963682000185236]
Timestep: 317, Trans probs: [0.09349545369637403, 0.09060500357576294, 0.34802311759168597, 0.09060500357576294, 0.10545640901446035, 0.09060500539442787, 0.09060500357576294, 0.09060500357576294]
Timestep: 318, Trans probs: [0.1076338703674606, 0.08697656343841179, 0.29745983644075286, 0.08697656343841179, 0.16000239757555831, 0.0869976418625811, 0.08697656343841179, 0.08697656343841179]
Timestep: 319, Trans probs: [0.0931921192578189, 0.091321145135926, 0.25794662204553703, 0.091321145135926, 0.19225553183980118, 0.09132114631313884, 0.091321145135926, 0.091321145135926]
Timestep: 320, Trans probs: [0.09055042394946097, 0.08917976880584721, 0.3004275364743355, 0.08917976880584721, 0.1631231946845541, 0.08917976966826044, 0.08917976880584721, 0.08917976880584721]
Timestep: 321, Trans probs: [0.08984251882753552, 0.08888576347459218, 0.3252283350718185, 0.08888576347459218, 0.1405003281256967, 0.08888576407658055, 0.08888576347459218, 0.08888576347459218]
Timestep: 322, Trans probs: [0.12866144785157482, 0.08915737057812684, 0.3363649829379493, 0.08915737057812684, 0.08918591529061269, 0.08915817160735584, 0.08915737057812684, 0.08915737057812684]
Timestep: 323, Trans probs: [0.17956353969093553, 0.08945911142641329, 0.2488685576808439, 0.08945911142641329, 0.12427234509012218, 0.08945911183244522, 0.08945911142641329, 0.08945911142641329]
Timestep: 324, Trans probs: [0.1553485626446404, 0.08722656447533964, 0.2949720669770505, 0.08722656447533964, 0.11354654769463708, 0.08722656478231351, 0.08722656447533964, 0.08722656447533964]
Timestep: 325, Trans probs: [0.13574796372427775, 0.08716547876404888, 0.32248857213243404, 0.08716547876404888, 0.10593607010411969, 0.08716547898297311, 0.08716547876404888, 0.08716547876404888]
Timestep: 326, Trans probs: [0.10180834393051194, 0.08718497577201356, 0.3233716778044155, 0.08718497577201356, 0.1388801779267169, 0.08719989725030149, 0.08718497577201356, 0.08718497577201356]
Timestep: 327, Trans probs: [0.12133344156710131, 0.08811829456167655, 0.24900531272060497, 0.08811829456167655, 0.18906977275423564, 0.0881182947113519, 0.08811829456167655, 0.08811829456167655]
Timestep: 328, Trans probs: [0.11143445239029777, 0.08653967237084728, 0.2936642972754803, 0.08653967237084728, 0.16220288836780367, 0.08653967248302907, 0.08653967237084728, 0.08653967237084728]
Timestep: 329, Trans probs: [0.10449390785375721, 0.08676568292252995, 0.3210302365415066, 0.08676568292252995, 0.14064744091219886, 0.08676568300241755, 0.08676568292252995, 0.08676568292252995]
Timestep: 330, Trans probs: [0.09998144442942658, 0.08784518901374505, 0.3360614511941314, 0.08784518901374505, 0.1247311592530279, 0.0878451890684339, 0.08784518901374505, 0.08784518901374505]
Timestep: 331, Trans probs: [0.0971834414043016, 0.08909211594795596, 0.3436717312990662, 0.08909211594795596, 0.11368424752039098, 0.08909211598441738, 0.08909211594795596, 0.08909211594795596]
Timestep: 332, Trans probs: [0.09548650369179938, 0.0901805533678229, 0.3473036923278089, 0.0901805533678229, 0.10630703711736739, 0.09018055339173277, 0.0901805533678229, 0.0901805533678229]
Timestep: 333, Trans probs: [0.09446195871018395, 0.09101720471846056, 0.34896510143651466, 0.09101720471846056, 0.10148691624547562, 0.09101720473398345, 0.09101720471846056, 0.09101720471846056]
Timestep: 334, Trans probs: [0.09383991116773184, 0.0916168095469154, 0.34970251314486955, 0.0916168095469154, 0.09837352794280384, 0.09161680955693323, 0.0916168095469154, 0.0916168095469154]
Timestep: 335, Trans probs: [0.09345852813595633, 0.09202893698193683, 0.350022864222407, 0.09202893698193683, 0.09637392272551044, 0.09202893698837891, 0.09202893698193683, 0.09202893698193683]
Timestep: 336, Trans probs: [0.11617214101417166, 0.09001668520325233, 0.3437083180946542, 0.09001668520325233, 0.09003558451738872, 0.0900172155607761, 0.09001668520325233, 0.09001668520325233]
Timestep: 337, Trans probs: [0.1855272408216026, 0.09230494907166895, 0.2578549663093758, 0.09230494907166895, 0.09509304750654314, 0.09230494907580271, 0.09230494907166895, 0.09230494907166895]
Timestep: 338, Trans probs: [0.15845296920152535, 0.08966689005143057, 0.30148843190609326, 0.08966689005143057, 0.09172414863217823, 0.08966689005448074, 0.08966689005143057, 0.08966689005143057]
Timestep: 339, Trans probs: [0.13723035071447695, 0.08916469041107541, 0.3263439558862819, 0.08916469041107541, 0.09060224134173257, 0.08916469041320679, 0.08916469041107541, 0.08916469041107541]
Timestep: 340, Trans probs: [0.10788470117844905, 0.09080491402594577, 0.347273126886363, 0.09080491402594577, 0.09081725547642981, 0.09080526035497505, 0.09080491402594577, 0.09080491402594577]
Timestep: 341, Trans probs: [0.21168306932784747, 0.08964841043686449, 0.24945785800002981, 0.08964841043686449, 0.09061702048636415, 0.08964841043830057, 0.08964841043686449, 0.08964841043686449]
Timestep: 342, Trans probs: [0.17692361704856654, 0.08828752860392254, 0.29264769146785735, 0.08828752860392254, 0.08899104846292032, 0.08828752860496562, 0.08828752860392254, 0.08828752860392254]
Timestep: 343, Trans probs: [0.15035295868509901, 0.08824454480018483, 0.31968680736370014, 0.08824454480018483, 0.08873750994954584, 0.08824454480091573, 0.08824454480018483, 0.08824454480018483]
Timestep: 344, Trans probs: [0.13109513643975315, 0.08893117915730671, 0.33498312604446057, 0.08893117915730671, 0.08926584172875648, 0.08893117915780291, 0.08893117915730671, 0.08893117915730671]
Timestep: 345, Trans probs: [0.11781680800950216, 0.08983058758151884, 0.34297753506232814, 0.08983058758151884, 0.09005271902024621, 0.0898305875818482, 0.08983058758151884, 0.08983058758151884]
Timestep: 346, Trans probs: [0.10896857167886287, 0.0906623722858634, 0.3469118951567048, 0.0906623722858634, 0.09080767173489979, 0.09066237228607883, 0.0906623722858634, 0.0906623722858634]
Timestep: 347, Trans probs: [0.10319208691914675, 0.09132522233379234, 0.34876238973537527, 0.09132522233379234, 0.09141941167637654, 0.091325222333932, 0.09132522233379234, 0.09132522233379234]
Timestep: 348, Trans probs: [0.09946309361602218, 0.09181207114438496, 0.34960375203800514, 0.09181207114438496, 0.09187279862395777, 0.09181207114447501, 0.09181207114438496, 0.09181207114438496]
Timestep: 349, Trans probs: [0.10248846103945877, 0.09142847724901226, 0.3489324595188977, 0.09142847724901226, 0.09143646893187606, 0.09142870151371858, 0.09142847724901226, 0.09142847724901226]
Timestep: 350, Trans probs: [0.1892219104119716, 0.09215246050343796, 0.2578242995778438, 0.09215246050343796, 0.09219148749293701, 0.09215246050349582, 0.09215246050343796, 0.09215246050343796]
Timestep: 351, Trans probs: [0.16095210849372132, 0.089669929205715, 0.3009996571122912, 0.089669929205715, 0.08969858836536991, 0.08966992920575749, 0.089669929205715, 0.089669929205715]
Timestep: 352, Trans probs: [0.13893248847899198, 0.08920118987689754, 0.3258403776797316, 0.08920118987689754, 0.08922118445675914, 0.08920118987692717, 0.08920118987689754, 0.08920118987689754]
Timestep: 353, Trans probs: [0.09901002959928457, 0.09188393778408306, 0.34968105005403444, 0.09188393778408306, 0.09188908692959034, 0.0918840822807585, 0.09188393778408306, 0.09188393778408306]
Timestep: 354, Trans probs: [0.2128516996206763, 0.08967625468271223, 0.24907730385864413, 0.08967625468271223, 0.08968972310709857, 0.08967625468273217, 0.08967625468271223, 0.08967625468271223]
Timestep: 355, Trans probs: [0.09677891271892684, 0.09220111378461798, 0.3500110039394453, 0.09220111378461798, 0.09220442159392316, 0.09220120660923266, 0.09220111378461798, 0.09220111378461798]
Timestep: 356, Trans probs: [0.2660189762726596, 0.08833499028868808, 0.20396131227045147, 0.08833499028868808, 0.08834476001343414, 0.08833499028870255, 0.08833499028868808, 0.08833499028868808]
Timestep: 357, Trans probs: [0.21468596796182648, 0.08784586968684459, 0.2582318397779235, 0.08784586968684459, 0.08785284382601673, 0.08784586968685493, 0.08784586968684459, 0.08784586968684459]
Timestep: 358, Trans probs: [0.17808619253729552, 0.0875335311299714, 0.29670764176159986, 0.0875335311299714, 0.08753851005124039, 0.08753353112997876, 0.0875335311299714, 0.0875335311299714]
Timestep: 359, Trans probs: [0.09535103118151086, 0.09241547508055871, 0.350153937647039, 0.09241547508055871, 0.09241759624400994, 0.09241553460520534, 0.09241547508055871, 0.09241547508055871]
Timestep: 360, Trans probs: [0.18699560846402905, 0.09255758762863825, 0.2576574688777691, 0.09255758762863825, 0.09255894638522592, 0.09255762575842295, 0.09255758762863825, 0.09255758762863825]
Timestep: 361, Trans probs: [0.24928475003141531, 0.08988245459751962, 0.21141949407603947, 0.08988245459751962, 0.08988345483599215, 0.0898824826664747, 0.08988245459751962, 0.08988245459751962]
Timestep: 362, Trans probs: [0.09817222310881178, 0.0882085445817823, 0.3373436517655281, 0.0882085445817823, 0.12343123541993431, 0.08821871137859666, 0.0882085445817823, 0.0882085445817823]
Timestep: 363, Trans probs: [0.23886677396019118, 0.08796188275994411, 0.23335846864002022, 0.08796188275994411, 0.08796534360006285, 0.08796188275994923, 0.08796188275994411, 0.08796188275994411]
Timestep: 364, Trans probs: [0.19573630615237286, 0.08749655070601198, 0.27928190725007807, 0.08749655070601198, 0.08749903306748556, 0.08749655070601564, 0.08749655070601198, 0.08749655070601198]
Timestep: 365, Trans probs: [0.1638996809476077, 0.08761709243680474, 0.310396014973074, 0.08761709243680474, 0.08761884189529198, 0.08761709243680732, 0.08761709243680474, 0.08761709243680474]
Timestep: 366, Trans probs: [0.20422392825951427, 0.08843658960985047, 0.1767191975250721, 0.08843658960985047, 0.1768739057773106, 0.08843660999870119, 0.08843658960985047, 0.08843658960985047]
Timestep: 367, Trans probs: [0.0959996765291029, 0.08937845608644732, 0.34431609397439783, 0.08937845608644732, 0.11278519286445934, 0.08938521228625051, 0.08937845608644732, 0.08937845608644732]
Timestep: 368, Trans probs: [0.22895547037185646, 0.0883363929416876, 0.241024972931315, 0.0883363929416876, 0.08833759198838882, 0.08833639294168937, 0.0883363929416876, 0.0883363929416876]
Timestep: 369, Trans probs: [0.17640620834886278, 0.08563107833412037, 0.15484300862808986, 0.08563107833412037, 0.24059537536796413, 0.08563109431860189, 0.08563107833412037, 0.08563107833412037]
Timestep: 370, Trans probs: [0.2764844025407772, 0.08766979043973042, 0.19749599236769994, 0.08766979043973042, 0.0876706528928696, 0.08766979043973168, 0.08766979043973042, 0.08766979043973042]
Timestep: 371, Trans probs: [0.1534384319352608, 0.08455655064388964, 0.22163241980246057, 0.08455655064388964, 0.20214638291350412, 0.0845565627732158, 0.08455655064388964, 0.08455655064388964]
Timestep: 372, Trans probs: [0.3087615547988602, 0.08766000217098474, 0.16527782265098437, 0.08766000217098474, 0.08766061169523082, 0.08766000217098563, 0.08766000217098474, 0.08766000217098474]
Timestep: 373, Trans probs: [0.1361383377840168, 0.08379063094840647, 0.2717539017612273, 0.08379063094840647, 0.17315459649488002, 0.08379064016625008, 0.08379063094840647, 0.08379063094840647]
Timestep: 374, Trans probs: [0.3284785979066748, 0.08831650057774258, 0.14162198002477533, 0.08831650057774258, 0.08831691917983642, 0.08831650057774319, 0.08831650057774258, 0.08831650057774258]
Timestep: 375, Trans probs: [0.25019956079803835, 0.08925982214917573, 0.2142412257892384, 0.08925982214917573, 0.08926010266684413, 0.08925982214917615, 0.08925982214917573, 0.08925982214917573]
Timestep: 376, Trans probs: [0.20449563793509462, 0.08814353710981744, 0.2666429366045028, 0.08814353710981744, 0.08814373991131515, 0.08814353710981775, 0.08814353710981744, 0.08814353710981744]
Timestep: 377, Trans probs: [0.12260983130001571, 0.0843120876307105, 0.3061386835366273, 0.0843120876307105, 0.1496910402660015, 0.08431209437451331, 0.0843120876307105, 0.0843120876307105]
Timestep: 378, Trans probs: [0.258450868691209, 0.08776054569031859, 0.21498571262043, 0.08776054569031859, 0.08776069023676789, 0.08776054569031883, 0.08776054569031859, 0.08776054569031859]
Timestep: 379, Trans probs: [0.2092705079752253, 0.08749544171943457, 0.2657567385848433, 0.08749544171943457, 0.08749554484275833, 0.08749544171943473, 0.08749544171943457, 0.08749544171943457]
Timestep: 380, Trans probs: [0.20219903030560218, 0.10109951515280109, 0.19120387877759135, 0.10109951515280109, 0.10109951515280109, 0.10109951515280109, 0.10109951515280109, 0.10109951515280109]
Timestep: 381, Trans probs: [0.1739087373589111, 0.1748779539072045, 0.2140183507402993, 0.08743897695360225, 0.08743905017917601, 0.08743897695360238, 0.08743897695360225, 0.08743897695360225]
Timestep: 382, Trans probs: [0.15238471032225032, 0.15313831637374029, 0.268722484171214, 0.0851508864393751, 0.08515094337529476, 0.0851508864393752, 0.0851508864393751, 0.0851508864393751]
Timestep: 383, Trans probs: [0.13463794037558813, 0.13519526917500377, 0.3055906707227521, 0.08491521552394773, 0.08491525763086512, 0.0849152155239478, 0.08491521552394773, 0.08491521552394773]
Timestep: 384, Trans probs: [0.1126078173305071, 0.08570577107612237, 0.3272324540848862, 0.08570577107612237, 0.13163086846684638, 0.08570577581327077, 0.08570577107612237, 0.08570577107612237]
Timestep: 385, Trans probs: [0.20703627791691498, 0.12143934153778266, 0.24157497254505236, 0.08598987566263498, 0.08598990534971013, 0.08598987566263504, 0.08598987566263498, 0.08598987566263498]
Timestep: 386, Trans probs: [0.17534408289865278, 0.1116865775568264, 0.28635332984092376, 0.0853231975251288, 0.0853232196030819, 0.08532319752512885, 0.0853231975251288, 0.0853231975251288]
Timestep: 387, Trans probs: [0.15025738422052723, 0.10474441610040197, 0.3155207386851382, 0.08589548904178823, 0.08589550482677963, 0.08589548904178826, 0.08589548904178823, 0.08589548904178823]
Timestep: 388, Trans probs: [0.1056534364163537, 0.08736042111548042, 0.3389556095817292, 0.08736042111548042, 0.11858884520332028, 0.08736042433667511, 0.08736042111548042, 0.08736042111548042]
Timestep: 389, Trans probs: [0.21866699078518742, 0.10014283126568602, 0.2454452167752327, 0.08714899005844617, 0.08714900094010915, 0.0871489900584462, 0.08714899005844617, 0.08714899005844617]
Timestep: 390, Trans probs: [0.18235858421311496, 0.09607762493549504, 0.28847070293396004, 0.08661861599920087, 0.08661862392062655, 0.0866186159992009, 0.08661861599920087, 0.08661861599920087]
Timestep: 391, Trans probs: [0.09472384911819386, 0.09039104610722523, 0.34760852166453504, 0.09039104610722523, 0.10570797755016101, 0.0903954672382091, 0.09039104610722523, 0.09039104610722523]
Timestep: 392, Trans probs: [0.10103207338357308, 0.08887358802172127, 0.3449703683803122, 0.08887358802172127, 0.10962961598653555, 0.08887359016269408, 0.08887358802172127, 0.08887358802172127]
Timestep: 393, Trans probs: [0.15459357304001273, 0.09371212585234794, 0.22946825461474632, 0.08703767348389799, 0.17407535255730103, 0.08703767348389801, 0.08703767348389799, 0.08703767348389799]
Timestep: 394, Trans probs: [0.09804404047812171, 0.09008189074499619, 0.3478722460479411, 0.09008189074499619, 0.10367425834691116, 0.09008189214704138, 0.09008189074499619, 0.09008189074499619]
Timestep: 395, Trans probs: [0.22227441800979122, 0.0901225378419822, 0.195380924284784, 0.08494750749088861, 0.15243208989988813, 0.08494750749088864, 0.08494750749088861, 0.08494750749088861]
Timestep: 396, Trans probs: [0.18918294160987373, 0.08775880666316384, 0.25232974646643336, 0.08378706614750761, 0.13558024067049865, 0.08378706614750762, 0.08378706614750761, 0.08378706614750761]
Timestep: 397, Trans probs: [0.09613826455205575, 0.09097206720315691, 0.34920999786992035, 0.09097206720315691, 0.0997914006525301, 0.09097206811286626, 0.09097206720315691, 0.09097206720315691]
Timestep: 398, Trans probs: [0.18652458632965085, 0.09159567456998273, 0.25821112035223326, 0.09159567456998273, 0.09728591988125662, 0.09159567515692837, 0.09159567456998273, 0.09159567456998273]
Timestep: 399, Trans probs: [0.24617098914068233, 0.08676463894668554, 0.2094369935735958, 0.083804075182481, 0.12241107760911225, 0.083804075182481, 0.083804075182481, 0.083804075182481]
Timestep: 400, Trans probs: [0.20394189402306592, 0.08626384487262768, 0.2609021490555909, 0.08407827718518565, 0.1125790033079728, 0.08407827718518565, 0.08407827718518565, 0.08407827718518565]
Timestep: 401, Trans probs: [0.17177879535416143, 0.0862672198729187, 0.2978484239616329, 0.08467906186364421, 0.10538931335671008, 0.08467906186364421, 0.08467906186364421, 0.08467906186364421]
Timestep: 402, Trans probs: [0.14716813813314086, 0.08701676515414054, 0.3217488538376846, 0.08589960780757276, 0.10046781164474289, 0.08589960780757276, 0.08589960780757276, 0.08589960780757276]
Timestep: 403, Trans probs: [0.12920226129703377, 0.08815738267542077, 0.3357242023435797, 0.08739507941582393, 0.09733583602067011, 0.08739507941582393, 0.08739507941582393, 0.08739507941582393]
Timestep: 404, Trans probs: [0.15922876786713275, 0.0892100002258595, 0.3013141532174216, 0.0892100002258595, 0.09340707735322214, 0.08921000065878566, 0.0892100002258595, 0.0892100002258595]
Timestep: 405, Trans probs: [0.20552166532381783, 0.08933072074712992, 0.25440706279572706, 0.08882242066962098, 0.09545086845484127, 0.08882242066962098, 0.08882242066962098, 0.08882242066962098]
Timestep: 406, Trans probs: [0.18513881056281772, 0.09116476071707158, 0.25793861495392073, 0.09116476071707158, 0.10109590433896298, 0.0911676272760123, 0.09116476071707158, 0.09116476071707158]
Timestep: 407, Trans probs: [0.15839223661072785, 0.0888567384156794, 0.21225998707105947, 0.0888567384156794, 0.18506196314782944, 0.0888588595076657, 0.0888567384156794, 0.0888567384156794]
Timestep: 408, Trans probs: [0.1726577035216248, 0.08807006935057439, 0.2082465364786632, 0.08770002415331665, 0.18022559403587096, 0.08770002415331665, 0.08770002415331665, 0.08770002415331665]
Timestep: 409, Trans probs: [0.15154233984516563, 0.08552225580037665, 0.2645526244885581, 0.08523343799310798, 0.1574490278934677, 0.08523343799310798, 0.08523343799310798, 0.08523343799310798]
Timestep: 410, Trans probs: [0.13411909735796537, 0.08505748096456331, 0.302943472067524, 0.08484285130038133, 0.1385085444084219, 0.08484285130038133, 0.08484285130038133, 0.08484285130038133]
Timestep: 411, Trans probs: [0.12072413876492306, 0.0859969037329233, 0.3260679102798829, 0.08584498263164687, 0.12383111669568321, 0.08584498263164687, 0.08584498263164687, 0.08584498263164687]
Timestep: 412, Trans probs: [0.1111620723045267, 0.08746956653281988, 0.3386228905380278, 0.0873659190191172, 0.11328179454815679, 0.0873659190191172, 0.0873659190191172, 0.0873659190191172]
Timestep: 413, Trans probs: [0.10468449243884813, 0.08891637169344782, 0.3449143366195968, 0.08884739095638385, 0.1060952354225719, 0.08884739095638385, 0.08884739095638385, 0.08884739095638385]
Timestep: 414, Trans probs: [0.1403438404995418, 0.0860050893558982, 0.2684440663384096, 0.0860050893558982, 0.16118498884802354, 0.0860067468904322, 0.0860050893558982, 0.0860050893558982]
Timestep: 415, Trans probs: [0.1004324302924939, 0.09010128315298456, 0.2578291110768349, 0.09005608752340341, 0.19141282538407295, 0.09005608752340341, 0.09005608752340341, 0.09005608752340341]
Timestep: 416, Trans probs: [0.0958925863139197, 0.08829164447252812, 0.29995254491141027, 0.08825839266154406, 0.16282965365596572, 0.08825839266154406, 0.08825839266154406, 0.08825839266154406]
Timestep: 417, Trans probs: [0.09357206845806085, 0.08824486867405482, 0.3248111937656529, 0.08822156379368756, 0.14048561392748132, 0.08822156379368756, 0.08822156379368756, 0.08822156379368756]
Timestep: 418, Trans probs: [0.1378342258504283, 0.08885900581577434, 0.3260760578091916, 0.08885900581577434, 0.09179468695869458, 0.0888590061185882, 0.08885900581577434, 0.08885900581577434]
Timestep: 419, Trans probs: [0.21191718190687983, 0.0894388789388695, 0.24946908936380657, 0.0894388789388695, 0.09141933383068344, 0.08943887914315231, 0.0894388789388695, 0.0894388789388695]
Timestep: 420, Trans probs: [0.2652711940475055, 0.08814778388879607, 0.20440338059137095, 0.08814778388879607, 0.08958650576873986, 0.08814778403719944, 0.08814778388879607, 0.08814778388879607]
Timestep: 421, Trans probs: [0.1816011330638245, 0.08900614831940852, 0.2490767869431891, 0.08899037926571084, 0.1243544146107346, 0.08899037926571084, 0.08899037926571084, 0.08899037926571084]
Timestep: 422, Trans probs: [0.1568305486316461, 0.08697515596223283, 0.2946987065954214, 0.08696325949244975, 0.1136425508409007, 0.08696325949244975, 0.08696325949244975, 0.08696325949244975]
Timestep: 423, Trans probs: [0.1368210981078382, 0.08701139256912022, 0.3221295516380207, 0.08700290990752171, 0.1060263180549341, 0.08700290990752171, 0.08700290990752171, 0.08700290990752171]
Timestep: 424, Trans probs: [0.12208538805531265, 0.08801285766386341, 0.3368534397254281, 0.08800705506491228, 0.10102009429574678, 0.08800705506491228, 0.08800705506491228, 0.08800705506491228]
Timestep: 425, Trans probs: [0.11190738230203834, 0.089217219329219, 0.3441427566038875, 0.08921335516314872, 0.09787922111226022, 0.08921335516314872, 0.08921335516314872, 0.08921335516314872]
Timestep: 426, Trans probs: [0.12567783508097496, 0.08545049636782855, 0.30596178024170034, 0.08545049636782855, 0.14110667575434735, 0.08545172345166326, 0.08545049636782855, 0.08545049636782855]
Timestep: 427, Trans probs: [0.21431677999840393, 0.08769309701640347, 0.25849611049478005, 0.08769309701640347, 0.08872162431870662, 0.0876930971224955, 0.08769309701640347, 0.08769309701640347]
Timestep: 428, Trans probs: [0.10513877642497271, 0.09027387584384476, 0.2572820534280238, 0.0902713443307599, 0.18621991698011914, 0.0902713443307599, 0.0902713443307599, 0.0902713443307599]
Timestep: 429, Trans probs: [0.17787295892205582, 0.08742302390392773, 0.296854199096708, 0.08742302390392773, 0.08815772238581374, 0.08742302397971148, 0.08742302390392773, 0.08742302390392773]
Timestep: 430, Trans probs: [0.23866422690814487, 0.08788595517221875, 0.23350918603350937, 0.08788595517221875, 0.08839681114455739, 0.08788595522491328, 0.08788595517221875, 0.08788595517221875]
Timestep: 431, Trans probs: [0.2830663321317228, 0.08743992657915804, 0.19192755879719423, 0.08743992657915804, 0.08780647613748331, 0.08743992661696745, 0.08743992657915804, 0.08743992657915804]
Timestep: 432, Trans probs: [0.1874934250872579, 0.08824078370242022, 0.21198083314791732, 0.08823890804843235, 0.1593293258686751, 0.08823890804843235, 0.08823890804843235, 0.08823890804843235]
Timestep: 433, Trans probs: [0.16298863907564587, 0.08565104428625285, 0.2677187945779656, 0.0856495827778632, 0.14104319094868287, 0.0856495827778632, 0.0856495827778632, 0.0856495827778632]
Timestep: 434, Trans probs: [0.14246469543233908, 0.08522298524217922, 0.305203015441778, 0.08522190350127548, 0.1262216898786017, 0.08522190350127548, 0.08522190350127548, 0.08522190350127548]
Timestep: 435, Trans probs: [0.2251764318869072, 0.08763800985191694, 0.2487378001666948, 0.08763800985191694, 0.08789571866023084, 0.08763800987849947, 0.08763800985191694, 0.08763800985191694]
Timestep: 436, Trans probs: [0.2730697087628566, 0.08736607182448594, 0.20254960298265448, 0.08736607182448594, 0.0875503291130532, 0.08736607184349197, 0.08736607182448594, 0.08736607182448594]
Timestep: 437, Trans probs: [0.20103400118086948, 0.08635038053639063, 0.241662647079626, 0.08635038053639063, 0.12555058478807593, 0.08635124480586592, 0.08635038053639063, 0.08635038053639063]
Timestep: 438, Trans probs: [0.21876708527520347, 0.08745712816034205, 0.1689027303363342, 0.08745712816034205, 0.17504454357331287, 0.08745712817378112, 0.08745712816034205, 0.08745712816034205]
Timestep: 439, Trans probs: [0.2127235657147324, 0.08618528859626975, 0.24126485138662923, 0.08618452600020023, 0.11508819030156771, 0.08618452600020023, 0.08618452600020023, 0.08618452600020023]
Timestep: 440, Trans probs: [0.17915705838918813, 0.0856025811085699, 0.28586071482830616, 0.08560201729279583, 0.10697157650275257, 0.08560201729279583, 0.08560201729279583, 0.08560201729279583]
Timestep: 441, Trans probs: [0.18709461110866157, 0.08522059272829677, 0.23362901184373538, 0.08522059272829677, 0.15317341339569276, 0.08522059273872318, 0.08522059272829677, 0.08522059272829677]
Timestep: 442, Trans probs: [0.23898658146689614, 0.08614381358197838, 0.22891719007770278, 0.08614341161138028, 0.10137876842790162, 0.08614341161138028, 0.08614341161138028, 0.08614341161138028]
Timestep: 443, Trans probs: [0.19696746837111084, 0.08604539064785895, 0.27570494110326643, 0.08604509892706284, 0.0971018041695123, 0.08604509892706284, 0.08604509892706284, 0.08604509892706284]
Timestep: 444, Trans probs: [0.2566161729037865, 0.08540891922012438, 0.20160278994274497, 0.08540891922012438, 0.11473579446634123, 0.08540956580662987, 0.08540891922012438, 0.08540891922012438]
Timestep: 445, Trans probs: [0.1654026466957589, 0.08647129447314485, 0.22143166563323466, 0.0864710868867258, 0.18081004565095843, 0.0864710868867258, 0.0864710868867258, 0.0864710868867258]
Timestep: 446, Trans probs: [0.1616447525385741, 0.08424716835211266, 0.28124588312482585, 0.08424716835211266, 0.13587352256811552, 0.084247168360034, 0.08424716835211266, 0.08424716835211266]
Timestep: 447, Trans probs: [0.2302683253983614, 0.0847055731048779, 0.18876218509126955, 0.08470541305241752, 0.15744226419582114, 0.08470541305241752, 0.08470541305241752, 0.08470541305241752]
Timestep: 448, Trans probs: [0.19452497888126624, 0.08388762262408282, 0.24686505745686366, 0.08388750097358638, 0.1391723371434417, 0.08388750097358638, 0.08388750097358638, 0.08388750097358638]
Timestep: 449, Trans probs: [0.21067804179194544, 0.08534952681263366, 0.2557562282136231, 0.08534952681263366, 0.10681762261179335, 0.08535000013210343, 0.08534952681263366, 0.08534952681263366]
Timestep: 450, Trans probs: [0.16630867534773291, 0.08388645260695275, 0.2053008002553428, 0.08388636198020015, 0.20895862386917094, 0.08388636198020015, 0.08388636198020015, 0.08388636198020015]
Timestep: 451, Trans probs: [0.1461006301201506, 0.08323856641429757, 0.2590777750570498, 0.08323849729477488, 0.17862903922940254, 0.08323849729477488, 0.08323849729477488, 0.08323849729477488]
Timestep: 452, Trans probs: [0.17644946680509038, 0.08554774271602014, 0.2946927606111033, 0.08554774271602014, 0.10111871570149815, 0.08554808601822758, 0.08554774271602014, 0.08554774271602014]
Timestep: 453, Trans probs: [0.13016508973406574, 0.08363302571214237, 0.21379358411212138, 0.08363297454815148, 0.23787640224906467, 0.08363297454815148, 0.08363297454815148, 0.08363297454815148]
Timestep: 454, Trans probs: [0.11834321811023125, 0.08386824800820389, 0.264170636425723, 0.0838682101015025, 0.19814505704983187, 0.0838682101015025, 0.0838682101015025, 0.0838682101015025]
Timestep: 455, Trans probs: [0.17481157484746396, 0.09416396288300914, 0.2602046478544811, 0.09416396288300914, 0.09416396288300914, 0.09416396288300914, 0.09416396288300914, 0.09416396288300914]
Timestep: 456, Trans probs: [0.14100831929037272, 0.08480691542460271, 0.31266227927759394, 0.08480691542460271, 0.12229482430326777, 0.0848069154303547, 0.08480691542460271, 0.08480691542460271]
Timestep: 457, Trans probs: [0.2115962873277481, 0.08622187396504706, 0.24495662962218295, 0.08622187396504706, 0.11233771322082658, 0.08622187396905417, 0.08622187396504706, 0.08622187396504706]
Timestep: 458, Trans probs: [0.10959515890868794, 0.16909651825848263, 0.2155422478483369, 0.08454824535918108, 0.16757309354776828, 0.08454824535918108, 0.08454824535918108, 0.08454824535918108]
Timestep: 459, Trans probs: [0.1780478910472077, 0.08572994955655769, 0.28834232745114247, 0.08572994955655769, 0.10496003371591087, 0.08572994955950829, 0.08572994955655769, 0.08572994955655769]
Timestep: 460, Trans probs: [0.1852145734762578, 0.14947994920578683, 0.18615470166138667, 0.08271844052646736, 0.14827701355069925, 0.08271844052646736, 0.08271844052646736, 0.08271844052646736]
Timestep: 461, Trans probs: [0.16349669722235907, 0.1346582064925584, 0.24503585433476346, 0.08078045659420514, 0.1336874155734985, 0.08078045659420514, 0.08078045659420514, 0.08078045659420514]
Timestep: 462, Trans probs: [0.15189196447674824, 0.08631586663130617, 0.31655315203535045, 0.08631586663130617, 0.09997555032927452, 0.08631586663340206, 0.08631586663130617, 0.08631586663130617]
Timestep: 463, Trans probs: [0.22539571770997374, 0.12237956167654555, 0.2077370059489402, 0.08071472169875214, 0.1216288278695318, 0.08071472169875214, 0.08071472169875214, 0.08071472169875214]
Timestep: 464, Trans probs: [0.19188130082182422, 0.11287516278602741, 0.25925947655340736, 0.08092116425538172, 0.11229940281721416, 0.08092116425538172, 0.08092116425538172, 0.08092116425538172]
Timestep: 465, Trans probs: [0.1325245947006927, 0.08750363854288597, 0.3330755835668715, 0.08750363854288597, 0.09688162901656715, 0.08750363854432489, 0.08750363854288597, 0.08750363854288597]
Timestep: 466, Trans probs: [0.18053818769815091, 0.08746434238059461, 0.2946757580182814, 0.08746434238059461, 0.08746434238059461, 0.08746434238059461, 0.08746434238059461, 0.08746434238059461]
Timestep: 467, Trans probs: [0.11893458727239963, 0.08880673824442163, 0.25314253020886285, 0.08880673824442163, 0.09508245305124477, 0.1776134764898062, 0.08880673824442163, 0.08880673824442163]
Timestep: 468, Trans probs: [0.24648713190553215, 0.10573138338829766, 0.21469598539064194, 0.08194567409564533, 0.105302802932947, 0.08194567409564533, 0.08194567409564533, 0.08194567409564533]
Timestep: 469, Trans probs: [0.20441198183766318, 0.10040837433039196, 0.2637549392398924, 0.08283325146958626, 0.10009169871370749, 0.08283325146958626, 0.08283325146958626, 0.08283325146958626]
Timestep: 470, Trans probs: [0.10956811884626261, 0.08682427302891836, 0.29770744954077333, 0.08682427302891836, 0.0915618794152044, 0.1538654600820862, 0.08682427302891836, 0.08682427302891836]
Timestep: 471, Trans probs: [0.2560946107814267, 0.09664646703313504, 0.21533925915994126, 0.08387582563350456, 0.09641636049147874, 0.08387582563350456, 0.08387582563350456, 0.08387582563350456]
Timestep: 472, Trans probs: [0.20932475284071123, 0.09389260371412615, 0.26446732621070423, 0.08464732466709378, 0.09372601856608327, 0.08464732466709378, 0.08464732466709378, 0.08464732466709378]
Timestep: 473, Trans probs: [0.10314444238587261, 0.08695226007421879, 0.3240400279233207, 0.08695226007421879, 0.09032513671714341, 0.13468135267678802, 0.08695226007421879, 0.08695226007421879]
Timestep: 474, Trans probs: [0.26022377045551814, 0.09199972171472671, 0.21444370579881028, 0.08536316511408239, 0.09188014157461531, 0.08536316511408239, 0.08536316511408239, 0.08536316511408239]
Timestep: 475, Trans probs: [0.2111830427405522, 0.09061609345324016, 0.26423190270813796, 0.08585964282027998, 0.09053038981694973, 0.08585964282027998, 0.08585964282027998, 0.08585964282027998]
Timestep: 476, Trans probs: [0.1757275402928382, 0.08967389949581044, 0.2998697386936972, 0.08627902306692974, 0.08961272924993516, 0.08627902306692974, 0.08627902306692974, 0.08627902306692974]
Timestep: 477, Trans probs: [0.09907394820020847, 0.08801724329322563, 0.3379280124687588, 0.08801724329322563, 0.09032038569927622, 0.12060868045885402, 0.08801724329322563, 0.08801724329322563]
Timestep: 478, Trans probs: [0.2365516833683169, 0.08954257721010764, 0.2356762070843361, 0.08718237056938655, 0.08950005005969322, 0.08718237056938655, 0.08718237056938655, 0.08718237056938655]
Timestep: 479, Trans probs: [0.1503682669022316, 0.08645373807619078, 0.31996085065141777, 0.08645373807619078, 0.09740195068384909, 0.0864539794577383, 0.08645373807619078, 0.08645373807619078]
Timestep: 480, Trans probs: [0.19434443145379243, 0.0886366904769992, 0.1937149152103648, 0.08693957035465419, 0.1755456814402268, 0.08693957035465419, 0.08693957035465419, 0.08693957035465419]
Timestep: 481, Trans probs: [0.1685661804551287, 0.08601666904319752, 0.2527659277341015, 0.08469135042781159, 0.15388582105632592, 0.08469135042781159, 0.08469135042781159, 0.08469135042781159]
Timestep: 482, Trans probs: [0.14718330985997316, 0.08520501067921844, 0.29461056808847896, 0.0842099594396742, 0.13616127361363267, 0.0842099594396742, 0.0842099594396742, 0.0842099594396742]
Timestep: 483, Trans probs: [0.13023590490938614, 0.08586763299182723, 0.3209296474113614, 0.08515530779814538, 0.1223455834948437, 0.08515530779814538, 0.08515530779814538, 0.08515530779814538]
Timestep: 484, Trans probs: [0.11776440995872609, 0.08721566386855115, 0.3357873788759508, 0.08672520885340304, 0.11233171188315974, 0.08672520885340304, 0.08672520885340304, 0.08672520885340304]
Timestep: 485, Trans probs: [0.13133968042940034, 0.08773604430370915, 0.33477482237556017, 0.08773604430370915, 0.09520511100167936, 0.08773620897852347, 0.08773604430370915, 0.08773604430370915]
Timestep: 486, Trans probs: [0.11809791318208648, 0.08902859178087018, 0.25372241725986977, 0.08902859178087018, 0.1830366008696123, 0.08902870156495081, 0.08902859178087018, 0.08902859178087018]
Timestep: 487, Trans probs: [0.09660234879326468, 0.08924935993787897, 0.3446957122028334, 0.08924935993787897, 0.0907810079818962, 0.11092349127048982, 0.08924935993787897, 0.08924935993787897]
Timestep: 488, Trans probs: [0.10911307082864548, 0.08865011673930993, 0.25515487530089753, 0.08832158742985038, 0.19379558741174546, 0.08832158742985038, 0.08832158742985038, 0.08832158742985038]
Timestep: 489, Trans probs: [0.10238347688638097, 0.08726326163130112, 0.29731526361750277, 0.08702050910129278, 0.16495596145964408, 0.08702050910129278, 0.08702050910129278, 0.08702050910129278]
Timestep: 490, Trans probs: [0.09512390026610158, 0.09031112397784559, 0.34782039979319607, 0.09031112397784559, 0.09131363867400219, 0.1044975653553178, 0.09031112397784559, 0.09031112397784559]
Timestep: 491, Trans probs: [0.18543863465378024, 0.08747308373085877, 0.23561418683395657, 0.08730188028011106, 0.1422665736609602, 0.08730188028011106, 0.08730188028011106, 0.08730188028011106]
Timestep: 492, Trans probs: [0.09423775743529784, 0.09111699951922031, 0.3492112410359821, 0.09111699951922031, 0.09176706207908811, 0.10031594137275064, 0.09111699951922031, 0.09111699951922031]
Timestep: 493, Trans probs: [0.2459701313669161, 0.08566871152666983, 0.1987240365319403, 0.08553805594654473, 0.12748489678829483, 0.08553805594654473, 0.08553805594654473, 0.08553805594654473]
Timestep: 494, Trans probs: [0.20451852375257062, 0.08507082930900423, 0.2542868360099368, 0.08497347204399883, 0.11622992275249296, 0.08497347204399883, 0.08497347204399883, 0.08497347204399883]
Timestep: 495, Trans probs: [0.19611921595099033, 0.08718231484380405, 0.21043410954443298, 0.08718231484380405, 0.1575350181265263, 0.08718239700283417, 0.08718231484380405, 0.08718231484380405]
Timestep: 496, Trans probs: [0.09370120549886794, 0.09168871650059014, 0.34981514958772764, 0.09168871650059014, 0.0921079235602555, 0.09762085535078831, 0.09168871650059014, 0.09168871650059014]
Timestep: 497, Trans probs: [0.17261081644426754, 0.08512295966820363, 0.20906294718686635, 0.0850516516492705, 0.19299667010358046, 0.0850516516492705, 0.0850516516492705, 0.0850516516492705]
Timestep: 498, Trans probs: [0.24056231664116162, 0.08788294826375088, 0.23213999377633301, 0.08788294826375088, 0.08788294826375088, 0.08788294826375088, 0.08788294826375088, 0.08788294826375088]
Timestep: 499, Trans probs: [0.1511539733317437, 0.08384760676783334, 0.17919741346397694, 0.08379274791269481, 0.16683726687297198, 0.16758549582538962, 0.08379274791269481, 0.08379274791269481]
