0,0.5,0
196,0.3333333333333333,1
215,0.46374324968066416,1
230,0.5412752056406817,1
113,0.5342465753424657,1
146,0.4570393487926434,1
176,0.47886728581393184,1
210,0.4858895539249163,1
199,0.6166969483736742,1
31,0.4563367109279263,0
200,0.3617010433880885,1
153,0.5062259835956366,1
50,0.44601905724187174,0
247,0.364498823262304,1
182,0.5903546147191046,1
116,0.4369816552636664,1
233,0.4932903794315674,1
48,0.5415402006100761,0
86,0.3283486156352537,0
157,0.3774639326678568,1
179,0.522284972555565,1
123,0.4383817447504431,1
236,0.5186453814621493,1
79,0.5365534290356174,0
134,0.32772164778415935,1
238,0.5228900288169961,1
85,0.535435483289685,0
64,0.3273780944873623,0
236,0.38992193303290545,1
26,0.5317114506669505,0
134,0.3139775632679319,1
153,0.4487047161970207,1
67,0.4509052783430888,0
194,0.38114282694551255,1
124,0.4463238965969063,1
131,0.44326212137909216,1
148,0.4550826555541765,1
51,0.4587689004048563,0
151,0.33499785820598427,1
136,0.46478124537583726,1
45,0.45840821508274693,0
83,0.3380361723884197,0
153,0.3303582905440099,1
40,0.45986319630705097,0
50,0.33342513350037306,0
150,0.3228017495992983,1
47,0.45062166755176025,0
120,0.32380549556234856,1
30,0.4532317470766891,0
148,0.33036368830233837,1
109,0.4543290743325469,1
68,0.4501769749025395,0
55,0.3363626829229055,0
30,0.3262262797485131,0
68,0.31366148589164033,0
111,0.3030505973977991,1
77,0.43575036159325675,0
37,0.3196664459735109,0
47,0.30558355508545737,0
125,0.29585589754565084,1
140,0.42505786855206956,1
122,0.4346632238973877,1
96,0.44179205541716915,0
136,0.32190165333711285,1
94,0.4471060901603945,0
47,0.3294539634554718,0
93,0.3179291946474661,0
36,0.30647369334545643,0
61,0.2977191055287055,0
32,0.2913038781935079,0
66,0.28692138074644696,0
103,0.2840974559406675,0
140,0.386318616195208,1
76,0.4233935720155224,0
45,0.3089626376913021,0
139,0.29840729817091205,1
119,0.43730430290466804,1
61,0.4388937641606711,0
109,0.31792748238559926,1
70,0.4451569299277256,0
65,0.32529404554831537,0
68,0.31699185070564206,0
123,0.3063056735702592,1
34,0.4370971197047698,0
52,0.32315856145926897,0
141,0.3105490124406709,1
39,0.4404974165779234,0
131,0.3265244103571281,1
142,0.4468913855704167,1
82,0.45195103327917774,0
121,0.3362050967239268,1
128,0.4618190105429993,1
76,0.4573657604265522,0
60,0.34109130989411096,0
124,0.3317433918960391,1
25,0.452730100156498,0
150,0.33379658229807646,1
55,0.461237534349455,0
104,0.3311079361763447,0
120,0.4364995823348797,1
38,0.4459445079324382,0
131,0.32541927074754295,1
106,0.4537838033723753,1
99,0.45432747350237834,0
39,0.33456008671777204,0
68,0.3276148283609057,0
66,0.31444174485270443,0
91,0.30394053281744815,0
153,0.2956385228378165,1
131,0.4302090596817051,1
41,0.4366466510771488,0
70,0.3173074785338523,0
50,0.3073618480656295,0
48,0.29872585835649046,0
82,0.29221610914161256,0
111,0.2877134041915407,1
27,0.4317046452696458,0
121,0.31838288722785485,1
128,0.4366584812979832,1
83,0.44399814266621046,0
76,0.32834171132941214,0
80,0.3152488867827535,0
129,0.30445283258706485,1
24,0.4380349556694274,0
141,0.31450488177905866,1
38,0.443975218941317,0
36,0.325506218196901,0
56,0.3142249063904753,0
91,0.30280993913721943,0
124,0.2937170189056261,1
83,0.43287588655003795,0
112,0.3165493572566957,1
51,0.4383172293606728,0
75,0.32135556608042687,0
27,0.30904348437911566,0
114,0.29782431374660173,1
27,0.4312513488125523,0
143,0.31582401886966865,1
143,0.4472441977164944,1
57,0.4483982962087727,0
34,0.328683119549996,0
148,0.3130285109358859,1
35,0.4485310140131662,0
107,0.32602157661597425,1
72,0.44398687251803715,0
124,0.32215143483658004,1
42,0.4544073009474956,0
123,0.32584683142097465,1
114,0.4583502217680965,1
90,0.4604356000314296,0
51,0.3381889894301942,0
89,0.3312397250321087,0
90,0.3172260318676137,0
29,0.30605843607209104,0
49,0.29690565807916597,0
47,0.29000830118206944,0
106,0.28518522359511617,1
92,0.4198044347053448,0
74,0.3048024925148734,0
96,0.2969711347596428,0
112,0.28957169657594506,1
136,0.42149967451563525,1
73,0.4290372576040981,0
87,0.31293855220998834,0
99,0.30389726461486116,0
128,0.2957164856357798,1
135,0.4322695872458828,1
23,0.44352597091978757,0
87,0.31708044046752265,0
106,0.3073017363080248,1
64,0.4362297105729468,0
140,0.31653499264564483,1
68,0.44568364704670177,0
77,0.33038577228022337,0
40,0.3144580747973779,0
91,0.30309551662525236,0
140,0.29395676811584553,1
113,0.4346595198479533,1
129,0.4388025827969834,1
40,0.43897282905549223,0
79,0.32171416792957197,0
101,0.31093514679419554,0
140,0.409490836012625,1
113,0.4387676691081522,1
105,0.4473756637442561,1
147,0.4557960838931127,1
75,0.46101982779598955,0
64,0.3379755470339569,0
72,0.3254176144297879,0
28,0.3160142173368915,0
95,0.30890510932289994,0
33,0.30392197634378776,0
71,0.3006396138721489,0
48,0.2985632049599117,0
52,0.29727673611959454,0
74,0.2964840680434876,0
128,0.29599330006694624,1
156,0.4383898327862063,1
34,0.4490859304267163,0
47,0.3368764383062108,0
98,0.3202568156941048,0
70,0.31104061725726667,0
38,0.3049203500317599,0
27,0.30096794773873453,0
103,0.2985101833154545,0
32,0.40334264979742146,0
71,0.30486721013996293,0
139,0.29622181230982875,1
24,0.4348701324272851,0
135,0.3237105554728249,1
122,0.45102452541684157,1
55,0.45561323788124014,0
45,0.34007814114349993,0
124,0.3241693499270908,1
95,0.4501070781371404,0
110,0.33118294878017646,1
52,0.45544283082353426,0
87,0.33893876499925657,0
102,0.32533393095598584,0
59,0.42197296193191314,0
118,0.3050785225956503,1
150,0.43691610562927696,1
76,0.44872577214630177,0
72,0.33001742330353406,0
141,0.31537500358128134,1
129,0.44470024418279913,1
51,0.4531166608241355,0
56,0.33330364002251167,0
82,0.3207623772015076,0
24,0.3102134834061881,0
130,0.3019280883125933,1
32,0.4399767325563141,0
135,0.3240654104599912,1
139,0.4504903049936684,1
27,0.45641781385551466,0
36,0.3300262579397801,0
42,0.32049436937876863,0
59,0.30918077736106,0
27,0.30005981357965383,0
39,0.2933943151796929,0
103,0.2888763410626765,0
48,0.3905482236637459,0
146,0.28881873821956167,1
107,0.4359617130115525,1
110,0.4346916271425133,1
37,0.43853825934928525,0
78,0.31975545351903023,0
22,0.3073511748744803,0
54,0.2995342365504008,0
62,0.29388117787647444,0
139,0.29014581339658707,1
74,0.4376467344807037,0
80,0.31983779794263534,0
126,0.3047275036864734,1
78,0.433879607723045,0
156,0.31604999169685727,1
130,0.44663262655823094,1
111,0.45231351372761563,1
128,0.45243454443909104,1
113,0.4602811802728404,1
52,0.4574784015622178,0
72,0.33741852854707066,0
87,0.32926757969319953,0
72,0.31758708139908964,0
30,0.30797367431994643,0
109,0.3007229863895393,1
95,0.43439871105557604,0
79,0.3186093644175635,0
153,0.30747594354850394,1
156,0.44267349154459584,1
154,0.4471864050273304,1
50,0.4533723358552021,0
146,0.32790930131379575,1
140,0.461581960195939,1
25,0.4655428432268335,0
54,0.3322366473957724,0
69,0.3276579522078296,0
153,0.31590831979709066,1
35,0.45313405966735204,0
67,0.32263576264646526,0
90,0.3145755303162372,0
58,0.3042260181442562,0
45,0.29618332841937145,0
70,0.2904680304728138,0
98,0.2866554991554079,0
108,0.28422315525173686,1
44,0.42195416293816607,0
114,0.3084092470040868,1
43,0.4376074874000173,0
61,0.31629992500792603,0
63,0.3080301693599164,0
100,0.29752915948154746,0
96,0.3945581058212731,0
153,0.2846065160486109,1
38,0.4314442239458858,0
79,0.30860455398414616,0
110,0.29646174408917864,1
86,0.4282693839965007,0
140,0.3084942362302996,1
116,0.4455560488853111,1
156,0.43227586561624,1
64,0.4514248668403517,0
101,0.3276412329809197,0
143,0.4281516019933562,1
126,0.4464615250038992,1
154,0.44301926626018406,1
132,0.4489949450837296,1
135,0.4483556776224823,1
117,0.45302762191420204,1
52,0.4549755799423531,0
111,0.33827501046726366,1
138,0.46611531886207114,1
149,0.468920326320186,1
88,0.46433593460872336,0
71,0.3357889064802082,0
77,0.33302287225123123,0
116,0.32032597960631637,1
91,0.4471975906772747,0
74,0.32494880831648026,0
84,0.3148399563629528,0
105,0.30411270176146027,1
57,0.4336084655699196,0
23,0.3139989674209106,0
103,0.3052812814664167,0
84,0.401961558359405,0
39,0.28927527809097575,0
22,0.2825233281360362,0
115,0.27971545528369907,1
94,0.4164766248960331,0
101,0.301724118608295,0
66,0.39965744045861357,0
52,0.2861373290070623,0
102,0.28005532370801134,0
21,0.38031887565303246,0
88,0.27676486963341573,0
131,0.2729692078948315,1
144,0.42227092536275945,1
37,0.43238193044236584,0
67,0.3107169940657539,0
65,0.29865699073366225,0
95,0.29033808430636476,0
45,0.284648540538213,0
85,0.28100145135384935,0
29,0.2787577734668246,0
134,0.27740541668469,1
149,0.4283221939875599,1
151,0.4341800935354324,1
151,0.43712193481342276,1
89,0.4408883300589841,0
127,0.31904163022824117,1
83,0.4465175351610371,0
82,0.32621415515431057,0
86,0.3151251148739174,0
32,0.3043656603014644,0
74,0.29582156568621554,0
48,0.28963063842216175,0
85,0.285441107461193,0
24,0.2827445512194828,0
146,0.28106229792517784,1
117,0.4283035584013102,1
61,0.4331800849320919,0
60,0.3126267399291376,0
22,0.3011406145287948,0
70,0.2931506020751886,0
58,0.2875832404751268,0
107,0.28403826389424797,1
124,0.421019593380713,1
112,0.4360561312612659,1
64,0.436765261648305,0
126,0.3175646200401168,1
32,0.45111708113346843,0
84,0.32455073034217335,0
91,0.31389917034925685,0
146,0.30321871904001996,1
29,0.4415593304604999,0
142,0.3137050919879023,1
99,0.4508676385303649,0
44,0.31693593106521806,0
142,0.31183826625156025,1
28,0.437190262065531,0
136,0.31477463971379216,1
104,0.4523886036022348,0
148,0.42531539242797994,1
24,0.4467513960423063,0
47,0.3197677088649857,0
42,0.31850616042461416,0
115,0.30424595905515395,1
152,0.4359821700687972,1
84,0.4375532547250873,0
101,0.315684145586131,0
90,0.41827471824724527,0
142,0.2959596085708309,1
103,0.4381525359972107,0
149,0.41654089517269394,1
111,0.44839963219711076,1
132,0.43127090961936004,1
137,0.44798656196308717,1
31,0.459372243911481,0
149,0.32911852405822506,1
88,0.465191041088618,0
117,0.3285949749286987,1
142,0.46150400484972137,1
105,0.4659466321030346,1
42,0.4650384400091035,0
67,0.3456726128214038,0
129,0.33664548351186807,1
108,0.46506748890753524,1
51,0.4541267778292816,0
72,0.3396048233360396,0
151,0.33065305597900707,1
125,0.46100302608793053,1
146,0.4638217413851614,1
52,0.46442819787470013,0
134,0.3402855685607242,1
144,0.4690404422704254,1
89,0.46872922882961565,0
112,0.344188743730995,1
125,0.47687289539465316,1
78,0.4782351667118039,0
121,0.3538396238885143,1
59,0.48016958570754076,0
70,0.3473235863220724,0
37,0.337840353092355,0
54,0.32285304727302655,0
137,0.31093164948598573,1
113,0.44461407058589386,1
121,0.4485842006713805,1
133,0.45229189946635107,1
24,0.4523673738948855,0
72,0.3347063535699024,0
113,0.3219409221607873,1
89,0.452472921740031,0
55,0.3313368306627109,0
70,0.3182684133047964,0
38,0.3078264167499973,0
30,0.29944902139224144,0
27,0.29335977259461665,0
117,0.2892388712408409,1
54,0.4311584982654313,0
65,0.31600294125979816,0
117,0.30295017778521,1
84,0.4375396318731791,0
118,0.3212609522664727,1
144,0.4447808156297016,1
99,0.450405311423508,0
150,0.3315367262386949,1
132,0.4602434159658224,1
125,0.45707741939639834,1
82,0.460769636401025,0
46,0.34503907237520903,0
58,0.33180915298565195,0
83,0.31881083057259707,0
129,0.30831171974120525,1
78,0.4402592178857293,0
89,0.3224257059808372,0
64,0.3111330191148801,0
61,0.30120543913614484,0
82,0.2939308922358487,0
132,0.2888755329664907,1
106,0.42444549772082274,1
80,0.43428438580513506,0
130,0.317142738718307,1
141,0.4451319815705173,1
146,0.4513876218860552,1
29,0.45451973535295886,0
24,0.3322790975390367,0
41,0.32502685151034333,0
33,0.31393160783432583,0
81,0.3050679030222785,0
110,0.2985595480155727,1
86,0.43748260890513213,0
117,0.32142703398362016,1
23,0.4463414312725438,0
61,0.3251578960967321,0
69,0.31525010797030883,0
58,0.3043174543646802,0
80,0.2959136834771104,0
138,0.28976567415730187,1
86,0.4358772720351176,0
95,0.3143978012483575,0
125,0.3018183953482865,1
83,0.4397239830256603,0
152,0.31646983909063997,1
130,0.4450545614358309,1
107,0.45359368695785307,1
27,0.4454309581376371,0
62,0.3337784929642848,0
69,0.32174880236074554,0
123,0.3100829878578143,1
64,0.4420793257977578,0
137,0.32363621472868714,1
99,0.46117791008184994,0
37,0.3202814151701008,0
140,0.3172953398804883,1
82,0.44206552295241996,0
50,0.32079003129224704,0
93,0.3131648667547893,0
69,0.30195124194034334,0
42,0.29329281208722624,0
102,0.2868419040616451,0
