0,0.5,0
90,0.33333333333333326,0
175,0.3333333333333333,1
226,0.4697046966995677,1
173,0.5318807107954564,1
78,0.45609499043406415,0
148,0.32172726444765043,1
26,0.4477887543779703,0
51,0.3235404735763271,0
43,0.31573323309941353,0
127,0.3067288214090306,1
48,0.44305474343449053,0
104,0.3264560960988739,0
27,0.4207278508155543,0
54,0.3043823846775554,0
129,0.298314807287113,1
129,0.4315281910995067,1
82,0.44221357615659546,0
35,0.31902048340100353,0
45,0.31056806766364614,0
170,0.3025293264569307,1
54,0.4409484647617621,0
107,0.32537569284536155,1
70,0.44418427489103574,0
29,0.3223573472072098,0
116,0.3151458145285359,1
112,0.44017301175871837,1
65,0.44371191214220596,0
48,0.3304655884222088,0
135,0.3160584796248058,1
95,0.4414782089263182,0
146,0.3191155179554495,1
137,0.44982980871244216,1
81,0.44896568666095477,0
120,0.3363869539979982,1
118,0.46041350307909,1
93,0.4615931813348241,0
45,0.34318488764978605,0
106,0.3321596133777079,1
101,0.4521355878910749,0
119,0.4464531273166321,1
161,0.450166260447685,1
92,0.4626704848054999,0
50,0.3410527657348483,0
77,0.3319431195282937,0
81,0.3195262660448342,0
86,0.30976972937527747,0
147,0.30282484483414046,1
80,0.4363290530857889,0
162,0.31901709516721755,1
151,0.44747226681005653,1
123,0.45182930913671715,1
96,0.45823973867681345,0
155,0.3386604618943905,1
134,0.4576306478874109,1
66,0.45806087566071285,0
173,0.34548516126857387,1
39,0.4654212887064571,0
86,0.33946980091549805,0
32,0.3332413599217275,0
99,0.32033179918015325,0
163,0.310034323340017,1
115,0.44726055871979475,1
160,0.4472028861512989,1
152,0.45454501041880524,1
30,0.4634691454272686,0
86,0.33752311255735584,0
48,0.3243753257670604,0
156,0.3148313435488011,1
146,0.454426465155716,1
83,0.4573811760125988,0
145,0.33571235097177454,1
139,0.46216542841613706,1
143,0.46646835902913225,1
82,0.4695148665622457,0
66,0.3442821801636175,0
153,0.3303440129465097,1
110,0.4602624594107853,1
100,0.4616995685321402,0
102,0.44652345318684983,0
159,0.43797020347050064,1
156,0.45721086136693734,1
59,0.46049937728874213,0
148,0.3345531846954759,1
101,0.46938694169769224,0
159,0.44085307913394034,1
79,0.4671349155934504,0
85,0.3292530038583929,0
56,0.3257115343681246,0
76,0.31287902442588356,0
151,0.3023965535935246,1
171,0.4473042909286914,1
125,0.4484432363089891,1
33,0.44517938102929155,0
80,0.32784927300693695,0
159,0.3140369960910838,1
86,0.4505063854162072,0
29,0.32391132938414346,0
108,0.3142778857558353,1
141,0.4446352885066156,1
118,0.4436866500563472,1
53,0.45552200613072824,0
169,0.32733663086770076,1
57,0.45932221731436207,0
149,0.32922303994920854,1
30,0.4620507734902404,0
135,0.32761486569532006,1
132,0.46932024706118847,1
166,0.46586344964838633,1
139,0.46808959423121543,1
100,0.4653448099371855,0
95,0.455627410571786,0
165,0.3286955683648574,1
112,0.4680511915243246,1
141,0.45530708609848874,1
120,0.4680623468304703,1
145,0.45758866453898966,1
81,0.4766112114671107,0
164,0.3469380063863664,1
134,0.48038690885687235,1
93,0.48263194161837975,0
103,0.34905586906978625,0
81,0.4539800409380416,0
40,0.3258251055705409,0
129,0.31459945982816545,1
130,0.4529231768458205,1
137,0.44759903027416725,1
149,0.46090966318574944,1
62,0.46798329199063554,0
163,0.3401075122432103,1
95,0.463261645065949,0
87,0.3356894004826767,0
54,0.32741001548473275,0
167,0.3158939745569134,1
150,0.4528618792229762,1
151,0.46085081972199965,1
171,0.4629013432636043,1
154,0.46637298050663395,1
130,0.47472810225621764,1
114,0.469526521650894,1
107,0.474506602695967,1
94,0.47410756861445086,0
45,0.3535486439987915,0
123,0.3362435812604913,1
126,0.46598716247806093,1
88,0.4745789488549771,0
93,0.3525137999294829,0
105,0.3345633197739018,1
152,0.46116690712303265,1
29,0.46680360630501727,0
55,0.3506553934688208,0
146,0.333443393235656,1
143,0.46125561376304725,1
161,0.4702527997808386,1
110,0.47306253383012775,1
63,0.4776258001229058,0
119,0.3574112821304004,1
110,0.47498395255613274,1
66,0.48634764447341305,0
34,0.3627843758730596,0
133,0.3436605657400725,1
59,0.4665161058447461,0
133,0.3492084537062823,1
71,0.4699318039618531,0
123,0.3469104888737787,1
114,0.4745007102055563,1
118,0.47695753527031765,1
42,0.4759880773502494,0
150,0.35649464158237876,1
39,0.48245208787469673,0
126,0.3529348216656434,1
79,0.48155636674231905,0
107,0.3487304110605594,1
152,0.47726157847533535,1
44,0.4782619299144673,0
30,0.3534503735295799,0
125,0.34001969701543033,1
123,0.4639993552681847,1
70,0.4630983687789676,0
99,0.34597998311551365,0
39,0.33225754371690985,0
114,0.3194528721901102,1
121,0.44850164774306633,1
94,0.4575466554599888,0
65,0.3412134998895502,0
47,0.324977757070579,0
83,0.3143429380796708,0
107,0.3065674567665877,1
162,0.4435688630093353,1
151,0.4553895424138483,1
122,0.4628509916246323,1
80,0.463331772016548,0
102,0.33946793049514024,0
26,0.4344448263370736,0
170,0.3213032804134722,1
128,0.45390592934745605,1
59,0.46559653779284105,0
71,0.3379691883335344,0
139,0.32263170067195235,1
113,0.4511288898096676,1
76,0.464365282369474,0
26,0.33932176534066827,0
166,0.32476233995957454,1
64,0.46364172167415496,0
105,0.3346028652919017,1
36,0.46273674735826387,0
172,0.3357092699047657,1
126,0.4686794984160345,1
171,0.46127186986151175,1
160,0.46834090154198826,1
31,0.47163957184481126,0
77,0.35201439003061263,0
102,0.34008141703230255,0
138,0.43771088618952514,1
117,0.45406717729850626,1
104,0.4637342478393388,0
158,0.458067840394771,1
144,0.46653202803738053,1
112,0.46850832218835947,1
70,0.4719672402104544,0
138,0.3526225164900635,1
165,0.4797122546792697,1
111,0.47903554895997086,1
33,0.47952088524266145,0
52,0.358614017926158,0
24,0.342366865877519,0
87,0.3297751596254074,0
145,0.31901001140793894,1
143,0.4558249604666361,1
47,0.4672106160036943,0
150,0.34797199613410895,1
45,0.4648011952923178,0
148,0.3490837269189342,1
126,0.4659437216684066,1
171,0.47383208760353207,1
103,0.48321297029735016,0
82,0.46746400450946984,0
92,0.34804653639731475,0
143,0.3317312967229738,1
75,0.4629444169399709,0
173,0.3413635412878282,1
109,0.4684707860302385,1
172,0.4628060575581383,1
30,0.47645683062574196,0
142,0.34797177288324693,1
154,0.473961375743114,1
51,0.4712537772699797,0
148,0.34756258252194333,1
124,0.48080209136397856,1
99,0.46635606461581425,0
134,0.3606133674709253,1
71,0.4836434631339804,0
128,0.3491920934982219,1
95,0.4784691796484964,0
107,0.34643836667587,1
170,0.4740122974054932,1
34,0.4758035341163498,0
41,0.3405702770054795,0
73,0.3380786912935211,0
29,0.3230203812531103,0
76,0.31154006520171074,0
86,0.30319052681073877,0
40,0.2977750848903033,0
71,0.2945792046602526,0
131,0.29279975251730533,1
95,0.4325109273282024,0
35,0.3169639829871948,0
80,0.3061642741433851,0
144,0.2983615346644868,1
68,0.4404600967692597,0
117,0.3179844145177541,1
163,0.4477677934912409,1
162,0.45195605822479357,1
120,0.4615719985528094,1
59,0.46086883747868407,0
89,0.3396885583439915,0
103,0.3263587465462485,0
45,0.4236236092121178,0
37,0.31006551710807606,0
46,0.30042041505854067,0
78,0.2974159044674925,0
95,0.2957517964469962,0
108,0.2948212947543475,1
34,0.4350876821165999,0
148,0.3209565717716359,1
25,0.4559489490398841,0
162,0.33115577383200917,1
137,0.46202744064023377,1
92,0.4633187137606979,0
118,0.33399117245989496,1
38,0.46023521366714665,0
123,0.3376380177236822,1
28,0.46127128303035975,0
155,0.33870534729328977,1
143,0.46568498951970483,1
41,0.4583888122798323,0
94,0.343744909596147,0
160,0.3339073754718753,1
164,0.4672281157864108,1
143,0.46634356813104916,1
73,0.4684812783145269,0
147,0.34677787733778187,1
172,0.47822001467171155,1
64,0.4796269600640226,0
120,0.34406304532789883,1
94,0.47468181953876043,0
116,0.3463984101592831,1
24,0.4788227359469041,0
29,0.3475808214595188,0
120,0.3405720657127057,1
155,0.4623088544956611,1
49,0.4761224259981037,0
119,0.3469923703587172,1
72,0.4742487086552327,0
34,0.34735848346525006,0
90,0.33473545382484793,0
169,0.32065495760992313,1
121,0.457057007259018,1
151,0.4527024351535905,1
25,0.46748678498540436,0
174,0.34070836930234966,1
43,0.4735694103821967,0
172,0.3379932569636809,1
150,0.48297287801755545,1
159,0.4732317297161891,1
57,0.4778476792146032,0
109,0.3452136920047558,1
69,0.48872528600703047,0
118,0.34342428432790406,1
124,0.4802638020546041,1
95,0.47471076331387707,0
33,0.35248968020434646,0
107,0.3434644765570576,1
134,0.4656437655595576,1
26,0.4710917921321238,0
148,0.3465648522768956,1
97,0.4761029310352678,0
151,0.3415822691577322,1
134,0.4710834822967682,1
123,0.4602109547343824,1
36,0.4785138096332732,0
130,0.3522673393424691,1
142,0.47290184088114207,1
76,0.4648266889086923,0
43,0.3457996140674007,0
164,0.3390256442778557,1
139,0.4637094791772701,1
42,0.46080071210805534,0
146,0.34357596746519103,1
153,0.4670922397381919,1
150,0.46571780339077584,1
69,0.46980491366301447,0
112,0.35551565532702467,1
37,0.4787635730611613,0
94,0.35134480002603025,0
174,0.3385161143788771,1
41,0.4622965611021788,0
26,0.3361116061082478,0
145,0.32559805644645073,1
77,0.45600315016589066,0
155,0.3289549687319097,1
112,0.46432482643908346,1
26,0.45436210480078115,0
40,0.33266512398757536,0
41,0.3249927942200372,0
28,0.3125231138559652,0
159,0.3022409716275976,1
29,0.44620290605174573,0
143,0.32393091902199594,1
60,0.46035201894801236,0
62,0.32216292990434403,0
32,0.3110056552148172,0
82,0.3001704543129411,0
79,0.29174271777501765,0
99,0.286249725314132,0
159,0.2830195569370912,1
156,0.4468205466583466,1
80,0.4390885488110481,0
142,0.3064760000340987,1
49,0.45428768920452633,0
45,0.32564416404706864,0
125,0.3089214979600182,1
37,0.44038636434262385,0
37,0.3155224636308707,0
60,0.30820431914652785,0
43,0.29753897852485167,0
78,0.2899830507089928,0
57,0.28513360067235594,0
168,0.28231025684046196,1
100,0.43495655670592726,0
45,0.42475893138470555,0
135,0.29391384531340947,1
166,0.4358804473891886,1
67,0.4490005565784845,0
137,0.3201511216388664,1
95,0.45279307262384416,0
155,0.3170866678643669,1
33,0.4647267350769464,0
62,0.3196520798515057,0
115,0.31421947300688785,1
51,0.43880601912218686,0
124,0.3157838403900799,1
155,0.45577896429557396,1
56,0.45560131323410186,0
167,0.3235334580781415,1
46,0.4638401411411336,0
119,0.32140909916240173,1
78,0.4573187627653119,0
157,0.3257964201677595,1
73,0.4630696593449145,0
149,0.32382872279696523,1
78,0.46384905677081845,0
141,0.322055061560377,1
74,0.46211891677957506,0
98,0.3227069448028922,0
79,0.32292550188861,0
95,0.30653001716666617,0
103,0.2950803887808388,0
33,0.390805428981004,0
33,0.2777380016595051,0
127,0.2759238798175707,1
168,0.4140689098427419,1
25,0.43239912026539407,0
103,0.30984699684825195,0
27,0.40423943602695256,0
139,0.28785770786190984,1
41,0.4359000075307712,0
123,0.3088437735145947,1
86,0.4357558636582496,0
51,0.3117820783556101,0
77,0.3063447358568948,0
114,0.29469109798135784,1
166,0.43167446049929387,1
50,0.43458009059174274,0
45,0.313454354315533,0
141,0.3067852762767202,1
36,0.44226654661044323,0
85,0.31414578769563695,0
142,0.3051807573599529,1
108,0.44019654064378666,1
111,0.4359414897807866,1
41,0.4403905405957904,0
161,0.3191650694112794,1
113,0.4617840796678737,1
61,0.4467943780343302,0
116,0.32297636728525675,1
166,0.45860463326157225,1
60,0.46315758347856884,0
135,0.3288047937835262,1
143,0.4703707750704553,1
97,0.45134420720730534,0
142,0.34067516500160744,1
59,0.47413991760715546,0
121,0.3317962534140963,1
159,0.4744350407688614,1
109,0.454651386984472,1
26,0.4669145905898257,0
48,0.34929596852618944,0
36,0.33651760740817815,0
160,0.32108527991736685,1
118,0.46184242382371943,1
101,0.45017853517129847,0
32,0.4371843392049912,0
34,0.3122539587190214,0
86,0.30301993443103026,0
24,0.2951520059437844,0
130,0.2897640668000373,1
39,0.4261629011110889,0
84,0.3082916091957455,0
33,0.29990907803494754,0
96,0.2917128454765594,0
119,0.28617491848185034,1
117,0.43069930198008577,1
148,0.4326950612138485,1
115,0.44777787431722127,1
34,0.4430370487785354,0
132,0.31820338467852427,1
97,0.45418147248905744,0
136,0.3306670294736975,1
38,0.4633173702603448,0
127,0.32971802298888186,1
81,0.4628217658029906,0
37,0.3282213477703701,0
117,0.32515885967898694,1
134,0.45411619996688435,1
153,0.45345766093740486,1
161,0.4607459586325433,1
101,0.46635021357043027,0
116,0.4510959866671823,1
98,0.46425589080272894,0
160,0.34100413672006913,1
47,0.4685339070924981,0
126,0.3374670294483839,1
137,0.4692123187528364,1
38,0.46393628133874015,0
89,0.34516285069189706,0
76,0.33237902116986767,0
112,0.31859659151119846,1
137,0.4447575628959878,1
54,0.45389392096075726,0
