0.0,0.5,1
3654.0,0.5263157894736842,0
5079.5962788284805,0.4444444444444444,0
1148.0,0.44887019067652845,1
4350.0,0.5368075631459064,0
1936.0,0.4349675373946318,1
4648.0,0.5481765054616268,0
3045.0,0.4356925710912473,1
3100.0,0.47154333497202194,1
4446.0,0.4644340566184089,0
1512.0,0.4490181495327852,1
1456.0,0.5528098761252161,1
4563.0,0.5459172031266019,0
1113.0,0.4482344292385446,1
1392.0,0.563373390290784,1
1350.0,0.5596621194295311,1
1464.0,0.57355463210893,1
2784.0,0.5829144888415704,1
870.0,0.5891385601824338,1
4347.0,0.5926957999082131,0
1484.0,0.47009880407218074,1
2100.0,0.5753375315853748,1
3016.0,0.5664884425186258,1
3364.0,0.5070253336696706,1
2610.0,0.49190000068228656,1
2987.0,0.5876433106564546,1
2040.0,0.590385458528842,1
3312.0,0.6101788651669164,1
1404.0,0.5030242202762488,1
851.0,0.5964260886733028,1
1350.0,0.6088855879352276,1
4205.0,0.6144817092090018,0
1869.0,0.5047082301470248,1
897.0,0.6002140336112926,1
3297.0,0.6018678147163837,1
1416.0,0.5225945620516093,1
2520.0,0.6093960358614013,1
567.0,0.5987058493841817,1
2200.0,0.6123808180119956,1
870.0,0.6116198761692235,1
1775.0,0.6163764126749047,1
3630.0,0.6194479330121581,0
1960.0,0.5062127515916607,1
1064.0,0.6025679078360358,1
756.0,0.6037536388609128,1
3718.0,0.6112436807669902,0
1743.0,0.4983649536370366,1
1848.0,0.598939502382734,1
3570.0,0.5994584980019433,1
1827.0,0.4988272493198118,1
3841.0,0.59523065725321,0
3744.0,0.4767442070059067,0
3454.0,0.47528076518827833,1
3024.0,0.4744687015398686,1
1450.0,0.4897339125058209,1
1748.0,0.584148733573757,1
696.0,0.5899904173144352,1
4256.0,0.5994290663957589,0
1710.0,0.47823855383338226,1
651.0,0.5762591246725836,1
2175.0,0.5919984513157349,1
1890.0,0.6018410228901081,1
1950.0,0.607383252268713,1
874.0,0.6101501238200489,1
4466.0,0.6113527218338137,0
4553.0,0.47415356223769933,0
812.0,0.4648562827785667,1
2520.0,0.5774068912422372,1
1953.0,0.5540953148094008,1
777.0,0.5816037781128001,1
720.0,0.599266946127841,1
912.0,0.6083815527826653,1
1911.0,0.613030554671774,1
1400.0,0.6148222122793684,1
3550.0,0.6151492437593875,1
2900.0,0.5289880118248799,1
1998.0,0.5994070309585116,1
4056.0,0.6166629226782373,0
3266.0,0.486507536499608,1
4147.0,0.49772449236158084,0
2016.0,0.47901242193270915,1
4500.0,0.5776696821770209,0
1189.0,0.467589982423831,1
1204.0,0.5738017182983521,1
1914.0,0.580863261228393,1
660.0,0.5926124701670324,1
2525.0,0.6000545472741874,1
3042.0,0.5909028720276012,1
588.0,0.521651085078674,1
2975.0,0.6040255262223779,1
1296.0,0.5954350571642196,1
3450.0,0.6080688016990808,1
3420.0,0.5283075070869921,1
3220.0,0.5292857749439555,1
3427.0,0.5312430462320842,1
1840.0,0.5088939397781331,1
4256.0,0.5962321114911164,0
1323.0,0.506072665074169,1
2700.0,0.596346464773592,1
1863.0,0.5963024624274231,1
3936.0,0.6057463223441297,0
2163.0,0.48303878743638584,1
2024.0,0.5846973221904473,1
3456.0,0.6091800978698602,1
1219.0,0.49992952816248004,1
1647.0,0.6031962246808522,1
3146.0,0.613241903702439,1
2037.0,0.5369381852640399,1
1134.0,0.6204456014622146,1
3796.0,0.6208884568671289,0
2156.0,0.4955083881498818,1
2323.0,0.5997142445568824,1
3381.0,0.5955743526559327,1
1525.0,0.5192187543828499,1
3036.0,0.6108217816676563,1
1144.0,0.5175815030045477,1
2349.0,0.6129134724914117,1
560.0,0.6222930710422079,1
2156.0,0.629286527883276,1
3900.0,0.6323728000414555,0
800.0,0.5003024329488335,1
4582.0,0.6069265512459239,0
1943.0,0.4974580074604074,1
667.0,0.6042633784116632,1
1820.0,0.6024520157431139,1
1780.0,0.6133287847843862,1
616.0,0.6202017965914725,1
782.0,0.6242469142108064,1
1725.0,0.6262785363618423,1
2212.0,0.6271791490002521,1
1350.0,0.6275349808443247,1
702.0,0.6276580316464783,1
3124.0,0.627691655192701,1
1716.0,0.5407422450587156,1
1189.0,0.624394634928107,1
1809.0,0.6264132045777747,1
1800.0,0.6295062052693079,1
1809.0,0.6304916389515062,1
759.0,0.6302384875399235,1
1702.0,0.6296064616854711,1
2700.0,0.6290002356527082,1
1008.0,0.5856290116336121,1
702.0,0.6159578334265104,1
864.0,0.6252036186565042,1
4172.0,0.6291778898897045,0
1491.0,0.49461233216152034,1
4275.0,0.6042720646542463,0
2500.0,0.47341556681395325,1
4901.0,0.5623179518586018,0
1800.0,0.4828415544108441,1
2856.0,0.59367184945352,1
3750.0,0.5523776118323579,0
3219.0,0.5071015659520027,1
2331.0,0.5045275502097676,1
1850.0,0.5807907540112457,1
3255.0,0.5952952348509273,1
2472.0,0.5110464006162696,1
1470.0,0.5964595137035669,1
3796.0,0.6146819742873969,0
4466.0,0.4790161893094696,0
2852.0,0.4816911081903847,1
1940.0,0.574212978753662,1
2772.0,0.5958120210089162,1
900.0,0.5985611827927161,1
4060.0,0.6077297989223122,0
2280.0,0.48188066983987793,1
1386.0,0.5906603870950771,1
3800.0,0.6012049708055428,0
1932.0,0.4800825206178094,1
754.0,0.5897629020817907,1
1056.0,0.5984242520680945,1
3834.0,0.6089979410709949,0
3870.0,0.49673044586534987,0
2620.0,0.4822931999120633,1
1508.0,0.5677054250818481,1
600.0,0.5902643749851191,1
3630.0,0.5946020620360263,0
1742.0,0.4685736834503648,1
3225.0,0.5880319326422151,1
1620.0,0.4814857871388817,1
3612.0,0.5923156433991883,0
4698.0,0.4891681942527549,0
1920.0,0.477285947518741,1
3990.0,0.5851348688522127,0
2184.0,0.46440086212105036,1
4410.0,0.5693759068957471,0
2236.0,0.4666949816144395,1
1104.0,0.5857349807289552,1
2256.0,0.5818995497133663,1
4089.0,0.5975599163142953,0
1000.0,0.47380477836287616,1
620.0,0.5957062155276112,1
3848.0,0.5976225122878335,0
3190.0,0.4762847813341702,1
900.0,0.5064950094328947,1
1760.0,0.5935225047219058,1
3540.0,0.5966970622887046,1
3168.0,0.49678598197142265,1
3565.0,0.4999981130067952,1
3770.0,0.5186656102906351,0
650.0,0.49758488046124005,1
2700.0,0.5956508994158816,1
1850.0,0.5879236617208033,1
4176.0,0.6085684886755538,0
2640.0,0.4884977697699466,1
2288.0,0.5955714680860382,1
580.0,0.5856668660555857,1
2900.0,0.6165068849779706,1
3456.0,0.6004146780406168,1
1298.0,0.5174090762515057,1
2697.0,0.6096083862293479,1
3996.0,0.615860520455717,0
1326.0,0.4973279496802461,1
1975.0,0.6028604181693014,1
1876.0,0.6061211060771217,1
860.0,0.6150104208259238,1
1066.0,0.6200463539514827,1
4472.0,0.6225339603205444,0
1680.0,0.4931668567337624,1
2247.0,0.6017547338868834,1
680.0,0.5723774084732074,1
3926.0,0.6072883498774784,0
2772.0,0.4891814207508696,1
3726.0,0.5998731340738381,0
1978.0,0.48605474042910096,1
648.0,0.5962735458546392,1
1350.0,0.5927659696332388,1
2842.0,0.6059406186474525,1
1475.0,0.6148135192857973,1
504.0,0.6205427977143813,1
2125.0,0.6236272730718777,1
2622.0,0.6250601032508176,1
2720.0,0.6087576957557684,1
3302.0,0.6155401478182569,1
1944.0,0.5482493649147722,1
2380.0,0.6244273965641436,1
2310.0,0.5888259770780498,1
1265.0,0.6183349238230423,1
1288.0,0.6245366835145384,1
2158.0,0.6292027161903285,1
2156.0,0.6314577373834759,1
3060.0,0.6318650169188769,1
1020.0,0.5497626450966776,1
3390.0,0.633246791693295,1
4264.0,0.5178599588921617,0
4698.0,0.5278355821179174,0
5017.0,0.502481347532103,0
2300.0,0.4929736620299323,1
1176.0,0.5986536711078836,1
3250.0,0.6072136728381261,1
2160.0,0.5253418878936764,1
2352.0,0.6052232895733163,1
4428.0,0.599153482215416,0
3072.0,0.49116202486618865,1
4340.0,0.4919517800778547,0
1421.0,0.5103495788340292,1
3108.0,0.5932578450301802,1
1820.0,0.49880335325140446,1
3120.0,0.5949567820172883,1
3762.0,0.5215699174229897,0
3624.0,0.47991171436973,0
1380.0,0.4782163669400115,1
2425.0,0.5837232655606954,1
1050.0,0.5931495637206001,1
2550.0,0.6019446373771371,1
1998.0,0.6073200057097844,1
3360.0,0.609756865484189,1
594.0,0.5209835777817895,1
2232.0,0.6031777673812031,1
1980.0,0.6109562992203045,1
3775.0,0.6142999621035772,0
1610.0,0.48166119153827697,1
3996.0,0.5894442509551071,0
3990.0,0.4823884940396415,0
3910.0,0.48028082520699666,0
3240.0,0.4633146375810506,1
1974.0,0.4742649275242071,1
2184.0,0.5739087061035211,1
4284.0,0.5810118414505553,0
1008.0,0.4763174304531708,1
3795.0,0.5805495187272567,0
1876.0,0.4633396575445279,1
2016.0,0.57922791946884,1
4988.0,0.5823107796750324,0
2420.0,0.4693192401892551,1
2604.0,0.5536540570531754,1
2268.0,0.5831534583829636,1
1932.0,0.5876542113198377,1
1716.0,0.5997027115766927,1
2241.0,0.6081183031706,1
1848.0,0.6133557637244214,1
777.0,0.616254465862536,1
2461.0,0.6177258802191885,1
4200.0,0.6015041398932293,0
1239.0,0.5007214982765268,1
1704.0,0.596393021354569,1
4617.0,0.6088002270333843,0
2960.0,0.48518919679677697,1
2755.0,0.5763353106832049,1
2813.0,0.597711826628413,1
2820.0,0.6017203764292671,1
640.0,0.5927386679694582,1
2160.0,0.6115885705516466,1
2632.0,0.6132479259206918,1
3475.0,0.6178900756736457,1
2697.0,0.5352224137501529,1
1728.0,0.6153787851695893,1
672.0,0.6192127508435875,1
2944.0,0.6222861730912762,1
2001.0,0.6094185043997129,1
3510.0,0.6225682752927832,1
2430.0,0.5403266430021362,1
3672.0,0.6162289833613184,0
2943.0,0.4944813961124692,1
3840.0,0.5857110777614984,0
4563.0,0.4917697977190394,0
1620.0,0.48300444196759085,1
1836.0,0.5812474644206554,1
2760.0,0.589241194016807,1
1740.0,0.5842433362691408,1
2862.0,0.6031822372474416,1
4290.0,0.5932830109894563,0
1702.0,0.4902494296851036,1
3180.0,0.5935966920958335,1
1824.0,0.4943681238433291,1
1352.0,0.5972416573436337,1
640.0,0.6037973431139583,1
2457.0,0.6103884439316462,1
987.0,0.6156713519541086,1
987.0,0.6182911182447339,1
1456.0,0.6190643252971377,1
940.0,0.6189020149407096,1
3672.0,0.6184323395536001,0
3720.0,0.49852380580241873,0
1078.0,0.48117415393362506,1
3335.0,0.5910317613485832,1
800.0,0.5070612305554141,1
1300.0,0.598862296694155,1
3870.0,0.6054363374374292,0
540.0,0.48328591951137406,1
1342.0,0.5954741245309014,1
2842.0,0.601066959282681,1
2898.0,0.6106273925073665,1
4788.0,0.5973816528481918,0
2871.0,0.49519105073579384,1
1512.0,0.6039395625748765,1
2639.0,0.6101543665475466,1
4125.0,0.6152882425551047,0
1898.0,0.48262886206023214,1
1456.0,0.5989346917470504,1
4150.0,0.6021924069343204,0
2783.0,0.46909711458111664,1
780.0,0.5828575539649002,1
4466.0,0.5983312060091746,0
1008.0,0.48367804440196843,1
850.0,0.5928373776137343,1
2268.0,0.5923916171866378,1
810.0,0.6045789875344928,1
675.0,0.612793232490002,1
1960.0,0.6177736852008808,1
1800.0,0.6203902552121605,1
3250.0,0.6216312523633859,1
1920.0,0.5341072647108266,1
1932.0,0.6189782371087046,1
550.0,0.6224255884453256,1
3520.0,0.6257760628948971,1
3318.0,0.5199252103046885,1
1311.0,0.5335101925073971,1
3080.0,0.6199887999519857,1
1134.0,0.5199472668079121,1
2430.0,0.6117846531252982,1
2970.0,0.6226748136912316,1
1118.0,0.6281387028364381,1
1652.0,0.630181376441894,1
2240.0,0.6300705873965217,1
2121.0,0.6290716521848466,1
3750.0,0.6159046182780912,0
4440.0,0.4997741765846152,0
3267.0,0.5103319839042376,1
2960.0,0.5141020674917324,1
1953.0,0.566966730513808,1
1653.0,0.5974528539430286,1
1239.0,0.6028758140382946,1
3144.0,0.6104452746902892,1
1034.0,0.5067067110676011,1
4424.0,0.6041325582322885,0
2418.0,0.4917827027444749,1
1450.0,0.5984647275992657,1
3973.0,0.6050850822058271,0
3588.0,0.4804206969313039,1
4060.0,0.4952599671368516,0
3248.0,0.5100287161850405,1
660.0,0.48610879699364606,1
3612.0,0.5936574579714613,0
2780.0,0.46588533130216736,1
2184.0,0.5598679705118176,1
1344.0,0.5850212412653264,1
2175.0,0.6041539587629213,1
1768.0,0.6046108706410647,1
3528.0,0.6116062000223557,1
2407.0,0.5036673885900889,1
2544.0,0.605989878051166,1
1846.0,0.6055499314302295,1
2596.0,0.6195858100697719,1
3633.0,0.5829408705755834,0
2268.0,0.49880538112773976,1
2944.0,0.6000366409820658,1
1288.0,0.5968498393075763,1
2070.0,0.6113557269040669,1
1728.0,0.6096793679267679,1
1311.0,0.614941716749217,1
3277.0,0.6193808935588562,1
2465.0,0.539214992995052,1
4080.0,0.6186169102499213,0
4263.0,0.48617377278471974,0
2580.0,0.4878267647856939,1
1974.0,0.5922346347592085,1
968.0,0.6036362426407352,1
3654.0,0.6120679557862344,0
624.0,0.5042427456846582,1
3393.0,0.6010815988789072,1
4340.0,0.516526484458904,0
3680.0,0.4915626426804858,0
920.0,0.4832409183588142,1
3180.0,0.5834456736663846,1
726.0,0.49428589804627593,1
1632.0,0.5890342313594483,1
1410.0,0.5977776033526021,1
1421.0,0.6069844307772188,1
1775.0,0.6123979916858153,1
4293.0,0.61463756492646,0
2688.0,0.47726592837739723,1
3425.0,0.5943004022742292,1
1680.0,0.5104046527444984,1
2415.0,0.6021091324991421,1
3973.0,0.5928843933781779,0
2140.0,0.5149427135655567,1
1537.0,0.5878086938782981,1
1110.0,0.6047621197371761,1
1518.0,0.6064172184907095,1
3408.0,0.6122535331385575,1
1008.0,0.5316503929667612,1
4152.0,0.6134766189325991,0
3608.0,0.48324720204670135,0
3762.0,0.48423594449599566,0
3720.0,0.4775459552401622,0
1596.0,0.47197324318230494,1
3591.0,0.5789193042823658,1
3768.0,0.4878736093795102,0
546.0,0.4746946662195485,1
4050.0,0.5748540497713204,0
3172.0,0.4692566336411187,1
1700.0,0.49035030323686424,1
2772.0,0.5859960025090719,1
1276.0,0.5746793435973776,1
3100.0,0.5931274646969031,1
1430.0,0.5125378927624814,1
2576.0,0.5954800702275809,1
3772.0,0.5889645372659943,0
3420.0,0.4809641065216296,1
3510.0,0.48486925640434647,1
2940.0,0.5040452602737711,1
2840.0,0.5864403724274585,1
2714.0,0.5682662170117008,1
2438.0,0.56693110275667,1
1638.0,0.5673940474729411,1
720.0,0.588203091704901,1
1850.0,0.5980101323429119,1
3402.0,0.6055266900335503,1
1239.0,0.5322957337913391,1
3510.0,0.6095810906363676,1
1914.0,0.535121771619924,1
868.0,0.6106537628404192,1
1428.0,0.6127862225599569,1
1656.0,0.6168887331873705,1
1560.0,0.6198609987234761,1
1720.0,0.6209608680650669,1
4263.0,0.6208001640174658,0
1593.0,0.5054359441969831,1
4056.0,0.5998234112748808,0
644.0,0.4722801882042079,1
1140.0,0.5883701150814403,1
1794.0,0.5967290549853105,1
3528.0,0.6071862432632243,1
1764.0,0.5077340729569637,1
972.0,0.6038088948043471,1
4644.0,0.6158975076668123,0
3870.0,0.4952343865936293,0
1176.0,0.4941969049661473,1
2158.0,0.5938801087894372,1
4275.0,0.6030811820132229,0
2040.0,0.47812142039561206,1
2784.0,0.5848839783525318,1
1323.0,0.5939435340797191,1
4553.0,0.6081278228127611,0
550.0,0.48043687889542175,1
4104.0,0.5978819070802417,0
2560.0,0.48711366583168636,1
1248.0,0.5622976517002147,1
1817.0,0.5906101851883587,1
