Timestep: 0, Trans probs: [0.1111111111111111, 0.1111111111111111, 0.2222222222222222, 0.1111111111111111, 0.1111111111111111, 0.1111111111111111, 0.1111111111111111, 0.1111111111111111]
Timestep: 1, Trans probs: [0.125, 0.125, 0.125, 0.125, 0.125, 0.125, 0.125, 0.125]
Timestep: 2, Trans probs: [0.1111111111111111, 0.1111111111111111, 0.1111111111111111, 0.1111111111111111, 0.1111111111111111, 0.2222222222222222, 0.1111111111111111, 0.1111111111111111]
Timestep: 3, Trans probs: [0.125, 0.125, 0.125, 0.125, 0.125, 0.125, 0.125, 0.125]
Timestep: 4, Trans probs: [0.125, 0.125, 0.125, 0.125, 0.125, 0.125, 0.125, 0.125]
Timestep: 5, Trans probs: [0.2222222222222222, 0.1111111111111111, 0.1111111111111111, 0.1111111111111111, 0.1111111111111111, 0.1111111111111111, 0.1111111111111111, 0.1111111111111111]
Timestep: 6, Trans probs: [0.1111111111111111, 0.1111111111111111, 0.2222222222222222, 0.1111111111111111, 0.1111111111111111, 0.1111111111111111, 0.1111111111111111, 0.1111111111111111]
Timestep: 7, Trans probs: [0.19413818496382024, 0.10073272687952248, 0.20146545375904495, 0.10073272687952248, 0.10073272687952248, 0.10073272687952248, 0.10073272687952248, 0.10073272687952248]
Timestep: 8, Trans probs: [0.20146545375904495, 0.10073272687952248, 0.19413818496382024, 0.10073272687952248, 0.10073272687952248, 0.10073272687952248, 0.10073272687952248, 0.10073272687952248]
Timestep: 9, Trans probs: [0.2222222222222222, 0.1111111111111111, 0.1111111111111111, 0.1111111111111111, 0.1111111111111111, 0.1111111111111111, 0.1111111111111111, 0.1111111111111111]
Timestep: 10, Trans probs: [0.1709166325608253, 0.09315235015856804, 0.27016926648776646, 0.09315235015856804, 0.09315235015856804, 0.09315235015856804, 0.09315235015856804, 0.09315235015856804]
Timestep: 11, Trans probs: [0.1111111111111111, 0.1111111111111111, 0.1111111111111111, 0.1111111111111111, 0.2222222222222222, 0.1111111111111111, 0.1111111111111111, 0.1111111111111111]
Timestep: 12, Trans probs: [0.15005991996395096, 0.08881615840642433, 0.2282269711910786, 0.08881615840642433, 0.08881615840642433, 0.17763231681284866, 0.08881615840642433, 0.08881615840642433]
Timestep: 13, Trans probs: [0.17701691632919841, 0.09315235015856804, 0.1709166325608253, 0.09315235015856804, 0.18630470031713608, 0.09315235015856804, 0.09315235015856804, 0.09315235015856804]
Timestep: 14, Trans probs: [0.15786339738785526, 0.08728789911215101, 0.24001765560451568, 0.08728789911215101, 0.16567945144687407, 0.08728789911215101, 0.08728789911215101, 0.08728789911215101]
Timestep: 15, Trans probs: [0.14125927044352182, 0.08383652077222564, 0.29193943411256756, 0.08383652077222564, 0.14761869158278232, 0.08383652077222564, 0.08383652077222564, 0.08383652077222564]
Timestep: 16, Trans probs: [0.12734793269415148, 0.08259377473549961, 0.32737885359004976, 0.08259377473549961, 0.13230434003830072, 0.08259377473549961, 0.08259377473549961, 0.08259377473549961]
Timestep: 17, Trans probs: [0.11641815584516607, 0.08277492398794158, 0.3495631673796627, 0.08277492398794158, 0.12014405683546335, 0.08277492398794158, 0.08277492398794158, 0.08277492398794158]
Timestep: 18, Trans probs: [0.10826380957130827, 0.08363957735225276, 0.36254742400964146, 0.08363957735225276, 0.11099087965778652, 0.08363957735225276, 0.08363957735225276, 0.08363957735225276]
Timestep: 19, Trans probs: [0.1023891699359702, 0.08469883183624306, 0.3697683417161204, 0.08469883183624306, 0.10434832916669413, 0.08469883183624306, 0.08469883183624306, 0.08469883183624306]
Timestep: 20, Trans probs: [0.2948709118433427, 0.10073272687952248, 0.10073272687952248, 0.10073272687952248, 0.10073272687952248, 0.10073272687952248, 0.10073272687952248, 0.10073272687952248]
Timestep: 21, Trans probs: [0.09824694117460277, 0.08569675707321601, 0.28793567475335524, 0.08569675707321601, 0.18533359870596183, 0.08569675707321601, 0.08569675707321601, 0.08569675707321601]
Timestep: 22, Trans probs: [0.1349596693486009, 0.08473415368171759, 0.28379799227463365, 0.08473415368171759, 0.08473415368171759, 0.15757156996817748, 0.08473415368171759, 0.08473415368171759]
Timestep: 23, Trans probs: [0.17809660224601645, 0.08421784980743717, 0.23989767698379685, 0.08421784980743717, 0.16091647173300083, 0.08421784980743717, 0.08421784980743717, 0.08421784980743717]
Timestep: 24, Trans probs: [0.15765821652739018, 0.08183070549888609, 0.2894067314828776, 0.08183070549888609, 0.1437815244953018, 0.08183070549888609, 0.08183070549888609, 0.08183070549888609]
Timestep: 25, Trans probs: [0.12243862090038278, 0.08302170759024091, 0.3222684327799466, 0.08302170759024091, 0.08302170759024091, 0.1401844083684659, 0.08302170759024091, 0.08302170759024091]
Timestep: 26, Trans probs: [0.22150689441879026, 0.08120695896743886, 0.2429725906718085, 0.08120695896743886, 0.1294857200722069, 0.08120695896743886, 0.08120695896743886, 0.08120695896743886]
Timestep: 27, Trans probs: [0.19110242896881674, 0.08039444738656894, 0.2884350445575606, 0.08039444738656894, 0.11849028954077799, 0.08039444738656894, 0.08039444738656894, 0.08039444738656894]
Timestep: 28, Trans probs: [0.1658842640226002, 0.0805487088989563, 0.32145857328200567, 0.0805487088989563, 0.10991361820061259, 0.0805487088989563, 0.0805487088989563, 0.0805487088989563]
Timestep: 29, Trans probs: [0.1455466261537236, 0.08141824550243848, 0.3438766150589264, 0.08141824550243848, 0.10348553127515765, 0.08141824550243848, 0.08141824550243848, 0.08141824550243848]
Timestep: 30, Trans probs: [0.12977104644540824, 0.08263924155782856, 0.35817492833099057, 0.08263924155782856, 0.09885781743445832, 0.08263924155782856, 0.08263924155782856, 0.08263924155782856]
Timestep: 31, Trans probs: [0.117955333778061, 0.08391993986787977, 0.3668130711508881, 0.08391993986787977, 0.09563189573165198, 0.08391993986787977, 0.08391993986787977, 0.08391993986787977]
Timestep: 32, Trans probs: [0.10934336779054725, 0.08508505231584139, 0.3717987633861734, 0.08508505231584139, 0.09343260724407243, 0.08508505231584139, 0.08508505231584139, 0.08508505231584139]
Timestep: 33, Trans probs: [0.112699678868007, 0.08292310188631838, 0.3465794964628892, 0.08292310188631838, 0.08292310188631838, 0.12610531523751198, 0.08292310188631838, 0.08292310188631838]
Timestep: 34, Trans probs: [0.18915978044616735, 0.08364766320869778, 0.27724624648965046, 0.08364766320869778, 0.08364766320869778, 0.11535565702069318, 0.08364766320869778, 0.08364766320869778]
Timestep: 35, Trans probs: [0.125, 0.125, 0.125, 0.125, 0.125, 0.125, 0.125, 0.125]
Timestep: 36, Trans probs: [0.1892452187305548, 0.08605794884637594, 0.28851269917660793, 0.08605794884637594, 0.0919523378609576, 0.08605794884637594, 0.08605794884637594, 0.08605794884637594]
Timestep: 37, Trans probs: [0.16363510513474142, 0.08459703432673527, 0.3242677798775284, 0.08459703432673527, 0.08911194335405385, 0.08459703432673527, 0.08459703432673527, 0.08459703432673527]
Timestep: 38, Trans probs: [0.14318013924006992, 0.08440416531713615, 0.3470373960273586, 0.08440416531713615, 0.08776163814689068, 0.08440416531713615, 0.08440416531713615, 0.08440416531713615]
Timestep: 39, Trans probs: [0.164728364108737, 0.1648923387795288, 0.23342140089790064, 0.0824461693897644, 0.0824461693897644, 0.10717321865477596, 0.0824461693897644, 0.0824461693897644]
Timestep: 40, Trans probs: [0.2124839689905282, 0.08487576550492171, 0.27582042356719133, 0.08487576550492171, 0.08731677991767206, 0.08487576550492171, 0.08487576550492171, 0.08487576550492171]
Timestep: 41, Trans probs: [0.18136440387089783, 0.08385863617860158, 0.3136185934521642, 0.08385863617860158, 0.08572382178393008, 0.08385863617860158, 0.08385863617860158, 0.08385863617860158]
Timestep: 42, Trans probs: [0.14767055803997506, 0.14780540478164397, 0.2841658921260888, 0.08000470573703747, 0.08000470573703747, 0.10033932210414236, 0.08000470573703747, 0.08000470573703747]
Timestep: 43, Trans probs: [0.24399553846403535, 0.0945005576919956, 0.1890011153839912, 0.0945005576919956, 0.0945005576919956, 0.0945005576919956, 0.0945005576919956, 0.0945005576919956]
Timestep: 44, Trans probs: [0.13300686948410195, 0.1331135759502748, 0.24101789421592326, 0.07946175678463495, 0.1589235135692699, 0.09555287642652541, 0.07946175678463495, 0.07946175678463495]
Timestep: 45, Trans probs: [0.24041759559141812, 0.0838018065392829, 0.25537870816284375, 0.0838018065392829, 0.08519466354932358, 0.0838018065392829, 0.0838018065392829, 0.0838018065392829]
Timestep: 46, Trans probs: [0.20260732158562186, 0.08318792426182144, 0.29720308063463985, 0.08318792426182144, 0.08424997647063111, 0.08318792426182144, 0.08318792426182144, 0.08318792426182144]
Timestep: 47, Trans probs: [0.17293220138319135, 0.08317708401972164, 0.32720706051987847, 0.08317708401972164, 0.08397531799832209, 0.08317708401972164, 0.08317708401972164, 0.08317708401972164]
Timestep: 48, Trans probs: [0.14989682394252052, 0.08368781479584099, 0.34738745978888436, 0.08368781479584099, 0.08427664228939019, 0.08368781479584099, 0.08368781479584099, 0.08368781479584099]
Timestep: 49, Trans probs: [0.2986379153699048, 0.08936664879858751, 0.1651621918385702, 0.08936664879858751, 0.08936664879858751, 0.08936664879858751, 0.08936664879858751, 0.08936664879858751]
Timestep: 50, Trans probs: [0.13249376089834553, 0.0844820658836095, 0.27570478759587214, 0.0844820658836095, 0.16939112208773482, 0.0844820658836095, 0.0844820658836095, 0.0844820658836095]
Timestep: 51, Trans probs: [0.12197928476849935, 0.12206803760486507, 0.2892604556503252, 0.07744327119737701, 0.14353538866865, 0.09082701971552927, 0.07744327119737701, 0.07744327119737701]
Timestep: 52, Trans probs: [0.2467871734771097, 0.08691356537143667, 0.23173143429427032, 0.08691356537143667, 0.08691356537143667, 0.08691356537143667, 0.08691356537143667, 0.08691356537143667]
Timestep: 53, Trans probs: [0.1111111111111111, 0.1111111111111111, 0.2222222222222222, 0.1111111111111111, 0.1111111111111111, 0.1111111111111111, 0.1111111111111111, 0.1111111111111111]
Timestep: 54, Trans probs: [0.20861754980002678, 0.16983262500853363, 0.19696826267010556, 0.08491631250426682, 0.08491631250426682, 0.08491631250426682, 0.08491631250426682, 0.08491631250426682]
Timestep: 55, Trans probs: [0.2032851327024602, 0.0827167825098958, 0.2334733802749668, 0.0827167825098958, 0.14965757447309402, 0.0827167825098958, 0.0827167825098958, 0.0827167825098958]
Timestep: 56, Trans probs: [0.11291740831531685, 0.11298823822888063, 0.24641748966018984, 0.07737508515258992, 0.20749551523645715, 0.08805609310138571, 0.07737508515258992, 0.07737508515258992]
Timestep: 57, Trans probs: [0.1825774429743653, 0.105687773840211, 0.21336940665183116, 0.07694683111822177, 0.1819581402822726, 0.08556674289665465, 0.07694683111822177, 0.07694683111822177]
Timestep: 58, Trans probs: [0.1830441070738736, 0.15136618174771319, 0.25553949377085994, 0.08201004348151066, 0.08201004348151066, 0.08201004348151066, 0.08201004348151066, 0.08201004348151066]
Timestep: 59, Trans probs: [0.2586788047926544, 0.08092876725707268, 0.20199242347504254, 0.08092876725707268, 0.1346849354469396, 0.08092876725707268, 0.08092876725707268, 0.08092876725707268]
Timestep: 60, Trans probs: [0.22032742389204227, 0.08023636518304436, 0.2558872574508582, 0.08023636518304436, 0.12260349274187773, 0.08023636518304436, 0.08023636518304436, 0.08023636518304436]
Timestep: 61, Trans probs: [0.18945780322029548, 0.08003064480838587, 0.29726474992689644, 0.08003064480838587, 0.11312422281087882, 0.08003064480838587, 0.08003064480838587, 0.08003064480838587]
Timestep: 62, Trans probs: [0.1641898328054956, 0.08056296634053826, 0.32714146085550644, 0.08056296634053826, 0.10585387463630665, 0.08056296634053826, 0.08056296634053826, 0.08056296634053826]
Timestep: 63, Trans probs: [0.16306803074470697, 0.09957214843916785, 0.18849619194812572, 0.0758377308382598, 0.2383943382501389, 0.0829560981030811, 0.0758377308382598, 0.0758377308382598]
Timestep: 64, Trans probs: [0.2256772510132443, 0.08162079468616906, 0.2657158361751597, 0.08162079468616906, 0.10050293938075072, 0.08162079468616906, 0.08162079468616906, 0.08162079468616906]
Timestep: 65, Trans probs: [0.19221649261624976, 0.08146703217555881, 0.3044648713315497, 0.08146703217555881, 0.09598347517440646, 0.08146703217555881, 0.08146703217555881, 0.08146703217555881]
Timestep: 66, Trans probs: [0.20146545375904495, 0.10073272687952248, 0.10073272687952248, 0.10073272687952248, 0.19413818496382024, 0.10073272687952248, 0.10073272687952248, 0.10073272687952248]
Timestep: 67, Trans probs: [0.16545628819289954, 0.08192530142942128, 0.2501178097874974, 0.08192530142942128, 0.09287409344307532, 0.16385060285884256, 0.08192530142942128, 0.08192530142942128]
Timestep: 68, Trans probs: [0.14763874245513858, 0.08019777124271332, 0.2961902523748358, 0.08019777124271332, 0.0890375706466696, 0.14634234955250267, 0.08019777124271332, 0.08019777124271332]
Timestep: 69, Trans probs: [0.13261672320840415, 0.08009937675247372, 0.32839550037210713, 0.08009937675247372, 0.08698306777222829, 0.1316072016373655, 0.08009937675247372, 0.08009937675247372]
Timestep: 70, Trans probs: [0.12061691643696798, 0.081014164479515, 0.34926569831006704, 0.081014164479515, 0.0862050799846586, 0.11985564735024648, 0.081014164479515, 0.081014164479515]
Timestep: 71, Trans probs: [0.10073272687952248, 0.10073272687952248, 0.19413818496382024, 0.10073272687952248, 0.20146545375904495, 0.10073272687952248, 0.10073272687952248, 0.10073272687952248]
Timestep: 72, Trans probs: [0.17701691632919844, 0.09315235015856806, 0.1863047003171361, 0.09315235015856806, 0.17091663256082532, 0.09315235015856806, 0.09315235015856806, 0.09315235015856806]
Timestep: 73, Trans probs: [0.11148180510232218, 0.16473439470558365, 0.27957667900894223, 0.08236719735279183, 0.08618338338338835, 0.1109221457413881, 0.08236719735279183, 0.08236719735279183]
Timestep: 74, Trans probs: [0.16114310465329076, 0.1359140318026009, 0.29955731052162354, 0.08067711060449696, 0.08067711060449696, 0.08067711060449696, 0.08067711060449696, 0.08067711060449696]
Timestep: 75, Trans probs: [0.1465031443934934, 0.09487846476031872, 0.242758690118521, 0.07558143855268427, 0.20774643059913595, 0.0813689544704782, 0.07558143855268427, 0.07558143855268427]
Timestep: 76, Trans probs: [0.10412996792555335, 0.1464662363947804, 0.2377668438602344, 0.08098360341551895, 0.16500110767085646, 0.10368503390201864, 0.08098360341551895, 0.08098360341551895]
Timestep: 77, Trans probs: [0.22350989797769277, 0.12332568290963335, 0.2495241903175237, 0.08072804575903003, 0.08072804575903003, 0.08072804575903003, 0.08072804575903003, 0.08072804575903003]
Timestep: 78, Trans probs: [0.09784002678735476, 0.13300098117044773, 0.208827609503904, 0.0786165974182, 0.22701108838529677, 0.09747050189839673, 0.0786165974182, 0.0786165974182]
Timestep: 79, Trans probs: [0.09309470402221029, 0.12188078650796239, 0.26131622225750334, 0.07735658675012616, 0.19884635096039663, 0.09279217600154886, 0.07735658675012616, 0.07735658675012616]
Timestep: 80, Trans probs: [0.08984461276245344, 0.11284884992388348, 0.3015454843845584, 0.0772675841799564, 0.17435545120606447, 0.08960284918317106, 0.0772675841799564, 0.0772675841799564]
Timestep: 81, Trans probs: [0.08796094613520075, 0.10580081322767608, 0.3303431351849695, 0.07820741608960534, 0.15349939955696817, 0.08777345762636943, 0.07820741608960534, 0.07820741608960534]
Timestep: 82, Trans probs: [0.15786339738785526, 0.08728789911215101, 0.2529673505590251, 0.08728789911215101, 0.15272975649236467, 0.08728789911215101, 0.08728789911215101, 0.08728789911215101]
Timestep: 83, Trans probs: [0.087106515525381, 0.10055627800696322, 0.26984234284891406, 0.07975317248811331, 0.13651700874059164, 0.16671833741381012, 0.07975317248811331, 0.07975317248811331]
Timestep: 84, Trans probs: [0.08472754394384166, 0.09552447915611106, 0.31024518160113745, 0.07882457216454884, 0.12439232574065351, 0.14863675306460977, 0.07882457216454884, 0.07882457216454884]
Timestep: 85, Trans probs: [0.08393202831227914, 0.0922824928257498, 0.33771637471274996, 0.07936660716285995, 0.11460919237013548, 0.13336009029050577, 0.07936660716285995, 0.07936660716285995]
Timestep: 86, Trans probs: [0.08412716295029447, 0.09038670621677343, 0.3550698788459144, 0.0807049040845287, 0.10712289395463043, 0.12117864577880114, 0.0807049040845287, 0.0807049040845287]
Timestep: 87, Trans probs: [0.08480306226402862, 0.08938362020071569, 0.36537008054006653, 0.08229874935466215, 0.10163069228072841, 0.11191629665047424, 0.08229874935466215, 0.08229874935466215]
Timestep: 88, Trans probs: [0.19216522691207363, 0.11365395197797203, 0.29282332377573383, 0.08027149946684413, 0.08027149946684413, 0.08027149946684413, 0.08027149946684413, 0.08027149946684413]
Timestep: 89, Trans probs: [0.1328017206661037, 0.09131965795120678, 0.28595998286144503, 0.07581388712523728, 0.1820126379502526, 0.08046433919528004, 0.07581388712523728, 0.07581388712523728]
Timestep: 90, Trans probs: [0.19834594773723718, 0.08899017154048876, 0.241589623542239, 0.07683353271449588, 0.16009413755905408, 0.08047952147749349, 0.07683353271449588, 0.07683353271449588]
Timestep: 91, Trans probs: [0.0856189856225332, 0.0889126500330754, 0.2873615714910327, 0.083818251647229, 0.1815371968960478, 0.10511484101562386, 0.083818251647229, 0.083818251647229]
Timestep: 92, Trans probs: [0.2470439894983386, 0.10622270631466282, 0.24358514898194356, 0.08062963104101102, 0.08062963104101102, 0.08062963104101102, 0.08062963104101102, 0.08062963104101102]
Timestep: 93, Trans probs: [0.08410467513708168, 0.08666032693707446, 0.2406427246905747, 0.08270743229395401, 0.24123788939857166, 0.09923208695483551, 0.08270743229395401, 0.08270743229395401]
Timestep: 94, Trans probs: [0.09315235015856804, 0.09315235015856804, 0.1709166325608253, 0.09315235015856804, 0.17701691632919841, 0.18630470031713608, 0.09315235015856804, 0.09315235015856804]
Timestep: 95, Trans probs: [0.08294961778498453, 0.16680050616092432, 0.20474006112708137, 0.08186252857053167, 0.20520311387275741, 0.09471911534265745, 0.08186252857053167, 0.08186252857053167]
Timestep: 96, Trans probs: [0.20913096499438194, 0.10042147890781891, 0.28712530246473233, 0.08066445072661335, 0.08066445072661335, 0.08066445072661335, 0.08066445072661335, 0.08066445072661335]
Timestep: 97, Trans probs: [0.17431069461118381, 0.08649068578545879, 0.28576635213211254, 0.07672809101342708, 0.1435919303695572, 0.07965606406140645, 0.07672809101342708, 0.07672809101342708]
Timestep: 98, Trans probs: [0.26004054054285886, 0.09614127584953776, 0.2383596685905337, 0.08109170300341394, 0.08109170300341394, 0.08109170300341394, 0.08109170300341394, 0.08109170300341394]
Timestep: 99, Trans probs: [0.08057147584984792, 0.14930360342705598, 0.18040245500350094, 0.07968039459808363, 0.26046241147632687, 0.09021887044901751, 0.07968039459808363, 0.07968039459808363]
Timestep: 100, Trans probs: [0.15392267346383845, 0.08515698454092213, 0.24119578099668793, 0.07751258135592301, 0.20738154525878816, 0.07980527167199429, 0.07751258135592301, 0.07751258135592301]
Timestep: 101, Trans probs: [0.1586178130791101, 0.13453185483299374, 0.15935735585377875, 0.078953241661209, 0.22326738565840176, 0.08736586559208873, 0.078953241661209, 0.078953241661209]
Timestep: 102, Trans probs: [0.14351280289739765, 0.12336452524686281, 0.2210035951929681, 0.07687215329411519, 0.19759317308677968, 0.08390944369364615, 0.07687215329411519, 0.07687215329411519]
Timestep: 103, Trans probs: [0.13082713413600822, 0.11417842408308193, 0.2706198425434224, 0.07576134279506677, 0.17551424925594686, 0.08157632159634026, 0.07576134279506677, 0.07576134279506677]
Timestep: 104, Trans probs: [0.12017618245148534, 0.10681802513734737, 0.30833333660095114, 0.07599393043187601, 0.15603106320737986, 0.08065960130720821, 0.07599393043187601, 0.07599393043187601]
Timestep: 105, Trans probs: [0.08728789911215101, 0.08728789911215101, 0.24001765560451568, 0.08728789911215101, 0.15786339738785526, 0.16567945144687407, 0.08728789911215101, 0.08728789911215101]
Timestep: 106, Trans probs: [0.13841476917718556, 0.0835139846485758, 0.2855022947611861, 0.07741088674200347, 0.18109497855961543, 0.07924131262742658, 0.07741088674200347, 0.07741088674200347]
Timestep: 107, Trans probs: [0.20382010462952732, 0.08288421824950619, 0.24039152391709745, 0.07812511854243008, 0.15897634173291336, 0.07955245584366537, 0.07812511854243008, 0.07812511854243008]
Timestep: 108, Trans probs: [0.25603087319527507, 0.08165557294126058, 0.2073608437573503, 0.07785737504191151, 0.14238406390814765, 0.07899652107223186, 0.07785737504191151, 0.07785737504191151]
Timestep: 109, Trans probs: [0.14102495239610152, 0.08404850481682122, 0.3018520210888916, 0.08404850481682122, 0.13688050243090075, 0.08404850481682122, 0.08404850481682122, 0.08404850481682122]
Timestep: 110, Trans probs: [0.21856969147353356, 0.08106130656040261, 0.18018961624536495, 0.07806613432007316, 0.12895040954060552, 0.1570305732198739, 0.07806613432007316, 0.07806613432007316]
Timestep: 111, Trans probs: [0.26963812049574304, 0.07893541278332701, 0.1613013217095472, 0.07644671823431926, 0.11872656333518734, 0.1420584269732378, 0.07644671823431926, 0.07644671823431926]
Timestep: 112, Trans probs: [0.21808592442742883, 0.09277725910704875, 0.282781037937731, 0.08127115570555826, 0.08127115570555826, 0.08127115570555826, 0.08127115570555826, 0.08127115570555826]
Timestep: 113, Trans probs: [0.23187782948582147, 0.07837459349659068, 0.14467377564787745, 0.0763713567767558, 0.18677523001832175, 0.12918450102112125, 0.0763713567767558, 0.0763713567767558]
Timestep: 114, Trans probs: [0.1115938032865269, 0.17848416607501547, 0.2577740658566732, 0.07726838403599769, 0.13944964489409314, 0.08089316777969824, 0.07726838403599769, 0.07726838403599769]
Timestep: 115, Trans probs: [0.2670397498651911, 0.0903511579987088, 0.2344993951984391, 0.0816219393875322, 0.0816219393875322, 0.0816219393875322, 0.0816219393875322, 0.0816219393875322]
Timestep: 116, Trans probs: [0.10455994936583679, 0.1586419788634692, 0.22274925112353086, 0.07680724689813252, 0.20388913193152464, 0.07973794802124093, 0.07680724689813252, 0.07680724689813252]
Timestep: 117, Trans probs: [0.20340904884583538, 0.07722536153580624, 0.20730367709138448, 0.07557864839497483, 0.16633352876705512, 0.11899243857499428, 0.07557864839497483, 0.07557864839497483]
Timestep: 118, Trans probs: [0.17496415005913604, 0.14292749840440896, 0.19523090548395058, 0.07616073157232932, 0.17984343918111856, 0.07855181215439777, 0.07616073157232932, 0.07616073157232932]
Timestep: 119, Trans probs: [0.1801999211174963, 0.07629230999650251, 0.2583433062689047, 0.07493630247831248, 0.14966959818447562, 0.11068595699768347, 0.07493630247831248, 0.07493630247831248]
Timestep: 120, Trans probs: [0.23223765857813497, 0.13063860457368026, 0.17437204533749298, 0.0748116402269508, 0.16150583100012353, 0.07681093982971599, 0.0748116402269508, 0.0748116402269508]
Timestep: 121, Trans probs: [0.20393768852457872, 0.12033919456713167, 0.23072750555491048, 0.07440323396854139, 0.14573759681781626, 0.0760483126299388, 0.07440323396854139, 0.07440323396854139]
Timestep: 122, Trans probs: [0.16004627238849523, 0.07636421232448674, 0.2982512476555382, 0.07527215081561141, 0.13545865758442027, 0.10406315760022532, 0.07527215081561141, 0.07527215081561141]
Timestep: 123, Trans probs: [0.21938201592954945, 0.0773891249531483, 0.25095418567356104, 0.07653488972567961, 0.12361413744419635, 0.09905586682250604, 0.07653488972567961, 0.07653488972567961]
Timestep: 124, Trans probs: [0.222769718752074, 0.08843181391359058, 0.2798239097576465, 0.0817949115153378, 0.0817949115153378, 0.0817949115153378, 0.0817949115153378, 0.0817949115153378]
Timestep: 125, Trans probs: [0.19019177570865495, 0.07764064141980202, 0.21521756039557483, 0.07696352904368259, 0.1912445793783825, 0.09481485596653794, 0.07696352904368259, 0.07696352904368259]
Timestep: 126, Trans probs: [0.25447811185032915, 0.11189423701190966, 0.20184509751870536, 0.07446292615050049, 0.13259034258236038, 0.07580343258519398, 0.07446292615050049, 0.07446292615050049]
Timestep: 127, Trans probs: [0.21938894959615227, 0.10510742017370613, 0.2523094633533765, 0.07510607914985967, 0.12169542916392198, 0.07618050026326405, 0.07510607914985967, 0.07510607914985967]
Timestep: 128, Trans probs: [0.19040075188424738, 0.09972633069653965, 0.29244324249992426, 0.07592235952166665, 0.11288775863197022, 0.07677483772231855, 0.07592235952166665, 0.07592235952166665]
Timestep: 129, Trans probs: [0.16610634113459136, 0.09572678452195746, 0.3225601999090965, 0.07725064852943356, 0.10594240487388876, 0.07791232397216524, 0.07725064852943356, 0.07725064852943356]
Timestep: 130, Trans probs: [0.14626223011519943, 0.09295856904180685, 0.34372156791474795, 0.07896522014488282, 0.10069561643315186, 0.07946635606044533, 0.07896522014488282, 0.07896522014488282]
Timestep: 131, Trans probs: [0.13064266861686244, 0.09117285004878989, 0.35766677446266265, 0.08081118011844758, 0.09690190975387274, 0.08118225676246953, 0.08081118011844758, 0.08081118011844758]
Timestep: 132, Trans probs: [0.11878014127321715, 0.09009554959998786, 0.36633457289070115, 0.08256523196014265, 0.09425912937496016, 0.08283491098070575, 0.08256523196014265, 0.08256523196014265]
Timestep: 133, Trans probs: [0.11003311704480559, 0.08948548058803747, 0.3714550954939319, 0.08409128739086069, 0.09246797810968521, 0.08428446659095784, 0.08409128739086069, 0.08409128739086069]
Timestep: 134, Trans probs: [0.16839358715024177, 0.0769816445182715, 0.2651507714754006, 0.0764317064117183, 0.16924865475367323, 0.09093022286725806, 0.0764317064117183, 0.0764317064117183]
Timestep: 135, Trans probs: [0.1890617881562434, 0.08916061278485615, 0.289016991596974, 0.08533727912757358, 0.09127456805869504, 0.08547420202051055, 0.08533727912757358, 0.08533727912757358]
Timestep: 136, Trans probs: [0.16767304154445128, 0.08383652077222564, 0.20810291334034195, 0.08383652077222564, 0.14125927044352182, 0.14761869158278232, 0.08383652077222564, 0.08383652077222564]
Timestep: 137, Trans probs: [0.16362610164607727, 0.1710729277321084, 0.24029094531658415, 0.08407023065834751, 0.08862408390522684, 0.0841752494249608, 0.08407023065834751, 0.08407023065834751]
Timestep: 138, Trans probs: [0.14612563946094226, 0.15216510733756006, 0.2899066200818528, 0.08160484608186443, 0.0852980772761513, 0.08169001759790033, 0.08160484608186443, 0.08160484608186443]
Timestep: 139, Trans probs: [0.13138106183417292, 0.136099071286215, 0.3246798820234099, 0.08097766219125294, 0.08386280042514985, 0.08104419785729362, 0.08097766219125294, 0.08097766219125294]
Timestep: 140, Trans probs: [0.11962617116661836, 0.12319009874900558, 0.34719382398105564, 0.08155204942959288, 0.08373144814324628, 0.0816023096712955, 0.08155204942959288, 0.08155204942959288]
Timestep: 141, Trans probs: [0.1107091937230487, 0.11333130635823062, 0.3608357495100313, 0.08269666165772624, 0.0843001254689471, 0.08273363996656366, 0.08269666165772624, 0.08269666165772624]
Timestep: 142, Trans probs: [0.10419014802956092, 0.10608240256039406, 0.36866946980002374, 0.08397483004150005, 0.08513197394946918, 0.0840015155360518, 0.08397483004150005, 0.08397483004150005]
Timestep: 143, Trans probs: [0.2099994846756192, 0.08299800780898144, 0.2512097987527904, 0.08299800780898144, 0.1238006775266832, 0.08299800780898144, 0.08299800780898144, 0.08299800780898144]
Timestep: 144, Trans probs: [0.2707950748711924, 0.08706333338387312, 0.23194527538340118, 0.08203926327230665, 0.08203926327230665, 0.08203926327230665, 0.08203926327230665, 0.08203926327230665]
Timestep: 145, Trans probs: [0.14990216302717144, 0.07722413996258105, 0.30361688242976453, 0.07678690590714603, 0.15058199348711662, 0.0883141033719282, 0.07678690590714603, 0.07678690590714603]
Timestep: 146, Trans probs: [0.09954126222451237, 0.10088840552265085, 0.28783070215647316, 0.08514947205907206, 0.08597327173041756, 0.17031794218872984, 0.08514947205907206, 0.08514947205907206]
Timestep: 147, Trans probs: [0.09469619076649984, 0.09574765544586561, 0.32512199307980477, 0.08346319198105896, 0.084106179448309, 0.14993840531634398, 0.08346319198105896, 0.08346319198105896]
Timestep: 148, Trans probs: [0.09179908314433101, 0.09258954695705508, 0.34838161798085215, 0.08335440666350018, 0.08383778792667568, 0.13332874400058561, 0.08335440666350018, 0.08335440666350018]
Timestep: 149, Trans probs: [0.09020923363019434, 0.09078746532543965, 0.3619336387102941, 0.0840318735553775, 0.08438547148453833, 0.12058857018340116, 0.0840318735553775, 0.0840318735553775]
Timestep: 150, Trans probs: [0.0894021313868625, 0.08981725500092537, 0.3694455747819633, 0.08496728621889249, 0.08522114094786257, 0.11121203922570877, 0.08496728621889249, 0.08496728621889249]
Timestep: 151, Trans probs: [0.08902561443722101, 0.08931994102505525, 0.3734603444871323, 0.08588126706298542, 0.08606125247853934, 0.10448904638309596, 0.08588126706298542, 0.08588126706298542]
Timestep: 152, Trans probs: [0.08886961621401052, 0.08907659396613934, 0.3755496019569136, 0.08665843320054117, 0.08678500340611263, 0.09974388485520043, 0.08665843320054117, 0.08665843320054117]
Timestep: 153, Trans probs: [0.13451286764160783, 0.07830533765435058, 0.3313595261896919, 0.0779671907807011, 0.13503863305668604, 0.08688206311556038, 0.0779671907807011, 0.0779671907807011]
Timestep: 154, Trans probs: [0.2018405998531577, 0.07988623766946841, 0.27042915256979416, 0.07963162227921336, 0.12260486461822771, 0.08634427845171186, 0.07963162227921336, 0.07963162227921336]
Timestep: 155, Trans probs: [0.17609082965638814, 0.08896352213021355, 0.28934377535627637, 0.08727208296130064, 0.08736061545523843, 0.09642500851798161, 0.08727208296130064, 0.08727208296130064]
Timestep: 156, Trans probs: [0.15378193568128842, 0.08653149467205146, 0.32642375244276123, 0.08522593349634869, 0.08529426855030608, 0.09229074816454662, 0.08522593349634869, 0.08522593349634869]
Timestep: 157, Trans probs: [0.13584664684238812, 0.08574388373500662, 0.3492390589214767, 0.08477121766283253, 0.08482212848169075, 0.09003462903094024, 0.08477121766283253, 0.08477121766283253]
Timestep: 158, Trans probs: [0.12223938991073055, 0.08583700710986442, 0.3624108973361521, 0.08513031229902514, 0.0851673017782842, 0.08895446696789329, 0.08513031229902514, 0.08513031229902514]
Timestep: 159, Trans probs: [0.11230374530370302, 0.08629686184460021, 0.3696809869215514, 0.08579197924701892, 0.08581840556865743, 0.08852406262043126, 0.08579197924701892, 0.08579197924701892]
Timestep: 160, Trans probs: [0.1052182091323922, 0.08684176497571426, 0.37356578845734, 0.08648501531462083, 0.08650368813347742, 0.08841550335721356, 0.08648501531462083, 0.08648501531462083]
Timestep: 161, Trans probs: [0.3074041352493093, 0.0859742555727317, 0.19579088361025657, 0.08216614511354048, 0.08216614511354048, 0.08216614511354048, 0.08216614511354048, 0.08216614511354048]
Timestep: 162, Trans probs: [0.10023508497674959, 0.08734267117621773, 0.2885004537026711, 0.08709238530944166, 0.1741978709611187, 0.08844676325491811, 0.08709238530944166, 0.08709238530944166]
Timestep: 163, Trans probs: [0.09520034760809218, 0.08521987917109158, 0.3259692782747494, 0.0850261241278364, 0.1524575270975663, 0.08607459546499126, 0.0850261241278364, 0.0850261241278364]
Timestep: 164, Trans probs: [0.09218154073912954, 0.08473122307183277, 0.34903477546108413, 0.084586586912618, 0.1349234399418299, 0.0853692600482696, 0.084586586912618, 0.084586586912618]
Timestep: 165, Trans probs: [0.09050289834825151, 0.08508291466133398, 0.36233710048943024, 0.08497769423201948, 0.12159692772680855, 0.08554707607811726, 0.08497769423201948, 0.08497769423201948]
Timestep: 166, Trans probs: [0.2509841554244635, 0.0855027488496362, 0.25022894587798067, 0.08265682996958393, 0.08265682996958393, 0.08265682996958393, 0.08265682996958393, 0.08265682996958393]
Timestep: 167, Trans probs: [0.17520445395988113, 0.07974382102510848, 0.30843714402828076, 0.07954451904137072, 0.11318212608951232, 0.08479889777310516, 0.07954451904137072, 0.07954451904137072]
Timestep: 168, Trans probs: [0.2929059194597813, 0.08468183627914243, 0.20981224165913676, 0.0825200005203879, 0.0825200005203879, 0.0825200005203879, 0.0825200005203879, 0.0825200005203879]
Timestep: 169, Trans probs: [0.08962487331066188, 0.08574952004934648, 0.2839895841026262, 0.08567428618196692, 0.19753176296899824, 0.08608140102246632, 0.08567428618196692, 0.08567428618196692]
Timestep: 170, Trans probs: [0.08737200081103513, 0.08440487778089939, 0.32053255133292474, 0.08434727577006429, 0.1699897638448214, 0.0846589789201265, 0.08434727577006429, 0.08434727577006429]
Timestep: 171, Trans probs: [0.1532341346448896, 0.08046088505299394, 0.25480245144803043, 0.08030894961572717, 0.18626111883027216, 0.08431456117663243, 0.08030894961572717, 0.08030894961572717]
Timestep: 172, Trans probs: [0.24093934765703826, 0.08433849872665572, 0.2611590105820962, 0.08271262860684195, 0.08271262860684195, 0.08271262860684195, 0.08271262860684195, 0.08271262860684195]
Timestep: 173, Trans probs: [0.17064083180363152, 0.08423677613229169, 0.2601264404782604, 0.08419386884320088, 0.14798829096502697, 0.08442605409118684, 0.08419386884320088, 0.08419386884320088]
Timestep: 174, Trans probs: [0.15117643169441786, 0.08218157789484631, 0.304779264732741, 0.08214731582098006, 0.13308805920767636, 0.08233271900737842, 0.08214731582098006, 0.08214731582098006]
Timestep: 175, Trans probs: [0.137564077887697, 0.0795797540960471, 0.21849175669155868, 0.07945869486563886, 0.24333803771135676, 0.0826502890164238, 0.07945869486563886, 0.07945869486563886]
Timestep: 176, Trans probs: [0.20413721338368776, 0.07917713962671412, 0.18908796323746335, 0.07908135438518538, 0.20874699312346953, 0.081606627473109, 0.07908135438518538, 0.07908135438518538]
Timestep: 177, Trans probs: [0.25718030813364245, 0.07832824732885886, 0.16681355616290208, 0.07825113402554644, 0.1826403444053552, 0.08028414189260209, 0.07825113402554644, 0.07825113402554644]
Timestep: 178, Trans probs: [0.21672138727370616, 0.08184609625610817, 0.25301887469942, 0.08181974946669525, 0.12099207288719249, 0.08196232048348737, 0.08181974946669525, 0.08181974946669525]
Timestep: 179, Trans probs: [0.18688515515049514, 0.08099899991506306, 0.2963594347035494, 0.08097831591718115, 0.11173121874572171, 0.08109024373362718, 0.08097831591718115, 0.08097831591718115]
Timestep: 180, Trans probs: [0.21993137981517788, 0.07825507611733509, 0.22654203390843772, 0.07819399139888077, 0.16088511279831744, 0.07980442316408957, 0.07819399139888077, 0.07819399139888077]
Timestep: 181, Trans probs: [0.24338862652652493, 0.08116790994016083, 0.24605233803650517, 0.08115207384118167, 0.10469713586785553, 0.08123776810540853, 0.08115207384118167, 0.08115207384118167]
Timestep: 182, Trans probs: [0.2063241579838097, 0.08101626238557845, 0.28938577994208003, 0.08100402974181183, 0.09919148592113147, 0.0810702245419648, 0.08100402974181183, 0.08100402974181183]
Timestep: 183, Trans probs: [0.19080406899062652, 0.07804692487887566, 0.2740636562455612, 0.07799830885613929, 0.1438104062149479, 0.07928001710157086, 0.07799830885613929, 0.07799830885613929]
Timestep: 184, Trans probs: [0.2580692063123696, 0.08135956906754488, 0.23992888612602795, 0.08135026001893432, 0.09519092413912543, 0.08140063429812913, 0.08135026001893432, 0.08135026001893432]
Timestep: 185, Trans probs: [0.16661237709786628, 0.07850207900916847, 0.31013688583665555, 0.07846408964460153, 0.12989075144777787, 0.07946563767472718, 0.07846408964460153, 0.07846408964460153]
Timestep: 186, Trans probs: [0.29801536818562735, 0.08144940280982206, 0.20270181511766064, 0.08144228450584459, 0.09202575641357039, 0.08148080395578576, 0.08144228450584459, 0.08144228450584459]
Timestep: 187, Trans probs: [0.2452202819972111, 0.0819217332623458, 0.2552667911334556, 0.08191636580441232, 0.0898966853348094, 0.08194541085894128, 0.08191636580441232, 0.08191636580441232]
Timestep: 188, Trans probs: [0.20632448725108699, 0.08194615399777923, 0.2959185993941427, 0.08194206580791627, 0.08802037360495113, 0.08196418832829107, 0.08194206580791627, 0.08194206580791627]
Timestep: 189, Trans probs: [0.14677993510603374, 0.07960193361448098, 0.3357804046650397, 0.07957296935440128, 0.11878223817155568, 0.08033658037968588, 0.07957296935440128, 0.07957296935440128]
Timestep: 190, Trans probs: [0.2582272241397372, 0.08230587155825779, 0.24336118804502288, 0.08230279441105309, 0.08687788717190845, 0.08231944585191431, 0.08230279441105309, 0.08230279441105309]
Timestep: 191, Trans probs: [0.21593672942563008, 0.08227808596640196, 0.2869178041071963, 0.08227574806190616, 0.08575173709418035, 0.0822883992208729, 0.08227574806190616, 0.08227574806190616]
Timestep: 192, Trans probs: [0.13108484202309653, 0.08106895611947709, 0.3528483266818722, 0.08104739142426044, 0.11023977988448777, 0.08161592101828512, 0.08104739142426044, 0.08104739142426044]
Timestep: 193, Trans probs: [0.2657425052210201, 0.0824719521112897, 0.23680359558815037, 0.08247018895091004, 0.08509165024362611, 0.08247972998318356, 0.08247018895091004, 0.08247018895091004]
Timestep: 194, Trans probs: [0.18194264866180906, 0.08161841776995293, 0.21449654619597314, 0.08161841776995293, 0.1954687162924531, 0.08161841776995293, 0.08161841776995293, 0.08161841776995293]
Timestep: 195, Trans probs: [0.22136274427324062, 0.08246022093442928, 0.19942966499523615, 0.08245888461813826, 0.08444571546583733, 0.16492500047684172, 0.08245888461813826, 0.08245888461813826]
Timestep: 196, Trans probs: [0.2025840515763719, 0.08384247161210873, 0.3005251462183235, 0.08260966611863917, 0.08260966611863917, 0.08260966611863917, 0.08260966611863917, 0.08260966611863917]
Timestep: 197, Trans probs: [0.19295800706418492, 0.08049591699904245, 0.17519994279092319, 0.08049483505380874, 0.16259830286940763, 0.1472633251150156, 0.08049483505380874, 0.08049483505380874]
Timestep: 198, Trans probs: [0.17251470725455129, 0.07779193377952064, 0.23534875092736934, 0.0777910224959652, 0.1469438203757366, 0.13402772017492653, 0.0777910224959652, 0.0777910224959652]
Timestep: 199, Trans probs: [0.15456400133268058, 0.07655098696962659, 0.2828639170945089, 0.0765502364428579, 0.13350399757467352, 0.12286638769993671, 0.0765502364428579, 0.0765502364428579]
Timestep: 200, Trans probs: [0.11911508467504897, 0.08261719537910849, 0.36354311077091594, 0.08260145906164658, 0.10390390213660497, 0.08301632985338192, 0.08260145906164658, 0.08260145906164658]
Timestep: 201, Trans probs: [0.19430421934779835, 0.0840477863158593, 0.28586394761090606, 0.08403648140232488, 0.09934007944025702, 0.08433452307820476, 0.08403648140232488, 0.08403648140232488]
Timestep: 202, Trans probs: [0.2509978242438522, 0.08313705261207542, 0.23823339142563407, 0.08312836475135832, 0.09488922677116272, 0.08335741069320064, 0.08312836475135832, 0.08312836475135832]
Timestep: 203, Trans probs: [0.21575773446636642, 0.07682207912411126, 0.24108899409267806, 0.07682148155266086, 0.12216822075760071, 0.11369852690126094, 0.07682148155266086, 0.07682148155266086]
Timestep: 204, Trans probs: [0.18825700562018086, 0.07673671962096228, 0.2853260342510142, 0.07673623996483014, 0.11313496938248194, 0.10633655123087034, 0.07673623996483014, 0.07673623996483014]
Timestep: 205, Trans probs: [0.21172274970848723, 0.08245587028625809, 0.2843422452742032, 0.08244917990450397, 0.0915060305184787, 0.08262556449906089, 0.08244917990450397, 0.08244917990450397]
Timestep: 206, Trans probs: [0.17275384974084398, 0.08380996207975638, 0.3290035688838576, 0.0828865238591084, 0.0828865238591084, 0.0828865238591084, 0.0828865238591084, 0.0828865238591084]
Timestep: 207, Trans probs: [0.2423542501290469, 0.07752921365219667, 0.24080940979100374, 0.07752883818546925, 0.1060211494481925, 0.10069946242315234, 0.07752883818546925, 0.07752883818546925]
Timestep: 208, Trans probs: [0.20726542706193446, 0.07802469751349973, 0.28407850756513636, 0.07802440310680758, 0.10036546956628703, 0.0961926889727197, 0.07802440310680758, 0.07802440310680758]
Timestep: 209, Trans probs: [0.17859396725835242, 0.07890213713275968, 0.3167468316948213, 0.0789019100376168, 0.0961350362361835, 0.09291629756503272, 0.0789019100376168, 0.0789019100376168]
Timestep: 210, Trans probs: [0.1806162734359277, 0.08236963963262334, 0.23580922788577952, 0.08236455474553442, 0.17161258257914427, 0.082498612229922, 0.08236455474553442, 0.08236455474553442]
Timestep: 211, Trans probs: [0.23560972903653635, 0.08018846817553997, 0.2596792181824169, 0.08018829679699571, 0.09319336614293725, 0.09076432807158248, 0.08018829679699571, 0.08018829679699571]
Timestep: 212, Trans probs: [0.15974834311524608, 0.08057413203029311, 0.28479683385831667, 0.08057003426217489, 0.15249252077464742, 0.08067806743497213, 0.08057003426217489, 0.08057003426217489]
Timestep: 213, Trans probs: [0.28052057209714754, 0.08045795176167699, 0.21858548476329057, 0.08045781987691118, 0.0904659018822568, 0.08859662986489447, 0.08045781987691118, 0.08045781987691118]
Timestep: 214, Trans probs: [0.14971705522985834, 0.0842286303950214, 0.3483107503926674, 0.08354871279649059, 0.08354871279649059, 0.08354871279649059, 0.08354871279649059, 0.08354871279649059]
Timestep: 215, Trans probs: [0.1323539586572015, 0.0849109171915919, 0.2762250158429556, 0.0844183513847085, 0.168836702769417, 0.0844183513847085, 0.0844183513847085, 0.0844183513847085]
Timestep: 216, Trans probs: [0.23347673671754027, 0.08091966702598867, 0.1862483468319144, 0.08091956645770973, 0.16947076175946885, 0.08712578829195872, 0.08091956645770973, 0.08091956645770973]
Timestep: 217, Trans probs: [0.20270765691951623, 0.0794551363035793, 0.2440063806418971, 0.07945505505336979, 0.15099653160744084, 0.0844691293674572, 0.07945505505336979, 0.07945505505336979]
Timestep: 218, Trans probs: [0.12046315320964124, 0.08306214402971462, 0.31655557747871044, 0.08267383717383317, 0.14922377658660105, 0.08267383717383317, 0.08267383717383317, 0.08267383717383317]
Timestep: 219, Trans probs: [0.1771282157262703, 0.07882024331006134, 0.2100686681586848, 0.0788201785037327, 0.21470286143776487, 0.08281947585602059, 0.0788201785037327, 0.0788201785037327]
Timestep: 220, Trans probs: [0.15714801170817302, 0.0781076846267339, 0.2617400083206349, 0.07810763252197285, 0.18735830100629763, 0.08132309677224203, 0.07810763252197285, 0.07810763252197285]
Timestep: 221, Trans probs: [0.14062552538427528, 0.07818075317050575, 0.30143777049495435, 0.07818071200582369, 0.16449276763125817, 0.0807210473015354, 0.07818071200582369, 0.07818071200582369]
Timestep: 222, Trans probs: [0.1421124934639287, 0.0802626857084936, 0.32005814387032655, 0.08025948458824415, 0.13644434457145546, 0.08034387862106311, 0.08025948458824415, 0.08025948458824415]
Timestep: 223, Trans probs: [0.11123721195973185, 0.08283607025569131, 0.34268479010220143, 0.08254120232885317, 0.13307711836696265, 0.08254120232885317, 0.08254120232885317, 0.08254120232885317]
Timestep: 224, Trans probs: [0.12784140310931352, 0.08098480155758693, 0.2626506893713669, 0.08098237643095371, 0.20452966442772444, 0.08104631224114699, 0.08098237643095371, 0.08098237643095371]
Timestep: 225, Trans probs: [0.1877085647532526, 0.08348746173654664, 0.27517456288391245, 0.08326994141106525, 0.12054964498202735, 0.08326994141106525, 0.08326994141106525, 0.08326994141106525]
Timestep: 226, Trans probs: [0.2062177728070539, 0.07907284238250005, 0.2509437242410595, 0.07907281069252096, 0.14551878087141196, 0.08102844762041153, 0.07907281069252096, 0.07907281069252096]
Timestep: 227, Trans probs: [0.17938696574201418, 0.07882106035088494, 0.2935842113524287, 0.0788210352855408, 0.1313768008069768, 0.08036785589107287, 0.0788210352855408, 0.0788210352855408]
Timestep: 228, Trans probs: [0.15705415650419963, 0.07942542368155528, 0.3246305841299189, 0.07942540433313997, 0.11999419814139395, 0.0806194245435124, 0.07942540433313997, 0.07942540433313997]
Timestep: 229, Trans probs: [0.13904050036828455, 0.080628865332567, 0.34576200749694425, 0.08062885077387806, 0.11115478481406078, 0.08152728966650934, 0.08062885077387806, 0.08062885077387806]
Timestep: 230, Trans probs: [0.11717662048275176, 0.08042028830346898, 0.22292681880283188, 0.0804183859299046, 0.25775257469381757, 0.08046853992741597, 0.0804183859299046, 0.0804183859299046]
Timestep: 231, Trans probs: [0.20715983329840304, 0.08208989139878178, 0.2771783985589734, 0.082089880686304, 0.10455127066175109, 0.08275096402317866, 0.082089880686304, 0.082089880686304]
Timestep: 232, Trans probs: [0.10887772077206995, 0.08027317509638945, 0.27144642924141166, 0.08027169462953415, 0.21827686548322922, 0.08031072551829734, 0.08027169462953415, 0.08027169462953415]
Timestep: 233, Trans probs: [0.25983247410653687, 0.08170589504924103, 0.23210629204274008, 0.08170588679062582, 0.0990221399031637, 0.08221553852644074, 0.08170588679062582, 0.08170588679062582]
Timestep: 234, Trans probs: [0.10252045577380578, 0.08048660608654268, 0.3082312799442318, 0.08048546569492358, 0.18678973023846596, 0.08051553087218313, 0.08048546569492358, 0.08048546569492358]
Timestep: 235, Trans probs: [0.3000257381555746, 0.08151260799444607, 0.19718840431050208, 0.08151260164258854, 0.09483086015815476, 0.0819045844535568, 0.08151260164258854, 0.08151260164258854]
Timestep: 236, Trans probs: [0.24701875468356027, 0.08190150172387285, 0.2512122527626318, 0.08190149692415548, 0.09196530525766701, 0.08219769479980153, 0.08190149692415548, 0.08190149692415548]
Timestep: 237, Trans probs: [0.20798000407779751, 0.08184607372066509, 0.2930295091768922, 0.08184607005413597, 0.08953386570669922, 0.0820723371555381, 0.08184607005413597, 0.08184607005413597]
Timestep: 238, Trans probs: [0.09787458792091294, 0.0812406121482245, 0.3344112534030251, 0.08123975123436547, 0.1614918445384652, 0.08126244828627584, 0.08123975123436547, 0.08123975123436547]
Timestep: 239, Trans probs: [0.17700360921457067, 0.08235307909135277, 0.26953110256806434, 0.08235244258723949, 0.1416856580425493, 0.08236922332174439, 0.08235244258723949, 0.08235244258723949]
Timestep: 240, Trans probs: [0.2595191578698883, 0.08215936314383251, 0.24155148488253655, 0.08215936037649493, 0.08796177597745541, 0.08233013699680249, 0.08215936037649493, 0.08215936037649493]
Timestep: 241, Trans probs: [0.21702739800855927, 0.08215236283384314, 0.28551606156284076, 0.08215236072939353, 0.08656486588303698, 0.08228222952353921, 0.08215236072939353, 0.08215236072939353]
Timestep: 242, Trans probs: [0.1841898561389336, 0.08235416192651286, 0.3182555180875836, 0.0823541603375747, 0.08568576670160702, 0.08245221613263883, 0.0823541603375747, 0.0823541603375747]
Timestep: 243, Trans probs: [0.15592522854048807, 0.08117172981446671, 0.3101732133596401, 0.08117122711353773, 0.12803166667130048, 0.08118448027349151, 0.08117122711353773, 0.08117122711353773]
Timestep: 244, Trans probs: [0.21980552716838894, 0.08135256716155273, 0.2562763209625758, 0.08135218317131748, 0.11714672853981005, 0.08136230665372009, 0.08135218317131748, 0.08135218317131748]
Timestep: 245, Trans probs: [0.26974498367202954, 0.08081441802843119, 0.21741052141247333, 0.08081411817453066, 0.10876569886894633, 0.08082202349452765, 0.08081411817453066, 0.08081411817453066]
Timestep: 246, Trans probs: [0.3074188847903508, 0.08079545193605267, 0.18622871258666554, 0.08079522049039888, 0.102369966913914, 0.08080132230182044, 0.08079522049039888, 0.08079522049039888]
Timestep: 247, Trans probs: [0.3340862262668225, 0.08141954605789518, 0.16108986938926234, 0.08141937116668954, 0.09772226280398537, 0.08142398198196607, 0.08141937116668954, 0.08141937116668954]
Timestep: 248, Trans probs: [0.16380607283345794, 0.08225721796341141, 0.31433174361708643, 0.08208701698740445, 0.11125689763642647, 0.08208701698740445, 0.08208701698740445, 0.08208701698740445]
Timestep: 249, Trans probs: [0.241546687270963, 0.0829590756484466, 0.25815181741849097, 0.08295907446841765, 0.08543330040298507, 0.08303189585386146, 0.08295907446841765, 0.08295907446841765]
Timestep: 250, Trans probs: [0.14412697057607685, 0.08233796146991743, 0.34038824228632486, 0.08220900135547891, 0.10431082024576516, 0.08220900135547891, 0.08220900135547891, 0.08220900135547891]
Timestep: 251, Trans probs: [0.20326898658604084, 0.08270018266507646, 0.21589330610479915, 0.08270018176794029, 0.1672814339329246, 0.08275554540733812, 0.08270018176794029, 0.08270018176794029]
Timestep: 252, Trans probs: [0.2693263304224605, 0.08246150974079498, 0.14138332986624982, 0.08246138039642019, 0.17697989836189715, 0.08246479041933708, 0.08246138039642019, 0.08246138039642019]
Timestep: 253, Trans probs: [0.2589480396065613, 0.08067445012786681, 0.18849284003587952, 0.0806744494016448, 0.14914205635703892, 0.08071926566771895, 0.0806744494016448, 0.0806744494016448]
Timestep: 254, Trans probs: [0.12873393170930972, 0.08313815934185094, 0.3566034010817428, 0.08304299620349542, 0.09935252305311494, 0.08304299620349542, 0.08304299620349542, 0.08304299620349542]
Timestep: 255, Trans probs: [0.16105265574894784, 0.07993027997143495, 0.26730608303297765, 0.07993027997143495, 0.17198986136089967, 0.07993027997143495, 0.07993027997143495, 0.07993027997143495]
Timestep: 256, Trans probs: [0.22110609151548086, 0.07990380057071916, 0.16530177626361564, 0.0799037999955122, 0.21403763477002652, 0.07993929689362125, 0.0799037999955122, 0.0799037999955122]
Timestep: 257, Trans probs: [0.2288613168787495, 0.08124004016865051, 0.20902760697870337, 0.08123993798793146, 0.15590859013931604, 0.08124263187078626, 0.08123993798793146, 0.08123993798793146]
Timestep: 258, Trans probs: [0.2710864811863357, 0.07901692741602563, 0.1473902194649975, 0.07901692695549019, 0.18641024376743986, 0.07904534729873076, 0.07901692695549019, 0.07901692695549019]
Timestep: 259, Trans probs: [0.198239195328552, 0.079939530686226, 0.2622844499996667, 0.07993944880138483, 0.13977686997577432, 0.0799416076056264, 0.07993944880138483, 0.07993944880138483]
Timestep: 260, Trans probs: [0.14351872428352905, 0.07949152486616058, 0.30687255362844057, 0.07949152486616058, 0.15215109775722752, 0.07949152486616058, 0.07949152486616058, 0.07949152486616058]
Timestep: 261, Trans probs: [0.3087389346466452, 0.07905699080724264, 0.13267675367991666, 0.07905699044608112, 0.16327707125544574, 0.07907927827250652, 0.07905699044608112, 0.07905699044608112]
Timestep: 262, Trans probs: [0.2553331470601093, 0.07992250219528464, 0.20079501100588956, 0.07992250191946158, 0.14424231060093065, 0.0799395233794012, 0.07992250191946158, 0.07992250191946158]
Timestep: 263, Trans probs: [0.21802453263003943, 0.0794586347408812, 0.25440068605630384, 0.07945863452299437, 0.1302681623533882, 0.07947208065040433, 0.07945863452299437, 0.07945863452299437]
Timestep: 264, Trans probs: [0.18793877220222857, 0.07940303176125453, 0.2958344762804752, 0.07940303159058838, 0.11920106132615405, 0.07941356365812258, 0.07940303159058838, 0.07940303159058838]
Timestep: 265, Trans probs: [0.16323410132150182, 0.08004611736168961, 0.32597764212664926, 0.08004611723088134, 0.1105495978891707, 0.08005418960834464, 0.08004611723088134, 0.08004611723088134]
Timestep: 266, Trans probs: [0.17267180363874646, 0.07959846537834048, 0.2230599908749576, 0.07959840095469614, 0.12667603687558213, 0.15919850036828495, 0.07959840095469614, 0.07959840095469614]
Timestep: 267, Trans probs: [0.22467015858656403, 0.0811973512215351, 0.2653044443359012, 0.08119735112361057, 0.10403259828940255, 0.08120339419576533, 0.08119735112361057, 0.08119735112361057]
Timestep: 268, Trans probs: [0.19164414121169132, 0.08111593877645103, 0.3040638136556934, 0.08111593870101219, 0.09870769610614823, 0.08112059414697942, 0.08111593870101219, 0.08111593870101219]
Timestep: 269, Trans probs: [0.1651453903723648, 0.08164008561914447, 0.33171980763319486, 0.08164008556214958, 0.09493085688471145, 0.0816436028041357, 0.08164008556214958, 0.08164008556214958]
Timestep: 270, Trans probs: [0.14437947877391952, 0.08259366869843345, 0.35022202771063554, 0.08259366865626278, 0.0924275477747131, 0.08259627107351022, 0.08259366865626278, 0.08259366865626278]
Timestep: 271, Trans probs: [0.12861514268287305, 0.08372337395369256, 0.3618977129683661, 0.08372337392305258, 0.09086838386233866, 0.0837252647635719, 0.08372337392305258, 0.08372337392305258]
Timestep: 272, Trans probs: [0.15482725184091156, 0.07764434166975488, 0.27425694288595587, 0.07764428824517113, 0.11668435076217142, 0.14365424810569297, 0.07764428824517113, 0.07764428824517113]
Timestep: 273, Trans probs: [0.21660952524055074, 0.07738356772209744, 0.23491846129582683, 0.07738352491590869, 0.10866418574682092, 0.130273685246978, 0.07738352491590869, 0.07738352491590869]
Timestep: 274, Trans probs: [0.11718469715263394, 0.08420044868632018, 0.2820268043351754, 0.08413160711532855, 0.09593001424922766, 0.1682632142306571, 0.08413160711532855, 0.08413160711532855]
Timestep: 275, Trans probs: [0.12918134653390828, 0.0801049649642945, 0.33449583077656364, 0.0801049649642945, 0.13579799786805544, 0.0801049649642945, 0.0801049649642945, 0.0801049649642945]
Timestep: 276, Trans probs: [0.20181751070883938, 0.08483225546567119, 0.28407010507026803, 0.08483225544372582, 0.08994975269652501, 0.08483360972751901, 0.08483225544372582, 0.08483225544372582]
Timestep: 277, Trans probs: [0.17319062616613506, 0.08384103351478438, 0.3198535579062414, 0.08384103349802319, 0.08774961406214278, 0.0838420678566268, 0.08384103349802319, 0.08384103349802319]
Timestep: 278, Trans probs: [0.15040828956242744, 0.08386297033531118, 0.3435021060684427, 0.08386297032282786, 0.08677398237835186, 0.08386374068698321, 0.08386297032282786, 0.08386297032282786]
Timestep: 279, Trans probs: [0.18914849887133361, 0.07702463306038815, 0.20389336919575476, 0.07702459858696489, 0.17924068215271355, 0.11961902095891515, 0.07702459858696489, 0.07702459858696489]
Timestep: 280, Trans probs: [0.21741894631744885, 0.08444752592629447, 0.27377266809935247, 0.08444752591719182, 0.08657019424961934, 0.08444808765570949, 0.08444752591719182, 0.08444752591719182]
Timestep: 281, Trans probs: [0.11795461196234237, 0.0813280207042573, 0.3525125459814877, 0.0813280207042573, 0.12289273853488338, 0.0813280207042573, 0.0813280207042573, 0.0813280207042573]
Timestep: 282, Trans probs: [0.10853254104108331, 0.08255741056867837, 0.2383458743897451, 0.0825031977588804, 0.09179445582657808, 0.23126012489727388, 0.0825031977588804, 0.0825031977588804]
Timestep: 283, Trans probs: [0.18505819632899295, 0.08360994663707386, 0.22805229552400919, 0.08360994663012913, 0.08522939979057353, 0.16722032182896301, 0.08360994663012913, 0.08360994663012913]
Timestep: 284, Trans probs: [0.16358363755972927, 0.08125320990483757, 0.27972875130263486, 0.08125320989920158, 0.08256747871775048, 0.14910729281744303, 0.08125320989920158, 0.08125320989920158]
Timestep: 285, Trans probs: [0.14522929281505406, 0.08057274313888584, 0.3170142709671732, 0.08057274313445972, 0.08160487778473197, 0.1338605858907757, 0.08057274313445972, 0.08057274313445972]
Timestep: 286, Trans probs: [0.13024265245948877, 0.08108917448088533, 0.34192693575345406, 0.0810891744775205, 0.08187382828378152, 0.12159988558982876, 0.0810891744775205, 0.0810891744775205]
Timestep: 287, Trans probs: [0.10184700595119843, 0.08135963167896032, 0.28555159680333303, 0.08131687238942142, 0.08864516980433136, 0.1986459785939127, 0.08131687238942142, 0.08131687238942142]
Timestep: 288, Trans probs: [0.16855823458823344, 0.07585131043329306, 0.25660095823252255, 0.07585128192977143, 0.16036619441524383, 0.11106945654139287, 0.07585128192977143, 0.07585128192977143]
Timestep: 289, Trans probs: [0.2265264080612028, 0.07584116893500663, 0.22176385604324755, 0.07584114592356224, 0.14407166963831178, 0.10427345955154452, 0.07584114592356224, 0.07584114592356224]
Timestep: 290, Trans probs: [0.11860169599308906, 0.08222532309119296, 0.27526012065072664, 0.0822253230887028, 0.16503133467859096, 0.11220555632029193, 0.0822253230887028, 0.0822253230887028]
Timestep: 291, Trans probs: [0.19732508972232307, 0.0758992016707806, 0.2693864907849589, 0.07589918312759027, 0.13088102462931023, 0.09881064380985644, 0.07589918312759027, 0.07589918312759027]
Timestep: 292, Trans probs: [0.24919655278217392, 0.07662219197881132, 0.22951815315791896, 0.07662217732576138, 0.12006948356633869, 0.09472708653747311, 0.07662217732576138, 0.07662217732576138]
Timestep: 293, Trans probs: [0.1905801683929119, 0.08078169279541468, 0.23476210226390326, 0.08078169279342833, 0.14683456891868252, 0.10469638924880269, 0.08078169279342833, 0.08078169279342833]
Timestep: 294, Trans probs: [0.21305092689364502, 0.07727918078745087, 0.2748482443579858, 0.07727916925925997, 0.11146105238739838, 0.09152308779574007, 0.07727916925925997, 0.07727916925925997]
Timestep: 295, Trans probs: [0.24765931565355045, 0.07905377448342339, 0.20464037874415653, 0.07905377448180331, 0.13292657844991548, 0.09855862922354423, 0.07905377448180331, 0.07905377448180331]
Timestep: 296, Trans probs: [0.10950952143715376, 0.08275976417223564, 0.2808158752105969, 0.08275976417223564, 0.19587578249107113, 0.08275976417223564, 0.08275976417223564, 0.08275976417223564]
Timestep: 297, Trans probs: [0.21344277822152147, 0.07839984674949198, 0.1789871885135117, 0.07839984674819439, 0.12154873333864787, 0.1724219129322438, 0.07839984674819439, 0.07839984674819439]
Timestep: 298, Trans probs: [0.17820612922599816, 0.08122706594917078, 0.238551197104974, 0.08119412112653072, 0.08684036691759203, 0.17159287742267298, 0.08119412112653072, 0.08119412112653072]
Timestep: 299, Trans probs: [0.18357376761326394, 0.07818501783771128, 0.309727092546431, 0.07818500888929852, 0.10471767147309521, 0.08924142386160308, 0.07818500888929852, 0.07818500888929852]
Timestep: 300, Trans probs: [0.18867568967437906, 0.07679271642527989, 0.16012925796142674, 0.07679271642420485, 0.18933425488229774, 0.15468993178400214, 0.07679271642420485, 0.07679271642420485]
Timestep: 301, Trans probs: [0.1509139418041582, 0.08028622597412001, 0.265260139136143, 0.08028622597412001, 0.1286617741076409, 0.13401924105557786, 0.08028622597412001, 0.08028622597412001]
Timestep: 302, Trans probs: [0.16886205254177017, 0.15052564835159918, 0.14498063517031248, 0.07526282417534991, 0.16941299602762414, 0.14043019538264429, 0.07526282417534991, 0.07526282417534991]
Timestep: 303, Trans probs: [0.15391705814375267, 0.1380245193991032, 0.20601122370879119, 0.07279268131091642, 0.15439457219744812, 0.12927458261815541, 0.07279268131091642, 0.07279268131091642]
Timestep: 304, Trans probs: [0.10275763743435347, 0.08206198773139046, 0.31735526855405355, 0.08206198773139046, 0.16957715535464066, 0.08206198773139046, 0.08206198773139046, 0.08206198773139046]
Timestep: 305, Trans probs: [0.1408222920949989, 0.12722162832076922, 0.18540391884658877, 0.07139692268579877, 0.14123094348771412, 0.19113044919253266, 0.07139692268579877, 0.07139692268579877]
Timestep: 306, Trans probs: [0.12973267362831853, 0.11810335017686069, 0.23822256646989612, 0.07037012412346823, 0.13008209328192236, 0.1727489440725976, 0.07037012412346823, 0.07037012412346823]
Timestep: 307, Trans probs: [0.12014485388329597, 0.1104198122489282, 0.28137253269013995, 0.07050282028894127, 0.12043705666648864, 0.15611728364432356, 0.07050282028894127, 0.07050282028894127]
Timestep: 308, Trans probs: [0.1361185724564865, 0.0789262944794552, 0.30763910457439, 0.0789262944794552, 0.11809941176957851, 0.1224377332817242, 0.0789262944794552, 0.0789262944794552]
Timestep: 309, Trans probs: [0.1595696756253826, 0.07949201458189149, 0.3349169166755075, 0.07949200778260822, 0.09965235284307744, 0.08789301692631633, 0.07949200778260822, 0.07949200778260822]
Timestep: 310, Trans probs: [0.11208377025863402, 0.17605145209557288, 0.24275628898398857, 0.07184967638326134, 0.11232059605641834, 0.14123886345560213, 0.07184967638326134, 0.07184967638326134]
Timestep: 311, Trans probs: [0.10529264132371405, 0.15838253300155986, 0.2856445319577248, 0.07190040911738226, 0.10548919457669795, 0.12948987178815646, 0.07190040911738226, 0.07190040911738226]
Timestep: 312, Trans probs: [0.10001155709101134, 0.14268968216726177, 0.31816166156498493, 0.07316806923225344, 0.10016956314545752, 0.11946332833452415, 0.07316806923225344, 0.07316806923225344]
Timestep: 313, Trans probs: [0.09614700996300701, 0.12935874772305525, 0.34116712931015397, 0.07525764620259617, 0.09626996887077044, 0.11128420552522483, 0.07525764620259617, 0.07525764620259617]
Timestep: 314, Trans probs: [0.0979662128625131, 0.08239556119381286, 0.34181720121378734, 0.08239556119381286, 0.1482387799546353, 0.08239556119381286, 0.08239556119381286, 0.08239556119381286]
Timestep: 315, Trans probs: [0.09348187565094482, 0.11858244981119165, 0.2786617575607633, 0.07769423370288303, 0.09357480481970067, 0.1826164110487505, 0.07769423370288303, 0.07769423370288303]
Timestep: 316, Trans probs: [0.23766223194319136, 0.07971803501453115, 0.2066634264652394, 0.07969145172196444, 0.08424742719061877, 0.152634524220526, 0.07969145172196444, 0.07969145172196444]
Timestep: 317, Trans probs: [0.1405701013616072, 0.08103848223551441, 0.35196584713614404, 0.08103847718076708, 0.09602615249434336, 0.08728398523008973, 0.08103847718076708, 0.08103847718076708]
Timestep: 318, Trans probs: [0.20863924084428134, 0.08260851596826944, 0.28022225147761526, 0.08260851228134951, 0.09354048479141075, 0.08716397007437464, 0.08260851228134951, 0.08260851228134951]
Timestep: 319, Trans probs: [0.26107397530809184, 0.08221747268100178, 0.23374560426245392, 0.0822174698539104, 0.09059999126457943, 0.0857105469221419, 0.0822174698539104, 0.0822174698539104]
Timestep: 320, Trans probs: [0.09028840024461979, 0.11019029002417248, 0.23711490610983657, 0.07777060252718787, 0.16813268499365952, 0.1609619110461481, 0.07777060252718787, 0.07777060252718787]
Timestep: 321, Trans probs: [0.08679325429115947, 0.10321916830870317, 0.284437453707615, 0.07646175958020028, 0.15104160166963912, 0.14512324328228238, 0.07646175958020028, 0.07646175958020028]
Timestep: 322, Trans probs: [0.08496636560459164, 0.0980539646035599, 0.3191770024247392, 0.07673458868839814, 0.13615722207308883, 0.13144167922882596, 0.07673458868839814, 0.07673458868839814]
Timestep: 323, Trans probs: [0.08441433743189873, 0.09449188275735464, 0.3428340217159184, 0.07807581002220952, 0.12383166496087143, 0.12020066306732821, 0.07807581002220952, 0.07807581002220952]
Timestep: 324, Trans probs: [0.21900151313395003, 0.0819765167925357, 0.28004129978290776, 0.08197651462665312, 0.08839850627223267, 0.0846526201384144, 0.08197651462665312, 0.08197651462665312]
Timestep: 325, Trans probs: [0.28410989713660306, 0.0789390229630491, 0.18041314859410248, 0.07891777353966496, 0.08255960426542029, 0.13722500642183014, 0.07891777353966496, 0.07891777353966496]
Timestep: 326, Trans probs: [0.16456518458652925, 0.09219112142310937, 0.2779494661241093, 0.07991200314475479, 0.11413709240841402, 0.11142112602357376, 0.07991200314475479, 0.07991200314475479]
Timestep: 327, Trans probs: [0.14678994151673141, 0.08886006768956482, 0.31657691996515397, 0.07903157746140443, 0.10642613037313578, 0.10425220807120063, 0.07903157746140443, 0.07903157746140443]
Timestep: 328, Trans probs: [0.13182246997222424, 0.08721592876995571, 0.3422079212019995, 0.07964789995590135, 0.1007419602816778, 0.09906801990643868, 0.07964789995590135, 0.07964789995590135]
Timestep: 329, Trans probs: [0.11996346442645552, 0.08667342576539701, 0.3580003371522326, 0.08102537583779892, 0.0967679567426839, 0.09551868839983416, 0.08102537583779892, 0.08102537583779892]
Timestep: 330, Trans probs: [0.239103315540929, 0.07920409273476182, 0.2374751394043898, 0.07918753206893688, 0.08202578045572938, 0.12462907565737939, 0.07918753206893688, 0.07918753206893688]
Timestep: 331, Trans probs: [0.20448297818933028, 0.07922381778989175, 0.20320752498658065, 0.07921084477438557, 0.1606450687728569, 0.11480807593818372, 0.07921084477438557, 0.07921084477438557]
Timestep: 332, Trans probs: [0.11100141503138704, 0.08673160429341205, 0.28454010954999415, 0.08261394302611569, 0.17670487660123152, 0.09318016544562807, 0.08261394302611569, 0.08261394302611569]
Timestep: 333, Trans probs: [0.094725019199576, 0.08328364789391714, 0.3571912575426258, 0.08328364789391714, 0.13166548378821255, 0.08328364789391714, 0.08328364789391714, 0.08328364789391714]
Timestep: 334, Trans probs: [0.10383254322067499, 0.08481553103617612, 0.23981166163129264, 0.08158906934938227, 0.15531557877984478, 0.17145747728386462, 0.08158906934938227, 0.08158906934938227]
Timestep: 335, Trans probs: [0.1861585170092931, 0.08205674859590556, 0.2325321707468911, 0.08205674695042324, 0.16899246273785404, 0.08408986005878655, 0.08205674695042324, 0.08205674695042324]
Timestep: 336, Trans probs: [0.2446331916433474, 0.08029260384074717, 0.20178099217709422, 0.08029260251224453, 0.15048134063908764, 0.08193406416298987, 0.08029260251224453, 0.08029260251224453]
Timestep: 337, Trans probs: [0.2898139884349656, 0.07945819897189432, 0.17622393193580033, 0.07945819791373944, 0.13536366166762506, 0.08076562524849645, 0.07945819791373944, 0.07945819791373944]
Timestep: 338, Trans probs: [0.1772241544835652, 0.08214453056587138, 0.20911220143399478, 0.07950152055043065, 0.13989582296095482, 0.15311872890432177, 0.07950152055043065, 0.07950152055043065]
Timestep: 339, Trans probs: [0.2428456954727192, 0.07971830860799549, 0.23447681945681756, 0.07971830778741412, 0.12307205734148992, 0.0807321957587355, 0.07971830778741412, 0.07971830778741412]
Timestep: 340, Trans probs: [0.2363245311726494, 0.07944953744405822, 0.18579841193597904, 0.07723573657261477, 0.12782236262607002, 0.13889794710339906, 0.07723573657261477, 0.07723573657261477]
Timestep: 341, Trans probs: [0.20680711111767497, 0.07809156412323313, 0.2416257003466194, 0.07627514594636547, 0.11778134835832493, 0.1268688382150511, 0.07627514594636547, 0.07627514594636547]
Timestep: 342, Trans probs: [0.18159681340454942, 0.07757820077573649, 0.28584498627560734, 0.07611030273914818, 0.10965261904200431, 0.11699647228465793, 0.07611030273914818, 0.07611030273914818]
Timestep: 343, Trans probs: [0.15989240568559446, 0.07808933903674217, 0.3188109488425091, 0.07693494408870293, 0.1033135341000004, 0.10908894006904499, 0.07693494408870293, 0.07693494408870293]
Timestep: 344, Trans probs: [0.18095022839987088, 0.0775102295035171, 0.25739646540839267, 0.07749951628537512, 0.14474853834224863, 0.10689598948984533, 0.07749951628537512, 0.07749951628537512]
Timestep: 345, Trans probs: [0.09260956495525237, 0.08435354084660455, 0.36635715076170927, 0.08435354084660455, 0.1192655800500156, 0.08435354084660455, 0.08435354084660455, 0.08435354084660455]
Timestep: 346, Trans probs: [0.16039760717670531, 0.07713194262712016, 0.22193421578792247, 0.0771233188525883, 0.13125648369809434, 0.17790979415239275, 0.0771233188525883, 0.0771233188525883]
Timestep: 347, Trans probs: [0.1418576995057517, 0.07934266820517617, 0.2633054410964487, 0.0784604636709662, 0.17707980949362548, 0.10303299068609938, 0.0784604636709662, 0.0784604636709662]
Timestep: 348, Trans probs: [0.12877881394181057, 0.07863994817258926, 0.3041158148568757, 0.07793239458425177, 0.15702796631445753, 0.0976402729615115, 0.07793239458425177, 0.07793239458425177]
Timestep: 349, Trans probs: [0.09126058861487647, 0.08538107936032586, 0.2862093245898678, 0.08538107936032586, 0.19562468999362634, 0.08538107936032586, 0.08538107936032586, 0.08538107936032586]
Timestep: 350, Trans probs: [0.11810024015858701, 0.07920085171730669, 0.2541324778665078, 0.07865190826887596, 0.14001686580262132, 0.17259383964834935, 0.07865190826887596, 0.07865190826887596]
Timestep: 351, Trans probs: [0.10969000544775338, 0.07810084557493488, 0.2978132347658061, 0.07765506318481347, 0.12748791485157865, 0.15394280980548655, 0.07765506318481347, 0.07765506318481347]
Timestep: 352, Trans probs: [0.14479625819344874, 0.07591103251451463, 0.2716090536852003, 0.07590389811334165, 0.12068796724038262, 0.15928399402642876, 0.07590389811334165, 0.07590389811334165]
Timestep: 353, Trans probs: [0.10323551287057305, 0.07847956796694333, 0.2506648309923873, 0.07813021507711389, 0.19531367928209442, 0.1379157636566602, 0.07813021507711389, 0.07813021507711389]
Timestep: 354, Trans probs: [0.09779711907104048, 0.07788978297808598, 0.29396032331465394, 0.0776088530673129, 0.1718411926344936, 0.1256850227997873, 0.0776088530673129, 0.0776088530673129]
Timestep: 355, Trans probs: [0.20720944371869654, 0.07963251257375209, 0.28029691413583085, 0.07963251193200056, 0.11353815112624649, 0.0804254426494724, 0.07963251193200056, 0.07963251193200056]
Timestep: 356, Trans probs: [0.17223445879150773, 0.07846003782354198, 0.24705876192113346, 0.07824082966844867, 0.15176983642249364, 0.11575441603597736, 0.07824082966844867, 0.07824082966844867]
Timestep: 357, Trans probs: [0.17830820566381522, 0.0800529390353425, 0.314650544087687, 0.08005293854108804, 0.10616586969048608, 0.0806636258994051, 0.08005293854108804, 0.08005293854108804]
Timestep: 358, Trans probs: [0.23107863980206286, 0.07741362405531069, 0.21482860033842657, 0.07723496028668231, 0.1371641606605806, 0.10781009428357245, 0.07723496028668231, 0.07723496028668231]
Timestep: 359, Trans probs: [0.20112889999431097, 0.07694272280042204, 0.26479457439986465, 0.07679833358911595, 0.1252308168095415, 0.10150798522851293, 0.07679833358911595, 0.07679833358911595]
Timestep: 360, Trans probs: [0.15504384101295293, 0.0810052466069382, 0.3387875504496637, 0.08100524623450109, 0.10068220386195323, 0.08146541936498868, 0.08100524623450109, 0.08100524623450109]
Timestep: 361, Trans probs: [0.25283415493943384, 0.07728036488685029, 0.22610799129122303, 0.07716597099925153, 0.11553712069617011, 0.0967424551885683, 0.07716597099925153, 0.07716597099925153]
Timestep: 362, Trans probs: [0.13688235214620353, 0.08226027400561432, 0.3546998083872372, 0.08226027373084832, 0.09677697715719591, 0.08259976711120415, 0.08226027373084832, 0.08226027373084832]
Timestep: 363, Trans probs: [0.29349194586026117, 0.07776478748218761, 0.19480014352186167, 0.07767483019611555, 0.10784920893833108, 0.0930694236090118, 0.07767483019611555, 0.07767483019611555]
Timestep: 364, Trans probs: [0.24494835371576495, 0.07877696664756316, 0.2476352159126475, 0.0787076739024314, 0.10195054423555702, 0.09056589778117313, 0.0787076739024314, 0.0787076739024314]
Timestep: 365, Trans probs: [0.12316465905526129, 0.08357705159251665, 0.3646059340325468, 0.08357705139337869, 0.09409810032557389, 0.08382310081396527, 0.08357705139337869, 0.08357705139337869]
Timestep: 366, Trans probs: [0.28724149345751804, 0.07929251237995291, 0.21008379559310844, 0.07923884081168434, 0.09724189869992617, 0.08842377743444138, 0.07923884081168434, 0.07923884081168434]
Timestep: 367, Trans probs: [0.23898354753960488, 0.08006662928812575, 0.26004439175181876, 0.08002561288024161, 0.09378374943795441, 0.08704484334177129, 0.08002561288024161, 0.08002561288024161]
Timestep: 368, Trans probs: [0.11308927837328143, 0.08478967690193646, 0.3704756918015468, 0.08478967675958068, 0.09231075496876127, 0.08496556767573188, 0.08478967675958068, 0.08478967675958068]
Timestep: 369, Trans probs: [0.19165975706125396, 0.08581601702194168, 0.28799697037992195, 0.08581601692119602, 0.09113870925930856, 0.0859404955139859, 0.08581601692119602, 0.08581601692119602]
Timestep: 370, Trans probs: [0.28277205302940805, 0.08050319986115588, 0.2184417391414254, 0.08047176406979692, 0.09101627375816589, 0.08585144200045403, 0.08047176406979692, 0.08047176406979692]
Timestep: 371, Trans probs: [0.23481447043024697, 0.08104484912189469, 0.2669299776395593, 0.08102095088122599, 0.08903713941577018, 0.08511071074885095, 0.08102095088122599, 0.08102095088122599]
Timestep: 372, Trans probs: [0.08866488891041244, 0.08416642687541019, 0.32198823511143126, 0.08416642687541019, 0.1685147416011053, 0.08416642687541019, 0.08416642687541019, 0.08416642687541019]
Timestep: 373, Trans probs: [0.1313788505731256, 0.07608889128100317, 0.3092468936331558, 0.07608316493334967, 0.1120285993071956, 0.14300727040547073, 0.07608316493334967, 0.07608316493334967]
Timestep: 374, Trans probs: [0.16545423621060126, 0.08445728582252057, 0.3236336002272581, 0.08445728574542494, 0.0885304774814784, 0.08455254302186693, 0.08445728574542494, 0.08445728574542494]
Timestep: 375, Trans probs: [0.19845661019145489, 0.0813601538862996, 0.22291275474494915, 0.08134195523776015, 0.08744632918680464, 0.1657982862772113, 0.08134195523776015, 0.08134195523776015]
Timestep: 376, Trans probs: [0.17455890946446867, 0.07968278696124152, 0.27404227470592285, 0.07966804170538408, 0.08461404390621716, 0.14809785984599758, 0.07966804170538408, 0.07966804170538408]
Timestep: 377, Trans probs: [0.19762229995508956, 0.07733827496289604, 0.25845945098434425, 0.07733382663682167, 0.10525686286424478, 0.12932163132296048, 0.07733382663682167, 0.07733382663682167]
Timestep: 378, Trans probs: [0.15413665402449617, 0.07936721846694135, 0.232536939261876, 0.07935559810948443, 0.1626090135313294, 0.13328338038690377, 0.07935559810948443, 0.07935559810948443]
Timestep: 379, Trans probs: [0.13941087644675812, 0.0775557035388033, 0.28181586477705844, 0.07754609026281171, 0.14641988030409125, 0.12215940414485382, 0.07754609026281171, 0.07754609026281171]
Timestep: 380, Trans probs: [0.1268126432594801, 0.07747084157167143, 0.31787211496312334, 0.07746317307225178, 0.13240371773391812, 0.11305116325505164, 0.07746317307225178, 0.07746317307225178]
Timestep: 381, Trans probs: [0.14454509466513407, 0.08431128659510242, 0.34648729702342174, 0.08431128653776984, 0.08734033699073589, 0.08438212511229629, 0.08431128653776984, 0.08431128653776984]
Timestep: 382, Trans probs: [0.08744022346728483, 0.08409150874808612, 0.26112921265437633, 0.08409150874808612, 0.2309730201379082, 0.08409150874808612, 0.08409150874808612, 0.08409150874808612]
Timestep: 383, Trans probs: [0.17334106833233126, 0.07727574689102659, 0.29920109846216375, 0.07727219421747548, 0.09957303966206954, 0.11879246399998249, 0.07727219421747548, 0.07727219421747548]
Timestep: 384, Trans probs: [0.12861469144638585, 0.08480580978569251, 0.275490048141883, 0.08480580974399374, 0.08700888003109851, 0.16966314136295896, 0.08480580974399374, 0.08480580974399374]
Timestep: 385, Trans probs: [0.23092852057405736, 0.07819224408621547, 0.2504065475544072, 0.0781894872078475, 0.09549496645031925, 0.11040925971145814, 0.0781894872078475, 0.0781894872078475]
Timestep: 386, Trans probs: [0.1982376427872486, 0.07849122586009748, 0.2135085659323008, 0.07848906444622737, 0.17054575788109347, 0.10374961420057757, 0.07848906444622737, 0.07848906444622737]
Timestep: 387, Trans probs: [0.11749085684548216, 0.08290361928074089, 0.23344937169137045, 0.08290361924781957, 0.1675465687981582, 0.14989872564078954, 0.08290361924781957, 0.08290361924781957]
Timestep: 388, Trans probs: [0.19514433591984448, 0.07857547901074069, 0.26371416164110223, 0.07856957331872717, 0.12088058073628244, 0.10597672273584871, 0.07856957331872717, 0.07856957331872717]
Timestep: 389, Trans probs: [0.1710383669191838, 0.07827145916721756, 0.3038738238223125, 0.07826675934600669, 0.1119383713534722, 0.10007770069979383, 0.07826675934600669, 0.07826675934600669]
Timestep: 390, Trans probs: [0.25257440628261707, 0.07725512816273113, 0.18782711866784732, 0.07725335808020842, 0.15264287343408098, 0.09794039921209823, 0.07725335808020842, 0.07725335808020842]
Timestep: 391, Trans probs: [0.1506622450825937, 0.07904466912695662, 0.2532133988819391, 0.07904104078781388, 0.1840771189109354, 0.09587944563413354, 0.07904104078781388, 0.07904104078781388]
Timestep: 392, Trans probs: [0.13582558834707725, 0.07830006981384678, 0.29649509747358604, 0.0782971554162591, 0.16266547950575763, 0.09182229861095496, 0.0782971554162591, 0.0782971554162591]
Timestep: 393, Trans probs: [0.10877071383211798, 0.08018507738965884, 0.284793105220802, 0.08018507736245005, 0.15014072440521756, 0.13555514706485344, 0.08018507736245005, 0.08018507736245005]
Timestep: 394, Trans probs: [0.20237481598979598, 0.0788006208224663, 0.24863596536921018, 0.07879835235776408, 0.14446769205012422, 0.08932584869511102, 0.07879835235776408, 0.07879835235776408]
Timestep: 395, Trans probs: [0.10218651572349813, 0.07950930385789065, 0.32133577722340423, 0.07950930383630572, 0.1350056728738748, 0.12343481881241503, 0.07950930383630572, 0.07950930383630572]
Timestep: 396, Trans probs: [0.2552772801461436, 0.07835464674186082, 0.21382496287908867, 0.07835283728558318, 0.13073443213198757, 0.08675016624416973, 0.07835283728558318, 0.07835283728558318]
Timestep: 397, Trans probs: [0.21777014876839756, 0.07704586095696847, 0.24284360184970818, 0.07704444015712807, 0.13755767047836992, 0.09364939747517174, 0.07704444015712807, 0.07704444015712807]
Timestep: 398, Trans probs: [0.21786673184222166, 0.07843484074294337, 0.18519835654291514, 0.07843341471900396, 0.198148516736551, 0.085051309978357, 0.07843341471900396, 0.07843341471900396]
Timestep: 399, Trans probs: [0.09753715800336188, 0.08020397140444735, 0.34524651167126946, 0.08020397138794905, 0.1226222777384436, 0.11377816701863057, 0.08020397138794905, 0.08020397138794905]
Timestep: 400, Trans probs: [0.2678839326969944, 0.07774755138042733, 0.16380497515896758, 0.0777464019245898, 0.1742435357049851, 0.08308079928485626, 0.0777464019245898, 0.0777464019245898]
Timestep: 401, Trans probs: [0.22806279941233668, 0.0779505976714786, 0.22384241060511276, 0.07794969017894415, 0.1541339381022274, 0.08216118367201217, 0.07794969017894415, 0.07794969017894415]
Timestep: 402, Trans probs: [0.09442472348780878, 0.08156184742127318, 0.35981051455365415, 0.08156184740902986, 0.11304027259213616, 0.10647709971803822, 0.08156184740902986, 0.08156184740902986]
Timestep: 403, Trans probs: [0.2750888701341121, 0.07784753332326208, 0.19388529404652483, 0.07784681153223451, 0.13844136686499384, 0.08119650103440357, 0.07784681153223451, 0.07784681153223451]
Timestep: 404, Trans probs: [0.23240307898474835, 0.0783820883219681, 0.24737469459564443, 0.07838152469280739, 0.12569834778893263, 0.08099721623028441, 0.07838152469280739, 0.07838152469280739]
Timestep: 405, Trans probs: [0.09241637862438402, 0.0830773847321725, 0.36817510996280095, 0.08307738472328333, 0.10593205727091713, 0.10116691523987545, 0.08307738472328333, 0.08307738472328333]
Timestep: 406, Trans probs: [0.17561718033625492, 0.0844703210014036, 0.28828948129449034, 0.08447032099504864, 0.10080935058100532, 0.09740270380169995, 0.08447032099504864, 0.08447032099504864]
Timestep: 407, Trans probs: [0.23707520467104767, 0.08308678406505256, 0.2416343426934662, 0.08308678406010914, 0.0957966453287247, 0.09314667106138133, 0.08308678406010914, 0.08308678406010914]
Timestep: 408, Trans probs: [0.2777946193071366, 0.07874288717473076, 0.21074684053823653, 0.07874244691122408, 0.11570268941541402, 0.08078562283080995, 0.07874244691122408, 0.07874244691122408]
Timestep: 409, Trans probs: [0.23290298746278482, 0.07940323049262173, 0.2606016423835109, 0.07940289098117637, 0.1079049702204447, 0.08097849649710878, 0.07940289098117637, 0.07940289098117637]
Timestep: 410, Trans probs: [0.19815533246733075, 0.07988193490233196, 0.29937915047713487, 0.07988167330470507, 0.10184286605076483, 0.08109569618832241, 0.07988167330470507, 0.07988167330470507]
Timestep: 411, Trans probs: [0.18922498557246253, 0.07716909902005302, 0.28635843366589986, 0.07716796766605431, 0.12535342148681394, 0.09039015725660762, 0.07716796766605431, 0.07716796766605431]
Timestep: 412, Trans probs: [0.17037090350560394, 0.0807074356162534, 0.2471090267236475, 0.08070723729819623, 0.17806333005449337, 0.08162759220541312, 0.08070723729819623, 0.08070723729819623]
Timestep: 413, Trans probs: [0.16524553742395928, 0.0780135679680622, 0.31887354696829967, 0.07801268724469732, 0.11552354156242312, 0.08830574434316374, 0.07801268724469732, 0.07801268724469732]
Timestep: 414, Trans probs: [0.15132215331041515, 0.07963205475247512, 0.21267783970257947, 0.07963189618799621, 0.23710450107496805, 0.08036776259557356, 0.07963189618799621, 0.07963189618799621]
Timestep: 415, Trans probs: [0.20222811602349322, 0.08203025946454276, 0.287817075650687, 0.0820302594606841, 0.09195112283234035, 0.08988264764688444, 0.0820302594606841, 0.0820302594606841]
Timestep: 416, Trans probs: [0.25572210026045633, 0.0819027040384943, 0.23927026433378132, 0.08190270403554355, 0.08948930308865401, 0.08790751617198343, 0.08190270403554355, 0.08190270403554355]
Timestep: 417, Trans probs: [0.21509308615665093, 0.07903924699080486, 0.18484978568326735, 0.07903912088539734, 0.2042761673551113, 0.07962435115797342, 0.07903912088539734, 0.07903912088539734]
Timestep: 418, Trans probs: [0.18750523999111882, 0.07832739497382282, 0.24156347681361393, 0.07832729377920221, 0.17882508887065246, 0.07879691801318545, 0.07832729377920221, 0.07832729377920221]
Timestep: 419, Trans probs: [0.14561213194194927, 0.07941829851418014, 0.3416065967239727, 0.07941763019892742, 0.10788181893533112, 0.08722826328778453, 0.07941763019892742, 0.07941763019892742]
Timestep: 420, Trans probs: [0.1650090540838804, 0.07807795691338391, 0.20805205275579555, 0.07807787633880034, 0.23617550017427902, 0.07845180705626, 0.07807787633880034, 0.07807787633880034]
Timestep: 421, Trans probs: [0.1301449686399229, 0.08107646918332333, 0.35650871002694556, 0.08107597377121442, 0.10217605148568687, 0.08686587935047799, 0.08107597377121442, 0.08107597377121442]
Timestep: 422, Trans probs: [0.21505557442108458, 0.08172613726482125, 0.284162210799577, 0.08172613726255784, 0.08754549346599204, 0.08633217226085149, 0.08172613726255784, 0.08172613726255784]
Timestep: 423, Trans probs: [0.14704832511919255, 0.0779664981594402, 0.18125344944024233, 0.07796643412896524, 0.2815688379861172, 0.07826358690811193, 0.07796643412896524, 0.07796643412896524]
Timestep: 424, Trans probs: [0.1323439468768471, 0.0785642227600554, 0.2375365723121397, 0.07856417291277384, 0.23706723501813223, 0.07879550429450405, 0.07856417291277384, 0.07856417291277384]
Timestep: 425, Trans probs: [0.12090474229132543, 0.07878057787157126, 0.28207974338797326, 0.07878053882757992, 0.20293158569165098, 0.07896173427473933, 0.07878053882757992, 0.07878053882757992]
Timestep: 426, Trans probs: [0.20112135183331167, 0.08272051149660904, 0.2830040387734384, 0.08272015125234596, 0.0980633005420803, 0.08693034359752273, 0.08272015125234596, 0.08272015125234596]
Timestep: 427, Trans probs: [0.11191322686713011, 0.07943175942177162, 0.2361934499466728, 0.07943172931539084, 0.2545949287399289, 0.07957144707832399, 0.07943172931539084, 0.07943172931539084]
Timestep: 428, Trans probs: [0.10491294057014107, 0.07982135162264258, 0.28073942255348044, 0.07982132836578287, 0.2151330413012545, 0.07992925885513284, 0.07982132836578287, 0.07982132836578287]
Timestep: 429, Trans probs: [0.09958983393106055, 0.08040332174920232, 0.3144404598867554, 0.08040330396563257, 0.18387063853805527, 0.0804858339980287, 0.08040330396563257, 0.08040330396563257]
Timestep: 430, Trans probs: [0.08585669378932251, 0.08329508830286818, 0.2187204056748253, 0.08329508830286818, 0.27894745902151136, 0.08329508830286818, 0.08329508830286818, 0.08329508830286818]
Timestep: 431, Trans probs: [0.09576137431956502, 0.08136351393561522, 0.2569886618324703, 0.08136350059054488, 0.15900701512581075, 0.16278893301490402, 0.08136350059054488, 0.08136350059054488]
Timestep: 432, Trans probs: [0.18312468235125579, 0.08191082833679172, 0.3174961612000317, 0.08191082833507352, 0.08632845344319004, 0.08540738966351011, 0.08191082833507352, 0.08191082833507352]
Timestep: 433, Trans probs: [0.171344247054554, 0.07987475852516478, 0.22130744400356936, 0.07987474777824638, 0.1424018454189188, 0.14544746166305383, 0.07987474777824638, 0.07987474777824638]
Timestep: 434, Trans probs: [0.15799760790470724, 0.08256628675666458, 0.34070649147031623, 0.08256628675538406, 0.0858585959109506, 0.08517215769120907, 0.08256628675538406, 0.08256628675538406]
Timestep: 435, Trans probs: [0.1732746209396286, 0.08220443288016369, 0.3184603542035807, 0.08220415579165069, 0.0940056217885724, 0.08544250281310264, 0.08220415579165069, 0.08220415579165069]
Timestep: 436, Trans probs: [0.15086215674506773, 0.08259599278103306, 0.25969330427453063, 0.08259578507563282, 0.17403794271212814, 0.0850232482603419, 0.08259578507563282, 0.08259578507563282]
Timestep: 437, Trans probs: [0.23158554543210053, 0.07771722670133192, 0.1954641922350126, 0.07771721775419906, 0.12977290761056892, 0.13230847475838886, 0.07771721775419906, 0.07771721775419906]
Timestep: 438, Trans probs: [0.13870288934077954, 0.08351465679096506, 0.2723791951732867, 0.08351465679002819, 0.1694380838433624, 0.0854212044815218, 0.08351465679002819, 0.08351465679002819]
Timestep: 439, Trans probs: [0.27938445080843366, 0.07669659847332615, 0.1731107843889898, 0.07669659114718802, 0.1193211032697068, 0.12139728961797946, 0.07669659114718802, 0.07669659114718802]
Timestep: 440, Trans probs: [0.23798702682344983, 0.07701071377089903, 0.23059433912246766, 0.07701070795242156, 0.11086343631328319, 0.11251236011263555, 0.07701070795242156, 0.07701070795242156]
Timestep: 441, Trans probs: [0.20522937294331897, 0.077179026313481, 0.2765278013617175, 0.07717902168511026, 0.10410754004146598, 0.1054191942846858, 0.07717902168511026, 0.07717902168511026]
Timestep: 442, Trans probs: [0.13550332031137186, 0.0810394974129805, 0.3033698589444508, 0.08103933170233445, 0.15399332808602872, 0.08297600013816472, 0.08103933170233445, 0.08103933170233445]
Timestep: 443, Trans probs: [0.1778998493424171, 0.07792276671242562, 0.2335670853709197, 0.07792276309876103, 0.17687034007482616, 0.09997166920312833, 0.07792276309876103, 0.07792276309876103]
Timestep: 444, Trans probs: [0.15835172748246923, 0.07710407711641425, 0.2806944904767799, 0.07710407417972365, 0.15751508365548933, 0.09502239872967622, 0.07710407417972365, 0.07710407417972365]
Timestep: 445, Trans probs: [0.14165592451866602, 0.07748551036980378, 0.31576928253257097, 0.07748550805036869, 0.14099513272185094, 0.09163762570600215, 0.07748550805036869, 0.07748550805036869]
Timestep: 446, Trans probs: [0.12792192999709862, 0.07874290829624124, 0.3401021023609157, 0.07874290651866897, 0.1274155113531433, 0.0895888284365942, 0.07874290651866897, 0.07874290651866897]
Timestep: 447, Trans probs: [0.11712679340476992, 0.08042872958087881, 0.35588729074023917, 0.08042872825442987, 0.11674889683272087, 0.0885221046781016, 0.08042872825442987, 0.08042872825442987]
Timestep: 448, Trans probs: [0.12560038825513437, 0.08193386597112856, 0.31330280519714304, 0.08193386597038728, 0.14991896114001288, 0.0834423815254194, 0.08193386597038728, 0.08193386597038728]
Timestep: 449, Trans probs: [0.19115398134391617, 0.08217606317515407, 0.2833529076871951, 0.08217606220640288, 0.10870192829665226, 0.08808693287787374, 0.08217606220640288, 0.08217606220640288]
Timestep: 450, Trans probs: [0.16612649414800584, 0.08157881133055471, 0.319235443231824, 0.08157881057897429, 0.10215821373093728, 0.08616460582175538, 0.08157881057897429, 0.08157881057897429]
Timestep: 451, Trans probs: [0.14573131128698097, 0.08203186629582537, 0.3431176699466112, 0.08203186572957384, 0.09753668520357016, 0.08548687007829081, 0.08203186572957384, 0.08203186572957384]
Timestep: 452, Trans probs: [0.08493760405569363, 0.08299476684155829, 0.26870220654302385, 0.08299476684155829, 0.23138635519349096, 0.08299476684155829, 0.08299476684155829, 0.08299476684155829]
Timestep: 453, Trans probs: [0.12986608071224967, 0.08302603107424746, 0.2750099958400078, 0.08302603065786626, 0.09442717416690449, 0.16859262623299182, 0.08302603065786626, 0.08302603065786626]
Timestep: 454, Trans probs: [0.11521890755772965, 0.08191230461004816, 0.3403010719684252, 0.08191230460948275, 0.1337678784618673, 0.0830629235734816, 0.08191230460948275, 0.08191230460948275]
Timestep: 455, Trans probs: [0.19015355187469485, 0.08274129323890013, 0.2741357848526642, 0.08274129323848131, 0.12115190719931054, 0.08359358311898636, 0.08274129323848131, 0.08274129323848131]
Timestep: 456, Trans probs: [0.200186485161579, 0.08151616590090237, 0.23380041384810601, 0.08151616557062326, 0.09055970505127928, 0.14938873332626348, 0.08151616557062326, 0.08151616557062326]
Timestep: 457, Trans probs: [0.16577206136245182, 0.08171560853124091, 0.3132087402314202, 0.08171560853091316, 0.11177418845114169, 0.082382575831006, 0.08171560853091316, 0.08171560853091316]
Timestep: 458, Trans probs: [0.25562920718273496, 0.07989549235869464, 0.2028803445464773, 0.07989549209196102, 0.08719906013183115, 0.13470941950437895, 0.07989549209196102, 0.07989549209196102]
Timestep: 459, Trans probs: [0.21862640876980827, 0.07933159491333514, 0.25614677214701, 0.07933159470190952, 0.0851207464968309, 0.12277969356728716, 0.07933159470190952, 0.07933159470190952]
Timestep: 460, Trans probs: [0.14568465597733063, 0.08192779225154206, 0.33944324677192556, 0.08192779225129346, 0.10472724094576828, 0.08243368729955307, 0.08192779225129346, 0.08192779225129346]
Timestep: 461, Trans probs: [0.2677868593584861, 0.07927894171386113, 0.21792976605442324, 0.07927894154807028, 0.0838185443194868, 0.11334906390953206, 0.07927894154807028, 0.07927894154807028]
Timestep: 462, Trans probs: [0.08425479597060224, 0.08278065469108639, 0.3064681238004696, 0.08278065469108639, 0.19537380677349625, 0.08278065469108639, 0.08278065469108639, 0.08278065469108639]
Timestep: 463, Trans probs: [0.2257774910836794, 0.07959528761778109, 0.18711481925186518, 0.07959528748921528, 0.08311561249347639, 0.1856109270855521, 0.07959528748921528, 0.07959528748921528]
Timestep: 464, Trans probs: [0.08416424675053953, 0.08306247433732887, 0.33330884486578316, 0.08306247433732887, 0.16721453669703304, 0.08306247433732887, 0.08306247433732887, 0.08306247433732887]
Timestep: 465, Trans probs: [0.08455293124515799, 0.08374407877027676, 0.26745933040027653, 0.08374407877027676, 0.14552326573290486, 0.16748815754055352, 0.08374407877027676, 0.08374407877027676]
Timestep: 466, Trans probs: [0.1963178955798388, 0.0786140016705794, 0.1651872455031215, 0.07861400156705997, 0.08144851870391737, 0.24259033384136305, 0.07861400156705997, 0.07861400156705997]
Timestep: 467, Trans probs: [0.1229648361505982, 0.08100968047405215, 0.33328713983064684, 0.08100955282205156, 0.1372082570741263, 0.0825014280044217, 0.08100955282205156, 0.08100955282205156]
Timestep: 468, Trans probs: [0.1720745967445269, 0.0782409130459088, 0.14725720561485878, 0.07824091296338298, 0.1587415063470521, 0.20896303935750438, 0.07824091296338298, 0.07824091296338298]
Timestep: 469, Trans probs: [0.12993121428636403, 0.08282131119088186, 0.35592061598271946, 0.08282131119069816, 0.09966780827133608, 0.0831951166966041, 0.08282131119069816, 0.08282131119069816]
Timestep: 470, Trans probs: [0.08262181869330028, 0.08197927387334715, 0.3099002206068472, 0.08197927387334715, 0.13105608057976323, 0.14850478462670072, 0.08197927387334715, 0.08197927387334715]
Timestep: 471, Trans probs: [0.11324337895097565, 0.08188334452524783, 0.35233530903322424, 0.08188324910977224, 0.1238898457152898, 0.08299837444594567, 0.08188324910977224, 0.08188324910977224]
Timestep: 472, Trans probs: [0.11807707761471259, 0.08395615435128184, 0.2817574617157244, 0.0839561543511488, 0.09615779342013642, 0.16818304984469845, 0.0839561543511488, 0.0839561543511488]
Timestep: 473, Trans probs: [0.19161544065551114, 0.08236574467902609, 0.23821383450722153, 0.08236574467892126, 0.0919794432283002, 0.1487283028931772, 0.08236574467892126, 0.08236574467892126]
Timestep: 474, Trans probs: [0.231168053425338, 0.07638229277905842, 0.1340493955529754, 0.07638229271010333, 0.14364519280546229, 0.18560818730685583, 0.07638229271010333, 0.07638229271010333]
Timestep: 475, Trans probs: [0.08233336401316933, 0.08184155745858672, 0.2562932253412794, 0.08184155745858672, 0.20124671276542871, 0.13276046804577565, 0.08184155745858672, 0.08184155745858672]
Timestep: 476, Trans probs: [0.20280645989343862, 0.07559366389095164, 0.12298816161866674, 0.07559366383427996, 0.13087459893218317, 0.24095612416192003, 0.07559366383427996, 0.07559366383427996]
Timestep: 477, Trans probs: [0.17856109107187096, 0.07554900043120065, 0.18947626502588308, 0.07554900038531008, 0.12031340204892015, 0.20945324026619505, 0.07554900038531008, 0.07554900038531008]
Timestep: 478, Trans probs: [0.16884736341011944, 0.08044596294922055, 0.28699927362895183, 0.08044596294913571, 0.08822506391392868, 0.13414444725037233, 0.08044596294913571, 0.08044596294913571]
Timestep: 479, Trans probs: [0.22941523613139103, 0.08012761767891033, 0.24172264956673647, 0.08012761767884397, 0.08621352385157756, 0.1221381197348527, 0.08012761767884397, 0.08012761767884397]
Timestep: 480, Trans probs: [0.234663538731376, 0.07489224234992577, 0.16876509155978225, 0.07489224231211324, 0.11177684532867378, 0.18522555509390257, 0.07489224231211324, 0.07489224231211324]
Timestep: 481, Trans probs: [0.19728918673580048, 0.07969142216717355, 0.2866754806050864, 0.07969142216712127, 0.08448544975431657, 0.11278419423625893, 0.07969142216712127, 0.07969142216712127]
Timestep: 482, Trans probs: [0.25079472792927665, 0.0800513854552928, 0.23967847871061615, 0.08005138545525249, 0.0837485623997241, 0.10557268913933278, 0.08005138545525249, 0.08005138545525249]
Timestep: 483, Trans probs: [0.2924728504441263, 0.08021084351309837, 0.20366481291518246, 0.08021084351306718, 0.08307020253582925, 0.0999487600525621, 0.08021084351306718, 0.08021084351306718]
Timestep: 484, Trans probs: [0.2797619647695678, 0.07485700277031467, 0.15126604961494108, 0.07485700273953666, 0.10487971307016018, 0.16466426155640632, 0.07485700273953666, 0.07485700273953666]
Timestep: 485, Trans probs: [0.18914792163546404, 0.08312369381255039, 0.28062071092599866, 0.08312362413558631, 0.1137988589920628, 0.08393794222716515, 0.08312362413558631, 0.08312362413558631]
Timestep: 486, Trans probs: [0.23825804308449672, 0.07576516376815645, 0.13635874777148443, 0.07576516374374902, 0.17533881215719205, 0.1469837419874234, 0.07576516374374902, 0.07576516374374902]
Timestep: 487, Trans probs: [0.2085221202879356, 0.0752046385261496, 0.20012335720755584, 0.0752046385061245, 0.1568999602467785, 0.13363600821320684, 0.0752046385061245, 0.0752046385061245]
Timestep: 488, Trans probs: [0.164597114274064, 0.08217353962087472, 0.3178818394099345, 0.08217348545377944, 0.10602051138468163, 0.08280653894910692, 0.08217348545377944, 0.08217348545377944]
Timestep: 489, Trans probs: [0.24239089013589435, 0.08080316883218953, 0.255587572884006, 0.0808031688321658, 0.08297989991823079, 0.095828961733182, 0.0808031688321658, 0.0808031688321658]
Timestep: 490, Trans probs: [0.18465636852432118, 0.07455726892872575, 0.17772032202354193, 0.07455726891218818, 0.21658191904066842, 0.12281231474617822, 0.07455726891218818, 0.07455726891218818]
Timestep: 491, Trans probs: [0.20478497517875663, 0.08102093483227678, 0.29591357637885296, 0.0810209348322586, 0.08268814711661804, 0.09252956199671991, 0.0810209348322586, 0.0810209348322586]
Timestep: 492, Trans probs: [0.22696283176188967, 0.08240934199410872, 0.2601242870387537, 0.0824093011542131, 0.1003890367281456, 0.08288659901446294, 0.0824093011542131, 0.0824093011542131]
Timestep: 493, Trans probs: [0.23901852452421524, 0.07423565662733378, 0.15907855542942964, 0.07423565661373302, 0.19103893702051666, 0.11392135655730554, 0.07423565661373302, 0.07423565661373302]
Timestep: 494, Trans probs: [0.1934849137459752, 0.08188262736239188, 0.300969757124214, 0.08188259583201699, 0.09576382140357946, 0.08225109286778862, 0.08188259583201699, 0.08188259583201699]
Timestep: 495, Trans probs: [0.20824771281341029, 0.07448053396785838, 0.14335416969640494, 0.07448053395681757, 0.24377945224773298, 0.10669652940414066, 0.07448053395681757, 0.07448053395681757]
Timestep: 496, Trans probs: [0.16654351669227996, 0.08211743646584568, 0.32997220261587695, 0.08211741261341356, 0.09261842922984692, 0.08239617715590984, 0.08211741261341356, 0.08211741261341356]
Timestep: 497, Trans probs: [0.17509366444794075, 0.08157062823036149, 0.24395553617283508, 0.08157062823034773, 0.16440109538011044, 0.09026719107770913, 0.08157062823034773, 0.08157062823034773]
Timestep: 498, Trans probs: [0.23539996624692552, 0.0799309768146868, 0.2110883228670889, 0.07993097681467572, 0.14683266356189587, 0.0869551400653758, 0.07993097681467572, 0.07993097681467572]
Timestep: 499, Trans probs: [0.28253878654288034, 0.07904100516526184, 0.18403570877698222, 0.07904100516525296, 0.13259746221907343, 0.08466402180004318, 0.07904100516525296, 0.07904100516525296]
