Timestep: 0 State: 2 Beliefs: [0.125, 0.125, 0.125, 0.125, 0.125, 0.125, 0.125, 0.125]
Timestep: 1 State: 5 Beliefs: [0.099626400996264, 0.07845579078455792, 0.199252801992528, 0.15691158156911583, 0.08685378548392246, 0.06839735606858895, 0.17370757096784492, 0.1367947121371779]
Timestep: 2 State: 4 Beliefs: [0.09257252928423304, 0.1542875488070551, 0.08331527635580975, 0.1388587939263496, 0.11571566160529133, 0.2277908182206893, 0.10414409544476219, 0.08331527635580975]
Timestep: 3 State: 2 Beliefs: [0.08769198837691987, 0.1551473640514736, 0.07644942576449425, 0.13525667635256675, 0.10523038605230385, 0.18617683686176836, 0.0917393109173931, 0.1623080116230801]
Timestep: 4 State: 4 Beliefs: [0.09771191523071615, 0.07694813324418899, 0.1954238304614323, 0.15389626648837798, 0.09970574768075838, 0.07177863775879423, 0.17036949322278713, 0.1341659759129449]
Timestep: 5 State: 4 Beliefs: [0.09132743849250383, 0.15221239748750637, 0.08219469464325345, 0.13699115773875575, 0.14104466325466022, 0.21129158543600013, 0.10274336830406681, 0.08219469464325345]
Timestep: 6 State: 2 Beliefs: [0.07211415190295167, 0.12758657644368374, 0.10162408456284433, 0.15948322055460468, 0.08653698228354201, 0.1531038917324205, 0.10817122785442752, 0.1913798646655256]
Timestep: 7 State: 5 Beliefs: [0.09663593902817219, 0.0761008019846856, 0.19327187805634438, 0.1522016039693712, 0.11044058986635236, 0.07016717712393776, 0.16849343215168483, 0.13268857781945184]
Timestep: 8 State: 4 Beliefs: [0.06055874671742966, 0.10093124452904945, 0.0545028720456867, 0.09083812007614452, 0.15410624150418983, 0.24838079088383733, 0.1090057440913734, 0.18167624015228903]
Timestep: 9 State: 0 Beliefs: [0.08626120290857826, 0.1526159743767154, 0.09151810838137163, 0.13304982381559805, 0.10351344349029393, 0.1831391692520585, 0.0902424891966665, 0.15965978857871765]
Timestep: 10 State: 5 Beliefs: [0.07170985892534143, 0.11951643154223571, 0.08605183071040971, 0.14341971785068286, 0.12672608098164226, 0.1657366442883224, 0.10756478838801214, 0.17927464731335355]
Timestep: 11 State: 1 Beliefs: [0.060263882779318136, 0.1004398046321969, 0.054237494501386325, 0.0903958241689772, 0.16997709040717246, 0.2354192661702221, 0.10847498900277265, 0.1807916483379544]
Timestep: 12 State: 2 Beliefs: [0.08176313521387243, 0.12648061311081396, 0.09913741596631268, 0.15810076638851747, 0.08578685063168252, 0.15177673573297676, 0.10723356328960316, 0.18972091966622096]
Timestep: 13 State: 5 Beliefs: [0.09539288996988159, 0.08512719347460562, 0.19078577993976317, 0.15024380170256355, 0.10275665137010434, 0.07838584313695088, 0.16632606456287047, 0.1309817758432605]
Timestep: 14 State: 5 Beliefs: [0.08635375542210784, 0.15392052826111538, 0.07771837987989706, 0.12953063313316177, 0.13004440292207986, 0.24756594565186965, 0.09714797484987134, 0.07771837987989706]
Timestep: 15 State: 2 Beliefs: [0.0787851961731407, 0.12545302112221923, 0.10877013008100915, 0.156816276402774, 0.08508987519593998, 0.15054362534666305, 0.106362343994925, 0.18817953168332882]
Timestep: 16 State: 5 Beliefs: [0.09525035404122836, 0.08083743847653652, 0.19050070808245673, 0.1500193076149347, 0.09721690738279734, 0.08931168097355117, 0.16607754037957764, 0.1307860630489174]
Timestep: 17 State: 5 Beliefs: [0.08572122670703285, 0.14949368088842485, 0.07714910403632957, 0.12858184006054926, 0.1235986063168375, 0.26187005790908435, 0.09643638004541197, 0.07714910403632957]
Timestep: 18 State: 2 Beliefs: [0.09296087667685764, 0.1483456470802029, 0.10782488243151642, 0.12932697437761276, 0.10061704758483325, 0.17801477649624348, 0.08771742609959822, 0.15519236925313531]
Timestep: 19 State: 2 Beliefs: [0.0960651131052461, 0.07126074420735742, 0.25939740943716294, 0.14252148841471485, 0.07945041182521789, 0.06413466978662168, 0.15890082365043579, 0.12826933957324335]
Timestep: 20 State: 2 Beliefs: [0.09471882147804195, 0.07149622983741989, 0.2586137862611156, 0.14299245967483978, 0.07971296072918307, 0.0643466068536779, 0.15942592145836615, 0.1286932137073558]
Timestep: 21 State: 2 Beliefs: [0.09249168766141265, 0.06972337512151618, 0.2768759940753215, 0.13944675024303235, 0.07773636002354117, 0.06275103760936457, 0.15547272004708235, 0.12550207521872914]
Timestep: 22 State: 0 Beliefs: [0.0916390399718679, 0.06917063537243921, 0.2827280490475626, 0.13834127074487843, 0.07712009645255535, 0.06225357183519528, 0.1542401929051107, 0.12450714367039056]
Timestep: 23 State: 2 Beliefs: [0.09090355213192078, 0.12169605211881108, 0.12098223208125705, 0.15212006514851387, 0.08254167013275882, 0.1460352625425733, 0.10317708766594853, 0.1825440781782166]
Timestep: 24 State: 5 Beliefs: [0.09508779147688784, 0.07842498786211036, 0.19017558295377568, 0.14976327157609834, 0.09375624891610661, 0.09643516711205417, 0.16579409795970185, 0.1305628521432652]
Timestep: 25 State: 2 Beliefs: [0.0859501326600447, 0.12118943293013555, 0.12921656147283825, 0.15148679116266944, 0.08219805016130934, 0.14542731951616267, 0.10274756270163667, 0.18178414939520332]
Timestep: 26 State: 5 Beliefs: [0.09510448952729621, 0.07842387725165137, 0.19020897905459241, 0.14978957100549156, 0.0930525475972633, 0.09701154320363198, 0.16582321250913185, 0.13058577985094136]
Timestep: 27 State: 2 Beliefs: [0.10359049165316066, 0.14610440139503922, 0.10927000981655322, 0.1273730678828547, 0.09909689833750486, 0.17532528167404707, 0.0863921677814145, 0.15284768145942565]
Timestep: 28 State: 0 Beliefs: [0.10047671228300267, 0.06821123102919877, 0.2825679742290206, 0.13642246205839753, 0.0760504322071813, 0.06139010792627889, 0.1521008644143626, 0.12278021585255779]
Timestep: 29 State: 2 Beliefs: [0.1681852578168401, 0.09237492054231546, 0.2051818856684975, 0.11546865067789433, 0.102991142753895, 0.08313742848808392, 0.12873892844236876, 0.1039217856101049]
Timestep: 30 State: 2 Beliefs: [0.1160036413454266, 0.06734823901628798, 0.2748466147162074, 0.13469647803257595, 0.07508826051517481, 0.06061341511465918, 0.15017652103034962, 0.12122683022931836]
Timestep: 31 State: 2 Beliefs: [0.10538953624352045, 0.06751821790657546, 0.2839232988104389, 0.13503643581315092, 0.07527777429285352, 0.0607663961159179, 0.15055554858570705, 0.1215327922318358]
Timestep: 32 State: 0 Beliefs: [0.09737085392303357, 0.06680390854147389, 0.2984027494182622, 0.13360781708294778, 0.0744813726574343, 0.06012351768732649, 0.1489627453148686, 0.12024703537465298]
Timestep: 33 State: 2 Beliefs: [0.1572969458968958, 0.09135313372025745, 0.22300157237389517, 0.1141914171503218, 0.10185192670004825, 0.0822178203482317, 0.1273149083750603, 0.10277227543528963]
Timestep: 34 State: 2 Beliefs: [0.11079971542757797, 0.06689686936059722, 0.28413307811687105, 0.13379373872119443, 0.07458501703338226, 0.06020718242453749, 0.14917003406676452, 0.12041436484907499]
Timestep: 35 State: 0 Beliefs: [0.1025379753156227, 0.06694605150899394, 0.2919499767075067, 0.13389210301798787, 0.07463985145853502, 0.06025144635809453, 0.14927970291707005, 0.12050289271618907]
Timestep: 36 State: 2 Beliefs: [0.09550880696629545, 0.11918635716953534, 0.13262997997273543, 0.14898294646191915, 0.08083944225411961, 0.1430236286034424, 0.10104930281764953, 0.17877953575430297]
Timestep: 37 State: 4 Beliefs: [0.09508514257694382, 0.07835153732016424, 0.19017028515388765, 0.14975909955868655, 0.09254433648116794, 0.09774090454434144, 0.16578947936492772, 0.13055921499988057]
Timestep: 38 State: 5 Beliefs: [0.08638204301904413, 0.14853870778390593, 0.07774383871713973, 0.1295730645285662, 0.13863574754945845, 0.24420296128832103, 0.09717979839642467, 0.07774383871713973]
Timestep: 39 State: 2 Beliefs: [0.09890222806795601, 0.14314476530839296, 0.12990335406209996, 0.12479287232013747, 0.09708949299177959, 0.17177371837007155, 0.08464212209539758, 0.14975144678416497]
Timestep: 40 State: 2 Beliefs: [0.1035444908028654, 0.0671682690672828, 0.28893355315574104, 0.1343365381345656, 0.07488760745262722, 0.06045144216055451, 0.14977521490525444, 0.12090288432110902]
Timestep: 41 State: 2 Beliefs: [0.10387139390922694, 0.06704799489710025, 0.2896945029916276, 0.1340959897942005, 0.07475351072855804, 0.06034319540739023, 0.14950702145711608, 0.12068639081478046]
Timestep: 42 State: 2 Beliefs: [0.13030259489066628, 0.09041243980305054, 0.25637719778864004, 0.11301554975381319, 0.10080312318340114, 0.08137119582274549, 0.1260039039792514, 0.10171399477843185]
Timestep: 43 State: 2 Beliefs: [0.09218297251830557, 0.06568691774297235, 0.3136935625228699, 0.1313738354859447, 0.07323601127462737, 0.05911822596867511, 0.14647202254925473, 0.11823645193735022]
Timestep: 44 State: 2 Beliefs: [0.0896963873841118, 0.06652494066054913, 0.30860041798465276, 0.13304988132109827, 0.07417034428870177, 0.059872446594494214, 0.14834068857740354, 0.11974489318898843]
Timestep: 45 State: 0 Beliefs: [0.08901532096043907, 0.06671708657804878, 0.30754356760228396, 0.13343417315609757, 0.07438457264746633, 0.0600453779202439, 0.14876914529493265, 0.1200907558404878]
Timestep: 46 State: 2 Beliefs: [0.13499404567630174, 0.08056922419381934, 0.1967022775219803, 0.10071153024227417, 0.11977156312991652, 0.09668306903258321, 0.14971445391239563, 0.12085383629072899]
Timestep: 47 State: 5 Beliefs: [0.10814816205292953, 0.06751980330359542, 0.28115033343992374, 0.13503960660719083, 0.07527954189221757, 0.06076782297323587, 0.15055908378443514, 0.12153564594647175]
Timestep: 48 State: 2 Beliefs: [0.08086763257463492, 0.11716484944251215, 0.1250936442074445, 0.14645606180314022, 0.07946833266535608, 0.17586678931144878, 0.0993354158316951, 0.17574727416376823]
Timestep: 49 State: 5 Beliefs: [0.09441691150032867, 0.07863328329773059, 0.18883382300065735, 0.1487066356130177, 0.09910597619945755, 0.09603732954611698, 0.1646243585133936, 0.1296416823292975]
Timestep: 50 State: 5 Beliefs: [0.08428036415672732, 0.1448965092499507, 0.07585232774105459, 0.12642054623509097, 0.12456569836125862, 0.273316816838545, 0.09481540967631824, 0.07585232774105459]
Timestep: 51 State: 2 Beliefs: [0.06932138898151148, 0.10597710966630551, 0.0968356855602811, 0.09239030073472788, 0.11980021092712796, 0.22645349313437604, 0.10444120952621412, 0.18478060146945577]
Timestep: 52 State: 0 Beliefs: [0.09729453986386037, 0.06758456102286334, 0.28617802191985336, 0.13516912204572668, 0.07535174191653568, 0.06606631955693515, 0.15070348383307136, 0.121652209841154]
Timestep: 53 State: 0 Beliefs: [0.14038659934877332, 0.07994416365861164, 0.1810983882351283, 0.09993020457326454, 0.11884236866265252, 0.11132906920533664, 0.14855296082831565, 0.11991624548791743]
Timestep: 54 State: 2 Beliefs: [0.11169228976584553, 0.13526919918532965, 0.14282139760528337, 0.16908649898166203, 0.06881085349862422, 0.13412834500647908, 0.08601356687328027, 0.15217784908349583]
Timestep: 55 State: 4 Beliefs: [0.09474718877724697, 0.07625713056749629, 0.18949437755449394, 0.14922682232416398, 0.09351692729273717, 0.10146214846144183, 0.16520022658596908, 0.1300951784364507]
Timestep: 56 State: 4 Beliefs: [0.06877974302918245, 0.11655326286430673, 0.08253569163501895, 0.1375594860583649, 0.11041265854406512, 0.20904018575233185, 0.1031696145437737, 0.17194935757295612]
Timestep: 57 State: 2 Beliefs: [0.08331539270875397, 0.11920321774588735, 0.1381796952667283, 0.1490040221823592, 0.0808508781232975, 0.14957836970002078, 0.10106359765412189, 0.17880482661883101]
Timestep: 58 State: 4 Beliefs: [0.12613819323602055, 0.10178370657753452, 0.15136583188322464, 0.1192005926080394, 0.14023397715391428, 0.12539927718990804, 0.13195995600075994, 0.10391846535059845]
Timestep: 59 State: 0 Beliefs: [0.08814436738113712, 0.11717885395241491, 0.14095589654109084, 0.14647356744051865, 0.07947783137642055, 0.15265391315926988, 0.09934728922052569, 0.17576828092862237]
Timestep: 60 State: 4 Beliefs: [0.12579219384226656, 0.10155998230970961, 0.15095063261071984, 0.11887362318094187, 0.14525911123865118, 0.12233305433267275, 0.1315979874042173, 0.10363341508082112]
Timestep: 61 State: 4 Beliefs: [0.08482818190244118, 0.10524959516414191, 0.08347583443156459, 0.09175605732258527, 0.11897780322902997, 0.22847617459257885, 0.10372423871248768, 0.18351211464517053]
Timestep: 62 State: 2 Beliefs: [0.08155199020476452, 0.11815351739098949, 0.13811735513134304, 0.14769189673873687, 0.08866860877658621, 0.14841272136134379, 0.10017363430975197, 0.17723027608648423]
Timestep: 63 State: 5 Beliefs: [0.0937057845534776, 0.07561195312225397, 0.1874115691069552, 0.14758661067172724, 0.11496032221000373, 0.08867406514391017, 0.16338444486247375, 0.1286652503291981]
Timestep: 64 State: 2 Beliefs: [0.07856261262203865, 0.10518913495979651, 0.07862681806322439, 0.09170334842648926, 0.12644223817916803, 0.23240449615331688, 0.10366465474298786, 0.18340669685297853]
Timestep: 65 State: 2 Beliefs: [0.09823631256697903, 0.06681396783008489, 0.2895764223761893, 0.13362793566016978, 0.07970825325997534, 0.06278679018536419, 0.14898517602708478, 0.1202651420941528]
Timestep: 66 State: 2 Beliefs: [0.10599574687745644, 0.06694481202887125, 0.2798021292178795, 0.1338896240577425, 0.0779505021514282, 0.06563958495326051, 0.14927693906139347, 0.12050066165196822]
Timestep: 67 State: 2 Beliefs: [0.09805652109716595, 0.06612170307002002, 0.29768659258743113, 0.13224340614004004, 0.07692315500816994, 0.06250802763589806, 0.14744152893523868, 0.11901906552603606]
Timestep: 68 State: 2 Beliefs: [0.09318863037557162, 0.06599137794012577, 0.3052286867159487, 0.13198275588025155, 0.07671824501604843, 0.060954900432740905, 0.14715092334708643, 0.11878448029222641]
Timestep: 69 State: 2 Beliefs: [0.0906623415013796, 0.0661561004911818, 0.3071163276440739, 0.1323122009823636, 0.07688708044866976, 0.06026673799771811, 0.14751823005048598, 0.11908098088412725]
Timestep: 70 State: 2 Beliefs: [0.08953861266115247, 0.06631010814532223, 0.307245877946105, 0.13262021629064447, 0.07706370483178936, 0.06000164133040447, 0.1478616441330021, 0.11935819466158]
Timestep: 71 State: 0 Beliefs: [0.08906242980059591, 0.0663989398458944, 0.30709334805774613, 0.1327978796917888, 0.07716937174860146, 0.05990021356594814, 0.14805972556681526, 0.11951809172260992]
Timestep: 72 State: 2 Beliefs: [0.15377202326640263, 0.09116189000535384, 0.22342619068451972, 0.11395236250669231, 0.10595190711114146, 0.08213011988255481, 0.12704838028731216, 0.10255712625602306]
Timestep: 73 State: 2 Beliefs: [0.1064784154917426, 0.06646617784815148, 0.2879322980018501, 0.13293235569630296, 0.0784770700006813, 0.059864906558273194, 0.14820965627632582, 0.11963912012667266]
Timestep: 74 State: 0 Beliefs: [0.10006469513746662, 0.06642385395789722, 0.29589159764633843, 0.13284770791579445, 0.0772786230822927, 0.05981530481793827, 0.1481152803180574, 0.11956293712421502]
Timestep: 75 State: 2 Beliefs: [0.13836429277454662, 0.07944666841739247, 0.19755869624837977, 0.09930833552174058, 0.12315920478003951, 0.09536428891591126, 0.1476285107159009, 0.11917000262608869]
Timestep: 76 State: 2 Beliefs: [0.10710529521386292, 0.06654353050744646, 0.285922696168272, 0.13308706101489293, 0.07927981715240819, 0.05990110386833335, 0.1483821411613806, 0.11977835491340362]
Timestep: 77 State: 4 Beliefs: [0.10076197099723411, 0.0665242709692507, 0.29427506118307467, 0.1330485419385014, 0.07742632683849748, 0.05988094506302822, 0.148339195265762, 0.11974368774465127]
Timestep: 78 State: 0 Beliefs: [0.0759974893479451, 0.11817783617917339, 0.134052622018146, 0.1477222952239667, 0.10476386119386857, 0.14182488935536278, 0.10019425241277743, 0.17726675426876004]
Timestep: 79 State: 4 Beliefs: [0.09025669176021801, 0.13696679179451637, 0.15685890313632012, 0.17120848974314545, 0.08025386386148113, 0.12327460458788789, 0.08709301434760008, 0.15408764076883089]
Timestep: 80 State: 5 Beliefs: [0.10316734515346981, 0.08290169713235096, 0.1238008141841638, 0.097493141170029, 0.16834144950161636, 0.1476781086656289, 0.15475101773020475, 0.12186642646253623]
Timestep: 81 State: 2 Beliefs: [0.08215562450190121, 0.1180456949409034, 0.13250951562881857, 0.14755711867612925, 0.1009216074279484, 0.1416596767891348, 0.10008221962380941, 0.17706854241135508]
Timestep: 82 State: 4 Beliefs: [0.13176172945987588, 0.09199718594320003, 0.22122248688867327, 0.11499648242900003, 0.12551233723036387, 0.08280044778149892, 0.1282124960812881, 0.10349683418610003]
Timestep: 83 State: 0 Beliefs: [0.07890617274977185, 0.11714876988630865, 0.12397488831021695, 0.14643596235788583, 0.11790541107614513, 0.14058385762572959, 0.0993217831644791, 0.175723154829463]
Timestep: 84 State: 2 Beliefs: [0.0810825129254765, 0.11914102489008818, 0.12564119175040456, 0.14892628111261022, 0.10251438225091311, 0.14297220080682232, 0.10101086892855302, 0.17871153733513226]
Timestep: 85 State: 4 Beliefs: [0.1001233541346742, 0.06850957145893993, 0.2619062151269761, 0.13701914291787987, 0.0946984562778695, 0.06165991241330526, 0.15276611904426307, 0.12331722862609189]
Timestep: 86 State: 2 Beliefs: [0.11491374821186884, 0.07916933928260775, 0.17028655631521822, 0.09896167410325968, 0.1757961713689712, 0.09500532656006326, 0.14711317523409947, 0.11875400892391161]
Timestep: 87 State: 2 Beliefs: [0.09586913847764499, 0.06727342627501713, 0.26904006871868125, 0.13454685255003426, 0.10162167874312178, 0.060546968157073375, 0.1500096997833964, 0.12109216729503085]
Timestep: 88 State: 2 Beliefs: [0.09107827053084738, 0.06749130342414016, 0.27906525411440075, 0.1349826068482803, 0.09465987932451263, 0.06074280628740323, 0.15049553330696328, 0.12148434616345227]
Timestep: 89 State: 2 Beliefs: [0.08897930646017892, 0.06654472845777276, 0.29621563569742765, 0.13308945691554552, 0.08711492460543457, 0.05989062422783996, 0.1483848124118097, 0.11978051122399098]
Timestep: 90 State: 0 Beliefs: [0.08786627100456344, 0.06627591152433016, 0.3041315363483898, 0.1325518230486603, 0.08244391732958353, 0.05964850922851546, 0.14778539077216304, 0.11929664074379427]
Timestep: 91 State: 0 Beliefs: [0.15112753635841167, 0.09095033666121685, 0.2235582267301351, 0.11368792082652109, 0.10974788043194629, 0.08185542269952507, 0.12675354754837498, 0.10231912874386895]
Timestep: 92 State: 2 Beliefs: [0.15883789101596646, 0.0898613750455642, 0.22431494416844863, 0.11232671880695523, 0.10745378971055493, 0.08087532544745153, 0.12523590887879935, 0.1010940469262597]
Timestep: 93 State: 0 Beliefs: [0.11326677151002486, 0.06639984552964316, 0.281916397803635, 0.13279969105928632, 0.07827590062405679, 0.05975992641359798, 0.14806174510639833, 0.1195197219533577]
Timestep: 94 State: 0 Beliefs: [0.11699182732180842, 0.13557519813774596, 0.14539585342769645, 0.16946899767218246, 0.07182010630848527, 0.12201777693300694, 0.08620814229411021, 0.1525220979049642]
Timestep: 95 State: 5 Beliefs: [0.08354445407239607, 0.14205394062120566, 0.10025334488687528, 0.16708890814479213, 0.0924179317166466, 0.1815738153509896, 0.0874003519526605, 0.14566725325443416]
Timestep: 96 State: 1 Beliefs: [0.10636312420490182, 0.1439879657358187, 0.11586944068597295, 0.12552797012866246, 0.09969161706034618, 0.1727856078556797, 0.08514071017422323, 0.15063356415439494]
Timestep: 97 State: 2 Beliefs: [0.0909309261685864, 0.13676783458624814, 0.1246772402199069, 0.14738286216938318, 0.08193007952909366, 0.1414875944695054, 0.09996402825401643, 0.17685943460325984]
Timestep: 98 State: 4 Beliefs: [0.09416366392377246, 0.0758919435497429, 0.1883273278475449, 0.14830777067994164, 0.09904426820549242, 0.10078827323108144, 0.16418279863632124, 0.12929395392610296]
Timestep: 99 State: 0 Beliefs: [0.08743856032218231, 0.11646397137008807, 0.07554102500437686, 0.0928976876143462, 0.12373026453000847, 0.2131183386271317, 0.10501477730317399, 0.1857953752286924]
Timestep: 100 State: 2 Beliefs: [0.09108312662550626, 0.14059605262447408, 0.12437208914414033, 0.14666427583522385, 0.08101295020132718, 0.14079773530490794, 0.09947663926215182, 0.17599713100226858]
Timestep: 101 State: 5 Beliefs: [0.09400201526080536, 0.07575479067255003, 0.18800403052161072, 0.14805317403576845, 0.10450050411677904, 0.09671253782964295, 0.16390094968550678, 0.12907199787733661]
Timestep: 102 State: 2 Beliefs: [0.08813286924461947, 0.11610025124526123, 0.07592834164025315, 0.09292124378498635, 0.12286102132165043, 0.21317237917544593, 0.10504140601781066, 0.1858424875699727]
Timestep: 103 State: 2 Beliefs: [0.10965490877480032, 0.07446543086636147, 0.2782126895277859, 0.1334010934734731, 0.07544212410500273, 0.06003050520901145, 0.14873226391743938, 0.12006098412612577]
Timestep: 104 State: 2 Beliefs: [0.11300335574539153, 0.06895124943037753, 0.27966544729348386, 0.13354171956179495, 0.07566783136929617, 0.06009379748260645, 0.14888905151143406, 0.12018754760561545]
Timestep: 105 State: 0 Beliefs: [0.1047265134623028, 0.0682485700524551, 0.29441694248083605, 0.13216827738405923, 0.074654743346889, 0.05947573764886094, 0.14735776597894365, 0.11895144964565332]
Timestep: 106 State: 2 Beliefs: [0.09920520822047846, 0.12192094760743329, 0.131280348062289, 0.14762668975815163, 0.08096373421095304, 0.1417216374645143, 0.10012940696639851, 0.17715202770978195]
Timestep: 107 State: 5 Beliefs: [0.09393289636114492, 0.0757162034388315, 0.18786579272228984, 0.1479443117688033, 0.09899228453661345, 0.10279098418008185, 0.16378043468097064, 0.1289770923112644]
Timestep: 108 State: 2 Beliefs: [0.10996714590473837, 0.15073696690960242, 0.11180651516471472, 0.12451893995111557, 0.09769470942855592, 0.1713966702113514, 0.08445632448858273, 0.14942272794133868]
Timestep: 109 State: 0 Beliefs: [0.10490339493510077, 0.06889199822517338, 0.29669730716568576, 0.1314870415090856, 0.07391451086871055, 0.05916917112122075, 0.1465982388168462, 0.11833833735817706]
Timestep: 110 State: 0 Beliefs: [0.15458947686735652, 0.08041983824950506, 0.18697639653750464, 0.098896653164289, 0.11848434145074867, 0.09494079269220768, 0.14701651724124157, 0.11867598379714679]
Timestep: 111 State: 0 Beliefs: [0.12183357261197864, 0.1379296461250954, 0.1458413915037825, 0.16795196462381262, 0.06892480370385887, 0.12092541909184036, 0.08543643417820032, 0.15115676816143134]
Timestep: 112 State: 5 Beliefs: [0.10295157308744979, 0.08270705484114983, 0.12354188770493976, 0.09728923656764006, 0.15131912256607657, 0.16615221989201912, 0.1544273596311747, 0.12161154570955007]
Timestep: 113 State: 2 Beliefs: [0.10222651881739972, 0.1229363347334954, 0.13081950510958157, 0.14684929775673278, 0.08037172452398328, 0.1409753293592048, 0.09960213239152312, 0.17621915730807933]
Timestep: 114 State: 5 Beliefs: [0.1256020779954985, 0.10123317182457656, 0.1507224935945982, 0.11869396370574607, 0.1251635293885646, 0.14370887763943388, 0.1313990969799061, 0.10347678887167606]
Timestep: 115 State: 0 Beliefs: [0.1050093995661833, 0.11964491468193175, 0.13146617138317726, 0.1468365538259971, 0.08028251130154442, 0.1409630959679889, 0.09959348868198066, 0.17620386459119652]
Timestep: 116 State: 5 Beliefs: [0.10320097745843154, 0.0831768456905488, 0.12384117295011787, 0.09752492369821782, 0.1445149768290752, 0.17103348256318923, 0.15480146618764734, 0.12190615462277225]
Timestep: 117 State: 4 Beliefs: [0.13510534528843923, 0.14296062942964946, 0.0999281688354846, 0.12343369310491116, 0.09682863521155412, 0.16990285238508487, 0.08372024401898322, 0.1481204317258934]
Timestep: 118 State: 2 Beliefs: [0.15319392883374053, 0.07895328976073025, 0.17645766319519224, 0.09813056021397616, 0.13542487741429757, 0.09420533970869452, 0.1458776686165974, 0.11775667225677139]
Timestep: 119 State: 2 Beliefs: [0.13733523851342794, 0.0677532354618583, 0.24473968201332105, 0.13507802545911823, 0.0821365640754398, 0.060785113626372504, 0.15060191793725572, 0.12157022291320642]
Timestep: 120 State: 2 Beliefs: [0.16409411912468874, 0.0904950607703496, 0.21724566415396418, 0.11289074458573214, 0.10652664770926983, 0.08128133799817716, 0.12586475553065957, 0.10160167012715893]
Timestep: 121 State: 0 Beliefs: [0.11859932027546731, 0.06613646121047682, 0.27891569333017285, 0.1319102986629177, 0.07928918368711314, 0.059359635080212, 0.1470701389570142, 0.11871926879662593]
Timestep: 122 State: 0 Beliefs: [0.17547329843633197, 0.09052313532614654, 0.20582033907808853, 0.11293068525565682, 0.10639554482952446, 0.08131009394718196, 0.12590928639697857, 0.10163761673009113]
Timestep: 123 State: 2 Beliefs: [0.15878190256920263, 0.07867717806074419, 0.18115569058253372, 0.09807777337422068, 0.12566026700421107, 0.0941546629261068, 0.14579919743391612, 0.1176933280490648]
Timestep: 124 State: 0 Beliefs: [0.12054296660717649, 0.06719238639921327, 0.2667945327646407, 0.13396220701153722, 0.0813010638408267, 0.06028299342798595, 0.14935786363823628, 0.1205659863103835]
Timestep: 125 State: 0 Beliefs: [0.17651949762919864, 0.09068151794788125, 0.20369087445936976, 0.11312507296292629, 0.10659440432283084, 0.08145005282712105, 0.1261260141840387, 0.10181256566663364]
Timestep: 126 State: 2 Beliefs: [0.16115283225896665, 0.07844748925806382, 0.18072760905507226, 0.097790112670117, 0.12528374265078795, 0.09387850842608098, 0.14537157047677096, 0.1173481352041404]
Timestep: 127 State: 2 Beliefs: [0.12590873646804643, 0.06709852590375985, 0.26229122701768853, 0.13377439300501598, 0.08118322186293869, 0.060198477001100356, 0.1491484650369357, 0.12039695370451438]
Timestep: 128 State: 0 Beliefs: [0.11281213573210676, 0.06716679312836711, 0.27656066906080007, 0.13406528484612248, 0.07893419485693164, 0.06032937828273863, 0.1494727877314231, 0.12065875636151023]
Timestep: 129 State: 2 Beliefs: [0.11620706393454162, 0.13564598350011914, 0.1459735142712189, 0.1692172934250718, 0.07274402796379338, 0.12183645138471913, 0.0860801014379713, 0.1522955640825646]
Timestep: 130 State: 5 Beliefs: [0.09419721075774588, 0.07568150857489137, 0.18839442151549177, 0.14836060694344977, 0.09037926416852583, 0.10940568117825403, 0.16424129055196718, 0.12934001630967415]
Timestep: 131 State: 0 Beliefs: [0.08389891486130648, 0.10690733022069572, 0.0801310108521452, 0.09286566544254622, 0.1324424073741367, 0.2130447620377205, 0.10497857832635661, 0.18573133088509244]
Timestep: 132 State: 4 Beliefs: [0.09870234150721298, 0.1180139633233634, 0.1299586574308566, 0.14685538128666462, 0.08965577422075405, 0.14098116607532624, 0.09960625861182469, 0.17622645754399752]
Timestep: 133 State: 4 Beliefs: [0.13918656326387782, 0.0796407130203452, 0.18166628139328952, 0.09925847065189133, 0.1382952917813364, 0.09528813186925333, 0.14755438323773695, 0.1191101647822696]
Timestep: 134 State: 2 Beliefs: [0.13841466949111053, 0.07844393176875393, 0.1759499361396099, 0.0978573921589167, 0.15249051736202268, 0.09394309653324293, 0.14547158595564333, 0.11742887059070004]
Timestep: 135 State: 0 Beliefs: [0.11641764091488291, 0.06708479128768502, 0.25783557831325465, 0.13390202661592931, 0.09470145991068331, 0.060255912015020674, 0.14929076698820776, 0.12051182395433639]
Timestep: 136 State: 0 Beliefs: [0.1700996171060375, 0.09054832457028487, 0.19677920198440246, 0.11304225567736768, 0.12036846733554343, 0.08139042412569783, 0.12603367909103533, 0.10173803010963091]
Timestep: 137 State: 0 Beliefs: [0.12212898396828265, 0.1340599036833244, 0.13799633188609023, 0.16728346504375896, 0.08243573065560679, 0.12044409487520703, 0.08509637134834695, 0.15055511853938305]
Timestep: 138 State: 4 Beliefs: [0.12595815085915818, 0.10117681287360542, 0.1511497810309898, 0.11903045256190448, 0.12013306584315395, 0.14700999472456258, 0.1317716039757347, 0.10377013813089109]
Timestep: 139 State: 2 Beliefs: [0.158168205671898, 0.07808047723153047, 0.17330078829194387, 0.09729477219048166, 0.1383638350720454, 0.09340298132886649, 0.14463521358465634, 0.11675372662857801]
Timestep: 140 State: 2 Beliefs: [0.13700301170672258, 0.06730780329275263, 0.2441212165562075, 0.13434767371574036, 0.08606330494580508, 0.06045645319135468, 0.1497876302472508, 0.12091290634416633]
Timestep: 141 State: 2 Beliefs: [0.12238030650198084, 0.0675568768589631, 0.25934052471322216, 0.1349422333424045, 0.0831575236978894, 0.06072400501651608, 0.1504505198608599, 0.121448010008164]
Timestep: 142 State: 2 Beliefs: [0.11316326750095894, 0.0667538041530951, 0.2763069523679388, 0.1333369656078272, 0.08177334065947274, 0.06000163453075693, 0.14866076613290585, 0.1200032690470445]
Timestep: 143 State: 4 Beliefs: [0.1444185915440773, 0.08952062914854421, 0.23938396277342208, 0.11175967694287597, 0.10926276342176341, 0.08046696740382081, 0.12460369951690797, 0.10058370924858837]
Timestep: 144 State: 4 Beliefs: [0.12970839668313836, 0.07764710449207328, 0.18659966910771825, 0.09689249586692318, 0.15582733996420575, 0.09301679603450563, 0.1440372028111276, 0.11627099504030781]
Timestep: 145 State: 0 Beliefs: [0.08823678354876248, 0.11730087701540816, 0.1187889963984327, 0.14633724912378496, 0.11399280596311112, 0.1404837591614785, 0.09925482984048024, 0.17560469894854194]
Timestep: 146 State: 0 Beliefs: [0.1392189153462975, 0.0795552199965149, 0.16909162067050776, 0.09915251189450662, 0.15141543797066234, 0.0951864114198515, 0.14739686842825164, 0.11898301427340793]
Timestep: 147 State: 2 Beliefs: [0.16757929599117713, 0.09019362871186029, 0.18912065267056624, 0.11251530036828998, 0.132870172413661, 0.08101101626654764, 0.1254461632464367, 0.10126377033146097]
Timestep: 148 State: 2 Beliefs: [0.11390921417052645, 0.06738094268134294, 0.25403880846476085, 0.13453062600663535, 0.09853245516817899, 0.06053878170414102, 0.14999160839844267, 0.1210775634059718]
Timestep: 149 State: 0 Beliefs: [0.10523393291178057, 0.06733442478269835, 0.26848761534480403, 0.13449779464941508, 0.09291920564843872, 0.06052400759314624, 0.14995500388524338, 0.12104801518447358]
Timestep: 150 State: 2 Beliefs: [0.14586926939832728, 0.07926297914808278, 0.17718641604922836, 0.09895303384467599, 0.1378894175450127, 0.09499491249166264, 0.14710033090939895, 0.11874364061361119]
Timestep: 151 State: 2 Beliefs: [0.12258612804489356, 0.06714638151007385, 0.256772679082351, 0.13402227963961338, 0.08911761407375268, 0.06031002583815417, 0.14942484013550925, 0.12062005167565204]
Timestep: 152 State: 4 Beliefs: [0.111749784814662, 0.0666406155847343, 0.27608914146734953, 0.1331116205415197, 0.0842986266596298, 0.059900229243967956, 0.14840952320076897, 0.11980045848736773]
Timestep: 153 State: 4 Beliefs: [0.0851404040045112, 0.11760637231820088, 0.1252666373237782, 0.14682241023653406, 0.10844387436699092, 0.1409495138274511, 0.09958389563869267, 0.17618689228384088]
Timestep: 154 State: 0 Beliefs: [0.12771079945837324, 0.07906963069654217, 0.1781354888535774, 0.09854536917290889, 0.15718640441064638, 0.09460355440610722, 0.1464943099943541, 0.11825444300749066]
Timestep: 155 State: 0 Beliefs: [0.10757214850353321, 0.13452403988571265, 0.14098145261375805, 0.16781654504765975, 0.09187546414332383, 0.12082791243452654, 0.08536754682859214, 0.15103489054289376]
Timestep: 156 State: 4 Beliefs: [0.09470941925044261, 0.11829086785046743, 0.1191377438334333, 0.14748886717585769, 0.10176122148786688, 0.14158931248901682, 0.10003592730188607, 0.17698664061102917]
Timestep: 157 State: 0 Beliefs: [0.09268153943057629, 0.11857337412835227, 0.11314799977463312, 0.1477780582762029, 0.10838634820439716, 0.1418669359453181, 0.10023207430907675, 0.1773336699314435]
Timestep: 158 State: 0 Beliefs: [0.14028291668784823, 0.07949414739712997, 0.16496387313009592, 0.09907320763945555, 0.15490874931742923, 0.09511027933398124, 0.14727897732671302, 0.11888784916734664]
Timestep: 159 State: 5 Beliefs: [0.17598366773009977, 0.08958846563396812, 0.18175516487772123, 0.11175871358266234, 0.1352622467293427, 0.08046627377964745, 0.12460262544216233, 0.10058284222439609]
Timestep: 160 State: 0 Beliefs: [0.09707157485128802, 0.11547415155077945, 0.10797454500924575, 0.14409387077553376, 0.10429357312990618, 0.16044640566137475, 0.0977332340912316, 0.1729126449306405]
Timestep: 161 State: 0 Beliefs: [0.10026457661602259, 0.11781931369842402, 0.10789374784695638, 0.14700135478050877, 0.09760441139824325, 0.1533097032025417, 0.09970526672069291, 0.1764016257366105]
Timestep: 162 State: 2 Beliefs: [0.1747386663668847, 0.09109821982591665, 0.18250189777154616, 0.11367134067689605, 0.12252226773167899, 0.08642833909900324, 0.12673506191886766, 0.10230420660920643]
Timestep: 163 State: 0 Beliefs: [0.12555599903633088, 0.06723785789671037, 0.24308305544550401, 0.1343387893359167, 0.09542026440814988, 0.06368139864830237, 0.14977772482676083, 0.12090491040232501]
Timestep: 164 State: 0 Beliefs: [0.15556302971515099, 0.07877454223844822, 0.1632493291823279, 0.09839519315542287, 0.1416326294464884, 0.09803998121774206, 0.14627106325791223, 0.11807423178650746]
Timestep: 165 State: 2 Beliefs: [0.19417235460837085, 0.0891453002736677, 0.18046524096815592, 0.11130305266496147, 0.11817151180177965, 0.08247519476112712, 0.12409459752347196, 0.10017274739846531]
Timestep: 166 State: 0 Beliefs: [0.13663071924311784, 0.06686250596183134, 0.2442326867220319, 0.13359460264843082, 0.0882077899311879, 0.06128854090327836, 0.14894801220653406, 0.12023514238358773]
Timestep: 167 State: 2 Beliefs: [0.1655782499557147, 0.07877285048937863, 0.16378139955657461, 0.09839572739138688, 0.1333893608488627, 0.09573568145286405, 0.14627185743555424, 0.11807487286966425]
Timestep: 168 State: 2 Beliefs: [0.13938352718119737, 0.0673369402081646, 0.2411986381062325, 0.13452247087705807, 0.08543236620841368, 0.0610733175920257, 0.1499825160375558, 0.12107022378935225]
Timestep: 169 State: 2 Beliefs: [0.12135339489357004, 0.06725859009340418, 0.2632675058606504, 0.1344220135843637, 0.08191187805362002, 0.06093629163544988, 0.14987051365301443, 0.12097981222592734]
Timestep: 170 State: 4 Beliefs: [0.11353363728553942, 0.06648385368815317, 0.27945793267229446, 0.13287362968418437, 0.07974230565766885, 0.06017819314104205, 0.14814418115535183, 0.11958626671576594]
Timestep: 171 State: 0 Beliefs: [0.08760434190991898, 0.11773050803002491, 0.12431964055434506, 0.14706058636012112, 0.10504033432932493, 0.14202644400073297, 0.0997454411833865, 0.17647270363214532]
Timestep: 172 State: 2 Beliefs: [0.14272153707325388, 0.07960521528214409, 0.17605498702214747, 0.09934424710463408, 0.13956968577373663, 0.09580933552267878, 0.14768189569584408, 0.11921309652556089]
Timestep: 173 State: 0 Beliefs: [0.12059907837110699, 0.06753896385292436, 0.25204427546953184, 0.13492741306940348, 0.09208501624003988, 0.06093658487207586, 0.15043399636245433, 0.12143467176246314]
Timestep: 174 State: 2 Beliefs: [0.14908951846968427, 0.07907079054619637, 0.1742078442545174, 0.09876880102770272, 0.13840826932168138, 0.09510575869385243, 0.14682645645312223, 0.11852256123324327]
Timestep: 175 State: 4 Beliefs: [0.1312633055223016, 0.06765232782600952, 0.245759904753743, 0.13515479311789735, 0.0869200633645922, 0.06092278346148431, 0.15068750814786466, 0.12163931380610762]
Timestep: 176 State: 2 Beliefs: [0.09307075700786362, 0.1179704039809417, 0.11648176152023737, 0.14735902946077792, 0.10666488814615695, 0.14167446107073547, 0.09994786346035371, 0.17683083535293348]
Timestep: 177 State: 2 Beliefs: [0.11624701756928597, 0.06838506083090642, 0.25134585507410734, 0.1365479154244402, 0.09082965081859311, 0.06151064084536202, 0.1522407355553087, 0.12289312388199616]
Timestep: 178 State: 2 Beliefs: [0.10424505860657049, 0.06714034216644595, 0.2743355028334836, 0.13418542205507153, 0.0892575932282421, 0.060462469506684, 0.14960673175393796, 0.12076687984956437]
Timestep: 179 State: 0 Beliefs: [0.10011654121654383, 0.06621452100841242, 0.29148907835388943, 0.13233634486652376, 0.0835741429620322, 0.059621512533185046, 0.14754514867954213, 0.11910271037987137]
Timestep: 180 State: 2 Beliefs: [0.1110110462426518, 0.13538581646956702, 0.1499459438800856, 0.16911585231888243, 0.07440785819831866, 0.12190071701519921, 0.08602849878830107, 0.1522042670869942]
Timestep: 181 State: 4 Beliefs: [0.09417848301067898, 0.0756641618465519, 0.18835696602135796, 0.1483311107418194, 0.09681900611157213, 0.10312733355140338, 0.16420863704426078, 0.1293143016723554]
Timestep: 182 State: 2 Beliefs: [0.09540347735981322, 0.11921859238374213, 0.12717292801148855, 0.1488479063733057, 0.08682194269688188, 0.14295995511708146, 0.10095771040972037, 0.17861748764796678]
Timestep: 183 State: 4 Beliefs: [0.09405477497908366, 0.07582175017866667, 0.1881095499581673, 0.14813627059205678, 0.10512111443103873, 0.09561915784284275, 0.1639929409891715, 0.12914444102897257]
Timestep: 184 State: 2 Beliefs: [0.09273888404735078, 0.11893986821607125, 0.13199455427740536, 0.14851228340152545, 0.08623193599005678, 0.14263766350472507, 0.10073007048103468, 0.17821474008183055]
Timestep: 185 State: 5 Beliefs: [0.09377435306361237, 0.07559740979255168, 0.18754870612722474, 0.1476946060751895, 0.11019729435223369, 0.09292423020759623, 0.16350400021347797, 0.1287594001681139]
Timestep: 186 State: 2 Beliefs: [0.10956119040482236, 0.14328481488851913, 0.11259222366273688, 0.12478232740974245, 0.1035674107093999, 0.17183827013778463, 0.08463496989530356, 0.14973879289169092]
Timestep: 187 State: 2 Beliefs: [0.10323496237332876, 0.06588238840196013, 0.29769406622345684, 0.13163991283947987, 0.07703381151636679, 0.05927025814794804, 0.14676867894192755, 0.11847592155553187]
Timestep: 188 State: 0 Beliefs: [0.10071226919659876, 0.06578165851794548, 0.30123376447593153, 0.13152034916992025, 0.07653375112591608, 0.05921451888772927, 0.14663537437303048, 0.11836831425292824]
Timestep: 189 State: 2 Beliefs: [0.1392784255612263, 0.07897479622989674, 0.2024916422774626, 0.09868635724383162, 0.12065504179737511, 0.09478620996648104, 0.1467038982311288, 0.11842362869259793]
Timestep: 190 State: 0 Beliefs: [0.1096736004811848, 0.06600647283836122, 0.2914622240435039, 0.13194382221697362, 0.07566420171247784, 0.05939272349419346, 0.1471075152180288, 0.11874943999527628]
Timestep: 191 State: 2 Beliefs: [0.1480210922780372, 0.07924144870215277, 0.1925569158114976, 0.09901950656954402, 0.1200571984008963, 0.09508128327491816, 0.14719914707950124, 0.11882340788345282]
Timestep: 192 State: 2 Beliefs: [0.15401349181112223, 0.08923405978352172, 0.23864772538146062, 0.11148404671226121, 0.10170886606018525, 0.080279775831221, 0.12429639237919271, 0.10033564204103508]
Timestep: 193 State: 0 Beliefs: [0.10155327717537527, 0.06524479427152027, 0.30725039265074233, 0.13043157378915077, 0.07400726833459906, 0.058702806293010196, 0.1454214710753666, 0.1173884164102357]
Timestep: 194 State: 0 Beliefs: [0.1429144561738221, 0.07912053005187782, 0.19946646101602752, 0.0988687745283657, 0.11908906003821046, 0.09492311498116164, 0.14697507377649588, 0.11864252943403883]
Timestep: 195 State: 2 Beliefs: [0.1453860688155873, 0.07880374728856776, 0.19909278711697703, 0.09845310592718301, 0.11924285529166066, 0.09452055396460732, 0.14635715448279743, 0.11814372711261961]
Timestep: 196 State: 2 Beliefs: [0.15812100023903808, 0.08889614046479578, 0.23728507563595339, 0.11106199269382244, 0.10088672131766899, 0.07996744257907895, 0.12382583364520203, 0.09995579342444018]
Timestep: 197 State: 2 Beliefs: [0.12777200540475245, 0.07762215999239011, 0.2268522884126085, 0.09698446627653172, 0.11710513358467965, 0.09310866379507181, 0.14417392300212775, 0.11638135953183806]
Timestep: 198 State: 2 Beliefs: [0.10027290777838366, 0.06503787214989235, 0.31050416155677124, 0.13000857608463162, 0.07371323704913922, 0.058505666703192946, 0.1449498602018206, 0.11700771847616843]
Timestep: 199 State: 4 Beliefs: [0.09459968082482602, 0.06560053184071707, 0.31144880764082433, 0.13115894083560456, 0.07389362200289364, 0.05902293905205047, 0.1462324310510397, 0.11804304675204412]
Timestep: 200 State: 0 Beliefs: [0.1108652148182538, 0.07900560416115814, 0.19919598894682655, 0.09872513720485723, 0.1521980745621948, 0.09477826841306304, 0.14676154724781762, 0.11847016464582867]
Timestep: 201 State: 0 Beliefs: [0.09928819473896572, 0.13517917133656743, 0.15467712310965742, 0.16888582101034605, 0.08245994204486676, 0.12160102598850059, 0.08591148286178472, 0.15199723890931144]
Timestep: 202 State: 5 Beliefs: [0.06820824744887756, 0.11597663085185138, 0.08184989693865308, 0.13641649489775512, 0.10818950180383381, 0.21652623826351886, 0.10231237117331635, 0.1705206186221939]
Timestep: 203 State: 2 Beliefs: [0.08147329255953112, 0.10656561828631406, 0.08249024119948256, 0.09279374639289638, 0.13331079772695523, 0.2128815325179278, 0.10489727853110024, 0.18558749278579276]
Timestep: 204 State: 2 Beliefs: [0.14767883547819996, 0.0896932692493658, 0.2346395531706806, 0.11204016152036363, 0.10952589560978766, 0.08066972071415324, 0.12491641888912183, 0.10083614536832725]
Timestep: 205 State: 0 Beliefs: [0.10874780623068821, 0.06574515897476954, 0.2866325961316611, 0.13145590381686692, 0.08338845916499829, 0.059156239632105014, 0.14656352261373073, 0.11831031343518021]
Timestep: 206 State: 2 Beliefs: [0.16793554527018853, 0.09014504837253338, 0.21200207319082776, 0.11265997389199109, 0.109139659406898, 0.0811162599359375, 0.12560746342883183, 0.10139397650279196]
Timestep: 207 State: 1 Beliefs: [0.1188672764759888, 0.0660507305845084, 0.27883176914278035, 0.1320667256693891, 0.07864821946889435, 0.05943068216041631, 0.14724454339557258, 0.11886005310245017]
Timestep: 208 State: 2 Beliefs: [0.08807212509086432, 0.145357232885114, 0.12465529640208378, 0.14556321476573153, 0.08320467160158942, 0.1397417689120255, 0.09872983262371357, 0.17467585771887784]
Timestep: 209 State: 5 Beliefs: [0.09417144808919543, 0.07587667290372399, 0.18834289617839087, 0.14832003074048283, 0.0988268344027437, 0.10096110447413738, 0.16419637102731513, 0.12930464218401067]
Timestep: 210 State: 2 Beliefs: [0.08693622828416848, 0.13725426715496394, 0.12788054053476858, 0.14714542929180988, 0.08314556331230362, 0.14126046944780346, 0.09980298682401018, 0.17657451515017183]
Timestep: 211 State: 5 Beliefs: [0.09413437225080153, 0.07586866300313541, 0.18826874450160305, 0.14826163629501243, 0.09567507341035211, 0.1044060503574308, 0.1641317259757565, 0.12925373420590827]
Timestep: 212 State: 0 Beliefs: [0.10247882606033545, 0.1648680834426825, 0.10848465524084415, 0.12331564079229268, 0.09949247058460782, 0.1697413811737136, 0.08364017375477241, 0.14797876895075118]
Timestep: 213 State: 2 Beliefs: [0.13651729802722926, 0.08628386913293128, 0.20063791308114065, 0.09833971886456282, 0.1196181796658161, 0.0944067615921809, 0.14618859699866352, 0.11800766263747536]
Timestep: 214 State: 2 Beliefs: [0.11424586652695136, 0.07895786235181328, 0.2653888190196003, 0.13390497131190518, 0.07743644060024342, 0.060257515904304386, 0.1492940501044674, 0.12051447418071468]
Timestep: 215 State: 5 Beliefs: [0.10485889427232402, 0.07653891787131718, 0.2820677437894222, 0.13281351512052023, 0.07634529473828536, 0.059766312696635085, 0.14807715790302778, 0.11953216360846819]
Timestep: 216 State: 1 Beliefs: [0.0801648463919047, 0.12585777747922192, 0.12828084498064715, 0.14379551022583334, 0.07958022000705087, 0.17223532083899437, 0.09753086780534784, 0.172554612271]
Timestep: 217 State: 0 Beliefs: [0.0927000691977756, 0.1594343648490315, 0.14532971505548983, 0.1664244769983191, 0.06845844719057503, 0.13321148954595946, 0.08465940786436234, 0.1497820292984872]
Timestep: 218 State: 4 Beliefs: [0.12605299405445194, 0.10145844222939704, 0.15126359286534236, 0.1191200793814571, 0.12489485964676736, 0.14149093294075898, 0.1318708245492728, 0.10384827433255234]
Timestep: 219 State: 0 Beliefs: [0.13433421400826148, 0.09272804999233895, 0.18564159814057618, 0.09822508241575337, 0.11828099147698402, 0.10690178284913666, 0.14601818221804533, 0.11787009889890405]
Timestep: 220 State: 2 Beliefs: [0.13715828739716737, 0.09106933318721085, 0.18209988371622873, 0.0981152157287076, 0.11829476645142817, 0.10966939663616224, 0.14585485800864592, 0.11773825887444911]
Timestep: 221 State: 2 Beliefs: [0.1158026222942404, 0.0783261321722884, 0.25249780273130845, 0.1348905313487603, 0.07621809985209227, 0.07047045739112143, 0.15039287599630438, 0.12140147821388428]
Timestep: 222 State: 2 Beliefs: [0.10608202945346006, 0.07485102142984658, 0.2713106361679064, 0.13380295933697037, 0.07546160278550226, 0.06888877305779205, 0.14918031436524906, 0.12042266340327333]
Timestep: 223 State: 0 Beliefs: [0.1036003645820631, 0.07275728179715196, 0.28333499726098793, 0.13292918939372728, 0.07464736912026741, 0.06488840130620269, 0.14820612608524517, 0.11963627045435453]
Timestep: 224 State: 0 Beliefs: [0.0994233195165055, 0.1263424982468031, 0.124046001611241, 0.14698958668839077, 0.08009087283069548, 0.14702293219599555, 0.09969728488429982, 0.1763875040260689]
Timestep: 225 State: 4 Beliefs: [0.08297618838516561, 0.14167212803239, 0.09957142606219872, 0.16595237677033123, 0.08728908340457853, 0.1910565076964638, 0.08680585861832711, 0.14467643103054517]
Timestep: 226 State: 2 Beliefs: [0.09206296409757764, 0.124194140295408, 0.0702529959849183, 0.09194856342189556, 0.11966121741680534, 0.21404113763659163, 0.10394185430301238, 0.18389712684379111]
Timestep: 227 State: 4 Beliefs: [0.12535294326580704, 0.08179872722461247, 0.24231273098130005, 0.13664404059530402, 0.07643431748579654, 0.06212969596410464, 0.15234790794730166, 0.12297963653577362]
Timestep: 228 State: 2 Beliefs: [0.14019516191657622, 0.08450144075965209, 0.16835302240842664, 0.09926962495340559, 0.14365442749929086, 0.0973318076624545, 0.1475709648561074, 0.1191235499440867]
Timestep: 229 State: 0 Beliefs: [0.11936380136824824, 0.07390881533198866, 0.25091741745293333, 0.1350915870520744, 0.08681759323636742, 0.06170131911017817, 0.15061703810134267, 0.12158242834686697]
Timestep: 230 State: 2 Beliefs: [0.15339271561059842, 0.08389416771892631, 0.16773194849121545, 0.09880842074092085, 0.13451270083597003, 0.09620458789541736, 0.1468853538178465, 0.11857010488910502]
Timestep: 231 State: 0 Beliefs: [0.12289299877705513, 0.07296773667538402, 0.25851892837319673, 0.1336796341526429, 0.08185321267791115, 0.060733002618335634, 0.14904281598809585, 0.12031167073737858]
Timestep: 232 State: 0 Beliefs: [0.1576021040351012, 0.08358857819758396, 0.17203718919890962, 0.098739126590058, 0.12720191400584127, 0.09556179265593225, 0.14678234340850413, 0.11848695190806961]
Timestep: 233 State: 2 Beliefs: [0.16022784435202478, 0.08558433775800667, 0.1739692045014553, 0.09820499111274611, 0.12338800851564116, 0.09479130927812154, 0.14598831514670912, 0.11784598933529533]
Timestep: 234 State: 0 Beliefs: [0.1297588580249289, 0.07302100223442283, 0.25306600359978965, 0.13413610027512024, 0.07904913731919111, 0.06069466664891685, 0.1495517416500221, 0.12072249024760821]
Timestep: 235 State: 2 Beliefs: [0.18309308437074243, 0.09562693561586821, 0.19336519835528687, 0.11317575927503216, 0.10490252171877007, 0.08179579167729532, 0.12618252563947616, 0.10185818334752893]
Timestep: 236 State: 0 Beliefs: [0.12926692717743873, 0.07182955567964144, 0.25936189572894847, 0.13352015564740968, 0.07672753081124187, 0.0602607855165092, 0.14886500935614186, 0.12016814008266874]
Timestep: 237 State: 2 Beliefs: [0.1583061249367915, 0.08417144137482087, 0.17306209228934785, 0.09974760183724363, 0.12080948360188605, 0.09592462415835996, 0.14828150959685768, 0.11969712220469234]
Timestep: 238 State: 2 Beliefs: [0.12466708674234196, 0.07328381389404542, 0.25876300825109205, 0.1348033307642724, 0.07613152768206402, 0.06073258112623247, 0.15029565385210666, 0.12132299768784514]
Timestep: 239 State: 2 Beliefs: [0.11184187644618503, 0.07117290972460649, 0.2733815514475072, 0.13497423740654457, 0.0758816876298616, 0.06078472167539207, 0.1504862020040131, 0.1214768136658901]
Timestep: 240 State: 2 Beliefs: [0.10397066553116086, 0.07007314277665003, 0.2911273955885144, 0.13285362662983302, 0.07447263005756201, 0.05981239620691464, 0.14812187924251535, 0.11956826396684973]
Timestep: 241 State: 2 Beliefs: [0.09866863319762509, 0.0696987841033248, 0.2993455442226159, 0.13226784750881265, 0.07397416549700966, 0.05953518347524303, 0.1474687792374374, 0.1190410627579314]
Timestep: 242 State: 2 Beliefs: [0.09596305976166324, 0.06975024637170475, 0.3014865439577835, 0.13242194217285122, 0.07396120473147148, 0.059596671760720955, 0.1476405832882386, 0.1191797479555661]
Timestep: 243 State: 2 Beliefs: [0.09478914113470718, 0.06986234190537331, 0.3017030343683966, 0.1326448225881597, 0.07403805505454909, 0.0596931863010296, 0.14788907831844075, 0.11938034032934376]
Timestep: 244 State: 2 Beliefs: [0.09430110180623594, 0.06993659555889169, 0.30158067602649835, 0.13278380194974237, 0.07409434211582756, 0.059754030853024664, 0.14804402993501128, 0.11950542175476817]
Timestep: 245 State: 2 Beliefs: [0.09409677881911074, 0.06997491933271992, 0.30147477013119883, 0.1328538909934749, 0.07412413797167973, 0.05978482686944118, 0.14812217398824737, 0.11956850189412739]
Timestep: 246 State: 4 Beliefs: [0.0940098891183309, 0.0699928836738482, 0.30141724142258186, 0.13288641369575924, 0.07413822773585328, 0.05979913765321615, 0.14815843437422707, 0.1195977723261833]
Timestep: 247 State: 2 Beliefs: [0.07626139382473197, 0.1245075359901786, 0.1296183848798644, 0.14774058182286331, 0.10254552979603922, 0.1418312200016402, 0.10020665549724642, 0.17728869818743595]
Timestep: 248 State: 2 Beliefs: [0.10390046432548146, 0.07711170814882946, 0.2589933396309957, 0.13692390372748078, 0.08556333042221376, 0.0616158059358959, 0.15265993445437034, 0.1232315133547327]
Timestep: 249 State: 2 Beliefs: [0.09429507825016847, 0.0705713772292573, 0.28663402390240367, 0.13374842164046225, 0.0850711640957756, 0.06018684650189684, 0.14911950890361983, 0.12037357947641603]
Timestep: 250 State: 2 Beliefs: [0.09272184253401933, 0.06982295904752034, 0.2986689439575146, 0.1324762764545459, 0.0797658104672882, 0.05961435677248926, 0.14770116195753102, 0.11922864880909131]
Timestep: 251 State: 2 Beliefs: [0.09245482769055517, 0.06973990410136555, 0.3023921403855514, 0.1323988593971495, 0.07666094432965716, 0.05957950292236007, 0.14761484771592637, 0.11915897345743454]
Timestep: 252 State: 0 Beliefs: [0.09250267489391603, 0.06982964633382112, 0.30303716920031226, 0.13258866537405511, 0.07522067069353469, 0.0596649074521601, 0.14782646721555098, 0.1193297988366496]
Timestep: 253 State: 2 Beliefs: [0.09416712974447135, 0.12489471396730545, 0.1309773971376729, 0.1482139330329495, 0.0810770093852768, 0.14228538599217547, 0.10052771110060923, 0.17785671963953936]
Timestep: 254 State: 5 Beliefs: [0.09397210210190532, 0.07575217172045325, 0.18794420420381064, 0.1480060608105009, 0.10100540124186227, 0.1004403417038628, 0.1638487934084503, 0.12903092480915465]
Timestep: 255 State: 2 Beliefs: [0.10694503121294442, 0.1558478519379409, 0.10879690036784848, 0.12475405249839157, 0.09761521786809377, 0.17172029098736702, 0.08461579212934384, 0.14970486299806987]
Timestep: 256 State: 2 Beliefs: [0.10967325505212393, 0.07277262219266421, 0.2836766012789065, 0.13265380064451843, 0.07424199998679093, 0.059694212083653005, 0.1478990881812765, 0.11938842058006659]
Timestep: 257 State: 0 Beliefs: [0.10369904359405988, 0.0684241978433809, 0.2949533738981603, 0.13240535791846728, 0.07414869812295273, 0.05958241341412686, 0.1476220930822314, 0.11916482212662054]
Timestep: 258 State: 2 Beliefs: [0.1621155396393509, 0.09300400231629703, 0.22414749537657053, 0.11248818976715814, 0.1005979664101563, 0.0809914987506707, 0.12541593694935396, 0.10123937079044235]
Timestep: 259 State: 2 Beliefs: [0.1149740572391583, 0.06892689237569322, 0.28584561422560695, 0.13178334449992155, 0.07363398090535185, 0.05930250616487406, 0.14692859453946475, 0.11860501004992939]
Timestep: 260 State: 0 Beliefs: [0.10518963345885891, 0.06845105407942215, 0.2933405272474763, 0.13248399459856586, 0.07397163001260865, 0.05961779835222663, 0.14770976711213238, 0.11923559513870927]
Timestep: 261 State: 2 Beliefs: [0.16297663183944341, 0.09302157289300891, 0.22333957554861433, 0.11250734281959136, 0.10045568961394032, 0.08100528757428477, 0.1254372911734847, 0.10125660853763221]
Timestep: 262 State: 2 Beliefs: [0.11555210075062522, 0.06895387905634487, 0.2851273324591772, 0.1318337891267377, 0.073572446359247, 0.059325205499963486, 0.1469848365338404, 0.11865041021406394]
Timestep: 263 State: 5 Beliefs: [0.10540095862521301, 0.06850968166888664, 0.2926720225729692, 0.13259816355759846, 0.0739745955216797, 0.05966917387043215, 0.14783705698138216, 0.11933834720183863]
Timestep: 264 State: 2 Beliefs: [0.07840045110250826, 0.11969946161835948, 0.13095136701917123, 0.1447709165183227, 0.07860260435815201, 0.1756576518360279, 0.09819244772547106, 0.17372509982198722]
Timestep: 265 State: 2 Beliefs: [0.10024997926628762, 0.0708766466993991, 0.28173786475745166, 0.1342385128420796, 0.07489309497641412, 0.06752331588104334, 0.1496659240194529, 0.12081466155787163]
Timestep: 266 State: 2 Beliefs: [0.09455407752374836, 0.06761590645170021, 0.29602555403852415, 0.1323635819284617, 0.07381811690353883, 0.06892002344742491, 0.1475755159709864, 0.11912722373561553]
Timestep: 267 State: 0 Beliefs: [0.09139208149324399, 0.06704948056496887, 0.3086088220965596, 0.13119843099701886, 0.07316554131633084, 0.06423059600057107, 0.1462764596339897, 0.11807858789731697]
Timestep: 268 State: 2 Beliefs: [0.09223579691882601, 0.1201657016871189, 0.13671020501134004, 0.14718812465568087, 0.07989157025699833, 0.147350906464583, 0.09983194541863573, 0.17662574958681707]
Timestep: 269 State: 4 Beliefs: [0.09397240694612374, 0.07581549676916466, 0.1879448138922475, 0.14800654094014493, 0.09975929496101878, 0.10162077817588132, 0.16384932493170296, 0.12903134338371608]
Timestep: 270 State: 2 Beliefs: [0.08622166596985452, 0.12230532500232733, 0.13886125456428405, 0.14812166404557037, 0.08041017637666, 0.14586878852962382, 0.10046512865699557, 0.17774599685468445]
Timestep: 271 State: 5 Beliefs: [0.09389530106248385, 0.07573167846000105, 0.1877906021249677, 0.1478850991734121, 0.10862107990559017, 0.09343588429547062, 0.163714883903818, 0.12892547107425667]
Timestep: 272 State: 0 Beliefs: [0.07710247312524098, 0.11007410482653894, 0.08755842027694834, 0.0932112328754668, 0.12091377887429954, 0.21934830449830503, 0.10536921977226682, 0.1864224657509336]
Timestep: 273 State: 0 Beliefs: [0.15786216416097276, 0.09306039286972456, 0.2274653212863911, 0.11251292419976597, 0.10040045450198837, 0.08199359720550965, 0.12544351399585846, 0.10126163177978936]
Timestep: 274 State: 2 Beliefs: [0.17128576952956417, 0.09054163622160565, 0.21854010748478794, 0.11174974549953687, 0.09969462352151763, 0.0830207200946672, 0.12459262669873734, 0.10057477094958316]
Timestep: 275 State: 4 Beliefs: [0.12174327122637552, 0.06706384579371595, 0.2767546996266901, 0.13240685826864987, 0.07382722523741637, 0.06141416154464883, 0.14762376586071854, 0.11916617244178486]
Timestep: 276 State: 2 Beliefs: [0.1320005918688237, 0.0795270826857441, 0.18266662934720512, 0.09847094762319437, 0.14612182990189748, 0.0966641040630609, 0.1463836773622412, 0.11816513714783325]
Timestep: 277 State: 2 Beliefs: [0.111996896896705, 0.06781656644546194, 0.2695650535572943, 0.133619797423553, 0.0867392517913971, 0.06102851370380265, 0.14897610250058818, 0.12025781768119771]
Timestep: 278 State: 2 Beliefs: [0.10593142246138437, 0.067117113500433, 0.2798579827654507, 0.13297120266670004, 0.0855211386274095, 0.06067408982930155, 0.14825296774929092, 0.11967408240003002]
Timestep: 279 State: 0 Beliefs: [0.10137158368006516, 0.06648676176345396, 0.29508260446255696, 0.1317299246327443, 0.08013290369548781, 0.05977025422210279, 0.14686903537411936, 0.11855693216946986]
Timestep: 280 State: 2 Beliefs: [0.09839928674195143, 0.11914722541398823, 0.13165379299848787, 0.14756863185422847, 0.08379453921347783, 0.1422641369907936, 0.10009002856199843, 0.17708235822507415]
Timestep: 281 State: 4 Beliefs: [0.09373387234286024, 0.07556466448405291, 0.18746774468572047, 0.14763084894000492, 0.105342515870221, 0.09812311820855932, 0.16343341844396145, 0.12870381702461964]
Timestep: 282 State: 2 Beliefs: [0.11176429192543356, 0.1452907025245643, 0.11161018319018251, 0.12478943374595791, 0.09993362937036643, 0.1722246489032612, 0.0846397898450845, 0.1497473204951495]
Timestep: 283 State: 2 Beliefs: [0.120038949682695, 0.06841554828179468, 0.2740933448498975, 0.13325957563176596, 0.07562138537045383, 0.060063096029834694, 0.14857448208496893, 0.11993361806858938]
Timestep: 284 State: 2 Beliefs: [0.10802428478420233, 0.06682320187905931, 0.29054996813121486, 0.13241361345709587, 0.07566399947316728, 0.059721382772156884, 0.14763129739171738, 0.11917225211138631]
Timestep: 285 State: 4 Beliefs: [0.10117234070318806, 0.06646971385722014, 0.30143718517094853, 0.1317218470612772, 0.07444071054644479, 0.059348510821034435, 0.14686002948473742, 0.1185496623551495]
Timestep: 286 State: 0 Beliefs: [0.11655425575249706, 0.07967413054200825, 0.19483049174136777, 0.09868967400605896, 0.15031640914076, 0.09479860118908995, 0.14670882882094738, 0.11842760880727074]
Timestep: 287 State: 0 Beliefs: [0.13366257907133616, 0.07988837137771136, 0.1907088644282264, 0.09841315115958453, 0.1384202157900265, 0.09451327774438031, 0.1462977590372331, 0.11809578139150141]
Timestep: 288 State: 2 Beliefs: [0.16384884048485937, 0.09155954885266707, 0.204688304234677, 0.11279707267716794, 0.11858384477689639, 0.08124470522122962, 0.12576031834305143, 0.10151736540945115]
Timestep: 289 State: 0 Beliefs: [0.11657907957236674, 0.06782802611582568, 0.2623186759145935, 0.13395668607188238, 0.08909956851443966, 0.06030523814366625, 0.14935170820253155, 0.12056101746469415]
Timestep: 290 State: 0 Beliefs: [0.15023697859832955, 0.07997087491692662, 0.17468110231452286, 0.09903939877591628, 0.13488849798482647, 0.09510715069806142, 0.14722871818031735, 0.11884727853109954]
Timestep: 291 State: 4 Beliefs: [0.16140092424126085, 0.08007076078263888, 0.17150696888036354, 0.0986277001488012, 0.1287215403609339, 0.09470216488772973, 0.14661670051971043, 0.11835324017856146]
Timestep: 292 State: 2 Beliefs: [0.15247645037277296, 0.07987613398120276, 0.1650513637524035, 0.09839286526455923, 0.14538780732048653, 0.09447633829931151, 0.14626760269179254, 0.11807143831747106]
Timestep: 293 State: 2 Beliefs: [0.12665374339610852, 0.06864702686852066, 0.24301242311899965, 0.13529475290924758, 0.0928886401750019, 0.06089458304333935, 0.15084355287045959, 0.12176527761832283]
Timestep: 294 State: 2 Beliefs: [0.1170416534143831, 0.06806853811738961, 0.25762800642035, 0.1348606916889962, 0.08996902013423, 0.06069786070204689, 0.15035960700250772, 0.12137462252009658]
Timestep: 295 State: 0 Beliefs: [0.11045778454528324, 0.06742858927434923, 0.2731718835891915, 0.13359676266112389, 0.08603267397854762, 0.06012479909700107, 0.14895042045949183, 0.1202370863950115]
Timestep: 296 State: 0 Beliefs: [0.15015493257561993, 0.07993109190354984, 0.1775105915396227, 0.09899257262617292, 0.13242270028002204, 0.09503791595992114, 0.14715910796368392, 0.11879108715140749]
Timestep: 297 State: 0 Beliefs: [0.10807237022885528, 0.11910825184052716, 0.12207419413243825, 0.1467022554646653, 0.087658741521239, 0.14083908089603403, 0.09950239935864257, 0.17604270655759835]
Timestep: 298 State: 4 Beliefs: [0.0683573267371398, 0.11660268801674266, 0.08202879208456776, 0.1367146534742796, 0.11757035293002904, 0.20529687980868197, 0.1025359901057097, 0.1708933168428495]
Timestep: 299 State: 2 Beliefs: [0.12608262967722952, 0.14643456240564973, 0.10202365173331476, 0.12373823603065147, 0.09898348156299679, 0.17032475178476034, 0.08392680356861576, 0.14848588323678175]
Timestep: 300 State: 2 Beliefs: [0.1375588155943577, 0.06918341978319183, 0.24754443133049717, 0.1347774145358427, 0.07871843493844391, 0.060651051543953866, 0.15026675919145446, 0.1212996730822584]
Timestep: 301 State: 0 Beliefs: [0.1260856025694344, 0.06796340102012909, 0.2602512104083166, 0.13465942682841933, 0.07911328952555591, 0.06059837379983702, 0.1501352117027302, 0.12119348414557737]
Timestep: 302 State: 0 Beliefs: [0.12697503399711238, 0.13668253713252096, 0.13481126152626072, 0.16926375492429158, 0.07195461903334825, 0.12187167775398582, 0.08610373620061788, 0.1523373794318624]
Timestep: 303 State: 4 Beliefs: [0.10241086755925224, 0.08228294103711008, 0.1228930410711027, 0.09677826984349337, 0.1815058939166517, 0.1395398479291448, 0.15361630133887835, 0.12097283730436671]
Timestep: 304 State: 2 Beliefs: [0.10561070357791659, 0.1202584638479936, 0.1281580275314787, 0.14712570123081445, 0.08126500721978072, 0.1412416490628339, 0.09978960605220458, 0.1765508414769773]
Timestep: 305 State: 4 Beliefs: [0.09369376087338033, 0.07551591218347556, 0.18738752174676065, 0.14756767337557405, 0.1132528645933323, 0.0905700458387751, 0.16336348049717594, 0.1286487408915261]
Timestep: 306 State: 5 Beliefs: [0.10440974543412579, 0.12081877984430094, 0.1207503771653341, 0.1489571908209954, 0.0822830592253377, 0.1430003847504713, 0.10103183377424035, 0.17874862898519447]
Timestep: 307 State: 5 Beliefs: [0.06882043002433888, 0.11742440220432009, 0.08258451602920665, 0.13764086004867776, 0.12187426626252393, 0.1963738053335772, 0.10323064503650832, 0.1720510750608472]
Timestep: 308 State: 0 Beliefs: [0.1212208389759486, 0.14512829856289267, 0.09547024094341398, 0.12281364738246198, 0.09670597991037674, 0.187984926097847, 0.08329969126810464, 0.14737637685895438]
Timestep: 309 State: 2 Beliefs: [0.19373833190529072, 0.09149307127665005, 0.18511688292454184, 0.11246228664155929, 0.10230350844839319, 0.08828280392878128, 0.12538705689738028, 0.10121605797740335]
Timestep: 310 State: 0 Beliefs: [0.13308809715997413, 0.0679945921307439, 0.24913259252653758, 0.1349153014006007, 0.07650858360017902, 0.06651656916582893, 0.1504204927555951, 0.12142377126054063]
Timestep: 311 State: 5 Beliefs: [0.1230073915563489, 0.09736412426125464, 0.14760886986761868, 0.11624198502074971, 0.17635693630490012, 0.10939687077875547, 0.12868465578202654, 0.1013391664283459]
Timestep: 312 State: 2 Beliefs: [0.09251539965310802, 0.10437911778612047, 0.07218274393407659, 0.09011022264907434, 0.11800599979498688, 0.24072234093335737, 0.10186372995112752, 0.18022044529814868]
Timestep: 313 State: 2 Beliefs: [0.1220568969223746, 0.06832816044088309, 0.2584950338674478, 0.13522881665504982, 0.07590765644034753, 0.06750746181670716, 0.15077003886764506, 0.12170593498954484]
Timestep: 314 State: 0 Beliefs: [0.11692338124653534, 0.06807583381624498, 0.2639867767650712, 0.13575352828298085, 0.07638087977837812, 0.06534637148090272, 0.151355053175204, 0.12217817545468278]
Timestep: 315 State: 0 Beliefs: [0.15228635301175744, 0.07999445730419982, 0.17812547462727998, 0.09970930327900071, 0.11955890801165409, 0.1024497636135689, 0.14822457621773835, 0.11965116393480085]
Timestep: 316 State: 0 Beliefs: [0.17748541929011355, 0.0903763550869268, 0.2021464234123352, 0.11246306364445602, 0.10094176169375679, 0.0899822963947762, 0.12538792319762485, 0.10121675728001041]
Timestep: 317 State: 2 Beliefs: [0.16622636851453254, 0.0789161608005977, 0.17206783327343925, 0.09825340817865405, 0.1173324211738525, 0.10323942787746528, 0.1460602903670738, 0.11790408981438487]
Timestep: 318 State: 2 Beliefs: [0.12558208545811686, 0.06780766911679822, 0.2567948282732896, 0.13500241201328175, 0.07541802666842647, 0.06737519307019102, 0.1505176145879425, 0.1215021708119536]
Timestep: 319 State: 0 Beliefs: [0.11506087118732715, 0.06765148477965092, 0.27030500365170174, 0.13490694700549583, 0.07532469778912068, 0.0649235650532419, 0.15041117822851552, 0.12141625230494625]
Timestep: 320 State: 2 Beliefs: [0.15143603379006046, 0.0798802599895182, 0.18083451202619824, 0.0995684903469921, 0.11856416377224058, 0.10221910332187735, 0.14801524833672258, 0.11948218841639052]
Timestep: 321 State: 0 Beliefs: [0.12012295485006191, 0.06739049418830764, 0.2660426952660581, 0.13417725691160853, 0.07487068700454086, 0.06703875233065941, 0.14959762822831577, 0.12075953122044768]
Timestep: 322 State: 0 Beliefs: [0.10515259058487879, 0.11837262309720786, 0.12030083822202867, 0.14753374221608556, 0.08011263116935298, 0.15142071976545068, 0.10006636428569282, 0.17704049065930266]
Timestep: 323 State: 5 Beliefs: [0.10294923196353525, 0.08200153362889731, 0.12353907835624234, 0.09728702420554083, 0.16880650892414217, 0.1493839947194134, 0.1544238479453029, 0.12160878025692602]
Timestep: 324 State: 2 Beliefs: [0.08814704370354878, 0.10462926246769592, 0.07494912355003837, 0.09062162132183646, 0.1175513815553752, 0.24041649195923448, 0.10244183279859774, 0.18124324264367292]
Timestep: 325 State: 2 Beliefs: [0.11759422452235009, 0.06751928225100481, 0.26820449206875496, 0.13426518525633122, 0.07487114271555621, 0.0670113446844397, 0.14969566177086482, 0.12083866673069811]
Timestep: 326 State: 2 Beliefs: [0.11883935504260142, 0.06788333029340798, 0.2638122006215707, 0.1355510417018155, 0.07559119811621474, 0.06519764094461222, 0.15112929574814354, 0.12199593753163396]
Timestep: 327 State: 2 Beliefs: [0.1103823638615299, 0.06716334390141211, 0.27874782757553856, 0.13411864619032798, 0.07479050353061367, 0.06455825172126024, 0.14953228164802237, 0.12070678157129519]
Timestep: 328 State: 2 Beliefs: [0.10486305403954374, 0.06695140337740867, 0.28623839999811707, 0.1336977425002931, 0.07455304855639382, 0.06430537783362321, 0.14906300544435663, 0.12032796825026378]
Timestep: 329 State: 2 Beliefs: [0.10200394987072656, 0.06700463799518708, 0.28863329056766573, 0.13380536654770664, 0.07461137367903885, 0.06433355322116176, 0.1491829982255774, 0.120424829892936]
Timestep: 330 State: 2 Beliefs: [0.10071452428646088, 0.06708519269889904, 0.2891938848162328, 0.13396649818943518, 0.07470037348766936, 0.06440703016945576, 0.14936264798135535, 0.12056984837049167]
Timestep: 331 State: 2 Beliefs: [0.1001629983277159, 0.06713639067848312, 0.2892792694641695, 0.13406869493537427, 0.07475697632350717, 0.0644572551024585, 0.14947658972645458, 0.12066182544183685]
Timestep: 332 State: 2 Beliefs: [0.09992901066325201, 0.06716255790273931, 0.2892744225640809, 0.13412088074726675, 0.07478590968384072, 0.06448365275402904, 0.14953477301225113, 0.12070879267254007]
Timestep: 333 State: 4 Beliefs: [0.09982909527298484, 0.06717480800457634, 0.2892624024580041, 0.13414530088207133, 0.07479945526446596, 0.06449616768387316, 0.1495619996401601, 0.12073077079386417]
Timestep: 334 State: 2 Beliefs: [0.08022152706673122, 0.11837246994561469, 0.12306421401135247, 0.1477405417820819, 0.10156870863584089, 0.1515372600807293, 0.10020662833915121, 0.1772886501384983]
Timestep: 335 State: 4 Beliefs: [0.10600920123510617, 0.06818152285400991, 0.2672902121236483, 0.13587630717496044, 0.08436693373390976, 0.06449520394374383, 0.15149194247715733, 0.12228867645746438]
Timestep: 336 State: 2 Beliefs: [0.0803833411460469, 0.11784236292416078, 0.12011319344241692, 0.14707702909277748, 0.11066538068182064, 0.14766966415590826, 0.09975659364553603, 0.17649243491133296]
Timestep: 337 State: 2 Beliefs: [0.10553478065725241, 0.06800587632394563, 0.2663215168173478, 0.1355370024183429, 0.08864097075894739, 0.06286290785287586, 0.1511136429947793, 0.12198330217650862]
Timestep: 338 State: 2 Beliefs: [0.10044996234291333, 0.06735679028083436, 0.2755548543233566, 0.13451250509720794, 0.08907136361485676, 0.062021864816606063, 0.14997140493673777, 0.12106125458748714]
Timestep: 339 State: 2 Beliefs: [0.09870868844649476, 0.06651723562993535, 0.29112669974402294, 0.1328379580695585, 0.0818894271383063, 0.06126141874197493, 0.14810440996710478, 0.11955416226260267]
Timestep: 340 State: 2 Beliefs: [0.09814747635210297, 0.06633008822668832, 0.297400923615711, 0.13246693327589198, 0.07777487032244083, 0.060968723248277956, 0.14769074501058405, 0.11922023994830279]
Timestep: 341 State: 2 Beliefs: [0.0981323966048732, 0.06640312644624685, 0.29894398912149356, 0.1326142303748124, 0.07573373151163984, 0.06096474832004342, 0.1478549702835595, 0.11935280733733117]
Timestep: 342 State: 2 Beliefs: [0.09823597236172522, 0.06649191987074651, 0.29906986869660107, 0.13279191488186684, 0.07483418703694449, 0.06101033850954834, 0.1480530752488874, 0.11951272339368019]
Timestep: 343 State: 2 Beliefs: [0.09831708214294937, 0.06654600903249286, 0.29895977379322314, 0.13289997216713006, 0.07444971202041273, 0.06104392483539541, 0.1481735510579793, 0.11960997495041704]
Timestep: 344 State: 2 Beliefs: [0.13335307372205024, 0.09025572281243063, 0.25324406778689545, 0.11265684161843663, 0.10071124736103353, 0.0827839180649903, 0.1256039711775704, 0.10139115745659295]
Timestep: 345 State: 4 Beliefs: [0.10282720413899882, 0.06561452607542988, 0.3030054442441944, 0.13096858331443942, 0.07308984242057721, 0.06060247820263915, 0.1460201966207257, 0.11787172498299547]
Timestep: 346 State: 2 Beliefs: [0.08008442037833506, 0.11839117842073776, 0.12872819650428713, 0.14777673757417023, 0.10271849205744735, 0.14473771144745046, 0.10023117852856765, 0.17733208508900425]
Timestep: 347 State: 2 Beliefs: [0.10532120940832362, 0.06804994700511435, 0.2712517143161711, 0.13563665538671243, 0.08460950743877985, 0.06183322797913468, 0.15122474861772267, 0.1220729898480412]
Timestep: 348 State: 0 Beliefs: [0.09973992359192227, 0.06696048869962538, 0.2837654543769818, 0.13372427609297738, 0.08553719871763633, 0.06082822161709631, 0.14909258842008075, 0.12035184848367964]
Timestep: 349 State: 2 Beliefs: [0.16262274624118692, 0.09045704798303526, 0.21567393005340807, 0.11290775293539942, 0.10865241815718037, 0.08218540841667178, 0.12588371857125877, 0.10161697764185948]
Timestep: 350 State: 2 Beliefs: [0.1156052885690047, 0.06603648510691677, 0.2828474898250844, 0.13181105410265817, 0.07795610438441034, 0.06015414064089809, 0.14695948867863526, 0.11862994869239235]
Timestep: 351 State: 2 Beliefs: [0.10732375121170337, 0.06603666440307454, 0.2919930170690348, 0.13188285365451294, 0.07708409708136123, 0.05994550847047368, 0.14703953982077786, 0.11869456828906165]
Timestep: 352 State: 2 Beliefs: [0.10049307788602116, 0.06570211527930081, 0.3034847015372286, 0.13121578416348642, 0.07507993634178271, 0.0596343719254539, 0.1462958071195886, 0.11809420574713778]
Timestep: 353 State: 2 Beliefs: [0.09660663603649892, 0.06579384227668095, 0.3075443002282788, 0.13140079553098505, 0.07419103819508206, 0.05970059076705638, 0.1465020809875311, 0.11826071597788657]
Timestep: 354 State: 1 Beliefs: [0.09478084386231911, 0.06596797813463794, 0.30831294010012744, 0.13174904272632143, 0.07387470644029719, 0.059849999660873364, 0.14689035062173444, 0.11857413845368928]
Timestep: 355 State: 2 Beliefs: [0.07595927470291532, 0.1502434016202109, 0.13223553755756112, 0.1460963335031085, 0.07948262955732986, 0.1415757966530358, 0.09909142620210837, 0.17531560020373016]
Timestep: 356 State: 5 Beliefs: [0.12595555408867826, 0.10024873500369791, 0.15114666490641393, 0.11902799861380096, 0.14102960691568478, 0.12705455432589588, 0.13176888735430956, 0.10376799879151878]
Timestep: 357 State: 2 Beliefs: [0.07790778075131673, 0.13290177754540744, 0.15059961820784037, 0.14516039392721383, 0.0788790455805706, 0.14190229626349268, 0.09845661501150156, 0.1741924727126566]
Timestep: 358 State: 2 Beliefs: [0.09534061823573059, 0.07635263727471193, 0.2889185396352799, 0.13392080146646987, 0.07475591313892987, 0.06087106938360246, 0.14931169954545223, 0.1205287213198229]
Timestep: 359 State: 2 Beliefs: [0.0913304661231981, 0.07653878165989399, 0.29977281006635903, 0.13217870034824056, 0.07379651383895891, 0.06005251084376037, 0.14736938680617268, 0.1189608303134165]
Timestep: 360 State: 2 Beliefs: [0.09020291012895984, 0.07106048836213105, 0.31085318583335336, 0.13108138993220456, 0.07313584970819711, 0.059546957515040314, 0.14614596758112958, 0.1179732509389841]
Timestep: 361 State: 2 Beliefs: [0.08972814048583987, 0.06815921493885344, 0.31451367334173486, 0.1310194381485282, 0.07307293347214615, 0.05951220931362435, 0.14607689596559786, 0.11791749433367539]
Timestep: 362 State: 2 Beliefs: [0.08963025191484843, 0.06681372021873641, 0.31522785718153, 0.1312045319512561, 0.07316191101158893, 0.059594387223240494, 0.1462832617426691, 0.11808407875613049]
Timestep: 363 State: 0 Beliefs: [0.08963052287111652, 0.06623099731084062, 0.3152353709996141, 0.13134895628519355, 0.07323596492773121, 0.0596598428517561, 0.14644428409707397, 0.1182140606566742]
Timestep: 364 State: 0 Beliefs: [0.1558858240620932, 0.09072215212393965, 0.23004672918408992, 0.11294242447598064, 0.10075299777560713, 0.08207931559832848, 0.12592237475157841, 0.10164818202838258]
Timestep: 365 State: 0 Beliefs: [0.16220757875248593, 0.08921783416452687, 0.23329719522623185, 0.11113764426415022, 0.09914151411876797, 0.08106417413562401, 0.12391017950047795, 0.1000238798377352]
Timestep: 366 State: 2 Beliefs: [0.1692347987460308, 0.0892107160642359, 0.22635282366832088, 0.11112556419972264, 0.09912621735640205, 0.08104016105539888, 0.12389671113013853, 0.10001300777975038]
Timestep: 367 State: 2 Beliefs: [0.11439855952631389, 0.06615477403175776, 0.28828713649824794, 0.13186018419158546, 0.07351155702781617, 0.06009935789048723, 0.1470142650613647, 0.11867416577242691]
Timestep: 368 State: 2 Beliefs: [0.10534176529582155, 0.06621432963426901, 0.2965358342752542, 0.13209639304953255, 0.0736419470772609, 0.060005356612833516, 0.14727762031044897, 0.1188867537445793]
Timestep: 369 State: 2 Beliefs: [0.09812083700836667, 0.06576858913449052, 0.30732388807850697, 0.13132121132848823, 0.07320912485308098, 0.05965390886056047, 0.1464133505408667, 0.1181890901956394]
Timestep: 370 State: 2 Beliefs: [0.09414083239834092, 0.06574313913271691, 0.3112701642414938, 0.13133721722229458, 0.07321762999499276, 0.05965632559210484, 0.14643119591799114, 0.11820349550006513]
Timestep: 371 State: 2 Beliefs: [0.09227169484923775, 0.0658321133464521, 0.3122018380352556, 0.13154831470626652, 0.07333509867480004, 0.05975090329327186, 0.14666655385907626, 0.11839348323563988]
Timestep: 372 State: 2 Beliefs: [0.09145972182151557, 0.06590205259303696, 0.31232037046170547, 0.13170315982497566, 0.07342132372270371, 0.059821333122753464, 0.14683919461083103, 0.11853284384247809]
Timestep: 373 State: 2 Beliefs: [0.09111326367763686, 0.06594016862762905, 0.31229512550508237, 0.1317859507779603, 0.07346743502263038, 0.0598592003439172, 0.14693150034497962, 0.1186073557001643]
Timestep: 374 State: 2 Beliefs: [0.09096489257966253, 0.0659584396132959, 0.3122664401854133, 0.13182534722603786, 0.07348937909227686, 0.059877264355326885, 0.14697542444455264, 0.11864281250343407]
Timestep: 375 State: 2 Beliefs: [0.09090093296578756, 0.06596673784339548, 0.31225019833538936, 0.1318431848311228, 0.07349931510649159, 0.059885452526744716, 0.14699531204305782, 0.11865886634801054]
Timestep: 376 State: 0 Beliefs: [0.09087323550461024, 0.06597041802517718, 0.31224236834672897, 0.13185108495062522, 0.07350371575062145, 0.059889080879932374, 0.14700412008674185, 0.1186659764555627]
Timestep: 377 State: 2 Beliefs: [0.15721019119683324, 0.0906282149451065, 0.22759523987598848, 0.11320841126686394, 0.10097741662902009, 0.08227402577235739, 0.12621893017365277, 0.10188757014017753]
Timestep: 378 State: 0 Beliefs: [0.10913726018061325, 0.06566612228338964, 0.29665263042346063, 0.13120799002297373, 0.07314540589530434, 0.05981628293901293, 0.1462871172345692, 0.11808719102067636]
Timestep: 379 State: 2 Beliefs: [0.11600034232616364, 0.13496436982308, 0.1518145656698846, 0.16859010216901185, 0.06861006263636327, 0.12252841345045373, 0.08576105197293213, 0.15173109195211065]
Timestep: 380 State: 4 Beliefs: [0.09404437704464841, 0.07474777461750429, 0.18808875408929682, 0.14811989384532126, 0.09870251896267727, 0.10319170631806417, 0.1639748112573357, 0.12913016386515186]
Timestep: 381 State: 4 Beliefs: [0.09043354256258407, 0.11886023065363957, 0.1387840984991458, 0.1484023245603137, 0.08052583829139236, 0.14425568625877014, 0.100655489701778, 0.1780827894723764]
Timestep: 382 State: 4 Beliefs: [0.06819113213847601, 0.11489489752225523, 0.08182935856617121, 0.13638226427695202, 0.10832615183246781, 0.21761166710977353, 0.10228669820771402, 0.17047783034619002]
Timestep: 383 State: 2 Beliefs: [0.12079885823561139, 0.07919987039003398, 0.2113841646775737, 0.09875572798313725, 0.12915891129343793, 0.09538857134610555, 0.1468070224943354, 0.11850687357976472]
Timestep: 384 State: 2 Beliefs: [0.11417536824255942, 0.06617860236613692, 0.2823402150441073, 0.1322119279505493, 0.07894062128769207, 0.059756096850385576, 0.14740643310307514, 0.11899073515549438]
Timestep: 385 State: 2 Beliefs: [0.10405436404385784, 0.06625829769270103, 0.2936840372475955, 0.1324263245848928, 0.07699790880714866, 0.059749906146781266, 0.1476454693506193, 0.11918369212640353]
Timestep: 386 State: 2 Beliefs: [0.09576070206627607, 0.06554666175310905, 0.30852050964158756, 0.13100384250744018, 0.07610071587573083, 0.059104601909521846, 0.14605950798963852, 0.11790345825669615]
Timestep: 387 State: 2 Beliefs: [0.09081597774053682, 0.06542033504661487, 0.31465244370093914, 0.13075251164266055, 0.07591304232884322, 0.05898913623056691, 0.14577929283144392, 0.1176772604783945]
Timestep: 388 State: 2 Beliefs: [0.08838339766094282, 0.06552790306718816, 0.3161226843479662, 0.13096793572131338, 0.07602194180041154, 0.059085520650277876, 0.14601947460271802, 0.11787114214918204]
Timestep: 389 State: 0 Beliefs: [0.0873184518326031, 0.06563282841946394, 0.31623549795874684, 0.1311776731580921, 0.07614225484867229, 0.05918007174745999, 0.14625331619267878, 0.11805990584228289]
Timestep: 390 State: 2 Beliefs: [0.15218699469959462, 0.09035547609687088, 0.23086893576237077, 0.11286859683870684, 0.10482601911020081, 0.08147217789187677, 0.1258400624455433, 0.10158173715483616]
Timestep: 391 State: 2 Beliefs: [0.10566100853280941, 0.06576336048721663, 0.2955928729205756, 0.13140370804873575, 0.07746882390245298, 0.05934156063687641, 0.14650532822747103, 0.11826333724386215]
Timestep: 392 State: 2 Beliefs: [0.0993244372686345, 0.0658518055173989, 0.3021642357445368, 0.1316144450055098, 0.07647092510143377, 0.05938086664989189, 0.14674028420763555, 0.11845300050495884]
Timestep: 393 State: 0 Beliefs: [0.09241954000016797, 0.06547530966969291, 0.3125342316745046, 0.13086194511494456, 0.0759926069299045, 0.05903931302097188, 0.14590130298636358, 0.11777575060345012]
Timestep: 394 State: 0 Beliefs: [0.13526473504726422, 0.07913831193240284, 0.20358833437930055, 0.09885647409807745, 0.12242352107142083, 0.09514406619311722, 0.1469567883607241, 0.11862776891769293]
Timestep: 395 State: 0 Beliefs: [0.13684165533203785, 0.07862820178078372, 0.20336359923942127, 0.09817821710008125, 0.1245852302577595, 0.09464072199119054, 0.14594851377862825, 0.1178138605200975]
Timestep: 396 State: 2 Beliefs: [0.11207451074094113, 0.1343958544803095, 0.1550180622569119, 0.16781215120089693, 0.07296820579805116, 0.12133496774423462, 0.08536531169784756, 0.1510309360808072]
Timestep: 397 State: 5 Beliefs: [0.09370047053768532, 0.07446938787821769, 0.18740094107537064, 0.1475782410968544, 0.10914663240832075, 0.09567119382776541, 0.1633751793990411, 0.12865795377674485]
Timestep: 398 State: 2 Beliefs: [0.07960718470356869, 0.1069979727671166, 0.08604376683229119, 0.09317964989716257, 0.1279373441275245, 0.21454126460295794, 0.10533351727505334, 0.18635929979432514]
Timestep: 399 State: 2 Beliefs: [0.10002880280308542, 0.06608815333191397, 0.2974106211975146, 0.13203106170472417, 0.07873892261260718, 0.059669702079441965, 0.14720478073646112, 0.11882795553425177]
Timestep: 400 State: 0 Beliefs: [0.1052484615898846, 0.06612364750382968, 0.29351559419844153, 0.1322068150864147, 0.07686783872255087, 0.05965077667998337, 0.14740073264112202, 0.11898613357777321]
Timestep: 401 State: 0 Beliefs: [0.16343823402904847, 0.0898455140301446, 0.2228390820560857, 0.1122725552135346, 0.10433852928110138, 0.08104526518370966, 0.12517552051419453, 0.10104529969218112]
Timestep: 402 State: 0 Beliefs: [0.11640807519624596, 0.13356984991143214, 0.15559889723775286, 0.16689191415564814, 0.07184103408090288, 0.12059031556397455, 0.08489719111396013, 0.15020272274008328]
Timestep: 403 State: 4 Beliefs: [0.10273886843291435, 0.08164844640552531, 0.12328664211949723, 0.09708823066910406, 0.15948640466688468, 0.16028281672032269, 0.15410830264937153, 0.12136028833638007]
Timestep: 404 State: 5 Beliefs: [0.13289506670882067, 0.07838957069760745, 0.20666118737743316, 0.09790605144191034, 0.1266200327100608, 0.09449690808590104, 0.14554392124797416, 0.11748726173029239]
Timestep: 405 State: 4 Beliefs: [0.09963191761914797, 0.11663294683196505, 0.12607022457243747, 0.1457199571127054, 0.0818903434472292, 0.15635451705699852, 0.09883614482426976, 0.1748639485352465]
Timestep: 406 State: 5 Beliefs: [0.06817108613807939, 0.11496730400608567, 0.08180530336569526, 0.13634217227615877, 0.11054631302540158, 0.21548347663626166, 0.10225662920711909, 0.17042771534519843]
Timestep: 407 State: 2 Beliefs: [0.10139469564289816, 0.14083985990798326, 0.10111471674266938, 0.12272417110684562, 0.11738735159007696, 0.18603119666971218, 0.08323900301159964, 0.14726900532821474]
Timestep: 408 State: 0 Beliefs: [0.11278748993075459, 0.06666778012112799, 0.2676827568114561, 0.13330228420528756, 0.08440903051341392, 0.06655650367596261, 0.14862209895723852, 0.11997205578475881]
Timestep: 409 State: 2 Beliefs: [0.15988984791670846, 0.07933685647124054, 0.16759800566412783, 0.0991623136508913, 0.1249971791462561, 0.10260958137226169, 0.1474114393974444, 0.11899477638106955]
Timestep: 410 State: 2 Beliefs: [0.11845918217451268, 0.06721833145581789, 0.2597553766698549, 0.1344182396023917, 0.08179515331989168, 0.06751099519062248, 0.14986630594475608, 0.1209764156421525]
Timestep: 411 State: 2 Beliefs: [0.10925012832683027, 0.0672930365119164, 0.27314210910274234, 0.1345740786065907, 0.07947820115333262, 0.06510572074799449, 0.15004005480466157, 0.12111667074593163]
Timestep: 412 State: 2 Beliefs: [0.10095822174318574, 0.06650209555852839, 0.28893828221582507, 0.1329927265051409, 0.07841209460803278, 0.0642261602917644, 0.14827696522289588, 0.1196934538546268]
Timestep: 413 State: 2 Beliefs: [0.09571972132909927, 0.06630587203571592, 0.29610467283808123, 0.13260048415036393, 0.07811729030143062, 0.06397187934084447, 0.1478396442691371, 0.11934043573532756]
Timestep: 414 State: 2 Beliefs: [0.09304763568910718, 0.06637689973503494, 0.29817972964644085, 0.13274260159066203, 0.0781737097911973, 0.06401298750667153, 0.14799809460929036, 0.11946834143159583]
Timestep: 415 State: 2 Beliefs: [0.09185067085043533, 0.06646682154178214, 0.2985612805005699, 0.13292244304359624, 0.07827489828969997, 0.06409508262637159, 0.14819860440830804, 0.11963019873923661]
Timestep: 416 State: 2 Beliefs: [0.09133777206513219, 0.06652209549824975, 0.2985643783102568, 0.13303297791952004, 0.07834139707554802, 0.0641498564576334, 0.14832184254609174, 0.11972968012756802]
Timestep: 417 State: 2 Beliefs: [0.09111895980802341, 0.06654993574042847, 0.29852447799416404, 0.13308864917110044, 0.07837586586368722, 0.06417841533157309, 0.14838391183703287, 0.11977978425399041]
Timestep: 418 State: 2 Beliefs: [0.09102502142823014, 0.06656286953004331, 0.29849778676542543, 0.13311451185372639, 0.07839210052850175, 0.06419190242760939, 0.1484127467981098, 0.11980306066835372]
Timestep: 419 State: 0 Beliefs: [0.09098444991397214, 0.06656866661981983, 0.29848419489933803, 0.13312610370584946, 0.07839942542111723, 0.06419799525647532, 0.14842567084816347, 0.1198134933352645]
Timestep: 420 State: 2 Beliefs: [0.09211470024039124, 0.11816376824245059, 0.12802300370260836, 0.14769225138551903, 0.08466025821130949, 0.1519414417023115, 0.10017387485278684, 0.17723070166262284]
Timestep: 421 State: 5 Beliefs: [0.0939712924771961, 0.0748547657541434, 0.1879425849543922, 0.1480047856515839, 0.10188643583944615, 0.10046294043597687, 0.16384738175511115, 0.12902981313215006]
Timestep: 422 State: 2 Beliefs: [0.08370421496834408, 0.1182142092714699, 0.13109007651357957, 0.14774835116156845, 0.08675360928712113, 0.15497959226836217, 0.10021192513567251, 0.17729802139388212]
Timestep: 423 State: 0 Beliefs: [0.1017911594242865, 0.06733849844939932, 0.27937989347090114, 0.1346629723354483, 0.08008955842928399, 0.06540207811030005, 0.1501391646784774, 0.12119667510190346]
Timestep: 424 State: 2 Beliefs: [0.14551578087440273, 0.07918524929036845, 0.18589880131634762, 0.09897717660219224, 0.1224865075507603, 0.10202765170332265, 0.14713622073997534, 0.1187726119226307]
Timestep: 425 State: 2 Beliefs: [0.11090825925772288, 0.06657298593830556, 0.27548555501575245, 0.13313669137007447, 0.0789070931282089, 0.06672891775321842, 0.14843747530365017, 0.11982302223306703]
Timestep: 426 State: 2 Beliefs: [0.10344507257227133, 0.0666492722051445, 0.2863839445151871, 0.1332925282597575, 0.07731995580133, 0.06433472940649962, 0.1486112218060281, 0.11996327543378174]
Timestep: 427 State: 0 Beliefs: [0.09532114084925947, 0.06593663739850436, 0.3011828111663034, 0.13186752320834838, 0.07641856863512651, 0.06357010033757683, 0.1470224475173675, 0.11868077088751355]
Timestep: 428 State: 2 Beliefs: [0.13562218327288003, 0.07907863209538507, 0.1972051462711448, 0.09884403817973726, 0.12213637773996208, 0.10156247509234297, 0.14693830153286316, 0.1186128458156847]
Timestep: 429 State: 0 Beliefs: [0.10481726649099796, 0.06643683628279569, 0.28289726396514603, 0.13286447714731767, 0.07871669254630033, 0.06655545737508559, 0.1481339767597706, 0.11957802943258591]
Timestep: 430 State: 2 Beliefs: [0.09774738140368752, 0.11760233173568846, 0.12721335034776338, 0.14699628683483146, 0.08299412961135895, 0.15134914653342144, 0.09970182933145091, 0.17639554420179773]
Timestep: 431 State: 5 Beliefs: [0.12557695893066115, 0.10002734986833092, 0.15069235071679338, 0.11867022618947477, 0.13241391581246, 0.13779028528194345, 0.1313728185736147, 0.1034560946267216]
Timestep: 432 State: 2 Beliefs: [0.10180820451999534, 0.13965634116705425, 0.11799966788283642, 0.12174020660428383, 0.10192360424300705, 0.18821210926521162, 0.08257161839247076, 0.1460882479251406]
Timestep: 433 State: 0 Beliefs: [0.10288510619040518, 0.06590127104429234, 0.29156804111947043, 0.13179473663483007, 0.07736987044632065, 0.06492441567360581, 0.14694129591972846, 0.11861526297134709]
Timestep: 434 State: 0 Beliefs: [0.14907347677683228, 0.07952148491142388, 0.18101999244125055, 0.09939984967444578, 0.12173873572216862, 0.10220208821417369, 0.14776455265037014, 0.11927981960933493]
Timestep: 435 State: 2 Beliefs: [0.14498077276848284, 0.07900911752375037, 0.18346362176598024, 0.09875823929593536, 0.1229974567344966, 0.10547014902675221, 0.14681075572948002, 0.11850988715512244]
Timestep: 436 State: 2 Beliefs: [0.11838203298791573, 0.06705967084567663, 0.2646036173795047, 0.13411489740947433, 0.07836956059859473, 0.0672387110731766, 0.14952810203713032, 0.1207034076685269]
Timestep: 437 State: 0 Beliefs: [0.1076397874818648, 0.06716129751023078, 0.2782979552037999, 0.13431979189186694, 0.07715146854451507, 0.06478534257067727, 0.14975654409436506, 0.12088781270268024]
Timestep: 438 State: 2 Beliefs: [0.16333501584960922, 0.09017043713960499, 0.2162306172277757, 0.11271076925665544, 0.10353201352915177, 0.08691735819647925, 0.12566409646973375, 0.10143969233098989]
Timestep: 439 State: 0 Beliefs: [0.11317034321722917, 0.06593441974316823, 0.28175210429531644, 0.13186521184991604, 0.07649813231442948, 0.06508122738981144, 0.14701987052520488, 0.11867869066492442]
Timestep: 440 State: 2 Beliefs: [0.11526909926385427, 0.13480003451549094, 0.1435916967639013, 0.16849661992777754, 0.07060968851262923, 0.12987240511808623, 0.08571349796326076, 0.1516469579349998]
Timestep: 441 State: 5 Beliefs: [0.09408041088747444, 0.07481727211426975, 0.1881608217749489, 0.1481766471477723, 0.09832587147343223, 0.10322169600280694, 0.16403763949610928, 0.12917964110318608]
Timestep: 442 State: 0 Beliefs: [0.10808106093607726, 0.1420074240884918, 0.10772662585804055, 0.12379740089042937, 0.10019293849974327, 0.18567073588084596, 0.08396693277785644, 0.14855688106851525]
Timestep: 443 State: 0 Beliefs: [0.09484288696271871, 0.11683118130373094, 0.1324694138042091, 0.14603520268319414, 0.08231355232290397, 0.15321555614437415, 0.09904996355903603, 0.17524224321983295]
Timestep: 444 State: 0 Beliefs: [0.10063267781881136, 0.11840905869327613, 0.11934735552319234, 0.14800821380960671, 0.08283490097953228, 0.15276975680275465, 0.10038817980129848, 0.17760985657152806]
Timestep: 445 State: 5 Beliefs: [0.08312775325459859, 0.14014683556481047, 0.0997533039055183, 0.16625550650919718, 0.08532748041402052, 0.19348400358005166, 0.08696441878942622, 0.14494069798237702]
Timestep: 446 State: 2 Beliefs: [0.1021898992523211, 0.11787953118734444, 0.12055652422827419, 0.14734547980978524, 0.08272992024242518, 0.1525453962458186, 0.09993867326228913, 0.17681457577174226]
Timestep: 447 State: 5 Beliefs: [0.09421702966080042, 0.07505298555111044, 0.18843405932160084, 0.14839182171576068, 0.09273473475672493, 0.10752629321784146, 0.16427584658806227, 0.12936722918809906]
Timestep: 448 State: 2 Beliefs: [0.12250275712200553, 0.14160023891924606, 0.09742162471043675, 0.12344529028125678, 0.09885110062256663, 0.18431653007708415, 0.08372810992989589, 0.14813434833750813]
Timestep: 449 State: 4 Beliefs: [0.12096095051329903, 0.06654089342405645, 0.26936684510772135, 0.1330807520197852, 0.07649748041933747, 0.06540529459533773, 0.14837510710265603, 0.11977267681780666]
Timestep: 450 State: 0 Beliefs: [0.14022210208146568, 0.07933114862328969, 0.16333396963450103, 0.09916366597960574, 0.14964784022625122, 0.10189142455445319, 0.14741344972490644, 0.11899639917552689]
Timestep: 451 State: 2 Beliefs: [0.17047848831979806, 0.08970717271403793, 0.19628032020923877, 0.11213348462060602, 0.11789563483185425, 0.08756429596443806, 0.1250204671814816, 0.1009201361585454]
Timestep: 452 State: 2 Beliefs: [0.12025634216038031, 0.06703268600119047, 0.2541314180842735, 0.13406487539722292, 0.09001790285878988, 0.06436605641418632, 0.149472331226456, 0.12065838785750062]
Timestep: 453 State: 2 Beliefs: [0.11062908954183238, 0.0670814755204132, 0.26791183476717184, 0.1341625896792626, 0.08646300158267058, 0.06342440283849347, 0.14958127535881963, 0.12074633071133634]
Timestep: 454 State: 2 Beliefs: [0.10500220534307568, 0.06610966690244091, 0.28637746279119664, 0.13221898154960615, 0.08148245873751521, 0.062397843941884426, 0.14741429733963549, 0.11899708339464554]
Timestep: 455 State: 4 Beliefs: [0.10116635798553772, 0.0659213312149371, 0.29528056356100907, 0.13184231798173743, 0.07809226282914748, 0.06204473467338423, 0.14699434557068336, 0.11865808618356369]
Timestep: 456 State: 2 Beliefs: [0.11816848702623825, 0.07871416527983013, 0.18890577583142326, 0.09839245219757504, 0.15290018655422402, 0.09858100183364205, 0.14626698863997725, 0.11807094263709006]
Timestep: 457 State: 2 Beliefs: [0.10284310051105841, 0.0660800081923426, 0.2808150317722177, 0.13215946608440293, 0.08901618992813888, 0.06279474199849029, 0.14734794203738655, 0.11894351947596263]
Timestep: 458 State: 2 Beliefs: [0.09719350708046857, 0.06603346017309826, 0.29104646792406474, 0.13206657253673548, 0.08620619146817302, 0.06134951287030633, 0.14724437266409163, 0.11885991528306192]
Timestep: 459 State: 4 Beliefs: [0.09574007154359007, 0.065644548805806, 0.3016959643090038, 0.1312887602297388, 0.08016795255707108, 0.0609256483605405, 0.14637716998748487, 0.11815988420676489]
Timestep: 460 State: 0 Beliefs: [0.07751721654495149, 0.11729656161632686, 0.1327729021936024, 0.14662032913415263, 0.10557104483423743, 0.14483071878127726, 0.09944683193446874, 0.1759443949609831]
Timestep: 461 State: 1 Beliefs: [0.143667869850244, 0.09011959343531036, 0.2283234878787897, 0.11264881329828041, 0.11536765733419116, 0.08289362603500738, 0.1255950201997246, 0.10138393196845237]
Timestep: 462 State: 2 Beliefs: [0.08316193832227371, 0.13083261603204657, 0.12985651418083474, 0.1444764484333326, 0.0982064020821191, 0.1421016212833077, 0.09799272154608647, 0.17337173811999912]
Timestep: 463 State: 2 Beliefs: [0.10212278551227374, 0.07221119977951171, 0.2732015008313631, 0.13434111108140717, 0.08574172869234539, 0.06169436073011429, 0.14978031339971815, 0.12090699997326645]
Timestep: 464 State: 2 Beliefs: [0.09766337435975161, 0.07288341842690774, 0.27933381916380623, 0.1334194008455611, 0.08675053233989263, 0.06111931883198, 0.1487526752710957, 0.12007746076100498]
Timestep: 465 State: 2 Beliefs: [0.0968634242941151, 0.0720842111828981, 0.2905560085208908, 0.13244659789338648, 0.08049347999210794, 0.06068626743589765, 0.14766807257665623, 0.11920193810404782]
Timestep: 466 State: 0 Beliefs: [0.09605859902103396, 0.07197232026738344, 0.29515277914716403, 0.13235966671349864, 0.07719645230986924, 0.06056533170041907, 0.1475711507984828, 0.11912370004214877]
Timestep: 467 State: 0 Beliefs: [0.10949152569343713, 0.14625067239230044, 0.14580321680739614, 0.16824686459135998, 0.07010904038923751, 0.12309005348452705, 0.0855864485095179, 0.15142217813222394]
Timestep: 468 State: 4 Beliefs: [0.06796290183032513, 0.11432410933949985, 0.08155548219639017, 0.13592580366065027, 0.09508670885082386, 0.23329338680101025, 0.10194435274548772, 0.16990725457581282]
Timestep: 469 State: 2 Beliefs: [0.1090718380208819, 0.14686913705035776, 0.1185111672120663, 0.12333626264757785, 0.09740092580833416, 0.17315299333141831, 0.0836541607522702, 0.14800351517709343]
Timestep: 470 State: 5 Beliefs: [0.11313482324783418, 0.06971893267610854, 0.2872925282230816, 0.131308388355832, 0.07420990586821327, 0.05975881822538834, 0.14639905388329327, 0.11817754952024878]
Timestep: 471 State: 2 Beliefs: [0.0892679301797845, 0.12249908161805015, 0.11934607875919823, 0.14393971317144166, 0.0792024869856085, 0.1753883784595571, 0.09762867502063, 0.17272765580572996]
Timestep: 472 State: 2 Beliefs: [0.14212426479472176, 0.09453832844366826, 0.23229164224728113, 0.11254987777434938, 0.10123575938858963, 0.090480522880686, 0.12548471447378956, 0.10129488999691444]
Timestep: 473 State: 2 Beliefs: [0.10942993468512942, 0.0706121537607011, 0.2854182606095933, 0.13056460743506448, 0.07349589083571474, 0.06740121231956261, 0.14556979366267633, 0.11750814669155803]
Timestep: 474 State: 2 Beliefs: [0.10235171235305661, 0.06971873445958401, 0.2933069046820923, 0.13129338014141387, 0.07369334659769027, 0.0650895587946575, 0.14638232084423305, 0.1181640421272725]
Timestep: 475 State: 0 Beliefs: [0.09935724408786635, 0.0695149110577938, 0.2987881824435041, 0.13145310325542087, 0.07364216319947497, 0.062376202829345764, 0.1465604001967155, 0.11830779292987878]
Timestep: 476 State: 2 Beliefs: [0.11201800661409698, 0.14184779240193618, 0.14846269782514573, 0.16795749805525673, 0.06861810752890497, 0.12449490031421079, 0.08543924901071755, 0.15116174824973105]
Timestep: 477 State: 5 Beliefs: [0.09424044068137384, 0.07491249117752709, 0.18848088136274768, 0.1484286940731638, 0.09744195961121088, 0.1027794929703616, 0.16431666580342108, 0.1293993743201941]
Timestep: 478 State: 2 Beliefs: [0.08055565649024188, 0.10977360222361736, 0.0864959905472037, 0.09291829513521704, 0.12105066580148703, 0.21833112677024905, 0.10503807276154971, 0.1858365902704341]
Timestep: 479 State: 4 Beliefs: [0.1024768569533258, 0.06742050839234437, 0.2998414147004066, 0.13143712915753542, 0.0736553798201351, 0.06033270446480068, 0.14654259026967006, 0.11829341624178187]
Timestep: 480 State: 2 Beliefs: [0.12669032313927975, 0.08090689497003938, 0.187164927717422, 0.0978993718759929, 0.1483848753946553, 0.09594036902680894, 0.14553399162461036, 0.1174792462511915]
Timestep: 481 State: 0 Beliefs: [0.10348807200409152, 0.06850737263523614, 0.28489566521443843, 0.13159783114854998, 0.08612938517655506, 0.060221864790468246, 0.14672176099696543, 0.11843804803369498]
Timestep: 482 State: 0 Beliefs: [0.11160178915746564, 0.13836971731345427, 0.14556145810136345, 0.1673499528707986, 0.07934760098493598, 0.1220243305713788, 0.0851301934168845, 0.1506149575837187]
Timestep: 483 State: 4 Beliefs: [0.10334836182896369, 0.08213791594651763, 0.12401803419475645, 0.09766420192837069, 0.15368674612620636, 0.1620419448212762, 0.15502254274344554, 0.12208025241046334]
Timestep: 484 State: 4 Beliefs: [0.09049099854383197, 0.11893891731193988, 0.1437819456659329, 0.14588678606954664, 0.08505662622850899, 0.14183128451917806, 0.09894929837760555, 0.17506414328345593]
Timestep: 485 State: 0 Beliefs: [0.08956964739565301, 0.11980153141557506, 0.13160392513058308, 0.14731833232742336, 0.09271078966204299, 0.14229351508851867, 0.09992026018729586, 0.176781998792908]
Timestep: 486 State: 2 Beliefs: [0.13764242602807375, 0.08028984920603016, 0.19052231352073462, 0.09874703050268956, 0.13223856905673348, 0.09526928197702042, 0.14679409310549074, 0.11849643660322745]
Timestep: 487 State: 2 Beliefs: [0.12314299544317213, 0.06750321300871694, 0.2595116654686091, 0.13318703163579088, 0.08792139583353914, 0.06037176919477236, 0.1484936009431877, 0.11986832847221178]
Timestep: 488 State: 2 Beliefs: [0.11278571169317601, 0.06729108225488215, 0.27507918611397475, 0.13297175382538487, 0.0837943400393539, 0.06014976538028859, 0.14825358225009327, 0.11967457844284637]
Timestep: 489 State: 0 Beliefs: [0.1051029043768149, 0.06643950418663626, 0.2924980992879647, 0.1314192320735221, 0.08038009216526373, 0.059360222687029965, 0.1465226363565985, 0.1182773088661699]
Timestep: 490 State: 0 Beliefs: [0.11360830969394041, 0.13593469643056674, 0.15063938384803424, 0.16818453135239886, 0.07330559019304407, 0.12140667040298424, 0.08555473986187247, 0.15136607821715897]
Timestep: 491 State: 5 Beliefs: [0.12582509544118847, 0.09999717793905863, 0.15099011452942618, 0.11890471519192311, 0.13426307369945945, 0.13472689472392158, 0.13163240753847408, 0.10366052093654836]
Timestep: 492 State: 0 Beliefs: [0.11897008068851364, 0.141513650827785, 0.11369376320105874, 0.1225615788087911, 0.10385359116139506, 0.1692047177237706, 0.08312872301813655, 0.1470738945705493]
Timestep: 493 State: 0 Beliefs: [0.10492564157933867, 0.11799187757511499, 0.12918542073956324, 0.14657653405932486, 0.08497641705278954, 0.14103514067374545, 0.09941712744893338, 0.1758918408711898]
Timestep: 494 State: 2 Beliefs: [0.15313760848200692, 0.0798254714751491, 0.17928091426881906, 0.09950032657433863, 0.12523134327557195, 0.09571002572439856, 0.14791391831050937, 0.11940039188920637]
Timestep: 495 State: 2 Beliefs: [0.12876197851063745, 0.06721354518174787, 0.25776326450823256, 0.13416408798688334, 0.0812163389417999, 0.06055015982250104, 0.1495829458600028, 0.12074767918819503]
Timestep: 496 State: 2 Beliefs: [0.11643658590082541, 0.06691734918844237, 0.27477538222461645, 0.13361598030431704, 0.07878178899001653, 0.060246684420397, 0.14897184669749974, 0.12025438227388537]
Timestep: 497 State: 4 Beliefs: [0.10896605300076143, 0.06650255405089946, 0.2864808152940427, 0.1328087040797536, 0.07777772246790961, 0.059864523483249145, 0.14807179395160586, 0.11952783367177823]
Timestep: 498 State: 2 Beliefs: [0.08490245765044366, 0.11819587659887747, 0.12571976498566792, 0.1475413035150079, 0.1046678009812028, 0.14185173923191596, 0.10007149281887494, 0.17704956421800946]
Timestep: 499 State: 2 Beliefs: [0.10974657785031601, 0.0677730456260391, 0.26642098697352595, 0.13540115561512442, 0.08683410574401666, 0.06100090419035401, 0.15096218394701186, 0.121861040053612]
