Action: 0
[0.11028442270563782, 0.09775030963082582, 0.24281477073625563, 0.09775030963082582, 0.15805267581724247, 0.09784689221756095, 0.09775030963082582, 0.09775030963082582]
[0.24237026964436592, 0.09908824354781083, 0.16310026906876898, 0.09908824354781083, 0.09908824354781083, 0.09908824354781083, 0.09908824354781083, 0.09908824354781083]
[0.18209651561334853, 0.20009529248543864, 0.1072135467796153, 0.10004764623594084, 0.10901138625713477, 0.10144032015664031, 0.10004764623594084, 0.10004764623594084]
[0.125, 0.125, 0.125, 0.125, 0.125, 0.125, 0.125, 0.125]
[0.23102160074009098, 0.0964443461587144, 0.12491233888595292, 0.09644434498592172, 0.16133216888062835, 0.09695651037684827, 0.09644434498592172, 0.09644434498592172]
[0.10328918474277302, 0.09868777336251235, 0.14602011050292205, 0.09868777336251235, 0.19739956611016943, 0.15854004519408618, 0.09868777336251235, 0.09868777336251235]
[0.125, 0.125, 0.125, 0.125, 0.125, 0.125, 0.125, 0.125]
[0.125, 0.125, 0.125, 0.125, 0.125, 0.125, 0.125, 0.125]

Action: 1
[0.09944498958503065, 0.09944498958503065, 0.09944498958503065, 0.09944498958503065, 0.1304020864329393, 0.2729279760568768, 0.09944498958503065, 0.09944498958503065]
[0.125, 0.125, 0.125, 0.125, 0.125, 0.125, 0.125, 0.125]
[0.10176857730783546, 0.10176857730783546, 0.10176857730783546, 0.10176857730783546, 0.10607997662550431, 0.28330855952748296, 0.10176857730783546, 0.10176857730783546]
[0.125, 0.125, 0.125, 0.125, 0.125, 0.125, 0.125, 0.125]
[0.15806534659387095, 0.0968868571778937, 0.09688213812760707, 0.09688213812760707, 0.13948178464233457, 0.2180374590754725, 0.09688213812760707, 0.09688213812760707]
[0.10939707573263745, 0.1003626163222591, 0.1003626163222591, 0.1003626163222591, 0.2069199334674397, 0.18186990918862733, 0.1003626163222591, 0.1003626163222591]
[0.125, 0.125, 0.125, 0.125, 0.125, 0.125, 0.125, 0.125]
[0.125, 0.125, 0.125, 0.125, 0.125, 0.125, 0.125, 0.125]

