Timestep: 0, Trans probs: [0.125, 0.125, 0.125, 0.125, 0.125, 0.125, 0.125, 0.125]
Timestep: 1, Trans probs: [0.125, 0.125, 0.125, 0.125, 0.125, 0.125, 0.125, 0.125]
Timestep: 2, Trans probs: [0.125, 0.125, 0.125, 0.125, 0.125, 0.125, 0.125, 0.125]
Timestep: 3, Trans probs: [0.125, 0.125, 0.125, 0.125, 0.125, 0.125, 0.125, 0.125]
Timestep: 4, Trans probs: [0.1111111111111111, 0.1111111111111111, 0.1111111111111111, 0.1111111111111111, 0.1111111111111111, 0.2222222222222222, 0.1111111111111111, 0.1111111111111111]
Timestep: 5, Trans probs: [0.125, 0.125, 0.125, 0.125, 0.125, 0.125, 0.125, 0.125]
Timestep: 6, Trans probs: [0.1111111111111111, 0.1111111111111111, 0.1111111111111111, 0.1111111111111111, 0.1111111111111111, 0.2222222222222222, 0.1111111111111111, 0.1111111111111111]
Timestep: 7, Trans probs: [0.10009152897083819, 0.10009152897083819, 0.10009152897083819, 0.10009152897083819, 0.10009152897083819, 0.2993592972041328, 0.10009152897083819, 0.10009152897083819]
Timestep: 8, Trans probs: [0.125, 0.125, 0.125, 0.125, 0.125, 0.125, 0.125, 0.125]
Timestep: 9, Trans probs: [0.10009152897083819, 0.10009152897083819, 0.10009152897083819, 0.10009152897083819, 0.10009152897083819, 0.2993592972041328, 0.10009152897083819, 0.10009152897083819]
Timestep: 10, Trans probs: [0.09141882065360006, 0.09141882065360006, 0.09141882065360006, 0.09141882065360006, 0.09141882065360006, 0.36006825542479953, 0.09141882065360006, 0.09141882065360006]
Timestep: 11, Trans probs: [0.125, 0.125, 0.125, 0.125, 0.125, 0.125, 0.125, 0.125]
Timestep: 12, Trans probs: [0.1111111111111111, 0.1111111111111111, 0.1111111111111111, 0.1111111111111111, 0.1111111111111111, 0.2222222222222222, 0.1111111111111111, 0.1111111111111111]
Timestep: 13, Trans probs: [0.09141882065360006, 0.09141882065360006, 0.09141882065360006, 0.09141882065360006, 0.09141882065360006, 0.36006825542479953, 0.09141882065360006, 0.09141882065360006]
Timestep: 14, Trans probs: [0.125, 0.125, 0.125, 0.125, 0.125, 0.125, 0.125, 0.125]
Timestep: 15, Trans probs: [0.125, 0.125, 0.125, 0.125, 0.125, 0.125, 0.125, 0.125]
Timestep: 16, Trans probs: [0.1111111111111111, 0.1111111111111111, 0.1111111111111111, 0.1111111111111111, 0.1111111111111111, 0.2222222222222222, 0.1111111111111111, 0.1111111111111111]
Timestep: 17, Trans probs: [0.2222222222222222, 0.1111111111111111, 0.1111111111111111, 0.1111111111111111, 0.1111111111111111, 0.1111111111111111, 0.1111111111111111, 0.1111111111111111]
Timestep: 18, Trans probs: [0.1111111111111111, 0.1111111111111111, 0.1111111111111111, 0.1111111111111111, 0.1111111111111111, 0.2222222222222222, 0.1111111111111111, 0.1111111111111111]
Timestep: 19, Trans probs: [0.125, 0.125, 0.125, 0.125, 0.125, 0.125, 0.125, 0.125]
Timestep: 20, Trans probs: [0.1685879271108893, 0.08429396355544465, 0.08429396355544465, 0.08429396355544465, 0.16642452170936348, 0.24351773340252408, 0.08429396355544465, 0.08429396355544465]
Timestep: 21, Trans probs: [0.2222222222222222, 0.1111111111111111, 0.1111111111111111, 0.1111111111111111, 0.1111111111111111, 0.1111111111111111, 0.1111111111111111, 0.1111111111111111]
Timestep: 22, Trans probs: [0.09141882065360006, 0.09141882065360006, 0.09141882065360006, 0.09141882065360006, 0.09141882065360006, 0.36006825542479953, 0.09141882065360006, 0.09141882065360006]
Timestep: 23, Trans probs: [0.1111111111111111, 0.1111111111111111, 0.1111111111111111, 0.1111111111111111, 0.1111111111111111, 0.2222222222222222, 0.1111111111111111, 0.1111111111111111]
Timestep: 24, Trans probs: [0.1111111111111111, 0.1111111111111111, 0.2222222222222222, 0.1111111111111111, 0.1111111111111111, 0.1111111111111111, 0.1111111111111111, 0.1111111111111111]
Timestep: 25, Trans probs: [0.08467833765747725, 0.08467833765747725, 0.08467833765747725, 0.08467833765747725, 0.1693566753149545, 0.322573298740182, 0.08467833765747725, 0.08467833765747725]
Timestep: 26, Trans probs: [0.2222222222222222, 0.1111111111111111, 0.1111111111111111, 0.1111111111111111, 0.1111111111111111, 0.1111111111111111, 0.1111111111111111, 0.1111111111111111]
Timestep: 27, Trans probs: [0.19926776823329462, 0.10009152897083819, 0.20018305794167637, 0.10009152897083819, 0.10009152897083819, 0.10009152897083819, 0.10009152897083819, 0.10009152897083819]
Timestep: 28, Trans probs: [0.18036164567760127, 0.09120770198766302, 0.27239214239642057, 0.09120770198766302, 0.09120770198766302, 0.09120770198766302, 0.09120770198766302, 0.09120770198766302]
Timestep: 29, Trans probs: [0.27239214239642057, 0.09120770198766302, 0.18036164567760127, 0.09120770198766302, 0.09120770198766302, 0.09120770198766302, 0.09120770198766302, 0.09120770198766302]
Timestep: 30, Trans probs: [0.24687288615875636, 0.08413100623026418, 0.16421007022939432, 0.08413100623026418, 0.16826201246052835, 0.08413100623026418, 0.08413100623026418, 0.08413100623026418]
Timestep: 31, Trans probs: [0.22575257412777888, 0.07816619830968365, 0.15078781752490925, 0.07816619830968365, 0.23262861679889366, 0.07816619830968365, 0.07816619830968365, 0.07816619830968365]
Timestep: 32, Trans probs: [0.1111111111111111, 0.1111111111111111, 0.2222222222222222, 0.1111111111111111, 0.1111111111111111, 0.1111111111111111, 0.1111111111111111, 0.1111111111111111]
Timestep: 33, Trans probs: [0.16421007022939432, 0.08413100623026418, 0.24687288615875636, 0.08413100623026418, 0.16826201246052835, 0.08413100623026418, 0.08413100623026418, 0.08413100623026418]
Timestep: 34, Trans probs: [0.2806927445717133, 0.07327073881757597, 0.1392814540391131, 0.07327073881757597, 0.21367210730129385, 0.07327073881757597, 0.07327073881757597, 0.07327073881757597]
Timestep: 35, Trans probs: [0.10009152897083819, 0.10009152897083819, 0.2993592972041328, 0.10009152897083819, 0.10009152897083819, 0.10009152897083819, 0.10009152897083819, 0.10009152897083819]
Timestep: 36, Trans probs: [0.15078781752490925, 0.07816619830968365, 0.22575257412777888, 0.07816619830968365, 0.23262861679889366, 0.07816619830968365, 0.07816619830968365, 0.07816619830968365]
Timestep: 37, Trans probs: [0.1392814540391131, 0.07327073881757597, 0.2806927445717133, 0.07327073881757597, 0.21367210730129385, 0.07327073881757597, 0.07327073881757597, 0.07327073881757597]
Timestep: 38, Trans probs: [0.3271561402044456, 0.06932111590896432, 0.12931445112215978, 0.06932111590896432, 0.196923829128573, 0.06932111590896432, 0.06932111590896432, 0.06932111590896432]
Timestep: 39, Trans probs: [0.09141882065360006, 0.09141882065360006, 0.36006825542479953, 0.09141882065360006, 0.09141882065360006, 0.09141882065360006, 0.09141882065360006, 0.09141882065360006]
Timestep: 40, Trans probs: [0.12931445112215978, 0.06932111590896432, 0.25783502429548133, 0.06932111590896432, 0.2662449450375373, 0.06932111590896432, 0.06932111590896432, 0.06932111590896432]
Timestep: 41, Trans probs: [0.12066453341879431, 0.06608477859636695, 0.30367265605846544, 0.06608477859636695, 0.2452389175409055, 0.06608477859636695, 0.06608477859636695, 0.06608477859636695]
Timestep: 42, Trans probs: [0.366399210430394, 0.06619048545440595, 0.1206421051596121, 0.06619048545440595, 0.18200625713796412, 0.06619048545440595, 0.06619048545440595, 0.06619048545440595]
Timestep: 43, Trans probs: [0.08467833765747725, 0.08467833765747725, 0.40725163639765927, 0.08467833765747725, 0.08467833765747725, 0.08467833765747725, 0.08467833765747725, 0.08467833765747725]
Timestep: 44, Trans probs: [0.15896605332715358, 0.07948302666357679, 0.36413578669138563, 0.07948302666357679, 0.07948302666357679, 0.07948302666357679, 0.07948302666357679, 0.07948302666357679]
Timestep: 45, Trans probs: [0.11312192264044015, 0.06347650136948572, 0.27958502556225173, 0.06347650136948572, 0.28991054494987945, 0.06347650136948572, 0.06347650136948572, 0.06347650136948572]
Timestep: 46, Trans probs: [0.10652217983249669, 0.06133903542311101, 0.3193621236092865, 0.06133903542311101, 0.26742051944266176, 0.06133903542311101, 0.06133903542311101, 0.06133903542311101]
Timestep: 47, Trans probs: [0.10073354100443119, 0.05961852530252503, 0.3540286628511699, 0.05961852530252503, 0.24714516963177374, 0.05961852530252503, 0.05961852530252503, 0.05961852530252503]
Timestep: 48, Trans probs: [0.39948746937224144, 0.06375020485291596, 0.11308300135600602, 0.06375020485291596, 0.16867850500717274, 0.06375020485291596, 0.06375020485291596, 0.06375020485291596]
Timestep: 49, Trans probs: [0.1383184010485112, 0.0742475557038951, 0.41619626472811816, 0.0742475557038951, 0.0742475557038951, 0.0742475557038951, 0.0742475557038951, 0.0742475557038951]
Timestep: 50, Trans probs: [0.09565295829009457, 0.05827101632811048, 0.3259499284476299, 0.05827101632811048, 0.28704203162172326, 0.05827101632811048, 0.05827101632811048, 0.05827101632811048]
Timestep: 51, Trans probs: [0.12800252503394055, 0.07091463598104604, 0.44650965907978324, 0.07091463598104604, 0.07091463598104604, 0.07091463598104604, 0.07091463598104604, 0.07091463598104604]
Timestep: 52, Trans probs: [0.125, 0.125, 0.125, 0.125, 0.125, 0.125, 0.125, 0.125]
Timestep: 53, Trans probs: [0.09114933633858045, 0.05712664149087653, 0.3007511689022499, 0.05712664149087653, 0.2653396458139104, 0.11425328298175307, 0.05712664149087653, 0.05712664149087653]
Timestep: 54, Trans probs: [0.14601507410879624, 0.07492270692872476, 0.4044486843188552, 0.07492270692872476, 0.07492270692872476, 0.07492270692872476, 0.07492270692872476, 0.07492270692872476]
Timestep: 55, Trans probs: [0.11912471016254811, 0.13672280032060394, 0.4023454887153381, 0.06836140016030197, 0.06836140016030197, 0.06836140016030197, 0.06836140016030197, 0.06836140016030197]
Timestep: 56, Trans probs: [0.36546132228222045, 0.061881626126121456, 0.10648923140455394, 0.061881626126121456, 0.1567596895564967, 0.12376325225224291, 0.061881626126121456, 0.061881626126121456]
Timestep: 57, Trans probs: [0.14268384828976838, 0.05572513676672577, 0.27937775815479965, 0.05572513676672577, 0.2468692088301322, 0.10816863765839659, 0.05572513676672577, 0.05572513676672577]
Timestep: 58, Trans probs: [0.13454079047743397, 0.05426774021406894, 0.3149929796685777, 0.05426774021406894, 0.2307160504011887, 0.10267921859652396, 0.05426774021406894, 0.05426774021406894]
Timestep: 59, Trans probs: [0.13482465705338934, 0.07139720297970507, 0.3653949220886752, 0.07139720297970507, 0.07139720297970507, 0.14279440595941015, 0.07139720297970507, 0.07139720297970507]
Timestep: 60, Trans probs: [0.1802823905538398, 0.05312335835776958, 0.2935897256670522, 0.05312335835776958, 0.21586128222478868, 0.09777316812324109, 0.05312335835776958, 0.05312335835776958]
Timestep: 61, Trans probs: [0.33706625289710096, 0.05988456251731169, 0.1604978417157041, 0.05988456251731169, 0.1465124310295384, 0.11638522428840978, 0.05988456251731169, 0.05988456251731169]
Timestep: 62, Trans probs: [0.11148733429131633, 0.1273308394229368, 0.36647010901750315, 0.06578528621137396, 0.13157057242274792, 0.06578528621137396, 0.06578528621137396, 0.06578528621137396]
Timestep: 63, Trans probs: [0.16964052726718587, 0.05200659789360979, 0.2744603487617668, 0.05200659789360979, 0.254560908458211, 0.09331182393839724, 0.05200659789360979, 0.05200659789360979]
Timestep: 64, Trans probs: [0.12535876125341286, 0.06809246198161718, 0.40162457645442345, 0.06809246198161718, 0.06809246198161718, 0.13255435238407773, 0.06809246198161718, 0.06809246198161718]
Timestep: 65, Trans probs: [0.3124651072142981, 0.057967570623041476, 0.15034680270462145, 0.057967570623041476, 0.13750593806103914, 0.1678118695278754, 0.057967570623041476, 0.057967570623041476]
Timestep: 66, Trans probs: [0.2908674114616866, 0.05616013557726826, 0.1413557653683151, 0.05616013557726826, 0.18567356879234048, 0.15746271206858464, 0.05616013557726826, 0.05616013557726826]
Timestep: 67, Trans probs: [0.2109938489160632, 0.05106135172103384, 0.2569440830127024, 0.05106135172103384, 0.2385269913481085, 0.08928966983899059, 0.05106135172103384, 0.05106135172103384]
Timestep: 68, Trans probs: [0.19844135209934974, 0.05018687722235699, 0.2912232487577182, 0.05018687722235699, 0.22396406727335622, 0.08562382298014792, 0.05018687722235699, 0.05018687722235699]
Timestep: 69, Trans probs: [0.11712949757050865, 0.06554913970055029, 0.3659650220675865, 0.06554913970055029, 0.13109827940110058, 0.12361064215860303, 0.06554913970055029, 0.06554913970055029]
Timestep: 70, Trans probs: [0.1729757766339153, 0.06301582723806862, 0.3364292051663481, 0.06301582723806862, 0.12267316480826987, 0.11585854443919219, 0.06301582723806862, 0.06301582723806862]
Timestep: 71, Trans probs: [0.10480350016287947, 0.11921732084451692, 0.40000267608953616, 0.06322550840314277, 0.12307446929049641, 0.06322550840314277, 0.06322550840314277, 0.06322550840314277]
Timestep: 72, Trans probs: [0.16132003143715987, 0.06068791684231741, 0.3109078062712664, 0.06068791684231741, 0.11528455919957961, 0.16973593572272444, 0.06068791684231741, 0.06068791684231741]
Timestep: 73, Trans probs: [0.23635505658738803, 0.049495779572986315, 0.272825288055997, 0.049495779572986315, 0.2105070584618856, 0.08232947860278406, 0.049495779572986315, 0.049495779572986315]
Timestep: 74, Trans probs: [0.1510856941591548, 0.0585364919310616, 0.3471948613709735, 0.0585364919310616, 0.10874785551852721, 0.15882562122709806, 0.0585364919310616, 0.0585364919310616]
Timestep: 75, Trans probs: [0.19871113352111014, 0.05687040306432571, 0.32189047417669836, 0.05687040306432571, 0.10296994687599187, 0.14894683316889684, 0.05687040306432571, 0.05687040306432571]
Timestep: 76, Trans probs: [0.2710226739328551, 0.048879237595689164, 0.2559602504353907, 0.048879237595689164, 0.1981760275157072, 0.0793240977332902, 0.048879237595689164, 0.048879237595689164]
Timestep: 77, Trans probs: [0.18595524733843213, 0.05534741324129557, 0.35472696992112257, 0.05534741324129557, 0.09779616227634244, 0.14013196749892065, 0.05534741324129557, 0.05534741324129557]
Timestep: 78, Trans probs: [0.3027174889042861, 0.04837566480950145, 0.24037629997912982, 0.04837566480950145, 0.18680013019310115, 0.07660342168547715, 0.04837566480950145, 0.04837566480950145]
Timestep: 79, Trans probs: [0.2716240596702349, 0.05450578262610886, 0.18782262162965366, 0.05450578262610886, 0.17431345951966004, 0.14821672867601599, 0.05450578262610886, 0.05450578262610886]
Timestep: 80, Trans probs: [0.28366325672585024, 0.04800348018962694, 0.22590118513816732, 0.04800348018962694, 0.22426380014811745, 0.07415783722935722, 0.04800348018962694, 0.04800348018962694]
Timestep: 81, Trans probs: [0.26619820631610047, 0.04763503021929478, 0.26026167668035777, 0.04763503021929478, 0.21110805016440767, 0.07189194596195497, 0.04763503021929478, 0.04763503021929478]
Timestep: 82, Trans probs: [0.17426388097444173, 0.05419232273973906, 0.3836129280909682, 0.05419232273973906, 0.09321668507593106, 0.13213721489970273, 0.05419232273973906, 0.05419232273973906]
Timestep: 83, Trans probs: [0.1602890107540198, 0.11209229558441534, 0.36691484954133013, 0.061277762773268636, 0.11559279302716037, 0.061277762773268636, 0.061277762773268636, 0.061277762773268636]
Timestep: 84, Trans probs: [0.1111111111111111, 0.1111111111111111, 0.2222222222222222, 0.1111111111111111, 0.1111111111111111, 0.1111111111111111, 0.1111111111111111, 0.1111111111111111]
Timestep: 85, Trans probs: [0.29737783747145213, 0.04732416509126476, 0.244547210818121, 0.04732416509126476, 0.19895448718095787, 0.06982380416440999, 0.04732416509126476, 0.04732416509126476]
Timestep: 86, Trans probs: [0.278906089897707, 0.04710618025067961, 0.2770382464187183, 0.04710618025067961, 0.18766758303104292, 0.06796335964981338, 0.04710618025067961, 0.04710618025067961]
Timestep: 87, Trans probs: [0.261773151426979, 0.04694021983554437, 0.3069822476785835, 0.04694021983554437, 0.177212998085944, 0.06627072346631593, 0.04694021983554437, 0.04694021983554437]
Timestep: 88, Trans probs: [0.16353418351241816, 0.05335799464159352, 0.3556303009789052, 0.05335799464159352, 0.08916627079398164, 0.17823726614832094, 0.05335799464159352, 0.05335799464159352]
Timestep: 89, Trans probs: [0.2926633074309602, 0.04685054003437237, 0.2876820582013997, 0.04685054003437237, 0.16749946444907274, 0.06475300978107783, 0.04685054003437237, 0.04685054003437237]
Timestep: 90, Trans probs: [0.2543682873406841, 0.05299313747777959, 0.22963638308593717, 0.05299313747777959, 0.16411362543311653, 0.13990915422914388, 0.05299313747777959, 0.05299313747777959]
Timestep: 91, Trans probs: [0.15392257181582752, 0.052473731992845565, 0.38327597673258285, 0.052473731992845565, 0.08544553932210319, 0.16746098415810412, 0.052473731992845565, 0.052473731992845565]
Timestep: 92, Trans probs: [0.29033078528815226, 0.051689243393233365, 0.21568098122049434, 0.051689243393233365, 0.1548510816241279, 0.13238017829429197, 0.051689243393233365, 0.051689243393233365]
Timestep: 93, Trans probs: [0.27435451748857864, 0.04680650772367901, 0.26974339268682773, 0.04680650772367901, 0.2052972982517099, 0.06337876067816775, 0.04680650772367901, 0.04680650772367901]
Timestep: 94, Trans probs: [0.2576135016336373, 0.04668107063623642, 0.3000201522691422, 0.04668107063623642, 0.19359884755424947, 0.062043215998025404, 0.04668107063623642, 0.04668107063623642]
Timestep: 95, Trans probs: [0.14509999844607108, 0.05185944534262903, 0.35589628126123896, 0.05185944534262903, 0.1340229292288675, 0.15754300969330637, 0.05185944534262903, 0.05185944534262903]
Timestep: 96, Trans probs: [0.28864429073762005, 0.04661777285880265, 0.28131222819848056, 0.04661777285880265, 0.18272305677805534, 0.060849332850633465, 0.04661777285880265, 0.04661777285880265]
Timestep: 97, Trans probs: [0.27071539293277735, 0.04659180443906665, 0.31051749440154786, 0.04659180443906665, 0.17262925236951118, 0.05977064253989696, 0.04659180443906665, 0.04659180443906665]
Timestep: 98, Trans probs: [0.272064760720271, 0.05065008067932387, 0.253453796773769, 0.05065008067932387, 0.1463649558974336, 0.12551616389123085, 0.05065008067932387, 0.05065008067932387]
Timestep: 99, Trans probs: [0.1498105270465716, 0.1651636129102435, 0.3385393224938373, 0.059375208420364624, 0.10898570386788907, 0.059375208420364624, 0.059375208420364624, 0.059375208420364624]
Timestep: 100, Trans probs: [0.14058622297454476, 0.1546828997864567, 0.313870529344291, 0.05755161544509629, 0.10310227066922613, 0.11510323089019257, 0.05755161544509629, 0.05755161544509629]
Timestep: 101, Trans probs: [0.2552652522553758, 0.04977569340861519, 0.23799287099152996, 0.04977569340861519, 0.1386063322804585, 0.16903277083817506, 0.04977569340861519, 0.04977569340861519]
Timestep: 102, Trans probs: [0.1371881634458217, 0.05104856939096873, 0.38297931667609864, 0.05104856939096873, 0.12695469513264196, 0.14868354718156285, 0.05104856939096873, 0.05104856939096873]
Timestep: 103, Trans probs: [0.2540073974809049, 0.046619165580707424, 0.2908374674659399, 0.046619165580707424, 0.2098645357264091, 0.058813937003916406, 0.046619165580707424, 0.046619165580707424]
Timestep: 104, Trans probs: [0.23870599260173359, 0.04655980746352304, 0.31938903541548314, 0.04655980746352304, 0.1978074208289072, 0.05785832129978397, 0.04655980746352304, 0.04655980746352304]
Timestep: 105, Trans probs: [0.1299252219408278, 0.05050151512624387, 0.40705474368791533, 0.05050151512624387, 0.12048960762292482, 0.14052436624335665, 0.05050151512624387, 0.05050151512624387]
Timestep: 106, Trans probs: [0.27100179105906713, 0.046569682622991375, 0.2991173368027599, 0.046569682622991375, 0.1865738538859111, 0.05702828776029648, 0.046569682622991375, 0.046569682622991375]
Timestep: 107, Trans probs: [0.12325835234841251, 0.05018471386063542, 0.4284155838442829, 0.05018471386063542, 0.11457713237984349, 0.13301007598491943, 0.05018471386063542, 0.05018471386063542]
Timestep: 108, Trans probs: [0.3008995357164141, 0.046581383252530806, 0.2803422034702584, 0.046581383252530806, 0.17617074734548424, 0.05626198045772011, 0.046581383252530806, 0.046581383252530806]
Timestep: 109, Trans probs: [0.2818923306678842, 0.046628122838626995, 0.30950331124152286, 0.046628122838626995, 0.1665084333514818, 0.055583433384603136, 0.046628122838626995, 0.046628122838626995]
Timestep: 110, Trans probs: [0.2641982683206479, 0.04671119209983233, 0.3364340886329814, 0.04671119209983233, 0.1575330568894238, 0.05498981775761747, 0.04671119209983233, 0.04671119209983233]
Timestep: 111, Trans probs: [0.2476850542642102, 0.046848914161181705, 0.3612393726305384, 0.046848914161181705, 0.14918619300143615, 0.05449372345908855, 0.046848914161181705, 0.046848914161181705]
Timestep: 112, Trans probs: [0.288999245588029, 0.048886000118913746, 0.22403967993975038, 0.048886000118913746, 0.1315512142032395, 0.15986585979332624, 0.048886000118913746, 0.048886000118913746]
Timestep: 113, Trans probs: [0.11714299265317214, 0.05006634219036421, 0.4473230034228075, 0.05006634219036421, 0.10917422074755731, 0.12609441441500613, 0.05006634219036421, 0.05006634219036421]
Timestep: 114, Trans probs: [0.13246902682547268, 0.1455136225973899, 0.29282055934413703, 0.05563156330455507, 0.15341418763383635, 0.1088879136854989, 0.05563156330455507, 0.05563156330455507]
Timestep: 115, Trans probs: [0.2322531207275545, 0.047051248981587614, 0.33696770195527986, 0.047051248981587614, 0.188473240105905, 0.05410094128491011, 0.047051248981587614, 0.047051248981587614]
Timestep: 116, Trans probs: [0.3196869336412817, 0.04818942579411514, 0.21108436409253675, 0.04818942579411514, 0.1250690263909514, 0.15140197269876945, 0.04818942579411514, 0.04818942579411514]
Timestep: 117, Trans probs: [0.21821845111582688, 0.047087578911744275, 0.3149771795727715, 0.047087578911744275, 0.2248523937595206, 0.053601659904903884, 0.047087578911744275, 0.047087578911744275]
Timestep: 118, Trans probs: [0.20534241770710154, 0.04705211624715129, 0.34189310366916736, 0.04705211624715129, 0.2114785915453673, 0.05307742208975872, 0.04705211624715129, 0.04705211624715129]
Timestep: 119, Trans probs: [0.2998957892812477, 0.047685347473745844, 0.2466936469783364, 0.047685347473745844, 0.11910345435164557, 0.14356571949378702, 0.047685347473745844, 0.047685347473745844]
Timestep: 120, Trans probs: [0.1933395741327671, 0.047098152471045665, 0.3194961753887722, 0.047098152471045665, 0.2461068217877555, 0.05266481880652252, 0.047098152471045665, 0.047098152471045665]
Timestep: 121, Trans probs: [0.18228512657858803, 0.04710045322811862, 0.3460039683454065, 0.04710045322811862, 0.23106284671278765, 0.052246245450743516, 0.04710045322811862, 0.04710045322811862]
Timestep: 122, Trans probs: [0.17199263356951194, 0.04717962366928483, 0.370330231821606, 0.04717962366928483, 0.21702802046013112, 0.051930619471611573, 0.04717962366928483, 0.04717962366928483]
Timestep: 123, Trans probs: [0.1115405446403763, 0.050116771906926184, 0.4138946694022763, 0.050116771906926184, 0.10424334015687893, 0.16985435817276373, 0.050116771906926184, 0.050116771906926184]
Timestep: 124, Trans probs: [0.20974506996555237, 0.04734063604349127, 0.34524977460604067, 0.04734063604349127, 0.20392208227224298, 0.051720528982198956, 0.04734063604349127, 0.04734063604349127]
Timestep: 125, Trans probs: [0.19732130395334566, 0.04737662627832356, 0.36980664044408823, 0.04737662627832356, 0.1919450590338386, 0.051420491455433225, 0.04737662627832356, 0.04737662627832356]
Timestep: 126, Trans probs: [0.18573517237071946, 0.047501488503991995, 0.3922505308286915, 0.047501488503991995, 0.18077882345512844, 0.05122951932949267, 0.047501488503991995, 0.047501488503991995]
Timestep: 127, Trans probs: [0.10638911611348051, 0.04995064735220885, 0.4341540862567609, 0.04995064735220885, 0.09968417063457481, 0.1599700375863483, 0.04995064735220885, 0.04995064735220885]
Timestep: 128, Trans probs: [0.22264422600282313, 0.047714172452354174, 0.3649852741857885, 0.047714172452354174, 0.17036874637345345, 0.051145063628518186, 0.047714172452354174, 0.047714172452354174]
Timestep: 129, Trans probs: [0.281614485862212, 0.04724968578788249, 0.2794264506937809, 0.04724968578788249, 0.11361446521640893, 0.13634585507606817, 0.04724968578788249, 0.04724968578788249]
Timestep: 130, Trans probs: [0.10169423436872448, 0.049954491267303266, 0.4521259661612935, 0.049954491267303266, 0.09554750210965106, 0.1508143322911179, 0.049954491267303266, 0.049954491267303266]
Timestep: 131, Trans probs: [0.20900243118252612, 0.04780610630533595, 0.3401683079461851, 0.04780610630533595, 0.20863719684961288, 0.05096763880033207, 0.04780610630533595, 0.04780610630533595]
Timestep: 132, Trans probs: [0.09742241230615323, 0.050102844043419886, 0.4680192762267388, 0.050102844043419886, 0.0918008011559815, 0.1423461341374469, 0.050102844043419886, 0.050102844043419886]
Timestep: 133, Trans probs: [0.24433940271530152, 0.04777902661929761, 0.3176241544734599, 0.04777902661929761, 0.1962232712831774, 0.05069706505087069, 0.04777902661929761, 0.04777902661929761]
Timestep: 134, Trans probs: [0.3115278770712193, 0.04691401991074428, 0.26258140646859185, 0.04691401991074428, 0.10855980322002273, 0.12967483359718912, 0.04691401991074428, 0.04691401991074428]
Timestep: 135, Trans probs: [0.22926064048130468, 0.04771276110889214, 0.2969481955027148, 0.04771276110889214, 0.2325321881645576, 0.050407931415854444, 0.04771276110889214, 0.04771276110889214]
Timestep: 136, Trans probs: [0.09354341658340742, 0.05037196500745292, 0.4820250717747495, 0.05037196500745292, 0.08841460576668622, 0.1345290458453452, 0.05037196500745292, 0.05037196500745292]
Timestep: 137, Trans probs: [0.12521485333725652, 0.13733728139064738, 0.32803987647759836, 0.0538092966129435, 0.14467932808263015, 0.10330077087303707, 0.0538092966129435, 0.0538092966129435]
Timestep: 138, Trans probs: [0.2630366668706906, 0.04759926337312344, 0.278013476452186, 0.04759926337312344, 0.21846189753398193, 0.050090905650647714, 0.04759926337312344, 0.04759926337312344]
Timestep: 139, Trans probs: [0.10009152897083819, 0.10009152897083819, 0.2993592972041328, 0.10009152897083819, 0.10009152897083819, 0.10009152897083819, 0.10009152897083819, 0.10009152897083819]
Timestep: 140, Trans probs: [0.24670535321304868, 0.09498300391591602, 0.2605543314675491, 0.04749150195795801, 0.20548729486194467, 0.04979551066766762, 0.04749150195795801, 0.04749150195795801]
Timestep: 141, Trans probs: [0.09002944706531678, 0.05073989132904497, 0.4435795614807572, 0.05073989132904497, 0.08536180928413555, 0.17806961685361053, 0.05073989132904497, 0.05073989132904497]
Timestep: 142, Trans probs: [0.2793657504594202, 0.0911968388577946, 0.24523755933071678, 0.04701270815035866, 0.19400546426648646, 0.04915626263450614, 0.04701270815035866, 0.04701270815035866]
Timestep: 143, Trans probs: [0.2922677985519968, 0.04669626326694327, 0.29353991033399907, 0.04669626326694327, 0.10390585090365018, 0.12350138714258078, 0.04669626326694327, 0.04669626326694327]
Timestep: 144, Trans probs: [0.08670734184555517, 0.05082284648991282, 0.46043960283452773, 0.05082284648991282, 0.08244422857940065, 0.1671174407808652, 0.05082284648991282, 0.05082284648991282]
Timestep: 145, Trans probs: [0.2627244995642141, 0.08773369784331257, 0.23098642191863789, 0.0466439323234671, 0.2299862173184068, 0.04863736638502735, 0.0466439323234671, 0.0466439323234671]
Timestep: 146, Trans probs: [0.08372731559937004, 0.051027512412061736, 0.47531894234460315, 0.051027512412061736, 0.07984254688834685, 0.15700114551943298, 0.051027512412061736, 0.051027512412061736]
Timestep: 147, Trans probs: [0.3208747394135809, 0.046554632628759106, 0.2754999794556137, 0.046554632628759106, 0.09961603015279229, 0.11779072046297655, 0.046554632628759106, 0.046554632628759106]
Timestep: 148, Trans probs: [0.08106115250517973, 0.05133276779555187, 0.43706899947196615, 0.05133276779555187, 0.1288621590210782, 0.14767661781956837, 0.05133276779555187, 0.05133276779555187]
Timestep: 149, Trans probs: [0.34717865290215594, 0.046503328230494, 0.25863322479889606, 0.046503328230494, 0.09566750179660088, 0.11250730758037104, 0.046503328230494, 0.046503328230494]
Timestep: 150, Trans probs: [0.293667716393955, 0.0845356383493985, 0.21783393015363775, 0.046301143404980524, 0.2169032283779742, 0.0481560565100929, 0.046301143404980524, 0.046301143404980524]
Timestep: 151, Trans probs: [0.07841217820038963, 0.05122368609003035, 0.40400391932676555, 0.05122368609003035, 0.17335291455127172, 0.13933624356145174, 0.05122368609003035, 0.05122368609003035]
Timestep: 152, Trans probs: [0.1267966535773063, 0.05092120689535966, 0.37471123160229564, 0.05092120689535966, 0.16301429538302445, 0.13179299185593496, 0.05092120689535966, 0.05092120689535966]
Timestep: 153, Trans probs: [0.3247606738782592, 0.04654927905403477, 0.28937989403964365, 0.04654927905403477, 0.09204031932527519, 0.10762199654068284, 0.04654927905403477, 0.04654927905403477]
Timestep: 154, Trans probs: [0.30393326166241647, 0.04661369539658767, 0.27120934347793163, 0.04661369539658767, 0.13530235597917245, 0.10310025729412872, 0.04661369539658767, 0.04661369539658767]
Timestep: 155, Trans probs: [0.32214419195520533, 0.08161545505235888, 0.2055661197218725, 0.04606217828101283, 0.20470068399766975, 0.04778701442985505, 0.04606217828101283, 0.04606217828101283]
Timestep: 156, Trans probs: [0.3023723252298369, 0.07896070094538576, 0.24002803192229769, 0.04593755612535794, 0.1932866283924775, 0.04753964513392836, 0.04593755612535794, 0.04593755612535794]
Timestep: 157, Trans probs: [0.2840829910433268, 0.076495201729618, 0.2719654551107023, 0.045811025598084754, 0.18272363373709688, 0.047299641585001745, 0.045811025598084754, 0.045811025598084754]
Timestep: 158, Trans probs: [0.12036466072681608, 0.050346404244565914, 0.3491415216078566, 0.050346404244565914, 0.20413289303342902, 0.12497530765363465, 0.050346404244565914, 0.050346404244565914]
Timestep: 159, Trans probs: [0.09141882065360006, 0.09141882065360006, 0.36006825542479953, 0.09141882065360006, 0.09141882065360006, 0.09141882065360006, 0.09141882065360006, 0.09141882065360006]
Timestep: 160, Trans probs: [0.28529431890994494, 0.04643231469435581, 0.3013500058306552, 0.04643231469435581, 0.12875932746441246, 0.09886708901756416, 0.04643231469435581, 0.04643231469435581]
Timestep: 161, Trans probs: [0.3127842889462144, 0.07422731014704241, 0.25580394044674454, 0.045724102067477325, 0.1729052439620379, 0.04710691029552871, 0.045724102067477325, 0.045724102067477325]
Timestep: 162, Trans probs: [0.29355916676457006, 0.07216614422205306, 0.2863922180543509, 0.04571371587282586, 0.16374429102589802, 0.046997032314650376, 0.04571371587282586, 0.04571371587282586]
Timestep: 163, Trans probs: [0.27563865046133945, 0.07027412920604134, 0.3147273918198995, 0.04573681442713559, 0.15522216442339917, 0.04692722080791361, 0.04573681442713559, 0.04573681442713559]
Timestep: 164, Trans probs: [0.11449448816764246, 0.0995189075887994, 0.3260090087654395, 0.0497594537943997, 0.19194199500650605, 0.11875723908841339, 0.0497594537943997, 0.0497594537943997]
Timestep: 165, Trans probs: [0.15799252249358506, 0.09517972676840797, 0.30593226261539624, 0.048877786793768634, 0.18118083649857805, 0.11308129124272688, 0.048877786793768634, 0.048877786793768634]
Timestep: 166, Trans probs: [0.3046930954371114, 0.06855589493162571, 0.29510253964776934, 0.045815980258096585, 0.14728134186550612, 0.046919187343697814, 0.045815980258096585, 0.045815980258096585]
Timestep: 167, Trans probs: [0.08467833765747725, 0.08467833765747725, 0.322573298740182, 0.08467833765747725, 0.1693566753149545, 0.08467833765747725, 0.08467833765747725, 0.08467833765747725]
Timestep: 168, Trans probs: [0.11864915761751721, 0.1298959510869807, 0.35922501095460485, 0.0524014104241839, 0.13670766260419534, 0.09831798646415016, 0.0524014104241839, 0.0524014104241839]
Timestep: 169, Trans probs: [0.14979113554398787, 0.09117669744681647, 0.33581224289614436, 0.04796954254963977, 0.1714295609656197, 0.10788173549851245, 0.04796954254963977, 0.04796954254963977]
Timestep: 170, Trans probs: [0.18949993886051955, 0.08757256652187419, 0.31549696469261845, 0.047316908831078926, 0.16234332636957133, 0.10313647706217971, 0.047316908831078926, 0.047316908831078926]
Timestep: 171, Trans probs: [0.285667247834883, 0.11291664047998222, 0.2767857228451486, 0.04592894504664626, 0.13989296178383112, 0.04695059191621642, 0.04592894504664626, 0.04592894504664626]
Timestep: 172, Trans probs: [0.26873815435874887, 0.10804356521287736, 0.3062073037048505, 0.04573084538912668, 0.13313724757361867, 0.04668119298252451, 0.04573084538912668, 0.04573084538912668]
Timestep: 173, Trans probs: [0.17935258479746283, 0.08424057105518744, 0.343601440161626, 0.04667660193048176, 0.1540117951629457, 0.09876380303133275, 0.04667660193048176, 0.04667660193048176]
Timestep: 174, Trans probs: [0.2985096355652011, 0.10353784045441128, 0.2877068789638225, 0.045625763380273174, 0.1268593592560234, 0.04650899561972197, 0.045625763380273174, 0.045625763380273174]
Timestep: 175, Trans probs: [0.28043704128258456, 0.09936995137731003, 0.315992660131024, 0.04558796070411725, 0.12102826118145135, 0.04640820391527833, 0.04558796070411725, 0.04558796070411725]
Timestep: 176, Trans probs: [0.2635052702364101, 0.09551874937221763, 0.3421143493178022, 0.04562205360565622, 0.11561242908894535, 0.04638304116765607, 0.04562205360565622, 0.04562205360565622]
Timestep: 177, Trans probs: [0.24760977589106922, 0.09196796864172851, 0.3661801600514147, 0.04573799813619896, 0.11058503749530196, 0.04644306351188871, 0.04573799813619896, 0.04573799813619896]
Timestep: 178, Trans probs: [0.23267295142603525, 0.0887025917990017, 0.38829121038101794, 0.045939367721516966, 0.10592358238899352, 0.04659156084040053, 0.045939367721516966, 0.045939367721516966]
Timestep: 179, Trans probs: [0.21863619761444295, 0.08570847826687622, 0.40854364045999086, 0.04622522724704877, 0.1016086052788788, 0.04682739663866491, 0.04622522724704877, 0.04622522724704877]
Timestep: 180, Trans probs: [0.16985439602614227, 0.08124642256515756, 0.36912261832136173, 0.046251188542352585, 0.14624648439575633, 0.0947765130645244, 0.046251188542352585, 0.046251188542352585]
Timestep: 181, Trans probs: [0.252045745667906, 0.08297209076831259, 0.38043873506352555, 0.04659144961712354, 0.09762277935501247, 0.047146300293872914, 0.04659144961712354, 0.04659144961712354]
Timestep: 182, Trans probs: [0.23625362317045442, 0.08040032535605876, 0.4014715856803167, 0.04686439154435905, 0.09390543431490221, 0.047375856845190766, 0.04686439154435905, 0.04686439154435905]
Timestep: 183, Trans probs: [0.26789612900755383, 0.04633013879139831, 0.32911936133582526, 0.04633013879139831, 0.12269584695765848, 0.09496810753336905, 0.04633013879139831, 0.04633013879139831]
Timestep: 184, Trans probs: [0.16095456740555722, 0.07856321780409355, 0.39226558744653567, 0.04602320534090908, 0.13900295713251518, 0.09114405418857108, 0.04602320534090908, 0.04602320534090908]
Timestep: 185, Trans probs: [0.2979276377646563, 0.04631994621602294, 0.30833291058781875, 0.04631994621602294, 0.11707513763725841, 0.0913845291461748, 0.04631994621602294, 0.04631994621602294]
Timestep: 186, Trans probs: [0.2214598063055413, 0.07806416033268844, 0.37347158143419046, 0.04720881777870278, 0.1376985979105524, 0.047679400680918985, 0.04720881777870278, 0.04720881777870278]
Timestep: 187, Trans probs: [0.2081858408885874, 0.0757437822155931, 0.3958312589090924, 0.047245391897075655, 0.13082291399141924, 0.04768002830408082, 0.047245391897075655, 0.047245391897075655]
Timestep: 188, Trans probs: [0.1957607212486893, 0.07366827243968499, 0.41613956680612757, 0.047396872735052546, 0.12444327657480019, 0.04779754472554033, 0.047396872735052546, 0.047396872735052546]
Timestep: 189, Trans probs: [0.1526141561657767, 0.07616636449748918, 0.3672388316469714, 0.04597372770124944, 0.17821982172149298, 0.08783964286452135, 0.04597372770124944, 0.04597372770124944]
Timestep: 190, Trans probs: [0.19075546553374376, 0.07387893443210361, 0.3444523781643932, 0.045812639487341905, 0.16874519105988628, 0.08473011234784744, 0.045812639487341905, 0.045812639487341905]
Timestep: 191, Trans probs: [0.22609971242692883, 0.07171296197734749, 0.3235908154920368, 0.04558594068034529, 0.16002432306576764, 0.0818143649968833, 0.04558594068034529, 0.04558594068034529]
Timestep: 192, Trans probs: [0.23179206803331373, 0.07182143207090072, 0.38687300201577957, 0.047653433591186685, 0.1185311710471821, 0.048022026059263874, 0.047653433591186685, 0.047653433591186685]
Timestep: 193, Trans probs: [0.21349244448966528, 0.06969860761440733, 0.34965864147060166, 0.045364235477697135, 0.15195067531841233, 0.07910692467382187, 0.045364235477697135, 0.045364235477697135]
Timestep: 194, Trans probs: [0.26516671588191904, 0.07005363617306168, 0.3601818306818383, 0.0477975408771802, 0.11306822022206597, 0.04813697440957453, 0.0477975408771802, 0.0477975408771802]
Timestep: 195, Trans probs: [0.2016286924413864, 0.06791434110146312, 0.37353580710781037, 0.045285730194117725, 0.14440080337556987, 0.07666316539141718, 0.045285730194117725, 0.045285730194117725]
Timestep: 196, Trans probs: [0.23580026325297299, 0.06634646502913219, 0.3500175663267597, 0.04534308767870464, 0.13733951166023725, 0.07446693069478395, 0.04534308767870464, 0.04534308767870464]
Timestep: 197, Trans probs: [0.267576029125166, 0.06486788662238081, 0.3282642243268293, 0.04536567914258968, 0.13078686250528157, 0.07240795999257321, 0.04536567914258968, 0.04536567914258968]
Timestep: 198, Trans probs: [0.29602699433432633, 0.0683978380773292, 0.3356563177367238, 0.04789610710284457, 0.10802174417712182, 0.04820878436596518, 0.04789610710284457, 0.04789610710284457]
Timestep: 199, Trans probs: [0.07898357353906156, 0.07898357353906156, 0.2922275524180368, 0.07898357353906156, 0.1548874328085322, 0.15796714707812312, 0.07898357353906156, 0.07898357353906156]
Timestep: 200, Trans probs: [0.16405966460168125, 0.12311322747686898, 0.3354520768758799, 0.05135999389826565, 0.12942028244337972, 0.09387476690739305, 0.05135999389826565, 0.05135999389826565]
Timestep: 201, Trans probs: [0.2793308371268322, 0.04635121383362017, 0.3353169573008848, 0.04635121383362017, 0.11186796231573981, 0.08807938792206259, 0.04635121383362017, 0.04635121383362017]
Timestep: 202, Trans probs: [0.25168011706010335, 0.06350368477008561, 0.3534172547845314, 0.045399548547356575, 0.12469707122561761, 0.07050322651759228, 0.045399548547356575, 0.045399548547356575]
Timestep: 203, Trans probs: [0.30838385514817873, 0.046452555482535796, 0.31371187470591877, 0.046452555482535796, 0.10704784053937684, 0.08504620767638245, 0.046452555482535796, 0.046452555482535796]
Timestep: 204, Trans probs: [0.2765034627181202, 0.11486850540271615, 0.31299902257054074, 0.04799399375143788, 0.10336508258452284, 0.04828194546978638, 0.04799399375143788, 0.04799399375143788]
Timestep: 205, Trans probs: [0.2592742790236838, 0.10965292230097151, 0.34080618060331774, 0.04774889281613489, 0.0990044972473828, 0.04801544237623945, 0.04774889281613489, 0.04774889281613489]
Timestep: 206, Trans probs: [0.2367273405261256, 0.06230873420459717, 0.3310263425695258, 0.045528215144926346, 0.16455640699775304, 0.06879653026721937, 0.045528215144926346, 0.045528215144926346]
Timestep: 207, Trans probs: [0.15499183957413418, 0.11695865368733274, 0.3141900490726069, 0.05031050888402309, 0.17312748409536016, 0.08980044691849678, 0.05031050888402309, 0.05031050888402309]
Timestep: 208, Trans probs: [0.2908127230570335, 0.10485798202574466, 0.31856467683937106, 0.047626231826723424, 0.09501325935176641, 0.047872663245913986, 0.047626231826723424, 0.047626231826723424]
Timestep: 209, Trans probs: [0.2722985160742431, 0.10044142603588574, 0.3454950759722873, 0.04754854472262566, 0.09134305413312331, 0.047776293616583615, 0.04754854472262566, 0.04754854472262566]
Timestep: 210, Trans probs: [0.25501753179534004, 0.09638592719542151, 0.3701446416354022, 0.047563486219824924, 0.08798773231233648, 0.047773708402024925, 0.047563486219824924, 0.047563486219824924]
Timestep: 211, Trans probs: [0.23886813612481533, 0.09266939435391085, 0.39264552460114277, 0.04767344629665886, 0.08492941386168483, 0.047867192168469755, 0.04767344629665886, 0.04767344629665886]
Timestep: 212, Trans probs: [0.22377286847904265, 0.08927172134339739, 0.41312225359851296, 0.047875970895422414, 0.08215102904193264, 0.04805421485084711, 0.047875970895422414, 0.047875970895422414]
Timestep: 213, Trans probs: [0.2886650281185066, 0.046581837882417716, 0.3401711494822206, 0.046581837882417716, 0.10258545386321302, 0.08225101700638904, 0.046581837882417716, 0.046581837882417716]
Timestep: 214, Trans probs: [0.20967094663365915, 0.08617422012635977, 0.3835284171936804, 0.04816532741050615, 0.1278014457554011, 0.04832898805938123, 0.04816532741050615, 0.04816532741050615]
Timestep: 215, Trans probs: [0.1467674491761011, 0.11135088253843037, 0.3443011075501596, 0.049288018051374984, 0.1636553918431919, 0.08606111473799198, 0.049288018051374984, 0.049288018051374984]
Timestep: 216, Trans probs: [0.1970896856950727, 0.08317180933905495, 0.357462145718585, 0.048111023006569976, 0.1215702776739456, 0.09637301255363198, 0.048111023006569976, 0.048111023006569976]
Timestep: 217, Trans probs: [0.22310686007608924, 0.06107516437443313, 0.31070890854045735, 0.04548636903123344, 0.15606138260898525, 0.1125885773063347, 0.04548636903123344, 0.04548636903123344]
Timestep: 218, Trans probs: [0.2336272426098926, 0.0802157583599601, 0.33481404837944967, 0.04767208086547462, 0.11585749662340213, 0.09246921143087161, 0.04767208086547462, 0.04767208086547462]
Timestep: 219, Trans probs: [0.21088033941099996, 0.05971595697851344, 0.337779688428189, 0.045172687461294415, 0.14833153899069815, 0.10777441380771625, 0.045172687461294415, 0.045172687461294415]
Timestep: 220, Trans probs: [0.267251168589478, 0.07749750132679661, 0.3139560642694253, 0.04727250958539359, 0.11059982188796634, 0.08887791517015305, 0.04727250958539359, 0.04727250958539359]
Timestep: 221, Trans probs: [0.27024181331209063, 0.04676298821310921, 0.36455261959775104, 0.04676298821310921, 0.09846266338872532, 0.07969095084899608, 0.04676298821310921, 0.04676298821310921]
Timestep: 222, Trans probs: [0.19937600134528244, 0.05855803958531487, 0.362599927510017, 0.0450101816985186, 0.14110834302536204, 0.10332714343846795, 0.0450101816985186, 0.0450101816985186]
Timestep: 223, Trans probs: [0.1391670649862453, 0.10624297192841589, 0.37134694859173994, 0.048547838836834716, 0.15486650309426264, 0.08273299488883203, 0.048547838836834716, 0.048547838836834716]
Timestep: 224, Trans probs: [0.2512255637778431, 0.0750199716004078, 0.29459581279378383, 0.046952990628813, 0.1527118358492688, 0.08558784409225756, 0.046952990628813, 0.046952990628813]
Timestep: 225, Trans probs: [0.23673342901777358, 0.0726431937390266, 0.32362768495579, 0.04650601242553316, 0.1449932033289755, 0.0824844516818349, 0.04650601242553316, 0.04650601242553316]
Timestep: 226, Trans probs: [0.3000139060958708, 0.04700524397081229, 0.33994463225611665, 0.04700524397081229, 0.09466215195269378, 0.07735833381206954, 0.04700524397081229, 0.04700524397081229]
Timestep: 227, Trans probs: [0.2803565441469615, 0.047230657325698776, 0.317149300052382, 0.047230657325698776, 0.13837308764414946, 0.07519843885371202, 0.047230657325698776, 0.047230657325698776]
Timestep: 228, Trans probs: [0.22314561972222113, 0.0705262063109561, 0.30396548293675124, 0.04621615962528409, 0.18403470667278596, 0.07967950548143325, 0.04621615962528409, 0.04621615962528409]
Timestep: 229, Trans probs: [0.21070349308844513, 0.0685162236095389, 0.33186686250597086, 0.045867865305173255, 0.17426596650497814, 0.07704385837554711, 0.045867865305173255, 0.045867865305173255]
Timestep: 230, Trans probs: [0.2627947446998797, 0.047173385423922486, 0.3439982592870972, 0.047173385423922486, 0.13147228067293407, 0.07304117364439909, 0.047173385423922486, 0.047173385423922486]
Timestep: 231, Trans probs: [0.19902859766682965, 0.06673989087866525, 0.3117570121661247, 0.04566822924580719, 0.21079594895111647, 0.07467386259984225, 0.04566822924580719, 0.04566822924580719]
Timestep: 232, Trans probs: [0.2463898638102484, 0.04720548095836217, 0.3686086551047105, 0.04720548095836217, 0.12507820878854267, 0.07110134846304982, 0.04720548095836217, 0.04720548095836217]
Timestep: 233, Trans probs: [0.23104763944062798, 0.04733000691314703, 0.34377609066506715, 0.04733000691314703, 0.166485891892528, 0.06937035034918868, 0.04733000691314703, 0.04733000691314703]
Timestep: 234, Trans probs: [0.18825688959945028, 0.0650662054758982, 0.2932325208494336, 0.04544372616382414, 0.24465867930648194, 0.07245452627726352, 0.04544372616382414, 0.04544372616382414]
Timestep: 235, Trans probs: [0.17825807577637495, 0.06352458225612638, 0.32127621206601337, 0.045249210063655225, 0.23078781388053207, 0.07040568582998745, 0.045249210063655225, 0.045249210063655225]
Timestep: 236, Trans probs: [0.18853929717286483, 0.05759061693628899, 0.3403236110996453, 0.04499226592952844, 0.1343553503090747, 0.14421432669354087, 0.04499226592952844, 0.04499226592952844]
Timestep: 237, Trans probs: [0.21406360515703415, 0.062166552616188815, 0.3019408948993393, 0.04516582462598519, 0.2177637505096694, 0.06856772293981285, 0.04516582462598519, 0.04516582462598519]
Timestep: 238, Trans probs: [0.17864862775296864, 0.05654362662381097, 0.3649782295298526, 0.04479611102360145, 0.12812401856231156, 0.1373171644602519, 0.04479611102360145, 0.04479611102360145]
Timestep: 239, Trans probs: [0.21409455184924045, 0.0556884055553379, 0.3427709303542055, 0.04475413810659252, 0.1223134840976999, 0.13087021382373862, 0.04475413810659252, 0.04475413810659252]
Timestep: 240, Trans probs: [0.24733143958396234, 0.060871944878756384, 0.284100207464107, 0.04504438411557133, 0.2057318653280157, 0.06683139039844456, 0.04504438411557133, 0.04504438411557133]
Timestep: 241, Trans probs: [0.23328061598412586, 0.059675500392434064, 0.31245365222431654, 0.04493907991585025, 0.19454888548852053, 0.06522410616305224, 0.04493907991585025, 0.04493907991585025]
Timestep: 242, Trans probs: [0.21717183005972965, 0.047258807652203805, 0.3686886318704348, 0.047258807652203805, 0.15746127584186795, 0.06764303161915226, 0.047258807652203805, 0.047258807652203805]
Timestep: 243, Trans probs: [0.20419833805288412, 0.04730147444713103, 0.3441082204788305, 0.04730147444713103, 0.19636337534998757, 0.06612416832977354, 0.04730147444713103, 0.04730147444713103]
Timestep: 244, Trans probs: [0.22009706966599762, 0.058626497818592624, 0.2937361176458183, 0.04492011460961953, 0.22899270048981646, 0.06378727055091644, 0.04492011460961953, 0.04492011460961953]
Timestep: 245, Trans probs: [0.20788159100579662, 0.05762812149252358, 0.3212789509172308, 0.04487389880002637, 0.21615925658594407, 0.06243038359842576, 0.04487389880002637, 0.04487389880002637]
Timestep: 246, Trans probs: [0.19642232131147788, 0.05676577191086906, 0.34673317614375726, 0.04491106574474119, 0.20411618832007603, 0.06122934507959615, 0.04491106574474119, 0.04491106574474119]
Timestep: 247, Trans probs: [0.18565854490140915, 0.05604081762021214, 0.3702029765321208, 0.04503825399226396, 0.19279935970700487, 0.060183539262461255, 0.04503825399226396, 0.04503825399226396]
Timestep: 248, Trans probs: [0.19235750005923083, 0.04722389186372905, 0.36900160843990404, 0.04722389186372905, 0.18510995934352936, 0.0646353647024196, 0.04722389186372905, 0.04722389186372905]
Timestep: 249, Trans probs: [0.17554431950831995, 0.055450794421268, 0.34652858064752623, 0.0452566899666487, 0.22741712318090773, 0.05928911234203199, 0.0452566899666487, 0.0452566899666487]
Timestep: 250, Trans probs: [0.16618536725016686, 0.05484631534976752, 0.37010069849568583, 0.04539533184230345, 0.21427679246343315, 0.05840483091403628, 0.04539533184230345, 0.04539533184230345]
Timestep: 251, Trans probs: [0.2024019493580142, 0.05485661794172357, 0.3669279153893727, 0.04467203765702791, 0.11691367522238279, 0.12488372911742289, 0.04467203765702791, 0.04467203765702791]
Timestep: 252, Trans probs: [0.18130061484225526, 0.04726178429830875, 0.3917029012214419, 0.04726178429830875, 0.1746071143227638, 0.06334223242030412, 0.04726178429830875, 0.04726178429830875]
Timestep: 253, Trans probs: [0.17097535267212738, 0.04740966057451826, 0.36493783376703354, 0.04740966057451826, 0.21221451011042575, 0.062233661152340324, 0.04740966057451826, 0.04740966057451826]
Timestep: 254, Trans probs: [0.203036287746983, 0.05436723273950147, 0.3461488248095052, 0.045619937977357514, 0.20192704768162703, 0.057660793090310726, 0.045619937977357514, 0.045619937977357514]
Timestep: 255, Trans probs: [0.16151332197364826, 0.047440370453107776, 0.388015309993426, 0.047440370453107776, 0.19958434579384313, 0.06112554042665159, 0.047440370453107776, 0.047440370453107776]
Timestep: 256, Trans probs: [0.1916023645737333, 0.05382814062742558, 0.3242272657664123, 0.045721868966363786, 0.23629628129296082, 0.056880340840376686, 0.045721868966363786, 0.045721868966363786]
Timestep: 257, Trans probs: [0.19137451940681308, 0.05419318597003483, 0.34434372004845315, 0.04472399917478111, 0.15661518063681984, 0.1193013964135358, 0.04472399917478111, 0.04472399917478111]
Timestep: 258, Trans probs: [0.22589158572352738, 0.05344016329439003, 0.32382306192514926, 0.04461610173782973, 0.14888426057826726, 0.1141126232651769, 0.04461610173782973, 0.04461610173782973]
Timestep: 259, Trans probs: [0.2268039736596652, 0.05328918848158002, 0.30399798424118285, 0.045773211478324645, 0.2224700901847059, 0.05611912899789216, 0.045773211478324645, 0.045773211478324645]
Timestep: 260, Trans probs: [0.21373550998099436, 0.05274336167706455, 0.3311282115044859, 0.045769815975381954, 0.20971440474540018, 0.05536906416590909, 0.045769815975381954, 0.045769815975381954]
Timestep: 261, Trans probs: [0.21349578887161685, 0.052724707963736094, 0.3492925594927658, 0.04449831067189108, 0.14170426215043, 0.1092877495057781, 0.04449831067189108, 0.04449831067189108]
Timestep: 262, Trans probs: [0.24631402158376783, 0.05216399894345506, 0.3282043629650333, 0.044507006820676896, 0.13498467017109306, 0.10481192587462, 0.044507006820676896, 0.044507006820676896]
Timestep: 263, Trans probs: [0.247348391822948, 0.05230556308341905, 0.31029967284086685, 0.045842805802360796, 0.19777901301871134, 0.0547389418269725, 0.045842805802360796, 0.045842805802360796]
Timestep: 264, Trans probs: [0.23268477789936393, 0.051874845659572025, 0.336925999780989, 0.045883696363686416, 0.18673263456405673, 0.054130653004958826, 0.045883696363686416, 0.045883696363686416]
Timestep: 265, Trans probs: [0.21895635569717636, 0.05154350923349938, 0.36147011259952394, 0.04599627327810463, 0.17640902977556627, 0.05363217285992025, 0.04599627327810463, 0.04599627327810463]
Timestep: 266, Trans probs: [0.20609011355746923, 0.05131544882954748, 0.38403232853016306, 0.0461869798780971, 0.16675473252973194, 0.05324643691879686, 0.0461869798780971, 0.0461869798780971]
Timestep: 267, Trans probs: [0.23235777559765577, 0.05163874773631966, 0.35309452564396504, 0.04451145434767054, 0.1287300145182495, 0.10064457346079848, 0.04451145434767054, 0.04451145434767054]
Timestep: 268, Trans probs: [0.2404872382328735, 0.05119009377336561, 0.35825133733203923, 0.04645707855874412, 0.15772791067161535, 0.052972184313873905, 0.04645707855874412, 0.04645707855874412]
Timestep: 269, Trans probs: [0.21919323807603905, 0.05124536351813155, 0.3760194416481188, 0.04462174568364042, 0.12288870155631577, 0.09678801815047368, 0.04462174568364042, 0.04462174568364042]
Timestep: 270, Trans probs: [0.15270158362470326, 0.047577792980585634, 0.40901200999191684, 0.047577792980585634, 0.18778588962655804, 0.06018934483447921, 0.047577792980585634, 0.047577792980585634]
Timestep: 271, Trans probs: [0.272457236236091, 0.05100921114607823, 0.33457002209244446, 0.04663842954913889, 0.1493933295910054, 0.052654912286964214, 0.04663842954913889, 0.04663842954913889]
Timestep: 272, Trans probs: [0.25532295093784363, 0.050823762286537566, 0.35946935187672735, 0.04678750461396252, 0.14167791368383975, 0.05234350737316418, 0.04678750461396252, 0.04678750461396252]
Timestep: 273, Trans probs: [0.23930818193504488, 0.05072039565118916, 0.38234948324686496, 0.0469981857766059, 0.13450548741471127, 0.05212189442237194, 0.0469981857766059, 0.0469981857766059]
Timestep: 274, Trans probs: [0.22433305065966958, 0.05070209944955868, 0.4033048903964691, 0.04727509681135611, 0.12784222324437383, 0.051992445815860454, 0.04727509681135611, 0.04727509681135611]
Timestep: 275, Trans probs: [0.21033488002345807, 0.0507678442812307, 0.42242862329016956, 0.047618425075451824, 0.12165970316318753, 0.05195367401559858, 0.047618425075451824, 0.047618425075451824]
Timestep: 276, Trans probs: [0.20677059403007728, 0.05097967576348576, 0.3522448867358994, 0.04483551045387029, 0.16227260016220574, 0.09322571194672104, 0.04483551045387029, 0.04483551045387029]
Timestep: 277, Trans probs: [0.13213633677840697, 0.10158986530667649, 0.3956104928524434, 0.048061200631110586, 0.14670203605056079, 0.07977766711858061, 0.048061200631110586, 0.048061200631110586]
Timestep: 278, Trans probs: [0.1954081486280449, 0.05057977010135597, 0.3306458515976616, 0.04486795127974264, 0.15404134515015314, 0.13472103068355654, 0.04486795127974264, 0.04486795127974264]
Timestep: 279, Trans probs: [0.22975992630644732, 0.050016009132205476, 0.3111810849727104, 0.0446896676210734, 0.1464952041487346, 0.12847877257668197, 0.0446896676210734, 0.0446896676210734]
Timestep: 280, Trans probs: [0.24528820103359036, 0.05091370943751843, 0.3917880126964184, 0.048025171991348335, 0.11593324974939541, 0.05200131110903249, 0.048025171991348335, 0.048025171991348335]
Timestep: 281, Trans probs: [0.22939020787837616, 0.05094975420669848, 0.41217856247530216, 0.04829800742598747, 0.11063925448786462, 0.05194819867379627, 0.04829800742598747, 0.04829800742598747]
Timestep: 282, Trans probs: [0.21715864752774455, 0.049487580825898374, 0.3376299888250163, 0.04451899342205259, 0.13948656269561746, 0.12268023985956553, 0.04451899342205259, 0.04451899342205259]
Timestep: 283, Trans probs: [0.14450141513419773, 0.04781481333396971, 0.4280552936176426, 0.04781481333396971, 0.17676987028649008, 0.05941416762579069, 0.04781481333396971, 0.04781481333396971]
Timestep: 284, Trans probs: [0.26321347188734606, 0.051064605364367174, 0.3820771983703857, 0.04863467298415174, 0.10576117388558706, 0.051979531539858695, 0.04863467298415174, 0.04863467298415174]
Timestep: 285, Trans probs: [0.24562846173416203, 0.051095444267601355, 0.4034895827321138, 0.048867282100579786, 0.10125026570920871, 0.05193439925517479, 0.048867282100579786, 0.048867282100579786]
Timestep: 286, Trans probs: [0.13688046443398297, 0.04814225647649645, 0.4452662558731121, 0.04814225647649645, 0.1664962005386331, 0.05878805324828604, 0.04814225647649645, 0.04814225647649645]
Timestep: 287, Trans probs: [0.17343068430222536, 0.09735320934130132, 0.36954240897659174, 0.047799120170057066, 0.13911574060002088, 0.07716059626968953, 0.047799120170057066, 0.047799120170057066]
Timestep: 288, Trans probs: [0.12981069618550886, 0.04854966276729769, 0.4122115771661391, 0.04854966276729769, 0.15693097928225422, 0.10684809629690707, 0.04854966276729769, 0.04854966276729769]
Timestep: 289, Trans probs: [0.22928465486034758, 0.05119902401093545, 0.37379892645102025, 0.04915924860254218, 0.14627260187690774, 0.0519670469931624, 0.04915924860254218, 0.04915924860254218]
Timestep: 290, Trans probs: [0.2147299774664228, 0.05101068765516367, 0.3967216051329896, 0.04913546291275307, 0.13841458753069263, 0.0517167534764721, 0.04913546291275307, 0.04913546291275307]
Timestep: 291, Trans probs: [0.20119802587030236, 0.05094272539187489, 0.41744469482107127, 0.049221715867216485, 0.1311586807256906, 0.051590725589411475, 0.049221715867216485, 0.049221715867216485]
Timestep: 292, Trans probs: [0.188622825654737, 0.05098581415128576, 0.4361186501697254, 0.049409333275145455, 0.12446531425468385, 0.05157939594413165, 0.049409333275145455, 0.049409333275145455]
Timestep: 293, Trans probs: [0.1769498571417502, 0.05112892964327121, 0.45288605024177836, 0.049687789038335775, 0.11830024318855484, 0.05167155266963797, 0.049687789038335775, 0.049687789038335775]
Timestep: 294, Trans probs: [0.16613227458799706, 0.05136010829307301, 0.4678830964011364, 0.05004551911897861, 0.11263288160465881, 0.051855081756198795, 0.05004551911897861, 0.05004551911897861]
Timestep: 295, Trans probs: [0.20528480226077395, 0.04910231024459612, 0.31750162458109266, 0.044474163136110634, 0.17740885748742016, 0.11727991601778513, 0.044474163136110634, 0.044474163136110634]
Timestep: 296, Trans probs: [0.2065987013638913, 0.051666982907014124, 0.43077023285224253, 0.05047049425579782, 0.10743511133874653, 0.05211748877071196, 0.05047049425579782, 0.05047049425579782]
Timestep: 297, Trans probs: [0.12336844702836901, 0.04850708282223695, 0.43203608053449233, 0.04850708282223695, 0.14835288673922142, 0.10221425440896943, 0.04850708282223695, 0.04850708282223695]
Timestep: 298, Trans probs: [0.16401039817322074, 0.0934167154299269, 0.3459860602336832, 0.047434568265020245, 0.17960350153273977, 0.07467961983536858, 0.047434568265020245, 0.047434568265020245]
Timestep: 299, Trans probs: [0.19313328892454817, 0.05174620349483382, 0.3977070184948118, 0.05065431575983598, 0.15329321713065228, 0.05215732467564589, 0.05065431575983598, 0.05065431575983598]
Timestep: 300, Trans probs: [0.18113669780298883, 0.05153589263171121, 0.4191918220847127, 0.050535026610728624, 0.14461776563264453, 0.05191274201575695, 0.050535026610728624, 0.050535026610728624]
Timestep: 301, Trans probs: [0.17004002589451764, 0.05146890976855595, 0.4383886683718435, 0.05055322254698645, 0.13662904097475992, 0.05181368734936365, 0.05055322254698645, 0.05055322254698645]
Timestep: 302, Trans probs: [0.159786130043267, 0.05152789128678099, 0.45548664673296574, 0.050691847154805174, 0.12928110908445253, 0.051842681388118254, 0.050691847154805174, 0.050691847154805174]
Timestep: 303, Trans probs: [0.11742327529215553, 0.04861712903927103, 0.4011240942629967, 0.04861712903927103, 0.14038682973737995, 0.14659728455038376, 0.04861712903927103, 0.04861712903927103]
Timestep: 304, Trans probs: [0.15032565121601302, 0.05169550604199889, 0.4197276406086091, 0.050933816631051246, 0.17346745238233868, 0.05198229985788643, 0.050933816631051246, 0.050933816631051246]
Timestep: 305, Trans probs: [0.19436131983663152, 0.048648930300430486, 0.34338643667227614, 0.04433104315701991, 0.16835411204355946, 0.11225607167604279, 0.04433104315701991, 0.04433104315701991]
Timestep: 306, Trans probs: [0.1927005105217255, 0.05159931355126326, 0.3881691403220501, 0.0509027393964067, 0.1629612274601474, 0.051861589955593736, 0.0509027393964067, 0.0509027393964067]
Timestep: 307, Trans probs: [0.18075414729250505, 0.051342087306280745, 0.4107329399564877, 0.050703218903682984, 0.15347853258373748, 0.051582636149940034, 0.050703218903682984, 0.050703218903682984]
Timestep: 308, Trans probs: [0.1840734865918948, 0.048336686235726435, 0.3672106274035793, 0.04431440517224847, 0.1598467534824733, 0.10758923076958066, 0.04431440517224847, 0.04431440517224847]
Timestep: 309, Trans probs: [0.2203617394101263, 0.05123592598926884, 0.38025275505000555, 0.05065105173757385, 0.1447402795612042, 0.051456144776673644, 0.05065105173757385, 0.05065105173757385]
Timestep: 310, Trans probs: [0.1119509436689197, 0.048468442835001464, 0.42216980354816436, 0.048468442835001464, 0.1331377698989612, 0.138867711543949, 0.048468442835001464, 0.048468442835001464]
Timestep: 311, Trans probs: [0.20616245835157698, 0.051026265252245295, 0.3528277306446443, 0.05048977018378409, 0.18728596705059036, 0.051228268149590826, 0.05048977018378409, 0.05048977018378409]
Timestep: 312, Trans probs: [0.1933879488202944, 0.050678652368885246, 0.3784900040870175, 0.05018513224156894, 0.17602352379982153, 0.05086447419927443, 0.05018513224156894, 0.05018513224156894]
Timestep: 313, Trans probs: [0.17437810118799502, 0.04816056036076462, 0.3890921464085163, 0.044420362986021825, 0.15185039560391486, 0.10325770748074366, 0.044420362986021825, 0.044420362986021825]
Timestep: 314, Trans probs: [0.20988453710550772, 0.0481129116322664, 0.3644966972830655, 0.04464201643531458, 0.1443368578733186, 0.09924294679989806, 0.04464201643531458, 0.04464201643531458]
Timestep: 315, Trans probs: [0.23158977321348082, 0.050481383185124344, 0.35158029633657134, 0.05002807864525877, 0.16561224841951208, 0.05065206290953519, 0.05002807864525877, 0.05002807864525877]
Timestep: 316, Trans probs: [0.2168166842397594, 0.05022976827732347, 0.3769990426946509, 0.04981281020444703, 0.15612931146513795, 0.05038676270978718, 0.04981281020444703, 0.04981281020444703]
Timestep: 317, Trans probs: [0.1069267463241529, 0.048488506225482036, 0.4409844090670674, 0.048488506225482036, 0.12643008695969485, 0.13170473274715672, 0.048488506225482036, 0.048488506225482036]
Timestep: 318, Trans probs: [0.19824569307649392, 0.047990689867234836, 0.38661780761123843, 0.04476688985019624, 0.13736439374739023, 0.0954807461470538, 0.04476688985019624, 0.04476688985019624]
Timestep: 319, Trans probs: [0.20311547128270777, 0.05010960429572729, 0.35023891426028547, 0.04972663885652038, 0.19710229388236894, 0.050253799709349435, 0.04972663885652038, 0.04972663885652038]
Timestep: 320, Trans probs: [0.15097521895003602, 0.04865445802879528, 0.4091000150882632, 0.04865445802879528, 0.12023150197357674, 0.12507543187294293, 0.04865445802879528, 0.04865445802879528]
Timestep: 321, Trans probs: [0.18727335222546282, 0.047987927502626114, 0.406892580340426, 0.04499948555391209, 0.13083677804415253, 0.09201090522559613, 0.04499948555391209, 0.04499948555391209]
Timestep: 322, Trans probs: [0.19072735021055756, 0.04986394284921944, 0.32617515942637404, 0.04951136933206858, 0.234702744521799, 0.04999669499584413, 0.04951136933206858, 0.04951136933206858]
Timestep: 323, Trans probs: [0.17693678554844353, 0.04809669404048844, 0.4254186266252368, 0.04533236220243218, 0.12473251940656532, 0.08881828777196937, 0.04533236220243218, 0.04533236220243218]
Timestep: 324, Trans probs: [0.2129685229712277, 0.04830758905516768, 0.39653209359561953, 0.04575643047793249, 0.11903359253803387, 0.08588891040615373, 0.04575643047793249, 0.04575643047793249]
Timestep: 325, Trans probs: [0.2286872023339846, 0.049587147803283736, 0.3042712019878827, 0.049262170577029765, 0.2199584268405597, 0.04970950930320006, 0.049262170577029765, 0.049262170577029765]
Timestep: 326, Trans probs: [0.21456902457064325, 0.04927997945977033, 0.33330454934355436, 0.048980062323781444, 0.20651335440306065, 0.049392905251627275, 0.048980062323781444, 0.048980062323781444]
Timestep: 327, Trans probs: [0.20148409433686174, 0.04908334127382788, 0.3597681136183431, 0.048806809956519134, 0.19405655914151054, 0.04918746175989939, 0.048806809956519134, 0.048806809956519134]
Timestep: 328, Trans probs: [0.1553958817680826, 0.08975856994865243, 0.37159988416540385, 0.04700482181845423, 0.1698941958900864, 0.07233700277241203, 0.04700482181845423, 0.04700482181845423]
Timestep: 329, Trans probs: [0.18933531025561737, 0.04900068697032439, 0.33508739987135183, 0.04874604965744276, 0.182495840419489, 0.09784261351088913, 0.04874604965744276, 0.04874604965744276]
Timestep: 330, Trans probs: [0.1785907322360801, 0.04852630347514142, 0.36196645901762026, 0.048290301440391654, 0.17225179950203018, 0.09379380144795305, 0.048290301440391654, 0.048290301440391654]
Timestep: 331, Trans probs: [0.16858530599692106, 0.048236520441238155, 0.38628125258755996, 0.04801814745070276, 0.16271988327120204, 0.09012259535097045, 0.04801814745070276, 0.04801814745070276]
Timestep: 332, Trans probs: [0.20051904222022932, 0.04839047271547747, 0.416145049512332, 0.04603348313874877, 0.11373351116879647, 0.08311147496691847, 0.04603348313874877, 0.04603348313874877]
Timestep: 333, Trans probs: [0.19143231298807872, 0.04856033803959575, 0.3807921373025084, 0.04856033803959575, 0.11453471233815857, 0.11899948521287132, 0.04856033803959575, 0.04856033803959575]
Timestep: 334, Trans probs: [0.20717808307381944, 0.0481158173807096, 0.36031704604136994, 0.047914138994779476, 0.15384693263810736, 0.08679970388165523, 0.047914138994779476, 0.047914138994779476]
Timestep: 335, Trans probs: [0.19504383707535397, 0.04791950505512747, 0.38442238483310814, 0.047732963025919006, 0.14571529363021787, 0.08370009032843542, 0.047732963025919006, 0.047732963025919006]
Timestep: 336, Trans probs: [0.18031776690402243, 0.048350983368197396, 0.40357503930962446, 0.048350983368197396, 0.10928963823812074, 0.11341362207544291, 0.048350983368197396, 0.048350983368197396]
Timestep: 337, Trans probs: [0.1888209806797932, 0.04857354235951278, 0.3876067528486619, 0.04640063196299796, 0.1552139687606969, 0.08058285946234128, 0.04640063196299796, 0.04640063196299796]
Timestep: 338, Trans probs: [0.18370553246478769, 0.04787273365688924, 0.3585496104149566, 0.04770050839968836, 0.18586337619940432, 0.08090722206489724, 0.04770050839968836, 0.04770050839968836]
Timestep: 339, Trans probs: [0.07405368717759435, 0.07405368717759435, 0.2672467983366717, 0.07405368717759435, 0.14282047158266445, 0.21966429419269204, 0.07405368717759435, 0.07405368717759435]
Timestep: 340, Trans probs: [0.2182603489671699, 0.04830894854599361, 0.3757422917859759, 0.04830894854599361, 0.10448010914975785, 0.10828145591312205, 0.04830894854599361, 0.04830894854599361]
Timestep: 341, Trans probs: [0.17337178087562077, 0.0952395174914179, 0.3351373227512704, 0.04754008743975911, 0.17536821544238215, 0.07826290112003145, 0.04754008743975911, 0.04754008743975911]
Timestep: 342, Trans probs: [0.16414599439065744, 0.09142137035749451, 0.3617388070949975, 0.047023282207338604, 0.16600425302781713, 0.07561972850701744, 0.047023282207338604, 0.047023282207338604]
Timestep: 343, Trans probs: [0.1781927604742572, 0.048523853606995175, 0.40849943426969487, 0.04651484068518238, 0.14712064571182945, 0.07811878388167619, 0.04651484068518238, 0.04651484068518238]
Timestep: 344, Trans probs: [0.2149783701861206, 0.048597345659722416, 0.3807239586642603, 0.04674375699135869, 0.13956634570857585, 0.07590270880724483, 0.04674375699135869, 0.04674375699135869]
Timestep: 345, Trans probs: [0.20224391213709658, 0.0879626807296451, 0.33911810570833345, 0.046711843076793665, 0.15725860118256985, 0.07328117101197397, 0.046711843076793665, 0.046711843076793665]
Timestep: 346, Trans probs: [0.20226056992131153, 0.04856642644323091, 0.402221908166379, 0.046854177564154935, 0.13259886094328233, 0.07378970183333139, 0.046854177564154935, 0.046854177564154935]
Timestep: 347, Trans probs: [0.2374350491563922, 0.08474851717044332, 0.3183909789724786, 0.0463740832460074, 0.14921246195217827, 0.07109074301048537, 0.0463740832460074, 0.0463740832460074]
Timestep: 348, Trans probs: [0.19034372466832927, 0.04865066692659129, 0.4217633574845583, 0.04707211764812942, 0.12612149518552693, 0.071904402790606, 0.04707211764812942, 0.04707211764812942]
Timestep: 349, Trans probs: [0.26994470711634977, 0.08178308290491759, 0.2992101505140606, 0.04607193444757737, 0.14177306234746534, 0.0690731937744748, 0.04607193444757737, 0.04607193444757737]
Timestep: 350, Trans probs: [0.17918846160408114, 0.04884011090613837, 0.4394673447356212, 0.04738794875915464, 0.1201082086640517, 0.07023202781264369, 0.04738794875915464, 0.04738794875915464]
Timestep: 351, Trans probs: [0.21655321716316397, 0.0491236066657612, 0.4076566831027253, 0.047790754992980355, 0.11453627666948385, 0.06875795141992458, 0.047790754992980355, 0.047790754992980355]
Timestep: 352, Trans probs: [0.29995507790708187, 0.07906473312100308, 0.28133846630338566, 0.045842432907298065, 0.1348737785577556, 0.06724064538887962, 0.045842432907298065, 0.045842432907298065]
Timestep: 353, Trans probs: [0.20505577431751948, 0.04819018469621532, 0.3986022064689479, 0.04819018469621532, 0.10003631368359694, 0.1035449667450745, 0.04819018469621532, 0.04819018469621532]
Timestep: 354, Trans probs: [0.20315474356348084, 0.049249637112773616, 0.4268458459772683, 0.04802444953709374, 0.10937845130662906, 0.06729797342856692, 0.04802444953709374, 0.04802444953709374]
Timestep: 355, Trans probs: [0.281914846935356, 0.07658792701899508, 0.26460991890163854, 0.045706393550327976, 0.17417118922149613, 0.06559693727153036, 0.045706393550327976, 0.045706393550327976]
Timestep: 356, Trans probs: [0.26545423082210307, 0.0742293098789221, 0.29480655966474123, 0.04546874210458655, 0.16511048419182847, 0.06399318912864543, 0.04546874210458655, 0.04546874210458655]
Timestep: 357, Trans probs: [0.250041854984322, 0.07208729721427523, 0.32267984704891234, 0.045322615632745984, 0.15666162520827775, 0.06256152864597482, 0.045322615632745984, 0.045322615632745984]
Timestep: 358, Trans probs: [0.1906476644910208, 0.0494710642309414, 0.44418591177317196, 0.04834720407708242, 0.10462700909413089, 0.06602673817948773, 0.04834720407708242, 0.04834720407708242]
Timestep: 359, Trans probs: [0.06993724481826605, 0.06993724481826605, 0.2455892252609475, 0.06993724481826605, 0.20239753612072825, 0.2023270145269939, 0.06993724481826605, 0.06993724481826605]
Timestep: 360, Trans probs: [0.280846947115094, 0.07015720784046442, 0.30308553792847015, 0.04527916342040198, 0.148769908022325, 0.06130290883244043, 0.04527916342040198, 0.04527916342040198]
Timestep: 361, Trans probs: [0.14736187907071457, 0.08644840336415975, 0.3947775365275158, 0.046771589583951535, 0.16081676746538598, 0.07028064482036929, 0.046771589583951535, 0.046771589583951535]
Timestep: 362, Trans probs: [0.2641316735669044, 0.06838838670336335, 0.2847926458383138, 0.04527520519634827, 0.141424256299071, 0.10543742200330268, 0.04527520519634827, 0.04527520519634827]
Timestep: 363, Trans probs: [0.17899141208996527, 0.09852619190834365, 0.4110460962871937, 0.0487487810216493, 0.1002597168268452, 0.0649302398227042, 0.0487487810216493, 0.0487487810216493]
Timestep: 364, Trans probs: [0.21732514707214823, 0.09452542212336448, 0.38246654983492545, 0.048662859053136893, 0.09612261037587444, 0.06357169343427665, 0.048662859053136893, 0.048662859053136893]
Timestep: 365, Trans probs: [0.2942017532969137, 0.0665428491976195, 0.2685134175624779, 0.04497126634452568, 0.134707386033597, 0.10112079487581493, 0.04497126634452568, 0.04497126634452568]
Timestep: 366, Trans probs: [0.2771861718225017, 0.06489097160276476, 0.2980065900743985, 0.04477516054335276, 0.1284553819329133, 0.09713540293736347, 0.04477516054335276, 0.04477516054335276]
Timestep: 367, Trans probs: [0.20411964314138495, 0.09081980977201112, 0.4049907797164043, 0.048505213742448545, 0.09229343817748493, 0.06226068796536908, 0.048505213742448545, 0.048505213742448545]
Timestep: 368, Trans probs: [0.3058778405102366, 0.06341307472327, 0.28060465745790075, 0.044671366764666987, 0.12263542531355615, 0.0934549017010355, 0.044671366764666987, 0.044671366764666987]
Timestep: 369, Trans probs: [0.2877753638329074, 0.06209504504291286, 0.30890241667037516, 0.04465071818148867, 0.11721777150310124, 0.09005724840623724, 0.04465071818148867, 0.04465071818148867]
Timestep: 370, Trans probs: [0.1917860935583473, 0.08746562186981337, 0.4252421604897978, 0.048504588249202917, 0.08882246067337514, 0.061169898661057674, 0.048504588249202917, 0.048504588249202917]
Timestep: 371, Trans probs: [0.24093629511599687, 0.04821557584835034, 0.3710163863024313, 0.04821557584835034, 0.09597641570585982, 0.09920859948231063, 0.04821557584835034, 0.04821557584835034]
Timestep: 372, Trans probs: [0.18027683298549518, 0.0844364294057375, 0.3947555763299078, 0.048642484788305074, 0.13432545743163735, 0.060278249482306964, 0.048642484788305074, 0.048642484788305074]
Timestep: 373, Trans probs: [0.31546835256264283, 0.060920682716937076, 0.29041303572855487, 0.04470018009688261, 0.11217621903397632, 0.08692116966724116, 0.04470018009688261, 0.04470018009688261]
Timestep: 374, Trans probs: [0.29631505784835604, 0.05987841649588648, 0.3178544232473542, 0.04481200020199831, 0.10748712909917228, 0.08402897270323618, 0.04481200020199831, 0.04481200020199831]
Timestep: 375, Trans probs: [0.27833373078927776, 0.058954673388946326, 0.3432943661355437, 0.04497521493425254, 0.10312868311606863, 0.081362901767406, 0.04497521493425254, 0.04497521493425254]
Timestep: 376, Trans probs: [0.0664217158808927, 0.0664217158808927, 0.2932241345607766, 0.0664217158808927, 0.18736583822160457, 0.18730144781315536, 0.0664217158808927, 0.0664217158808927]
Timestep: 377, Trans probs: [0.13986922289512765, 0.08345907306715805, 0.4157090320959282, 0.04671556132239732, 0.1523293930210026, 0.06848659495359158, 0.04671556132239732, 0.04671556132239732]
Timestep: 378, Trans probs: [0.274050342092123, 0.04818465715315981, 0.3457944833800801, 0.04818465715315981, 0.09221829892267809, 0.09519824699247957, 0.04818465715315981, 0.04818465715315981]
Timestep: 379, Trans probs: [0.1699458654761117, 0.08151019972203108, 0.4163354745633589, 0.04848173569252545, 0.1275447450964444, 0.05921850806447757, 0.04848173569252545, 0.04848173569252545]
Timestep: 380, Trans probs: [0.2614236441550184, 0.10335599702340907, 0.32161396723393554, 0.04520155230415766, 0.09908458499565125, 0.07891714967951283, 0.04520155230415766, 0.04520155230415766]
Timestep: 381, Trans probs: [0.16032087251007518, 0.0788976841197614, 0.4356612990581984, 0.04848820140726145, 0.12128193518546164, 0.058373604904718976, 0.04848820140726145, 0.04848820140726145]
Timestep: 382, Trans probs: [0.29144455852588397, 0.09921613260393397, 0.30239923407667163, 0.04507835962325, 0.09523974290952483, 0.07646525301423582, 0.04507835962325, 0.04507835962325]
Timestep: 383, Trans probs: [0.27420615425851563, 0.09538653485604888, 0.329421809027511, 0.0450251176344681, 0.09168751641827193, 0.07422263253624829, 0.0450251176344681, 0.0450251176344681]
Timestep: 384, Trans probs: [0.25798675004810706, 0.09185434651632292, 0.3543509269385298, 0.045066061672379316, 0.08841777268941435, 0.07219201879048799, 0.045066061672379316, 0.045066061672379316]
Timestep: 385, Trans probs: [0.2427049151413713, 0.08860427993334896, 0.3772946638511662, 0.04520453213299783, 0.08541659229139802, 0.07036595238372205, 0.04520453213299783, 0.04520453213299783]
Timestep: 386, Trans probs: [0.2283006034100256, 0.08562207483612039, 0.3983535771379579, 0.04543916353096104, 0.08267066206814042, 0.06873559195487257, 0.04543916353096104, 0.04543916353096104]
Timestep: 387, Trans probs: [0.15136402334830631, 0.07657266889699793, 0.4529182656601183, 0.04864000689745773, 0.11550476683219912, 0.05772025457000532, 0.04864000689745773, 0.04864000689745773]
Timestep: 388, Trans probs: [0.19195917477109706, 0.07451104202523452, 0.41936029378700085, 0.0489160631730741, 0.11018491454544457, 0.057236385352000686, 0.0489160631730741, 0.0489160631730741]
Timestep: 389, Trans probs: [0.30456601440541076, 0.04815321988852787, 0.3225645180544546, 0.04815321988852787, 0.08875446264364321, 0.09150212534238009, 0.04815321988852787, 0.04815321988852787]
Timestep: 390, Trans probs: [0.26049416537076653, 0.08289422289522662, 0.37185742688540563, 0.04576530332387774, 0.08016712414292415, 0.06729115073404379, 0.04576530332387774, 0.04576530332387774]
Timestep: 391, Trans probs: [0.24444958006692427, 0.08033849715034146, 0.3933842607300567, 0.04602954910991081, 0.07781852375833173, 0.0659204909646133, 0.04602954910991081, 0.04602954910991081]
Timestep: 392, Trans probs: [0.1803787962929459, 0.0725012929399336, 0.3892494220371521, 0.048992001200755364, 0.15426016929179232, 0.05663431583591006, 0.048992001200755364, 0.048992001200755364]
Timestep: 393, Trans probs: [0.2757411426787492, 0.07801277877770187, 0.3667326584090148, 0.04636988019559827, 0.07568862525428294, 0.06471515429345633, 0.04636988019559827, 0.04636988019559827]
Timestep: 394, Trans probs: [0.25818184013182316, 0.07583639458644954, 0.3887496340120999, 0.04665525776589556, 0.07369305611248249, 0.06357330185945825, 0.04665525776589556, 0.04665525776589556]
Timestep: 395, Trans probs: [0.24172912032256516, 0.07386574503348933, 0.40892928570540266, 0.047002205300868884, 0.07189263279286844, 0.06257660024306765, 0.047002205300868884, 0.047002205300868884]
Timestep: 396, Trans probs: [0.22632356104356022, 0.07209199571565326, 0.42735575833442896, 0.047409984073295296, 0.07027911551522506, 0.061719617171246424, 0.047409984073295296, 0.047409984073295296]
Timestep: 397, Trans probs: [0.21191691784174188, 0.07050545322716896, 0.4441139027899822, 0.04787507008504678, 0.06884326401338339, 0.0609952518725832, 0.04787507008504678, 0.04787507008504678]
Timestep: 398, Trans probs: [0.2844723380079049, 0.04815674805502431, 0.3492168971981212, 0.04815674805502431, 0.08557573353339308, 0.08810803904048345, 0.04815674805502431, 0.04815674805502431]
Timestep: 399, Trans probs: [0.1328862937447651, 0.0807661437522021, 0.3877484466252258, 0.04681698124810103, 0.1912158474266208, 0.06693232470688333, 0.04681698124810103, 0.04681698124810103]
Timestep: 400, Trans probs: [0.19846842299601408, 0.06909574473997224, 0.4108977752243338, 0.04839195466866135, 0.11596701739786552, 0.06039517563583042, 0.04839195466866135, 0.04839195466866135]
Timestep: 401, Trans probs: [0.18652096175699936, 0.0675172607633934, 0.4303973408390874, 0.04847284059451895, 0.11063188891950658, 0.05951402593745638, 0.04847284059451895, 0.04847284059451895]
Timestep: 402, Trans probs: [0.17538023994790294, 0.0661567389523664, 0.4478913484127373, 0.04867746538434317, 0.10572803456765516, 0.05881124196630868, 0.04867746538434317, 0.04867746538434317]
Timestep: 403, Trans probs: [0.1699474261644024, 0.07050047992520342, 0.4113233717305104, 0.04882842413005584, 0.14586995297033184, 0.05587349681938455, 0.04882842413005584, 0.04882842413005584]
Timestep: 404, Trans probs: [0.21399780479103309, 0.06499459454013375, 0.41454242996109314, 0.048989123490311134, 0.10122935131704851, 0.05826844891975817, 0.048989123490311134, 0.048989123490311134]
Timestep: 405, Trans probs: [0.16024517406311264, 0.06876142538866474, 0.4311177370452875, 0.04882475583168245, 0.13809570050256734, 0.05530569550532039, 0.04882475583168245, 0.04882475583168245]
Timestep: 406, Trans probs: [0.2496315111747495, 0.06381192512733583, 0.3844753742624345, 0.049129043324657264, 0.09705247451498676, 0.05764158494652165, 0.049129043324657264, 0.049129043324657264]
Timestep: 407, Trans probs: [0.15123024504707303, 0.06726032576565842, 0.4488163611419637, 0.04896111352636348, 0.13089997290635239, 0.054909754559862106, 0.04896111352636348, 0.04896111352636348]
Timestep: 408, Trans probs: [0.28247544153153925, 0.06266855867435299, 0.357102866300835, 0.049186684924184015, 0.09319014811797385, 0.05700293060274679, 0.049186684924184015, 0.049186684924184015]
Timestep: 409, Trans probs: [0.1428671286270805, 0.06597478910223724, 0.4645885424716365, 0.04921796412750528, 0.1242504358702643, 0.05466521154626551, 0.04921796412750528, 0.04921796412750528]
Timestep: 410, Trans probs: [0.26577338930416367, 0.048232744561592426, 0.32537408324323724, 0.048232744561592426, 0.0826788436454503, 0.13324270556077908, 0.048232744561592426, 0.048232744561592426]
Timestep: 411, Trans probs: [0.24914391888594956, 0.048024523870668925, 0.3042456012483519, 0.048024523870668925, 0.12789495229209416, 0.12661743209092863, 0.048024523870668925, 0.048024523870668925]
Timestep: 412, Trans probs: [0.31269151978491294, 0.06160325792180563, 0.332006182814544, 0.04922175888907391, 0.08963371104549626, 0.05640005176601955, 0.04922175888907391, 0.04922175888907391]
Timestep: 413, Trans probs: [0.291149800298357, 0.06063990146755128, 0.35815464658508894, 0.04927314912225553, 0.08637307141257346, 0.055863132869662865, 0.04927314912225553, 0.04927314912225553]
Timestep: 414, Trans probs: [0.2711941057004915, 0.05980609261174186, 0.38202284935663877, 0.049382266104804694, 0.08340457446759524, 0.05542557954911835, 0.049382266104804694, 0.049382266104804694]
Timestep: 415, Trans probs: [0.1351244665416293, 0.06488373328891717, 0.42901522537645004, 0.04957646496432355, 0.16769468409483415, 0.05455249580519867, 0.04957646496432355, 0.04957646496432355]
Timestep: 416, Trans probs: [0.23432135104799617, 0.047580010384751265, 0.3330638166319265, 0.047580010384751265, 0.12174049044005111, 0.12055430034102109, 0.047580010384751265, 0.047580010384751265]
Timestep: 417, Trans probs: [0.30224342248707503, 0.05910215369689301, 0.35418202732113785, 0.049556214995811525, 0.08071318694698029, 0.055090564560479276, 0.049556214995811525, 0.049556214995811525]
Timestep: 418, Trans probs: [0.12807447590399887, 0.06368494660988416, 0.39748350324403753, 0.04965280661707966, 0.20758433099055468, 0.05421432340028573, 0.04965280661707966, 0.04965280661707966]
Timestep: 419, Trans probs: [0.3308017147882397, 0.05843978595462183, 0.32866829977843975, 0.04969779756834725, 0.07823075755034903, 0.05476604922330792, 0.04969779756834725, 0.04969779756834725]
Timestep: 420, Trans probs: [0.12162573768104733, 0.06247765032952153, 0.41869206424360955, 0.049587755790424466, 0.19466332477824963, 0.05377795559629857, 0.049587755790424466, 0.049587755790424466]
Timestep: 421, Trans probs: [0.220466643858683, 0.04729347391709557, 0.3593281964469783, 0.04729347391709557, 0.11606563422157534, 0.11496562980438105, 0.04729347391709557, 0.04729347391709557]
Timestep: 422, Trans probs: [0.35698966322034936, 0.05784489611353644, 0.30519380839134896, 0.04984307096232363, 0.07596021350863487, 0.05448220587915951, 0.04984307096232363, 0.04984307096232363]
Timestep: 423, Trans probs: [0.11569933392707708, 0.06147529163522695, 0.3880350556095029, 0.04965847357868404, 0.23231505648857578, 0.053499841603565045, 0.04965847357868404, 0.04965847357868404]
Timestep: 424, Trans probs: [0.38092414404369734, 0.05733291155003035, 0.2835403738637443, 0.050015019812948855, 0.07389987333375628, 0.05425763776992509, 0.050015019812948855, 0.050015019812948855]
Timestep: 425, Trans probs: [0.12645063727806638, 0.07821047956176569, 0.40912863082158063, 0.046788602345989395, 0.18043795062109494, 0.06540649467952406, 0.046788602345989395, 0.046788602345989395]
Timestep: 426, Trans probs: [0.11025788494684613, 0.06047727333561185, 0.4099056407961503, 0.049628793486262875, 0.21731744279670304, 0.05315537766590004, 0.049628793486262875, 0.049628793486262875]
Timestep: 427, Trans probs: [0.3524935601021724, 0.05691162147954762, 0.26353909938224546, 0.050227149191444546, 0.07204458612566636, 0.10432968533603451, 0.050227149191444546, 0.050227149191444546]
Timestep: 428, Trans probs: [0.32799941721750975, 0.056125727092881356, 0.29615728755419013, 0.0499774077606145, 0.07004489603817537, 0.09974044881539998, 0.0499774077606145, 0.0499774077606145]
Timestep: 429, Trans probs: [0.10527618152245664, 0.059659425140042854, 0.4295785226554071, 0.049718356792549996, 0.20338083734680817, 0.05294996295763532, 0.049718356792549996, 0.049718356792549996]
Timestep: 430, Trans probs: [0.20749473086936743, 0.047159050194488114, 0.3832213967131206, 0.047159050194488114, 0.11083306584956935, 0.1098146057899902, 0.047159050194488114, 0.047159050194488114]
Timestep: 431, Trans probs: [0.35525000100892923, 0.055436201877297406, 0.27618417124067035, 0.04978182457380005, 0.06823713636272172, 0.09554701578898096, 0.04978182457380005, 0.04978182457380005]
Timestep: 432, Trans probs: [0.10072296871508131, 0.059005795195828326, 0.3973020793455551, 0.04991454658221594, 0.24035562054269494, 0.0528698964541925, 0.04991454658221594, 0.04991454658221594]
Timestep: 433, Trans probs: [0.1465077002173078, 0.058314620112936505, 0.36812260319546863, 0.04998895551462675, 0.22439277779738762, 0.052695432133019186, 0.04998895551462675, 0.04998895551462675]
Timestep: 434, Trans probs: [0.3799884516251525, 0.054887267910939376, 0.2576656553465413, 0.04969317477901902, 0.06664616589812884, 0.09173293488218105, 0.04969317477901902, 0.04969317477901902]
Timestep: 435, Trans probs: [0.3526745496820766, 0.05447516708028272, 0.2901847237128452, 0.04971088001304018, 0.06526102789997089, 0.0882718915857039, 0.04971088001304018, 0.04971088001304018]
Timestep: 436, Trans probs: [0.32764782284605204, 0.05408778340502381, 0.3200385039488979, 0.04971715544915154, 0.06398244007900979, 0.08509198337356179, 0.04971715544915154, 0.04971715544915154]
Timestep: 437, Trans probs: [0.3046075934662049, 0.05375570347946132, 0.34737780244082916, 0.049747880241097574, 0.06282900721384829, 0.08218625267636362, 0.049747880241097574, 0.049747880241097574]
Timestep: 438, Trans probs: [0.28333095678655645, 0.0534968482549592, 0.3723424602060517, 0.04982482297665563, 0.06180993959877744, 0.07954532622368835, 0.04982482297665563, 0.04982482297665563]
Timestep: 439, Trans probs: [0.2636487483079188, 0.05332020115081033, 0.39506583667560197, 0.049959813317846075, 0.060927777049359984, 0.07715799686277074, 0.049959813317846075, 0.049959813317846075]
Timestep: 440, Trans probs: [0.24542913120776202, 0.0532284527539984, 0.4156772898266929, 0.05015769117601319, 0.060180344301071866, 0.07501170838243515, 0.05015769117601319, 0.05015769117601319]
Timestep: 441, Trans probs: [0.22856623553732913, 0.05321989552530754, 0.43430351518268406, 0.050418413199225236, 0.05956216626413371, 0.07309294789286987, 0.050418413199225236, 0.050418413199225236]
Timestep: 442, Trans probs: [0.1385602377444713, 0.05743960660211343, 0.3921848240838867, 0.04978160025858628, 0.21019949382205128, 0.052271036971718456, 0.04978160025858628, 0.04978160025858628]
Timestep: 443, Trans probs: [0.2637107649648639, 0.053289794522751316, 0.40033066310292137, 0.05073857266590607, 0.05906550104078984, 0.07138755837095541, 0.05073857266590607, 0.05073857266590607]
Timestep: 444, Trans probs: [0.19534229278124457, 0.04716682810901306, 0.40490828405281903, 0.04716682810901306, 0.10601166425231841, 0.10507044647756582, 0.04716682810901306, 0.04716682810901306]
Timestep: 445, Trans probs: [0.24510693999159974, 0.053251047333344737, 0.3696731011355419, 0.05092491536234449, 0.10944208863086652, 0.0697520768216138, 0.05092491536234449, 0.05092491536234449]
Timestep: 446, Trans probs: [0.22893830466152187, 0.05279461691722348, 0.3939619974239493, 0.05065898554372307, 0.1043838440981056, 0.06794428026803047, 0.05065898554372307, 0.05065898554372307]
Timestep: 447, Trans probs: [0.13123684661476107, 0.056749007648427136, 0.41384108669698605, 0.04971715477343193, 0.1970185509140064, 0.05200304380552359, 0.04971715477343193, 0.04971715477343193]
Timestep: 448, Trans probs: [0.26449199218243163, 0.052501018375618096, 0.36520361069494095, 0.050543570199476036, 0.09978597583917102, 0.06638669230941023, 0.050543570199476036, 0.050543570199476036]
Timestep: 449, Trans probs: [0.12449320006157549, 0.05622654465646568, 0.43327647690008275, 0.04978198828675154, 0.18478085240422248, 0.05187696111739912, 0.04978198828675154, 0.04978198828675154]
Timestep: 450, Trans probs: [0.16825254375779017, 0.055855335714607435, 0.40070142575452194, 0.04996120903246328, 0.1734298174836657, 0.051877250192024854, 0.04996120903246328, 0.04996120903246328]
Timestep: 451, Trans probs: [0.1673821324764228, 0.07592490738171778, 0.38154032759079065, 0.04690561613855561, 0.17033584073719385, 0.0640999433982082, 0.04690561613855561, 0.04690561613855561]
Timestep: 452, Trans probs: [0.18396081995379862, 0.04730451340150308, 0.4245396680064076, 0.04730451340150308, 0.10157475297731419, 0.10070670545646734, 0.04730451340150308, 0.04730451340150308]
Timestep: 453, Trans probs: [0.29705357850955316, 0.052199153809910304, 0.33902861329884476, 0.0504036656491755, 0.09557173569557081, 0.06493592173859457, 0.0504036656491755, 0.0504036656491755]
Timestep: 454, Trans probs: [0.2765371246996107, 0.051934547995159897, 0.36532797910892073, 0.05028756420943475, 0.0917197945219234, 0.06361786104608094, 0.05028756420943475, 0.05028756420943475]
Timestep: 455, Trans probs: [0.2575601187434041, 0.051772256983917776, 0.38917629855404284, 0.0502632392487254, 0.088224736436503, 0.06247687153595598, 0.0502632392487254, 0.0502632392487254]
Timestep: 456, Trans probs: [0.2399890576022705, 0.05171186282564472, 0.41073715165394675, 0.05033124871351475, 0.08506256930223291, 0.06150561247536085, 0.05033124871351475, 0.05033124871351475]
Timestep: 457, Trans probs: [0.22371869013359472, 0.05174855267590593, 0.4301654729409923, 0.05048751626137522, 0.0822106890163924, 0.06069404644898911, 0.05048751626137522, 0.05048751626137522]
Timestep: 458, Trans probs: [0.15846271753469957, 0.05529991376583552, 0.3718139103019397, 0.049890040648122046, 0.16321463337619443, 0.1015387030769646, 0.049890040648122046, 0.049890040648122046]
Timestep: 459, Trans probs: [0.19916194256091935, 0.05441753771051857, 0.3468866997355173, 0.0494186401113132, 0.1541342262614597, 0.09714367339764543, 0.0494186401113132, 0.0494186401113132]
Timestep: 460, Trans probs: [0.25938800279113317, 0.05187468103534131, 0.3968843772716727, 0.050724970842637926, 0.07964757342656614, 0.06003045294737272, 0.050724970842637926, 0.050724970842637926]
Timestep: 461, Trans probs: [0.18754158715514935, 0.053543270844663704, 0.3732144895170789, 0.04891550051810525, 0.1458568106163269, 0.09309734031246532, 0.04891550051810525, 0.04891550051810525]
Timestep: 462, Trans probs: [0.22533161015424122, 0.05288978763759633, 0.3482997234455554, 0.048613239561794905, 0.1381972387475379, 0.08944192132968436, 0.048613239561794905, 0.048613239561794905]
Timestep: 463, Trans probs: [0.1733119451352061, 0.04755847545142843, 0.44225518970861044, 0.04755847545142843, 0.09749887776002186, 0.09670008559044777, 0.04755847545142843, 0.04755847545142843]
Timestep: 464, Trans probs: [0.2921625989392515, 0.051892937558020644, 0.36683119518960927, 0.050843437416948516, 0.07724511297366589, 0.05933784308860712, 0.050843437416948516, 0.050843437416948516]
Timestep: 465, Trans probs: [0.2713005364736418, 0.0518696783800762, 0.3904042607106418, 0.0509112023277902, 0.07502303687741416, 0.05866888057485541, 0.0509112023277902, 0.0509112023277902]
Timestep: 466, Trans probs: [0.25206531033215085, 0.05191533639511908, 0.4117447440397439, 0.051041079426199454, 0.07303426260294049, 0.05811710835144709, 0.051041079426199454, 0.051041079426199454]
Timestep: 467, Trans probs: [0.23432511879394874, 0.05203106685730306, 0.4309939218785646, 0.05123480472364748, 0.07126591638162011, 0.05767956191762101, 0.05123480472364748, 0.05123480472364748]
Timestep: 468, Trans probs: [0.2117798497097363, 0.05225351432033959, 0.32553794039111966, 0.04829726964203177, 0.1794689075264245, 0.08606797912628458, 0.04829726964203177, 0.04829726964203177]
Timestep: 469, Trans probs: [0.26946162245602195, 0.0522141081123247, 0.3967997411782226, 0.05149007807144717, 0.06970408823159578, 0.05735020580749342, 0.05149007807144717, 0.05149007807144717]
Timestep: 470, Trans probs: [0.15838432103312575, 0.07370870334889235, 0.35666255913483647, 0.046841209739405115, 0.20796021981629773, 0.06276056744863248, 0.046841209739405115, 0.046841209739405115]
Timestep: 471, Trans probs: [0.2500710526052718, 0.05228017121239229, 0.36600480132070734, 0.0516209851205619, 0.06820375309449234, 0.10857726640545054, 0.0516209851205619, 0.0516209851205619]
Timestep: 472, Trans probs: [0.2332954115038136, 0.051894985804866525, 0.3909124335568826, 0.051290424882589544, 0.06649901866888601, 0.10352687581778276, 0.051290424882589544, 0.051290424882589544]
Timestep: 473, Trans probs: [0.21777449612810104, 0.051669650547397535, 0.4132174069084143, 0.05111606585622595, 0.06504227971508948, 0.0989479691323197, 0.05111606585622595, 0.05111606585622595]
Timestep: 474, Trans probs: [0.19947890369975116, 0.05156034371642336, 0.3528514711135391, 0.04789197125410518, 0.16951903514391825, 0.08291433256405258, 0.04789197125410518, 0.04789197125410518]
Timestep: 475, Trans probs: [0.16336415702864118, 0.047914418953572215, 0.45818569688421545, 0.047914418953572215, 0.09376290631848547, 0.09302956395436902, 0.047914418953572215, 0.047914418953572215]
Timestep: 476, Trans probs: [0.2544960565436888, 0.05158825907964942, 0.3820553259113964, 0.05108226365880727, 0.06381130142778974, 0.0948022660610539, 0.05108226365880727, 0.05108226365880727]
Timestep: 477, Trans probs: [0.23713337595751355, 0.05144562497702687, 0.4048497258093806, 0.0509825715464693, 0.06263134219505379, 0.0909922164216172, 0.0509825715464693, 0.0509825715464693]
Timestep: 478, Trans probs: [0.15409039223220325, 0.04835783200558471, 0.47245521376092386, 0.04835783200558471, 0.09034734218063543, 0.08967572380389859, 0.04835783200558471, 0.04835783200558471]
Timestep: 479, Trans probs: [0.150109075448811, 0.07161408677543538, 0.38062232133740476, 0.046707700920379715, 0.19606633823453132, 0.06146507544267848, 0.046707700920379715, 0.046707700920379715]
Timestep: 480, Trans probs: [0.1879987994589048, 0.05104996617420565, 0.3299971678013532, 0.047653642353687, 0.2079144145863484, 0.08007872491812705, 0.047653642353687, 0.047653642353687]
Timestep: 481, Trans probs: [0.22107593030145173, 0.051422073418787614, 0.37431019300541213, 0.050999004045487385, 0.11264092265070581, 0.0875538684871805, 0.050999004045487385, 0.050999004045487385]
Timestep: 482, Trans probs: [0.20703312402987709, 0.05100426070444141, 0.39857622798193504, 0.05061516826270875, 0.10730659084453191, 0.08423429165108827, 0.05061516826270875, 0.05061516826270875]
Timestep: 483, Trans probs: [0.17748539836790703, 0.05051905226644084, 0.35650350194469077, 0.04737029359996738, 0.19594932261206569, 0.0774318440089936, 0.04737029359996738, 0.04737029359996738]
Timestep: 484, Trans probs: [0.21491553444390152, 0.05014962048306379, 0.3333953548773838, 0.04723485647510985, 0.18477248700626758, 0.07506243376405389, 0.04723485647510985, 0.04723485647510985]
Timestep: 485, Trans probs: [0.1454662224493688, 0.04887430482757326, 0.43630821614430654, 0.04887430482757326, 0.08723379691889378, 0.13549454517713772, 0.04887430482757326, 0.04887430482757326]
Timestep: 486, Trans probs: [0.24441726725463075, 0.05077188730794317, 0.36983442913962516, 0.05041470998884252, 0.10245604557379599, 0.08127624075747737, 0.05041470998884252, 0.05041470998884252]
Timestep: 487, Trans probs: [0.22847081820797535, 0.05051184879469263, 0.3939120599699294, 0.050183604931490475, 0.09800928737296581, 0.0785451708599655, 0.050183604931490475, 0.050183604931490475]
Timestep: 488, Trans probs: [0.18911105811340426, 0.06976323832129981, 0.35568306410465533, 0.046717802284084974, 0.18491669404060065, 0.06037253856778494, 0.046717802284084974, 0.046717802284084974]
Timestep: 489, Trans probs: [0.20244890693198517, 0.049750550366045455, 0.3122511920740473, 0.04704926547590789, 0.2215628203986791, 0.07283873380151919, 0.04704926547590789, 0.04704926547590789]
Timestep: 490, Trans probs: [0.21366329161204028, 0.050400919479676384, 0.3654417024874884, 0.05009978336992616, 0.09397582058225235, 0.126218915728764, 0.05009978336992616, 0.05009978336992616]
Timestep: 491, Trans probs: [0.19098970778723257, 0.049341626019368416, 0.3396817890589043, 0.04683582417839529, 0.20872041058274682, 0.07075899401656212, 0.04683582417839529, 0.04683582417839529]
Timestep: 492, Trans probs: [0.25026607605741985, 0.04998626619571595, 0.34053754595516256, 0.04970853871791338, 0.0901738989201776, 0.11991059671778387, 0.04970853871791338, 0.04970853871791338]
Timestep: 493, Trans probs: [0.13765788314677768, 0.04900667656245512, 0.45359676585303377, 0.04900667656245512, 0.08421267869580557, 0.12850596605456252, 0.04900667656245512, 0.04900667656245512]
Timestep: 494, Trans probs: [0.13043136209500886, 0.04926383367087492, 0.4196995991602012, 0.04926383367087492, 0.13076168071798952, 0.1220520233433008, 0.04926383367087492, 0.04926383367087492]
Timestep: 495, Trans probs: [0.23443695763045302, 0.049603121634371146, 0.3177465137645736, 0.04934681304730382, 0.13603821792496884, 0.1141347499037219, 0.04934681304730382, 0.04934681304730382]
Timestep: 496, Trans probs: [0.12385057479083177, 0.049172396108735215, 0.43916419158242387, 0.049172396108735215, 0.12415448441612027, 0.11614116477568323, 0.049172396108735215, 0.049172396108735215]
Timestep: 497, Trans probs: [0.1802923887224501, 0.049064459273239124, 0.36478912864607627, 0.04674299340446851, 0.1967187560018025, 0.06890628714302646, 0.04674299340446851, 0.04674299340446851]
Timestep: 498, Trans probs: [0.22033393096169518, 0.0490204417770485, 0.2975495049763086, 0.04878288181881974, 0.17791580870312473, 0.1088316681253639, 0.04878288181881974, 0.04878288181881974]
Timestep: 499, Trans probs: [0.20754584700040649, 0.04839196207722284, 0.32745202578674204, 0.04817126380977033, 0.16813850680361894, 0.10395786690269877, 0.04817126380977033, 0.04817126380977033]
