Timestep: 0 State: 2 Beliefs: [0.125, 0.125, 0.125, 0.125, 0.125, 0.125, 0.125, 0.125]
Timestep: 1 State: 5 Beliefs: [0.099626400996264, 0.07845579078455792, 0.199252801992528, 0.15691158156911583, 0.08685378548392246, 0.06839735606858895, 0.17370757096784492, 0.1367947121371779]
Timestep: 2 State: 5 Beliefs: [0.06327614076725267, 0.1054602346120878, 0.056948526690527405, 0.09491421115087903, 0.12655228153450535, 0.2491231295619349, 0.11389705338105481, 0.18982842230175806]
Timestep: 3 State: 4 Beliefs: [0.08769198837691987, 0.1551473640514736, 0.07644942576449425, 0.13525667635256675, 0.10523038605230385, 0.18617683686176836, 0.0917393109173931, 0.1623080116230801]
Timestep: 4 State: 5 Beliefs: [0.07298756820610902, 0.12164594701018172, 0.08758508184733084, 0.14597513641221804, 0.09123446025763626, 0.18862153344208812, 0.10948135230916353, 0.18246892051527253]
Timestep: 5 State: 4 Beliefs: [0.06121803712726492, 0.10203006187877488, 0.05509623341453843, 0.0918270556908974, 0.12243607425452983, 0.2735459594231229, 0.11019246682907687, 0.1836541113817948]
Timestep: 6 State: 2 Beliefs: [0.10814655078857009, 0.0872990229257132, 0.1351831884857126, 0.1091237786571415, 0.16232027106058186, 0.10475882751085584, 0.16221982618285513, 0.1309485343885698]
Timestep: 7 State: 2 Beliefs: [0.09358940951000426, 0.07554807755626851, 0.2150118127989008, 0.15109615511253702, 0.09231379850235677, 0.06799326980064166, 0.1684609371180077, 0.13598653960128332]
Timestep: 8 State: 5 Beliefs: [0.09693265140980702, 0.07633446298522303, 0.19386530281961403, 0.15266892597044607, 0.08943257816945362, 0.08865931508489121, 0.16901077681709942, 0.1330959867434658]
Timestep: 9 State: 5 Beliefs: [0.07028810275607253, 0.11714683792678757, 0.08434572330728704, 0.14057620551214506, 0.09464612670111248, 0.21184459277230525, 0.10543215413410881, 0.17572025689018134]
Timestep: 10 State: 2 Beliefs: [0.07066225535900626, 0.1250178364043957, 0.10301910451168281, 0.15627229550549462, 0.10148696688904288, 0.15002140368527483, 0.1059933830385094, 0.18752675460659354]
Timestep: 11 State: 4 Beliefs: [0.09588581158044766, 0.07551007661960255, 0.19177162316089533, 0.1510201532392051, 0.09129319809570169, 0.09567502454508583, 0.1671855176274472, 0.1316585951316147]
Timestep: 12 State: 5 Beliefs: [0.05170883693940865, 0.08618139489901441, 0.06205060432729037, 0.1034176738788173, 0.12651455447453525, 0.23919037906871876, 0.12410120865458074, 0.2068353477576346]
Timestep: 13 State: 2 Beliefs: [0.06166433110228205, 0.10909843195019132, 0.07463047535211806, 0.09511145349503859, 0.14355824195464914, 0.21819686390038265, 0.10751729525526102, 0.19022290699007718]
Timestep: 14 State: 2 Beliefs: [0.08732836495624403, 0.07049398135022109, 0.2667225534987808, 0.14098796270044217, 0.08694233092747568, 0.06344458321519898, 0.15719105692123925, 0.12688916643039796]
Timestep: 15 State: 0 Beliefs: [0.08680873500217721, 0.07007452102585389, 0.27697237497113486, 0.14014904205170778, 0.08053839717540186, 0.06306706892326851, 0.156255723003919, 0.12613413784653701]
Timestep: 16 State: 2 Beliefs: [0.08538796086430393, 0.12189454918368456, 0.12265655438433692, 0.1523681864796057, 0.08523208763638787, 0.14627345902042146, 0.10334537865573257, 0.18284182377552682]
Timestep: 17 State: 5 Beliefs: [0.12765736830505656, 0.10053017754023202, 0.15318884196606786, 0.12063621304827844, 0.13310894068487628, 0.12615917972503324, 0.13354924684221298, 0.10517003188824274]
Timestep: 18 State: 2 Beliefs: [0.07740982130400607, 0.12080708035719685, 0.1351167174463139, 0.1510088504464961, 0.08705501926567152, 0.1449684964286362, 0.1024233942158843, 0.18121062053579526]
Timestep: 19 State: 5 Beliefs: [0.09481244121743473, 0.07466479745872985, 0.18962488243486947, 0.1493295949174597, 0.09665215304187508, 0.0994173558019596, 0.16531400007142466, 0.13018477505624695]
Timestep: 20 State: 2 Beliefs: [0.07990545876561596, 0.12140335509762024, 0.1314289099359472, 0.1517541938720253, 0.08479009206940827, 0.1456840261171443, 0.10292893149580847, 0.18210503264643033]
Timestep: 21 State: 5 Beliefs: [0.09490575730886833, 0.07473828388073382, 0.18981151461773665, 0.14947656776146764, 0.09410249898014429, 0.10117576717174288, 0.16547670505136014, 0.13031290522794614]
Timestep: 22 State: 2 Beliefs: [0.09656160027049686, 0.14669790916820963, 0.11141349137076126, 0.12789048491587507, 0.1011873298655969, 0.17603749100185156, 0.08674311150815872, 0.15346858189905005]
Timestep: 23 State: 2 Beliefs: [0.09415420985902988, 0.06930367237824099, 0.2777696284128294, 0.13860734475648198, 0.07850838360038793, 0.06237330514041688, 0.15453684557177913, 0.12474661028083377]
Timestep: 24 State: 0 Beliefs: [0.09817938644978874, 0.06802637519598019, 0.28609922545382815, 0.13605275039196038, 0.0762823859825877, 0.06122373767638218, 0.15168866349670806, 0.12244747535276436]
Timestep: 25 State: 2 Beliefs: [0.09131424431690074, 0.1200202204897465, 0.13096141500479733, 0.15002527561218315, 0.08186797536057575, 0.14402426458769582, 0.10175627389348076, 0.18003033073461977]
Timestep: 26 State: 5 Beliefs: [0.09505497969299871, 0.07485579650823651, 0.19010995938599742, 0.14971159301647302, 0.09246233878707924, 0.10155064589936905, 0.16573688766984393, 0.1305177990400021]
Timestep: 27 State: 0 Beliefs: [0.08356711298860661, 0.12034654124287131, 0.13629302606607868, 0.15043317655358915, 0.0823915446524065, 0.14441584949144556, 0.10203293714069525, 0.18051981186430696]
Timestep: 28 State: 5 Beliefs: [0.12748390841439203, 0.1003935778763337, 0.15298069009727042, 0.12047229345160045, 0.12278840271158445, 0.13748621871390598, 0.13336778111044087, 0.10502712762447218]
Timestep: 29 State: 2 Beliefs: [0.08834647778263768, 0.11971940819924938, 0.13578275155005534, 0.14964926024906172, 0.08175846269470248, 0.14366328983909926, 0.10150123738632014, 0.17957911229887405]
Timestep: 30 State: 5 Beliefs: [0.09449691899522683, 0.07441632370874113, 0.18899383799045366, 0.14883264741748226, 0.09106183659170641, 0.1076830377612662, 0.16476385876090832, 0.1297515387742153]
Timestep: 31 State: 0 Beliefs: [0.10578610027591406, 0.14502273417496334, 0.11254968503230837, 0.12643007594740394, 0.09871545917128696, 0.17402728100995601, 0.08575257325128266, 0.15171609113688472]
Timestep: 32 State: 2 Beliefs: [0.09130971194524648, 0.12022183887936547, 0.1298382388213179, 0.15027729859920683, 0.08182673555676685, 0.14426620665523854, 0.10192721122380985, 0.18033275831904816]
Timestep: 33 State: 5 Beliefs: [0.09459791444919276, 0.07449585762873931, 0.18919582889838552, 0.14899171525747862, 0.09058048402061886, 0.1073080330456007, 0.1649399533985925, 0.1298902133013916]
Timestep: 34 State: 2 Beliefs: [0.0921311787716874, 0.12011230570665746, 0.12983526601511908, 0.15014038213332181, 0.0816432958226384, 0.14413476684798895, 0.10183434614260088, 0.18016845855998617]
Timestep: 35 State: 5 Beliefs: [0.09462641669510503, 0.07451830314739523, 0.18925283339021007, 0.14903660629479046, 0.09030420276026703, 0.10734263901248808, 0.16498964962223442, 0.12992934907750964]
Timestep: 36 State: 2 Beliefs: [0.10715465662842327, 0.14473335801452367, 0.1129587604587416, 0.12617779929471296, 0.09830057296305732, 0.17368002961742837, 0.08558146386945746, 0.1514133591536555]
Timestep: 37 State: 2 Beliefs: [0.10223745801088512, 0.06783118661637444, 0.28414314116241013, 0.13566237323274888, 0.07572821501655931, 0.061048067954736995, 0.15125342209681106, 0.12209613590947399]
Timestep: 38 State: 2 Beliefs: [0.10308782207317008, 0.06671149149529389, 0.2934861313584106, 0.13342298299058777, 0.07441387594976775, 0.060040342345764504, 0.14875666909547625, 0.12008068469152901]
Timestep: 39 State: 2 Beliefs: [0.09541618312751549, 0.06605843317561766, 0.30706539219773593, 0.13211686635123532, 0.07368490905973885, 0.0594525898580559, 0.1473004465139892, 0.1189051797161118]
Timestep: 40 State: 0 Beliefs: [0.09059352488476989, 0.06587074400912202, 0.31358613376962424, 0.13174148801824404, 0.07347517280759791, 0.05928366960820982, 0.14688192768601238, 0.11856733921641964]
Timestep: 41 State: 2 Beliefs: [0.09052226240741593, 0.1188815218965862, 0.13955330739246663, 0.14860190237073273, 0.08067004129099711, 0.14265782627590343, 0.10079085552101874, 0.17832228284487928]
Timestep: 42 State: 5 Beliefs: [0.09456333441674528, 0.0744686258531869, 0.18912666883349055, 0.1489372517063738, 0.09003329856037838, 0.10814842836430225, 0.16487966000868406, 0.1298427322568387]
Timestep: 43 State: 4 Beliefs: [0.10159912999253334, 0.14501890169769854, 0.1170275944062119, 0.12642673481337824, 0.09844256818607272, 0.17402268203723828, 0.08575030709081306, 0.1517120817760539]
Timestep: 44 State: 0 Beliefs: [0.07878486893331749, 0.11982480124963142, 0.13314262770624263, 0.14978100156203927, 0.09334914481094657, 0.14378976149955772, 0.10159059236381796, 0.1797372018744471]
Timestep: 45 State: 2 Beliefs: [0.14436075017647607, 0.0928034037435748, 0.2134262508348193, 0.11600425467946851, 0.11614236105124619, 0.08352306336921732, 0.12933608693367607, 0.10440382921152165]
Timestep: 46 State: 2 Beliefs: [0.112087618785233, 0.06704329203707886, 0.2760698843728203, 0.13408658407415772, 0.08019919744940948, 0.06033896283337097, 0.14949653478118777, 0.12067792566674194]
Timestep: 47 State: 0 Beliefs: [0.105031303599248, 0.06655934832959239, 0.28904710514464665, 0.13311869665918477, 0.07811589323353167, 0.05990341349663314, 0.14841741254389704, 0.11980682699326628]
Timestep: 48 State: 2 Beliefs: [0.1426603819874694, 0.07921705487054041, 0.1940902115797389, 0.0990213185881755, 0.123923144056717, 0.09506046584464849, 0.14720184076689968, 0.11882558230581058]
Timestep: 49 State: 2 Beliefs: [0.11519542635325414, 0.06706548280368729, 0.2719912278303381, 0.13413096560737459, 0.08099407695672026, 0.06035893452331856, 0.14954601687866986, 0.12071786904663712]
Timestep: 50 State: 0 Beliefs: [0.10781271666081249, 0.06665183711294775, 0.2854191604870177, 0.1333036742258955, 0.07822900258188409, 0.05998665340165299, 0.1486236487264835, 0.11997330680330598]
Timestep: 51 State: 0 Beliefs: [0.11256574546990362, 0.13534532630671817, 0.15031100920035032, 0.1691816578833977, 0.07246000157566716, 0.12181079367604634, 0.08606197379285883, 0.1522634920950579]
Timestep: 52 State: 5 Beliefs: [0.06810956474625185, 0.11351594124375308, 0.08173147769550222, 0.1362191294925037, 0.09176537474091857, 0.2362202530960631, 0.10216434711937779, 0.17027391186562962]
Timestep: 53 State: 2 Beliefs: [0.07894046776005932, 0.10625321663093447, 0.07516640420997475, 0.09263100937055825, 0.14452713508485665, 0.21250643326186894, 0.10471331494063107, 0.1852620187411165]
Timestep: 54 State: 2 Beliefs: [0.11282483503525288, 0.06780855060849943, 0.26428314655222324, 0.13561710121699885, 0.08518033276631873, 0.06102769554764949, 0.1512029471777584, 0.12205539109529898]
Timestep: 55 State: 2 Beliefs: [0.11726521360245523, 0.0671537784473561, 0.27260703636296385, 0.1343075568947122, 0.07760830989905401, 0.060438400602620485, 0.14974290298559703, 0.12087680120524097]
Timestep: 56 State: 2 Beliefs: [0.10933486475301382, 0.06654065373809558, 0.28613011241391445, 0.13308130747619115, 0.07687757013083023, 0.059886588364286016, 0.1483757263950967, 0.11977317672857203]
Timestep: 57 State: 4 Beliefs: [0.10378912766037889, 0.06630315858077579, 0.29386088789091486, 0.13260631716155158, 0.07657583289697242, 0.05967284272269821, 0.147846147641312, 0.11934568544539642]
Timestep: 58 State: 2 Beliefs: [0.08161164665782732, 0.11817652012593553, 0.12956894319937326, 0.14772065015741942, 0.10365249889090808, 0.14181182415112265, 0.10019313662851057, 0.1772647801889033]
Timestep: 59 State: 2 Beliefs: [0.10043233008515741, 0.0684215932104298, 0.26577943198652976, 0.1368431864208596, 0.09121521594769572, 0.061579433889386824, 0.15256994068116733, 0.12315886777877365]
Timestep: 60 State: 2 Beliefs: [0.09804899817805011, 0.06647531812398845, 0.2861757399699652, 0.1329506362479769, 0.08863591081802856, 0.05982778631158961, 0.148230037727222, 0.11965557262317922]
Timestep: 61 State: 2 Beliefs: [0.09588286849379854, 0.06575741476435543, 0.29904863586201874, 0.13151482952871085, 0.08362201110236106, 0.059181673287919886, 0.1466292203849955, 0.11836334657583977]
Timestep: 62 State: 0 Beliefs: [0.09459892444354008, 0.06562908035148911, 0.30467578132482526, 0.13125816070297822, 0.08029648242945306, 0.05906617231634021, 0.1463430537986936, 0.11813234463268042]
Timestep: 63 State: 0 Beliefs: [0.15851935120349978, 0.08989193056608778, 0.2247003403690037, 0.11236491320760972, 0.10721381247227064, 0.080902737509479, 0.12527849278520067, 0.10112842188684874]
Timestep: 64 State: 2 Beliefs: [0.1156240365989154, 0.13393065687372321, 0.15343324914048814, 0.16741332109215398, 0.07322672756985583, 0.12053759118635088, 0.085162428555574, 0.1506719889829386]
Timestep: 65 State: 5 Beliefs: [0.09414414863072994, 0.07413851704669984, 0.18828829726145987, 0.14827703409339968, 0.08846450744922216, 0.11327156561938025, 0.16414877197152913, 0.1292671579275792]
Timestep: 66 State: 2 Beliefs: [0.08926221127038135, 0.1187178539987009, 0.13479209078405868, 0.14839731749837612, 0.08764022704439621, 0.14246142479844107, 0.10065209360759425, 0.17807678099805133]
Timestep: 67 State: 0 Beliefs: [0.1070111256381622, 0.06797198305733677, 0.2731394473870726, 0.13594396611467355, 0.08084174640218265, 0.061174784751603095, 0.15156737714576288, 0.12234956950320619]
Timestep: 68 State: 2 Beliefs: [0.10386131296456759, 0.11787670681393336, 0.12928348084026656, 0.14734588351741673, 0.08342656038481747, 0.14145204817672005, 0.09993894708137831, 0.17681506022090004]
Timestep: 69 State: 2 Beliefs: [0.11025896133658984, 0.06771023540957273, 0.27268626729233714, 0.13542047081914546, 0.08012271057844632, 0.06093921186861546, 0.15098371895806217, 0.12187842373723091]
Timestep: 70 State: 2 Beliefs: [0.11205654484345057, 0.06604193431629826, 0.28799870551529955, 0.13208386863259652, 0.07624206751812648, 0.05943774088466843, 0.14726365652022327, 0.11887548176933686]
Timestep: 71 State: 2 Beliefs: [0.10374285948944745, 0.06516041954828333, 0.304666054550589, 0.13032083909656667, 0.07487868437783023, 0.058644377593455005, 0.14529801015691834, 0.11728875518691001]
Timestep: 72 State: 5 Beliefs: [0.09776421768281571, 0.06486750577440406, 0.3135610424226212, 0.12973501154880812, 0.07428510082081884, 0.05838075519696365, 0.14464485615964126, 0.1167615103939273]
Timestep: 73 State: 2 Beliefs: [0.07607825342088576, 0.11515328642815773, 0.13801677132487078, 0.14394160803519718, 0.08003516312344176, 0.17641502779264173, 0.09762996023256852, 0.17272992964223657]
Timestep: 74 State: 2 Beliefs: [0.09449145816911972, 0.06749069474776609, 0.28495262731263993, 0.13498138949553218, 0.07810893191767167, 0.06799747176179509, 0.1504941760494963, 0.12148325054597896]
Timestep: 75 State: 2 Beliefs: [0.0933327858123194, 0.0657853316850989, 0.30031772850763716, 0.1315706633701978, 0.07454168073308794, 0.06934674190693203, 0.14669147095154886, 0.118413597033178]
Timestep: 76 State: 2 Beliefs: [0.09105562198898848, 0.06505760679593599, 0.31288656312752405, 0.13011521359187198, 0.07369265983180476, 0.0650198893668193, 0.14506875306437067, 0.11710369223268477]
Timestep: 77 State: 2 Beliefs: [0.08991391526397506, 0.06492710509996008, 0.31797719519089074, 0.12985421019992016, 0.0734400368315734, 0.062240994473542845, 0.1447777537602095, 0.11686878917992814]
Timestep: 78 State: 0 Beliefs: [0.08943266110458627, 0.06501249169240667, 0.3194474444747082, 0.13002498338481333, 0.07346778414828325, 0.060623997031772445, 0.14496815311709782, 0.11702248504633199]
Timestep: 79 State: 2 Beliefs: [0.09255163906072258, 0.1177450165495453, 0.14112955026657, 0.14718127068693163, 0.08090127779167607, 0.14404642418040453, 0.09982729663983188, 0.17661752482431792]
Timestep: 80 State: 2 Beliefs: [0.10193596983954574, 0.06768016140339168, 0.2831399844417749, 0.13536032280678337, 0.07771642311599387, 0.06142618945346914, 0.15091665841293608, 0.12182429052610505]
Timestep: 81 State: 4 Beliefs: [0.10248930490013064, 0.06567809876282443, 0.30182229196670046, 0.13135619752564887, 0.0741874076311375, 0.059793763900683715, 0.14645235753979058, 0.11822057777308398]
Timestep: 82 State: 4 Beliefs: [0.0791865091075462, 0.1170314520682666, 0.1399817688006487, 0.14628931508533324, 0.10125495370174278, 0.1414865050761844, 0.0992223180578782, 0.1755471781023999]
Timestep: 83 State: 0 Beliefs: [0.11103718764991938, 0.07961782206271148, 0.20031279118844095, 0.09952227757838934, 0.14627096025448036, 0.09586567821963926, 0.1479465499523519, 0.1194267330940672]
Timestep: 84 State: 2 Beliefs: [0.14100623625136374, 0.08855479980657548, 0.2294986877914866, 0.11069349975821934, 0.12710993779118954, 0.08009769729729059, 0.12341499152147738, 0.09962414978239739]
Timestep: 85 State: 2 Beliefs: [0.10277989092555671, 0.06566389411014427, 0.2810592874035419, 0.13132778822028854, 0.09511586859796393, 0.05943757805983363, 0.14642068328441124, 0.11819500939825968]
Timestep: 86 State: 2 Beliefs: [0.09772665165807681, 0.06547445286443132, 0.29193842897563554, 0.13094890572886264, 0.0908434218230197, 0.059215866212713436, 0.14599825758128418, 0.11785401515597639]
Timestep: 87 State: 2 Beliefs: [0.09451650546999842, 0.0650189865595484, 0.3040797338666156, 0.1300379731190968, 0.0856265828833789, 0.05870340659273407, 0.14498263570144074, 0.11703417580718711]
Timestep: 88 State: 0 Beliefs: [0.09233877977351469, 0.06496314320908564, 0.3103771832115357, 0.12992628641817128, 0.08202476929523318, 0.058578066951368225, 0.14485811336473722, 0.11693365777635416]
Timestep: 89 State: 2 Beliefs: [0.10664292955002279, 0.13438429769565097, 0.15805311022872384, 0.16798037211956368, 0.07523126895221773, 0.12107480159843578, 0.08545088494777806, 0.1511823349076073]
Timestep: 90 State: 5 Beliefs: [0.09415997469734694, 0.07415098007416072, 0.18831994939469388, 0.14830196014832145, 0.08845441342840821, 0.1131474677836707, 0.16417636613896391, 0.12928888833443408]
Timestep: 91 State: 2 Beliefs: [0.10418243443798579, 0.14301298474884772, 0.11554949799064848, 0.12467798670412364, 0.10667443745150332, 0.1717248749443633, 0.08456419967757951, 0.14961358404494837]
Timestep: 92 State: 2 Beliefs: [0.1030983195387582, 0.06696528985861508, 0.2838436120197294, 0.13393057971723016, 0.0820097029242983, 0.06029237263053204, 0.14932260156532973, 0.12053752174550712]
Timestep: 93 State: 2 Beliefs: [0.10448969756132295, 0.06574952895432169, 0.29488154693354834, 0.13149905790864339, 0.07920628627006164, 0.059213094048716074, 0.14661163620560685, 0.11834915211777905]
Timestep: 94 State: 2 Beliefs: [0.09808601263716052, 0.06519396381942583, 0.30711938147302487, 0.13038792763885165, 0.0777921260679621, 0.05869864461365012, 0.1453728088749585, 0.1173491348749665]
Timestep: 95 State: 2 Beliefs: [0.09407651446554842, 0.06512789920257102, 0.3122508901761935, 0.13025579840514204, 0.0772039308207169, 0.05862925372543745, 0.14522549463976286, 0.11723021856462784]
Timestep: 96 State: 4 Beliefs: [0.09176509298823346, 0.06524148900299308, 0.31384797801532316, 0.13048297800598616, 0.07702380724488746, 0.058725191596186645, 0.14547878294100244, 0.11743468020538751]
Timestep: 97 State: 2 Beliefs: [0.07426618917333953, 0.11752597113615643, 0.13784214904928005, 0.14690746392019555, 0.10648634459585196, 0.14104134119680914, 0.09964158422413262, 0.17628895670423464]
Timestep: 98 State: 2 Beliefs: [0.09238893130636255, 0.06771895745703306, 0.2814101538534116, 0.13543791491406612, 0.08919779075942659, 0.06094896046494001, 0.15100316782210058, 0.12189412342265951]
Timestep: 99 State: 2 Beliefs: [0.08893598777369752, 0.06573079747063228, 0.30083741519928076, 0.13146159494126455, 0.0889886117174905, 0.05916028965777315, 0.1465698677927233, 0.11831543544713807]
Timestep: 100 State: 2 Beliefs: [0.08758291048869625, 0.06499438163097414, 0.3133718179775327, 0.12998876326194828, 0.08364787825014539, 0.05849659107185235, 0.14492777038309754, 0.11698988693575345]
Timestep: 101 State: 2 Beliefs: [0.08678905653690856, 0.06485954629534474, 0.31887462892420104, 0.12971909259068948, 0.08000882891235589, 0.05837455569955889, 0.14462710770932094, 0.11674718333162051]
Timestep: 102 State: 0 Beliefs: [0.08647707327918311, 0.06493421141581555, 0.3207084442239604, 0.1298684228316311, 0.07789534341667288, 0.05844132450034602, 0.14479359978392306, 0.116881580548468]
Timestep: 103 State: 2 Beliefs: [0.13239944360264044, 0.07869402797134176, 0.20800319640562695, 0.09836753496417719, 0.12383150840021374, 0.09443329920000157, 0.1462299474989858, 0.11804104195701261]
Timestep: 104 State: 1 Beliefs: [0.12510704020724872, 0.07803501616246429, 0.218843285730053, 0.09754377020308036, 0.12477067685780667, 0.09364232074151915, 0.1450053658541314, 0.11705252424369644]
Timestep: 105 State: 5 Beliefs: [0.08110260751514511, 0.13785828183916565, 0.14199636065412427, 0.14457035591768652, 0.08414369323075414, 0.13878785842381738, 0.09805641531808305, 0.17348442710122383]
Timestep: 106 State: 0 Beliefs: [0.07610503104668931, 0.13042636957578924, 0.13336930663348692, 0.1452194126507341, 0.08327081550855035, 0.15884912430163214, 0.09849664510223705, 0.1742632951808809]
Timestep: 107 State: 0 Beliefs: [0.09770308687869178, 0.14922458488610751, 0.1423747299543144, 0.16727597421058407, 0.0714687605522149, 0.13631192593448202, 0.08509256079407972, 0.15054837678952565]
Timestep: 108 State: 5 Beliefs: [0.12609836968737395, 0.09930246612880698, 0.15131804362484874, 0.1191629593545684, 0.11945338558996556, 0.14886082429904696, 0.13191829444217582, 0.10388565687321347]
Timestep: 109 State: 2 Beliefs: [0.07021000206757502, 0.09757428628753044, 0.09414701847090547, 0.10760705380599875, 0.10377899106725326, 0.18982578421239313, 0.1216427564763464, 0.2152141076119975]
Timestep: 110 State: 0 Beliefs: [0.14737147218478336, 0.09773788920294557, 0.21860590584736084, 0.11297333899388888, 0.10630085576750427, 0.0893776907770245, 0.12595684213199254, 0.1016760050945]
Timestep: 111 State: 2 Beliefs: [0.11566142482152315, 0.14888974987904838, 0.1428846536905732, 0.1631449228144498, 0.07012104286463373, 0.12947666248680761, 0.08299111290995925, 0.14683043053300482]
Timestep: 112 State: 4 Beliefs: [0.09403534815890806, 0.0740528366751401, 0.18807069631781612, 0.1481056733502802, 0.0887568134406283, 0.11390179696196379, 0.16395906858476275, 0.1291177665105007]
Timestep: 113 State: 2 Beliefs: [0.09437345527459913, 0.12984723021220865, 0.1257414780669027, 0.14511316590291184, 0.08249474957575038, 0.14986953979346243, 0.09842458209067065, 0.1741357990834942]
Timestep: 114 State: 5 Beliefs: [0.09390315746599229, 0.07394873650446893, 0.18780631493198457, 0.14789747300893785, 0.09864260241398233, 0.10513687490562446, 0.1637285822483968, 0.1289362585206125]
Timestep: 115 State: 0 Beliefs: [0.06940253394881776, 0.0971219578181676, 0.09645141583671316, 0.10855162381476414, 0.10182213333966962, 0.18683655634347557, 0.12271053126886383, 0.2171032476295283]
Timestep: 116 State: 2 Beliefs: [0.14183927344528793, 0.08385933040974419, 0.18382810641415132, 0.09886188331091394, 0.1217406710780079, 0.10427164584988717, 0.14696482951891088, 0.11863425997309672]
Timestep: 117 State: 2 Beliefs: [0.1209566474012729, 0.07325283794384604, 0.27052643570541024, 0.13101375164683243, 0.07614417402932518, 0.06412322085059122, 0.14607055594057286, 0.11791237648214918]
Timestep: 118 State: 2 Beliefs: [0.11341076612526324, 0.07288100817798975, 0.28145514745162054, 0.1306944178037614, 0.07492645853444253, 0.06329270334710468, 0.14571452253643247, 0.11762497602338524]
Timestep: 119 State: 2 Beliefs: [0.10600162819908275, 0.0697602734189445, 0.2982552140113265, 0.12919399868413714, 0.07392376686780544, 0.06254885281335297, 0.14404166718962755, 0.11627459881572344]
Timestep: 120 State: 2 Beliefs: [0.10048495220940434, 0.06757939725098915, 0.3088984798904795, 0.12854828762864806, 0.07343439284479558, 0.062039283759750555, 0.14332174755014943, 0.11569345886578326]
Timestep: 121 State: 2 Beliefs: [0.096819522885063, 0.06626393410658117, 0.31371661493423897, 0.12864702755330096, 0.07340181543281746, 0.06193692509254129, 0.14343183519748628, 0.11578232479797086]
Timestep: 122 State: 2 Beliefs: [0.09471565411175273, 0.06557226065189303, 0.31528505040673094, 0.12898538951588237, 0.07354223902896187, 0.062003472185613036, 0.14380908353487185, 0.11608685056429413]
Timestep: 123 State: 2 Beliefs: [0.0935988472283946, 0.06523092037234011, 0.31557626600153016, 0.12929239920021143, 0.07368955369490435, 0.062097477800700844, 0.14415137642172826, 0.11636315928019028]
Timestep: 124 State: 2 Beliefs: [0.09302218885491974, 0.06506402497992468, 0.31550956045344264, 0.12950201492299954, 0.07379500239168266, 0.06217031265665859, 0.14438508230967262, 0.11655181343069959]
Timestep: 125 State: 2 Beliefs: [0.09272477438685492, 0.064981052320027, 0.31539683841435123, 0.1296285660501114, 0.0738600337875374, 0.06221684822372948, 0.14452617737228834, 0.11666570944510024]
Timestep: 126 State: 2 Beliefs: [0.09257021359492087, 0.0649389007904285, 0.3153123166593105, 0.12970044322408641, 0.07389736447438021, 0.062244047297893436, 0.1446063150573023, 0.11673039890167777]
Timestep: 127 State: 2 Beliefs: [0.09248926107220061, 0.0649171131235786, 0.31525996712126453, 0.12973999361215396, 0.07391801948036349, 0.062259240551023935, 0.14465041078847615, 0.11676599425093857]
Timestep: 128 State: 0 Beliefs: [0.0924466225022208, 0.06490572180043881, 0.31522997638252886, 0.12976139507508716, 0.0739292289213467, 0.06226752792827663, 0.14467427182252254, 0.11678525556757845]
Timestep: 129 State: 2 Beliefs: [0.13919736068709399, 0.07826764894404895, 0.20291788647887782, 0.09781452915889316, 0.1188857260161116, 0.1001315464970524, 0.1454078672272501, 0.11737743499067177]
Timestep: 130 State: 2 Beliefs: [0.11361574805173898, 0.0653885002913853, 0.287667986107786, 0.13075958210846386, 0.07549900978438213, 0.0635983738854582, 0.14578717587316792, 0.1176836238976175]
Timestep: 131 State: 0 Beliefs: [0.10620933450874889, 0.065071182656986, 0.29971772048894285, 0.13012605261905252, 0.0741821333508857, 0.06249929124744237, 0.14508083777079436, 0.11711344735714725]
Timestep: 132 State: 0 Beliefs: [0.113655811957844, 0.13282311268619248, 0.15702569124295193, 0.1660158314687198, 0.06906504512451621, 0.12754872753775298, 0.08445153166017486, 0.1494142483218478]
Timestep: 133 State: 4 Beliefs: [0.08200141256357292, 0.1366690209392882, 0.09840169507628749, 0.16400282512714584, 0.08390013430976778, 0.20626199693479078, 0.08578609314343014, 0.1429768219057169]
Timestep: 134 State: 0 Beliefs: [0.09900010853711344, 0.11654088964733157, 0.1245440107793709, 0.1456723877617787, 0.08128427567617445, 0.15934758188915094, 0.09880388039494556, 0.17480686531413442]
Timestep: 135 State: 5 Beliefs: [0.10203765583090824, 0.08035465396684024, 0.12244518699708992, 0.0964255847602083, 0.16094079904654862, 0.1642076547017821, 0.15305648374636235, 0.12053198095026037]
Timestep: 136 State: 0 Beliefs: [0.12977684783894147, 0.1388001873882391, 0.10566624781227119, 0.121001387543077, 0.09707839437611261, 0.18040476365610097, 0.08207050633356527, 0.1452016650516924]
Timestep: 137 State: 2 Beliefs: [0.16235157455317276, 0.07806635351643634, 0.17448613243945169, 0.09758023344569088, 0.11826927700282545, 0.10709057799429812, 0.1450595709132957, 0.11709628013482906]
Timestep: 138 State: 0 Beliefs: [0.13461828664062034, 0.06592046593793044, 0.26276020599643873, 0.1318348401165763, 0.07508638465728786, 0.06414245223714925, 0.14698600830907838, 0.11865135610491868]
Timestep: 139 State: 2 Beliefs: [0.16630950907361028, 0.07797863010075348, 0.17896038974556303, 0.09746905946212682, 0.11749108837558424, 0.09993414856799175, 0.14489430331981837, 0.11696287135455219]
Timestep: 140 State: 0 Beliefs: [0.1367950697023691, 0.06593024731308716, 0.26050064878828705, 0.13185656246624847, 0.07508253142002554, 0.0641538069824672, 0.1470102271078919, 0.1186709062196236]
Timestep: 141 State: 0 Beliefs: [0.19069260192348989, 0.08881674641108024, 0.2000534209105621, 0.11101813507817267, 0.10036508135721083, 0.08536075707242001, 0.12377693567670893, 0.09991632157035539]
Timestep: 142 State: 0 Beliefs: [0.12115360425717894, 0.1155493150190786, 0.11626293537464512, 0.14443381185091636, 0.0798104404707451, 0.15150551598571485, 0.09796380282062153, 0.17332057422109962]
Timestep: 143 State: 5 Beliefs: [0.10172059155569614, 0.08010496585011072, 0.12206470986683537, 0.09612595902013286, 0.15728717662548702, 0.16995826097302766, 0.15258088733354422, 0.12015744877516608]
Timestep: 144 State: 2 Beliefs: [0.12216896352598093, 0.11601740182900824, 0.11261346747227477, 0.14502002489789667, 0.08099036820579543, 0.15080433599995108, 0.09836140819161687, 0.17402402987747598]
Timestep: 145 State: 4 Beliefs: [0.09332854994995675, 0.07349623308559095, 0.1866570998999135, 0.1469924661711819, 0.09814959256689111, 0.1105020776491008, 0.16272670247684765, 0.12814727820051755]
Timestep: 146 State: 2 Beliefs: [0.16771130548697577, 0.07916933756214505, 0.16647330433771745, 0.0989599059586725, 0.11971578537013457, 0.10210792736553316, 0.14711054676841465, 0.11875188715040699]
Timestep: 147 State: 2 Beliefs: [0.14645663069143822, 0.06668330282785735, 0.24444369446126119, 0.13336443932476746, 0.07538317558587325, 0.06494936443949514, 0.14869139727701686, 0.12002799539229071]
Timestep: 148 State: 0 Beliefs: [0.13292363847275218, 0.06686758154981207, 0.25751512861410286, 0.13373340473576065, 0.07519905955769089, 0.0642983566321546, 0.1491027661755421, 0.1203600642621846]
Timestep: 149 State: 2 Beliefs: [0.19019752209277407, 0.08883242147439731, 0.20084048335840865, 0.11103953673557575, 0.09990125041690537, 0.0854524059323459, 0.12380079692757477, 0.09993558306201818]
Timestep: 150 State: 2 Beliefs: [0.13452634910473146, 0.06543467236744725, 0.2673083499923516, 0.13086842018982328, 0.07380981370359355, 0.06436229425957331, 0.14590852221163875, 0.11778157817084095]
Timestep: 151 State: 2 Beliefs: [0.12182806332902026, 0.06576110013905198, 0.2787588996575762, 0.1315214660456803, 0.0739456105501761, 0.06317892123122898, 0.14663661960615398, 0.11836931944111227]
Timestep: 152 State: 2 Beliefs: [0.1126523842787587, 0.06517138070484046, 0.29328602689740496, 0.1303422886229682, 0.07328326116074743, 0.06263467379646374, 0.14532192477814515, 0.11730805976067141]
Timestep: 153 State: 2 Beliefs: [0.10633685417176363, 0.06488761423049949, 0.30223325086982583, 0.12977493965431555, 0.07295809980648414, 0.062322422560654636, 0.14468937301757273, 0.11679744568888402]
Timestep: 154 State: 0 Beliefs: [0.10234701904894863, 0.06488531293876534, 0.3062755219609252, 0.129770460708263, 0.07295119366288545, 0.06229269771580172, 0.14468437932697384, 0.11679341463743671]
Timestep: 155 State: 0 Beliefs: [0.14693628244423562, 0.07811657443532484, 0.1978924289989084, 0.09764564987588836, 0.11710035237923024, 0.09997711518492154, 0.14515681683042508, 0.11717477985106603]
Timestep: 156 State: 4 Beliefs: [0.17463641984471412, 0.08786043017290728, 0.22161906115042154, 0.10982548764700478, 0.09929195132242923, 0.08547648818572233, 0.12244722279449637, 0.09884293888230429]
Timestep: 157 State: 4 Beliefs: [0.14696622003776313, 0.07686220856256964, 0.18799306563217655, 0.09607771137035183, 0.13329997330023693, 0.10068159651983735, 0.14282597093264243, 0.11529325364442218]
Timestep: 158 State: 2 Beliefs: [0.09685306979950883, 0.11550211682472142, 0.12401167478745105, 0.14437758342650978, 0.09841939267559098, 0.14965739709381695, 0.09792566528058926, 0.17325310011181175]
Timestep: 159 State: 0 Beliefs: [0.11620954332623011, 0.0677935317927361, 0.2522618289669556, 0.13558702558409227, 0.08677065133484468, 0.06817968087794067, 0.1511694150915178, 0.12202832302568305]
Timestep: 160 State: 0 Beliefs: [0.15324847687066165, 0.07807152089992589, 0.1742603323334383, 0.09758936444883157, 0.13443360222541678, 0.10021632112038707, 0.14507314476274066, 0.11710723733859787]
Timestep: 161 State: 5 Beliefs: [0.12270894434390472, 0.1319412620207257, 0.1401141988191866, 0.1649265339631754, 0.07953228048689737, 0.12844548904407174, 0.08389741075518053, 0.14843388056685783]
Timestep: 162 State: 4 Beliefs: [0.06700254609249115, 0.11167091015415194, 0.0804030553109894, 0.1340050921849823, 0.10848821587146243, 0.23041999601595817, 0.10050381913873675, 0.1675063652312279]
Timestep: 163 State: 2 Beliefs: [0.09453927883062255, 0.1158221294641231, 0.12382510632833385, 0.14477764453866634, 0.08624807063897179, 0.162857585674483, 0.09819701107839979, 0.17373317344639957]
Timestep: 164 State: 4 Beliefs: [0.09293149727877592, 0.07318355410703606, 0.18586299455755184, 0.14636710821407212, 0.11243547384002484, 0.09958287215035405, 0.16203440551171186, 0.1276020943404731]
Timestep: 165 State: 2 Beliefs: [0.0978809133704945, 0.11634685364987511, 0.12067757849481207, 0.1454335270592308, 0.08539907367596589, 0.16109995075141428, 0.09864187052713044, 0.17452023247107692]
Timestep: 166 State: 0 Beliefs: [0.09284750659393054, 0.0731174114427203, 0.18569501318786108, 0.1462348228854406, 0.11583524351846426, 0.09689527348716635, 0.16188796021505836, 0.12748676866935849]
Timestep: 167 State: 0 Beliefs: [0.14394793738957837, 0.07874515019661209, 0.18091247985250564, 0.09843141074278441, 0.1245242580040609, 0.10899616778906765, 0.14632490313404967, 0.11811769289134129]
Timestep: 168 State: 2 Beliefs: [0.10521762950977938, 0.11458100636825314, 0.1235418936799061, 0.143226218772401, 0.08327588711527097, 0.1611411623384014, 0.09714473968910677, 0.17187146252688118]
Timestep: 169 State: 5 Beliefs: [0.10236462754155623, 0.07292142856344642, 0.18519727889129248, 0.14584285712689285, 0.10954378616029156, 0.09553092877758976, 0.16145403800779343, 0.12714505493113734]
Timestep: 170 State: 2 Beliefs: [0.08733434167475028, 0.10403537456621904, 0.07929211253272209, 0.09069748117848946, 0.12285157652111899, 0.2318665637505592, 0.102527587419162, 0.1813949623569789]
Timestep: 171 State: 2 Beliefs: [0.11068264639832753, 0.06548300433184875, 0.2852950941775691, 0.13096599309722154, 0.07637636766410166, 0.0673101918216045, 0.14601730872182758, 0.11786939378749939]
Timestep: 172 State: 0 Beliefs: [0.11565396201642128, 0.06557919671274055, 0.2818203182300028, 0.13115835953749086, 0.07591708637577531, 0.06559677059680406, 0.14623178294702335, 0.11804252358374176]
Timestep: 173 State: 2 Beliefs: [0.1718234539082052, 0.08812395999343862, 0.21752314015307925, 0.1101549324297062, 0.10209697003276949, 0.08832357515428864, 0.12281452914177692, 0.09913943918673557]
Timestep: 174 State: 2 Beliefs: [0.12043334545533452, 0.06435317574903007, 0.2859360080728221, 0.12870633536791298, 0.075132583332803, 0.0661048912061533, 0.1434979589848224, 0.1158357018311217]
Timestep: 175 State: 2 Beliefs: [0.11139445398048034, 0.06480169784336345, 0.29422151106091876, 0.1296033828700727, 0.07466551642037839, 0.06417229323583387, 0.14449810000588703, 0.11664304458306543]
Timestep: 176 State: 2 Beliefs: [0.10252854587574485, 0.06433773828705512, 0.3075584723172606, 0.1286754685122677, 0.07403850134119673, 0.06358980726115956, 0.14346354474427458, 0.11580792166104094]
Timestep: 177 State: 2 Beliefs: [0.09660132882446171, 0.0641529420134098, 0.31545723966759676, 0.12830587917093358, 0.07373032420871495, 0.06322551465106178, 0.14305148020998118, 0.11547529125384023]
Timestep: 178 State: 2 Beliefs: [0.12639998638979386, 0.08732495830259625, 0.2710105542580885, 0.10915619553782627, 0.10027224349177409, 0.08589447399594266, 0.12170101203993468, 0.09824057598404365]
Timestep: 179 State: 2 Beliefs: [0.09244571292309604, 0.06333309085111946, 0.3246370310234326, 0.1266661804223212, 0.07347547291024013, 0.06421961101884495, 0.14122333847085658, 0.11399956238008907]
Timestep: 180 State: 2 Beliefs: [0.08972922890652127, 0.06427432699484027, 0.32158603734051466, 0.12854865316897124, 0.07375620301412987, 0.06308960762261792, 0.1433221551003306, 0.11569378785207411]
Timestep: 181 State: 2 Beliefs: [0.08916665781284731, 0.06447798057435603, 0.3203107020634268, 0.1289559607149561, 0.0739640951772919, 0.06328796639564314, 0.14377627261801823, 0.11606036464346049]
Timestep: 182 State: 0 Beliefs: [0.08889971114317445, 0.06454063447085635, 0.3200087073978533, 0.1290812687118099, 0.07403265433580593, 0.06334790041670416, 0.14391598168316713, 0.1161731418406289]
Timestep: 183 State: 2 Beliefs: [0.13527266602844099, 0.07795862228152069, 0.206270818665344, 0.09744827775977341, 0.1192287177542845, 0.10201955427542413, 0.14486340992348407, 0.11693793331172808]
Timestep: 184 State: 2 Beliefs: [0.10648754281115362, 0.0647824415068123, 0.298599478904073, 0.12956488293378923, 0.07509621917887294, 0.06440586457482803, 0.14445517545006054, 0.11660839464041034]
Timestep: 185 State: 2 Beliefs: [0.10226558345855429, 0.06459097499178199, 0.3066233369113748, 0.1291819499071656, 0.07393299706600562, 0.06311316904620189, 0.14402823370246676, 0.11626375491644905]
Timestep: 186 State: 4 Beliefs: [0.09577637376203667, 0.0641483451370826, 0.31725766200436356, 0.12829669022726975, 0.07338319397099526, 0.06262947847017127, 0.14304123522353807, 0.11546702120454279]
Timestep: 187 State: 2 Beliefs: [0.11011162733428903, 0.0770033690257414, 0.20810363222882838, 0.09625421126173764, 0.14985821451636577, 0.10007554224329487, 0.14308834987565774, 0.11550505351408516]
Timestep: 188 State: 0 Beliefs: [0.09313091472114825, 0.06463490144763402, 0.30085904214171477, 0.129269802877134, 0.08767619541889148, 0.06396013759626722, 0.1441261832077897, 0.11634282258942058]
Timestep: 189 State: 2 Beliefs: [0.15147630268881632, 0.08785832300771688, 0.2259572748368956, 0.10982290374448486, 0.11792591167466161, 0.08567432874137318, 0.12244434193601522, 0.09884061337003637]
Timestep: 190 State: 2 Beliefs: [0.10632330265408672, 0.06441436250286955, 0.2930721707844973, 0.12882872499223863, 0.08355236052337933, 0.06422881176752224, 0.14363441428239143, 0.11594585249301477]
Timestep: 191 State: 2 Beliefs: [0.10233778551635624, 0.0644773226049843, 0.2997177970616069, 0.1289546451978222, 0.0821164972879521, 0.06256196573865136, 0.14377480591458683, 0.11605918067804]
Timestep: 192 State: 2 Beliefs: [0.09572971588690567, 0.06389785708768726, 0.31474129271028, 0.12779571416735377, 0.07835808476871609, 0.06197850832543382, 0.1424826843030049, 0.11501614275061839]
Timestep: 193 State: 2 Beliefs: [0.09119287599256094, 0.0637808542717899, 0.3227663643194048, 0.12756170853860296, 0.07589604447734889, 0.06177482922549548, 0.14222178549005432, 0.11480553768474266]
Timestep: 194 State: 2 Beliefs: [0.08836221420786279, 0.06395149351475235, 0.32572089792590614, 0.12790298702665, 0.07446426134768033, 0.06188317211748041, 0.1426022855356829, 0.115112688323985]
Timestep: 195 State: 2 Beliefs: [0.08679978801938576, 0.06416874570638513, 0.326311911779766, 0.12833749141120251, 0.07372389101520108, 0.062067704299218686, 0.14308672549875862, 0.11550374227008225]
Timestep: 196 State: 2 Beliefs: [0.08598347773409086, 0.06433486699599787, 0.3261752295344025, 0.12866973399115192, 0.07335739500649174, 0.0622193849646489, 0.1434571511811798, 0.11580276059203672]
Timestep: 197 State: 2 Beliefs: [0.08556247596239319, 0.06444032417777447, 0.3259370704843732, 0.12888064835509846, 0.07317572758986442, 0.06231886495380546, 0.1436923049571023, 0.11599258351958862]
Timestep: 198 State: 2 Beliefs: [0.08534432573623717, 0.06450166901093275, 0.325756846551454, 0.12900333802162578, 0.07308401515683677, 0.0623777065241155, 0.143829094779335, 0.11610300421946322]
Timestep: 199 State: 0 Beliefs: [0.08523035933347697, 0.06453582112098266, 0.3256448458126408, 0.12907164224183793, 0.07303685038211165, 0.062410754203754144, 0.1439052488875417, 0.11616447801765414]
Timestep: 200 State: 2 Beliefs: [0.14981222696668955, 0.08891332580066826, 0.23964229960574265, 0.11114165725077707, 0.10056267002241052, 0.08598567514692247, 0.12391465368109024, 0.10002749152569934]
Timestep: 201 State: 2 Beliefs: [0.10445348441522109, 0.06480224729777317, 0.30226089063994327, 0.12960449459549575, 0.07355587217045619, 0.06417962624839509, 0.14449933949676916, 0.11664404513594619]
Timestep: 202 State: 2 Beliefs: [0.09971339511443304, 0.06475471363768148, 0.30941977618256283, 0.12950942727532072, 0.07314184670151262, 0.06250901001135059, 0.14439334652935013, 0.11655848454778867]
Timestep: 203 State: 0 Beliefs: [0.09327916965403263, 0.06432482442947575, 0.31981754962631725, 0.12864964885892563, 0.07263143599196968, 0.062077929708608044, 0.14343475775763798, 0.11578468397303307]
Timestep: 204 State: 0 Beliefs: [0.1354945527427081, 0.07777887164035938, 0.21125702020842588, 0.09722358955043786, 0.1170541754227438, 0.09999408716549205, 0.14452939580930763, 0.11666830746052544]
Timestep: 205 State: 4 Beliefs: [0.09381438547850524, 0.11571931264608769, 0.14363711049612174, 0.14464914080759841, 0.07989391122406703, 0.15059731835247853, 0.09810985202602328, 0.17357896896911806]
Timestep: 206 State: 4 Beliefs: [0.07287091226417165, 0.11192116377404439, 0.08058323791731195, 0.13430539652885326, 0.1106020927004568, 0.2211064037574555, 0.10072904739663995, 0.16788174566106656]
Timestep: 207 State: 0 Beliefs: [0.08386652696907466, 0.11632954846582746, 0.1403518099284108, 0.14541193558228013, 0.08518555251370637, 0.1557330779687657, 0.09862722587319869, 0.17449432269873613]
Timestep: 208 State: 5 Beliefs: [0.07295988868552891, 0.11225072673335185, 0.08082052324801334, 0.1347008720800222, 0.11742945551180828, 0.212436789581231, 0.10102565406001666, 0.16837609010002777]
Timestep: 209 State: 4 Beliefs: [0.08067045020857401, 0.10405297463197692, 0.08213368544988323, 0.09071284967915672, 0.12626662353244994, 0.23219275663277306, 0.1025449605068728, 0.18142569935831343]
Timestep: 210 State: 2 Beliefs: [0.12963912281875292, 0.07793228199210432, 0.18078714634012608, 0.09741535249012748, 0.148857987537555, 0.10365522153442457, 0.14481446429875666, 0.11689842298815296]
Timestep: 211 State: 2 Beliefs: [0.11592447593125514, 0.06614528913041623, 0.2649676622314819, 0.13229057826082366, 0.08961852147169128, 0.06449783020998558, 0.1474941223296049, 0.1190615204347413]
Timestep: 212 State: 2 Beliefs: [0.10961014389831647, 0.06602629470054808, 0.276924288348687, 0.13205258940108794, 0.08569983718582028, 0.06361073349319879, 0.14722878251136223, 0.11884733046097916]
Timestep: 213 State: 2 Beliefs: [0.10272510022233036, 0.06559758819841845, 0.2882931597388478, 0.13119517639683176, 0.08465839190855828, 0.06318209378020308, 0.14627283099766167, 0.11807565875714858]
Timestep: 214 State: 0 Beliefs: [0.09815229497713485, 0.06546621285054535, 0.2946289531223174, 0.13093242570108768, 0.08398804346481223, 0.06301300317295563, 0.1459798835801679, 0.11783918313097892]
Timestep: 215 State: 2 Beliefs: [0.15892943258943257, 0.08912648111207373, 0.21642026724077978, 0.11140810139009075, 0.11388283475176228, 0.08575387265224527, 0.12421171901253399, 0.10026729125108165]
Timestep: 216 State: 2 Beliefs: [0.1515906703680933, 0.08719531206134992, 0.2314772190056277, 0.10899414007668633, 0.11516503340291621, 0.08596256672185408, 0.12152033229445476, 0.0980947260690177]
Timestep: 217 State: 4 Beliefs: [0.10616215873773836, 0.0642583919443641, 0.2942190586865642, 0.1285167838887273, 0.08463093049293871, 0.06326094751864947, 0.14328662323116312, 0.11566510549985458]
Timestep: 218 State: 2 Beliefs: [0.08110925965684462, 0.11537649853265126, 0.1318662074331976, 0.14422062316581338, 0.10866620426303633, 0.14787725387179845, 0.0978192052776821, 0.17306474779897604]
Timestep: 219 State: 2 Beliefs: [0.09872294288155359, 0.06739154502885794, 0.26211824749279317, 0.13478309005771558, 0.09755373117980111, 0.06785257533253823, 0.15027308697479633, 0.12130478105194403]
Timestep: 220 State: 2 Beliefs: [0.09562105921448283, 0.06536030487990334, 0.28801854152477, 0.13072060975980623, 0.09387350944677594, 0.06301370177763703, 0.1457437246127989, 0.11764854878382562]
Timestep: 221 State: 0 Beliefs: [0.09233276004921726, 0.06459659066237267, 0.30266585916652855, 0.12919318132474505, 0.08873271415572109, 0.06216427555424262, 0.1440407558949023, 0.11627386319227054]
Timestep: 222 State: 4 Beliefs: [0.15227309136506542, 0.08801321616296587, 0.2271918650524178, 0.11001652020370718, 0.11621518393465355, 0.08461504525879526, 0.12266020983905862, 0.09901486818333646]
Timestep: 223 State: 2 Beliefs: [0.08705029262069007, 0.11414326154915572, 0.1355017283764518, 0.14267907693644452, 0.10280322323625621, 0.1498338901655928, 0.09677363479167542, 0.17121489232373338]
Timestep: 224 State: 0 Beliefs: [0.10291579085354838, 0.06740204888780922, 0.25990255888873254, 0.1348040977756184, 0.09558265737512264, 0.06777264920859435, 0.1502965090125178, 0.12132368799805654]
Timestep: 225 State: 2 Beliefs: [0.14126601047577575, 0.0774816333774995, 0.18284273979746687, 0.09685204172187428, 0.14181479750339882, 0.09954326205029279, 0.14397706500744298, 0.11622245006624914]
Timestep: 226 State: 2 Beliefs: [0.1113016106854981, 0.06526317334257827, 0.27634744880909845, 0.13052634668515647, 0.09001612868767218, 0.06354444399154698, 0.14552713578180876, 0.11747371201664081]
Timestep: 227 State: 2 Beliefs: [0.10726067791961835, 0.06537595020013286, 0.2846117341231002, 0.13075190040026566, 0.0856866031773537, 0.06285781247750129, 0.1457786113417887, 0.11767671036023908]
Timestep: 228 State: 2 Beliefs: [0.09882371460343414, 0.06481005194592518, 0.29924596466250025, 0.12962010389185033, 0.08400623809749601, 0.06231909059879724, 0.14451674269733164, 0.11665809350266529]
Timestep: 229 State: 0 Beliefs: [0.09311662988891785, 0.06458137173171295, 0.3081383080925378, 0.12916274346342585, 0.08269390107285315, 0.06205375668245568, 0.1440068199510136, 0.11624646911708328]
Timestep: 230 State: 2 Beliefs: [0.10464079678681619, 0.13297513351071905, 0.15727993784562888, 0.16621891688839877, 0.07702434164289705, 0.12770900779579564, 0.08455484033018547, 0.1495970251995589]
Timestep: 231 State: 4 Beliefs: [0.10109500614337567, 0.07281458880617857, 0.18492593982521538, 0.14562917761235714, 0.10917982424240791, 0.09817920714283807, 0.16121748600146985, 0.1269587702261575]
Timestep: 232 State: 5 Beliefs: [0.08376080072088056, 0.11687112488970149, 0.13765330104904278, 0.14608890611212685, 0.09054927722837568, 0.15068351417187792, 0.09908638849344256, 0.1753066873345522]
Timestep: 233 State: 5 Beliefs: [0.07125381390486168, 0.11245884418772557, 0.08097036781516241, 0.1349506130252707, 0.12341168509549091, 0.20705344992094732, 0.10121295976895302, 0.16868826628158834]
Timestep: 234 State: 5 Beliefs: [0.06788565426747581, 0.10148590111834786, 0.07670758242095273, 0.0884748881544571, 0.13995089775157715, 0.2485302090210628, 0.1000150909572124, 0.1769497763089142]
Timestep: 235 State: 2 Beliefs: [0.07457214114668745, 0.11267194236582294, 0.12072517486401733, 0.14083992795727868, 0.09103328171303902, 0.19562340639861378, 0.09552621200580641, 0.16900791354873443]
Timestep: 236 State: 2 Beliefs: [0.09836265108001302, 0.06693082136075153, 0.2671994404909364, 0.13386164272150305, 0.08431029824794427, 0.07961392568985294, 0.1492457419596459, 0.12047547844935275]
Timestep: 237 State: 2 Beliefs: [0.0792572486184583, 0.11462824782144694, 0.14434990258366942, 0.14328530977680867, 0.0848150136993446, 0.16453708696296182, 0.09718481880513981, 0.17194237173217042]
Timestep: 238 State: 2 Beliefs: [0.09141671024299707, 0.0664744149483755, 0.2808754140559643, 0.132948829896751, 0.08275888912888754, 0.07764377103954125, 0.14822802378040745, 0.1196539469070759]
Timestep: 239 State: 2 Beliefs: [0.08890045387353498, 0.06512714704928155, 0.30465272284937917, 0.1302542940985631, 0.07871684319521015, 0.06989585679513526, 0.145223817450189, 0.11722886468870679]
Timestep: 240 State: 0 Beliefs: [0.0863251560678028, 0.06497567139007962, 0.30962231493499087, 0.12995134278015924, 0.07814281416200834, 0.06914044282433979, 0.14488604933847604, 0.11695620850214332]
Timestep: 241 State: 2 Beliefs: [0.14702058557068867, 0.08900832421671868, 0.22710377132544807, 0.11126040527089834, 0.10683370242494511, 0.09459179758575968, 0.12404704886173294, 0.10013436474380852]
Timestep: 242 State: 0 Beliefs: [0.10237050119962282, 0.06534129939856413, 0.2853962605107539, 0.13068259879712826, 0.0793406624651787, 0.07355299348528481, 0.14570134522605196, 0.11761433891741543]
Timestep: 243 State: 2 Beliefs: [0.16103063292418643, 0.08869529952120916, 0.21601612663408976, 0.11086912440151146, 0.10532486635927402, 0.09467093830593733, 0.12361079989243143, 0.0997822119613603]
Timestep: 244 State: 2 Beliefs: [0.11108625452704361, 0.06545006774500234, 0.2769739027233069, 0.13090013549000468, 0.07821421424008637, 0.07362142092902425, 0.14594388240452758, 0.11781012194100421]
Timestep: 245 State: 2 Beliefs: [0.10449705948200827, 0.06574398198462604, 0.286064633145524, 0.13148796396925208, 0.07716577100640314, 0.07010215554876806, 0.1465992672910915, 0.11833916757232688]
Timestep: 246 State: 0 Beliefs: [0.09612169879228166, 0.06514268902204214, 0.3003714451833175, 0.13028537804408427, 0.07626300655293046, 0.06930046843592044, 0.1452584737297477, 0.11725684023967586]
Timestep: 247 State: 5 Beliefs: [0.10404196769285994, 0.132236213457799, 0.1546435546937543, 0.16529526682224877, 0.07050907224839964, 0.14042320138750963, 0.0840849835574048, 0.14876574014002386]
Timestep: 248 State: 5 Beliefs: [0.07113123756026843, 0.1115086161768716, 0.08028620364734755, 0.1338103394122459, 0.11653330961678214, 0.21910961476199248, 0.10035775455918444, 0.16726292426530737]
Timestep: 249 State: 0 Beliefs: [0.08820097089670531, 0.1353215605409173, 0.10447321881563701, 0.11797264252285099, 0.10156123349430826, 0.23088697559970459, 0.08001622710245544, 0.14156717102742117]
Timestep: 250 State: 0 Beliefs: [0.15006098652850383, 0.08862330291562288, 0.20787901074169365, 0.1107791286445286, 0.10672173674869347, 0.11272415730138509, 0.12351046133949681, 0.09970121578007574]
Timestep: 251 State: 2 Beliefs: [0.16497777775170772, 0.08783694145862753, 0.20850931069423523, 0.1097961768232844, 0.10235697895676438, 0.10529171176100188, 0.12241454341342306, 0.09881655914095597]
Timestep: 252 State: 1 Beliefs: [0.15993457387899004, 0.08702720476004232, 0.22173328093933145, 0.10878400595005291, 0.10101975259095942, 0.10230952810066633, 0.12128604842490974, 0.09790560535504761]
Timestep: 253 State: 0 Beliefs: [0.08783660771673686, 0.13386318665820096, 0.12352926549217805, 0.1395552504305733, 0.07875629552847842, 0.1743382281477122, 0.09465486550943232, 0.16746630051668793]
Timestep: 254 State: 2 Beliefs: [0.1404022087212318, 0.08620201572351668, 0.17310032170304993, 0.09715014467183426, 0.12225325591722484, 0.1198916645925429, 0.14442021506439842, 0.11658017360620113]
Timestep: 255 State: 0 Beliefs: [0.1150253465380895, 0.07595782348123113, 0.26080984538703866, 0.1315174907677681, 0.0764389451026017, 0.07525261956433525, 0.1466321874679444, 0.11836574169099129]
Timestep: 256 State: 4 Beliefs: [0.17146256434017465, 0.10234405631894986, 0.2000673135891602, 0.10982205269871431, 0.10063755388228725, 0.09438321865837901, 0.1224433930834919, 0.09883984742884287]
Timestep: 257 State: 2 Beliefs: [0.09733431285670371, 0.126327770858034, 0.11628674604797498, 0.13995425881455972, 0.09013529155140297, 0.1670910120109341, 0.09492549728291877, 0.16794511057747166]
Timestep: 258 State: 2 Beliefs: [0.12290591960782893, 0.07196514104683793, 0.24079203718126393, 0.1341240280462786, 0.08516543780670753, 0.07479752905365596, 0.1495382820157763, 0.12071162524165076]
Timestep: 259 State: 2 Beliefs: [0.11441916049087796, 0.07242120461691147, 0.2633095233938143, 0.13188617653625376, 0.08335816566075077, 0.0688649658328207, 0.14704324458594265, 0.1186975588826284]
Timestep: 260 State: 2 Beliefs: [0.10746076460554606, 0.06968660442963834, 0.28162278356084613, 0.1300363124626986, 0.08153275345947275, 0.06764731607188312, 0.1449807841934863, 0.11703268121642872]
Timestep: 261 State: 2 Beliefs: [0.10181935218082393, 0.06763808804899589, 0.2934780518538904, 0.12922572799593604, 0.08053289569503727, 0.06692568602454992, 0.1440770430044242, 0.11630315519634243]
Timestep: 262 State: 0 Beliefs: [0.09798094963735805, 0.06639609844665972, 0.29926919228333676, 0.1292120816955135, 0.08010803123084598, 0.06668094478249023, 0.14406182839783369, 0.11629087352596214]
Timestep: 263 State: 5 Beliefs: [0.09502757025048257, 0.11668691790574365, 0.13070629005839582, 0.1436385861893504, 0.08636980791637243, 0.15778009188052736, 0.09742443237190723, 0.17236630342722048]
Timestep: 264 State: 5 Beliefs: [0.07031051010059763, 0.11125123273828544, 0.08010088757156553, 0.13350147928594253, 0.11180786475024103, 0.22602506698148278, 0.10012610946445691, 0.16687684910742814]
Timestep: 265 State: 2 Beliefs: [0.10905188927841107, 0.13552095315827828, 0.10117250808288782, 0.11765727147644618, 0.10198984375509493, 0.21361648521486098, 0.07980232326228523, 0.1411887257717354]
Timestep: 266 State: 0 Beliefs: [0.11384935513036039, 0.06524751694110759, 0.27022268416726436, 0.12980068526626554, 0.08086623877693351, 0.07847482552484705, 0.1447180774535826, 0.11682061673963898]
Timestep: 267 State: 2 Beliefs: [0.14903359198630475, 0.07755800702424993, 0.1809377860040423, 0.09606376712490657, 0.12440388718312038, 0.113921198252254, 0.14280524187523425, 0.11527652054988786]
Timestep: 268 State: 2 Beliefs: [0.11784969390138289, 0.06503658585288301, 0.27412691580007686, 0.1292647193874811, 0.0788306226477786, 0.07443269946547286, 0.14412051549619162, 0.116338247448733]
Timestep: 269 State: 2 Beliefs: [0.11222048843731901, 0.06527738815520008, 0.2833535481012025, 0.12981854542562543, 0.07741624601739809, 0.07033910278177088, 0.14473799019842115, 0.11683669088306287]
Timestep: 270 State: 2 Beliefs: [0.10361656105552523, 0.06457155244772399, 0.2980135765753945, 0.12867193963748488, 0.076486407335073, 0.0693756069628215, 0.1434596103122406, 0.11580474567373639]
Timestep: 271 State: 2 Beliefs: [0.09784420030868365, 0.0642245639927507, 0.30700268413712783, 0.12816100773988223, 0.07588343203363997, 0.06864924544636179, 0.14288995937565976, 0.11534490696589401]
Timestep: 272 State: 2 Beliefs: [0.09421616356633583, 0.06418658669120257, 0.31100248267365915, 0.1282083258240758, 0.07570102319776698, 0.06835520929695624, 0.14294271550833523, 0.11538749324166822]
Timestep: 273 State: 2 Beliefs: [0.09217917894967005, 0.06426333341758292, 0.31234564313552504, 0.1284361095920771, 0.07570239805675032, 0.06828416080465717, 0.14319667741086803, 0.11559249863286938]
Timestep: 274 State: 2 Beliefs: [0.09110012556204716, 0.06434776031244656, 0.312646336858306, 0.12864675102894582, 0.07575184386831638, 0.06829357955042048, 0.14343152689346644, 0.11578207592605123]
Timestep: 275 State: 2 Beliefs: [0.09053936162007581, 0.06440880883862742, 0.31263834173099464, 0.1287915747609917, 0.07579766719946703, 0.06831883401799442, 0.14359299454695643, 0.11591241728489253]
Timestep: 276 State: 2 Beliefs: [0.09024795541819096, 0.0644466174543242, 0.31257511376817565, 0.12887937519424647, 0.07582891067163836, 0.06833970434083833, 0.14369088547776432, 0.11599143767482181]
Timestep: 277 State: 2 Beliefs: [0.09009564500430416, 0.06446837356919649, 0.3125224925233087, 0.12892938110962826, 0.0758477488491639, 0.06835327760410276, 0.1437466383416303, 0.11603644299866543]
Timestep: 278 State: 4 Beliefs: [0.09001557948460372, 0.06448042934673881, 0.3124887111291329, 0.128956946035441, 0.07585844526462084, 0.06836126613073824, 0.1437773711768275, 0.11606125143189691]
Timestep: 279 State: 2 Beliefs: [0.07285888247923485, 0.11445336481487127, 0.13492202863307112, 0.1430644011723225, 0.10420570952574083, 0.16178334682500575, 0.09703498514296657, 0.17167728140678698]
Timestep: 280 State: 4 Beliefs: [0.10110269494602084, 0.06610867672922313, 0.2734737358590433, 0.13221643324726873, 0.0878537798216677, 0.07283843330153332, 0.1474114561727011, 0.11899478992254187]
Timestep: 281 State: 0 Beliefs: [0.07282503573190231, 0.11390705932797233, 0.12878200397242306, 0.1423824772122854, 0.11396148391474836, 0.16071050438107173, 0.09657246280485444, 0.17085897265474245]
Timestep: 282 State: 4 Beliefs: [0.12732079319045359, 0.07703775912034341, 0.18432132072023724, 0.09629677136128643, 0.14451129117349318, 0.1118043204784912, 0.14315161832215118, 0.11555612563354371]
Timestep: 283 State: 0 Beliefs: [0.1216974274287208, 0.07557470424045926, 0.18357365824871205, 0.09446776988765396, 0.16349331258877947, 0.10739911895227569, 0.14043268478821394, 0.11336132386518474]
Timestep: 284 State: 0 Beliefs: [0.13164365814152854, 0.07532751169989496, 0.17766190413802133, 0.09415878065732931, 0.16223220680362058, 0.10601205022648182, 0.13997335154432836, 0.11299053678879517]
Timestep: 285 State: 0 Beliefs: [0.09706075600745423, 0.11306056023772433, 0.11871192986528603, 0.14132481500271366, 0.10747471094372438, 0.1569223580249569, 0.09585509191488406, 0.1695897780032564]
Timestep: 286 State: 2 Beliefs: [0.16640425079221516, 0.08811022407710722, 0.19588045977385551, 0.1101373269346112, 0.12468459487123056, 0.09286464898124128, 0.12279490032858889, 0.09912359424115007]
Timestep: 287 State: 2 Beliefs: [0.12188213303314573, 0.06514309194141042, 0.25257650398026155, 0.13028528032897999, 0.10072439374446841, 0.06687347989095352, 0.14525836478469858, 0.11725675229608198]
Timestep: 288 State: 0 Beliefs: [0.11215563595154765, 0.06556758599452943, 0.2672339240069136, 0.13113446863561606, 0.09462137281194725, 0.06506084445305553, 0.1462051463743361, 0.11802102177205447]
Timestep: 289 State: 2 Beliefs: [0.15178045435740073, 0.07661625067866652, 0.1795225940851471, 0.09576997422624002, 0.13788856140098835, 0.1011296971810616, 0.14236849899900755, 0.11492396907148802]
Timestep: 290 State: 2 Beliefs: [0.13006194659290019, 0.0647304263143976, 0.2650862484882201, 0.12946053994002255, 0.08420474230474888, 0.0656027696148892, 0.14433884079880124, 0.11651448594602029]
Timestep: 291 State: 2 Beliefs: [0.11916536252786943, 0.06446185171069808, 0.28099509482002594, 0.12892338033099118, 0.08314714342972722, 0.06353617696152668, 0.14373994792126926, 0.11603104229789206]
Timestep: 292 State: 2 Beliefs: [0.11310193781868227, 0.06395026044638877, 0.29466969609602817, 0.12790030282199832, 0.07976029277941517, 0.0629079446498787, 0.14259929284781006, 0.1151102725397985]
Timestep: 293 State: 2 Beliefs: [0.10855481151946651, 0.06387945738794597, 0.3021827479277874, 0.12775878147136532, 0.07748038062572533, 0.0627194106403316, 0.1424415071031491, 0.1149829033242288]
Timestep: 294 State: 2 Beliefs: [0.10577660409533778, 0.06404223321956332, 0.3050451553279989, 0.12808439057879661, 0.07617003594535524, 0.06280109235328338, 0.14280453695874787, 0.11527595152091696]
Timestep: 295 State: 0 Beliefs: [0.1042686589386525, 0.06422966592760457, 0.3057699602773694, 0.1284592903450917, 0.07549050348060747, 0.0629460374995194, 0.1432225222205724, 0.11561336131058254]
Timestep: 296 State: 0 Beliefs: [0.10291845536159462, 0.1154302495278823, 0.1335768802313748, 0.14428778690116298, 0.08198530737690471, 0.15079121650846133, 0.0978647598112236, 0.17314534428139558]
Timestep: 297 State: 2 Beliefs: [0.15313060360523795, 0.07762538367540225, 0.1830045417311955, 0.09703172227408663, 0.12138423632275533, 0.1071412734460148, 0.1442441722164034, 0.11643806672890397]
Timestep: 298 State: 2 Beliefs: [0.1318272114796445, 0.06502742282152682, 0.27007213873967034, 0.1300548319770526, 0.0756642153881871, 0.06530339874463358, 0.14500143206993776, 0.11704934877934735]
Timestep: 299 State: 2 Beliefs: [0.12044971230328512, 0.06481648944257225, 0.2860301285984742, 0.12963296568306662, 0.0745667675987458, 0.06330318462439322, 0.14453108263470263, 0.11666966911475996]
Timestep: 300 State: 0 Beliefs: [0.11375037731633653, 0.0644134273676476, 0.2967290565510943, 0.1288268463723867, 0.07387503286178762, 0.06282877803414728, 0.14363231976145202, 0.11594416173514803]
Timestep: 301 State: 2 Beliefs: [0.12220658535630906, 0.13187157583350972, 0.15149536260772253, 0.164839463551302, 0.06887112432074548, 0.1285072527190118, 0.08385311841522754, 0.1483555171961718]
Timestep: 302 State: 5 Beliefs: [0.09817648363214906, 0.07281279993407665, 0.1849213966579724, 0.1456255998681533, 0.10604472807356889, 0.10424981537540602, 0.16121352529156566, 0.126955651167108]
Timestep: 303 State: 2 Beliefs: [0.09099424313946894, 0.10381517664159318, 0.08148183367597514, 0.09050553649775316, 0.12083204301257328, 0.22904948756140917, 0.10231060647572095, 0.1810110729955063]
Timestep: 304 State: 2 Beliefs: [0.12222237553418264, 0.06469943495724587, 0.2813678537402719, 0.12939886855656335, 0.07494595198962051, 0.06663645171262243, 0.1442700818085863, 0.11645898170090703]
Timestep: 305 State: 2 Beliefs: [0.11735318158501011, 0.06454709835888683, 0.2931411527909905, 0.1290941937422724, 0.0732580571017346, 0.06249114992548204, 0.14393039212757833, 0.11618477436804515]
Timestep: 306 State: 0 Beliefs: [0.11011520385612082, 0.06415781834327365, 0.30410243622665917, 0.12831563483027172, 0.07272546708919028, 0.06203701126513092, 0.14306235704210893, 0.11548407134724457]
Timestep: 307 State: 0 Beliefs: [0.10442795351856046, 0.11541846439805091, 0.13667929840997237, 0.14427307927354305, 0.0795280523138104, 0.1486906727548864, 0.09785478420292487, 0.17312769512825169]
Timestep: 308 State: 0 Beliefs: [0.15129992264844586, 0.07774672619478024, 0.18900088740849874, 0.09718340737577559, 0.11844022141426476, 0.10523908379943475, 0.14446966230786937, 0.1166200888509307]
Timestep: 309 State: 2 Beliefs: [0.16770165753981503, 0.07649628450749638, 0.18659119541412977, 0.09562035512501223, 0.11585994097172123, 0.10084006013582225, 0.1421460801559883, 0.11474442615001465]
Timestep: 310 State: 2 Beliefs: [0.13490170539900817, 0.06499269224884309, 0.27040645204171415, 0.12998538381369912, 0.07369902341304667, 0.06410389510086227, 0.14492400255049737, 0.1169868454323292]
Timestep: 311 State: 0 Beliefs: [0.12324525605069966, 0.06503365095024868, 0.2834669572323706, 0.13006730127463725, 0.0733184284084611, 0.06279250053020924, 0.14501533440620004, 0.11706057114717351]
Timestep: 312 State: 0 Beliefs: [0.11083887555001068, 0.11559743919425647, 0.12965162528593882, 0.14449679855353928, 0.07924866093961197, 0.14876391797608202, 0.0980065242363136, 0.17339615826424715]
Timestep: 313 State: 2 Beliefs: [0.1568683082000935, 0.07769874293924775, 0.18422738127658056, 0.09712342853983238, 0.11804992837646322, 0.1051035966801733, 0.14438049973981054, 0.11654811424779887]
Timestep: 314 State: 0 Beliefs: [0.13638516847477786, 0.06501259220620484, 0.268717494241449, 0.1300251841525409, 0.07365260855155015, 0.06421590967805901, 0.14496837695813145, 0.11702266573728683]
Timestep: 315 State: 2 Beliefs: [0.19382458863699142, 0.08761884422750583, 0.20511673859269283, 0.10952355508799666, 0.09866345977324613, 0.08457102357888722, 0.12211059052348285, 0.098571199579197]
Timestep: 316 State: 2 Beliefs: [0.1393484272623782, 0.06453907330004996, 0.2702365765800269, 0.1290781464203275, 0.07289365805441352, 0.063821286043338, 0.1439125005611711, 0.11617033177829476]
Timestep: 317 State: 4 Beliefs: [0.12486986716467974, 0.06514620271248438, 0.28099201177818345, 0.1302924052881766, 0.0733324609740287, 0.06283757874059884, 0.14526630858248943, 0.11726316475935894]
Timestep: 318 State: 2 Beliefs: [0.13752970887900134, 0.07671262694188835, 0.19004778423582985, 0.09589078361144816, 0.14350943608484323, 0.0986926296490687, 0.14254809026418264, 0.1150689403337378]
Timestep: 319 State: 4 Beliefs: [0.11616689555681765, 0.06450903551840363, 0.2817395274350287, 0.12901807097608906, 0.08524525451066577, 0.06335943120042756, 0.1438455209240873, 0.11611626387848013]
Timestep: 320 State: 1 Beliefs: [0.08810884858353431, 0.11434694775030924, 0.12829014318534757, 0.1429336846174451, 0.11111957951802741, 0.14673404958561354, 0.09694632521878885, 0.17152042154093408]
Timestep: 321 State: 2 Beliefs: [0.08707080958608004, 0.12556421527992373, 0.12767330254738427, 0.1430334905922316, 0.09405283105837398, 0.1539511425192931, 0.09701401970603538, 0.17164018871067793]
Timestep: 322 State: 2 Beliefs: [0.10662452029525893, 0.07085187418725923, 0.27454852036302596, 0.13086320787326108, 0.08849803893461919, 0.06493424039298994, 0.14590271086765078, 0.11777688708593498]
Timestep: 323 State: 2 Beliefs: [0.13613527302915462, 0.09340647466386393, 0.23880562303174738, 0.1082751759649504, 0.12289520227177538, 0.08231585170614554, 0.12071874096390738, 0.09744765836845534]
Timestep: 324 State: 2 Beliefs: [0.10096240274629001, 0.06960450452486439, 0.3097030659175588, 0.12530165563874887, 0.08134822947875868, 0.060606656451524056, 0.13970199516738122, 0.112771490074874]
Timestep: 325 State: 4 Beliefs: [0.09538047145253582, 0.06793832523044487, 0.3149535749395724, 0.12673324499441846, 0.07952367433921793, 0.06011267808490779, 0.1412981104639262, 0.11405992049497658]
Timestep: 326 State: 0 Beliefs: [0.11259061406903619, 0.08149204230812808, 0.2050372494835554, 0.09519373624389059, 0.15374730828730399, 0.09619468357972297, 0.14151188253569408, 0.11423248349266871]
Timestep: 327 State: 2 Beliefs: [0.10066993166523587, 0.1420275516499786, 0.16137565160699935, 0.16168992515339117, 0.08192770327054748, 0.12453734208994004, 0.08225096192585551, 0.14552093263805202]
Timestep: 328 State: 2 Beliefs: [0.10457523631005915, 0.06827281961374441, 0.28448352581785735, 0.1298603473841001, 0.0866554703387616, 0.06449369162721605, 0.14478459626257129, 0.11687431264569008]
Timestep: 329 State: 0 Beliefs: [0.09805938278247261, 0.06774289734339331, 0.29908040290432336, 0.12848162487707612, 0.08688906879610628, 0.06086573735028088, 0.1432474235569789, 0.11563346238936852]
Timestep: 330 State: 2 Beliefs: [0.09654200080803438, 0.12084220686541498, 0.13731068718676165, 0.1432239121406636, 0.08846134107930625, 0.14460798215996387, 0.09714317519105879, 0.17186869456879633]
Timestep: 331 State: 2 Beliefs: [0.11325072542163046, 0.06885134341382562, 0.2815937736060483, 0.13048511268564114, 0.07853721879013568, 0.06436406171612838, 0.14548116294951333, 0.11743660141707701]
Timestep: 332 State: 0 Beliefs: [0.10922817886742438, 0.06719451557468159, 0.2987566663278687, 0.1280454075373751, 0.07811019816190769, 0.06066309297035983, 0.14276107377674505, 0.1152408667836376]
Timestep: 333 State: 2 Beliefs: [0.1686945896648616, 0.09067445807758431, 0.23056693940024642, 0.10801652849301799, 0.10264822377642517, 0.08175401660939528, 0.12043036833475289, 0.09721487564371618]
Timestep: 334 State: 0 Beliefs: [0.12174334622311399, 0.0675482595767835, 0.2928633986145539, 0.1267581486864062, 0.07464572716411938, 0.06103290969524949, 0.1413258762220081, 0.11408233381776559]
Timestep: 335 State: 2 Beliefs: [0.15886341134182497, 0.07999057550144856, 0.1941474147839481, 0.09548929572054549, 0.11859878008558043, 0.09637211615324663, 0.1419512515487512, 0.11458715486465457]
Timestep: 336 State: 0 Beliefs: [0.12680179495664318, 0.06910152175085404, 0.2805893726746403, 0.1285088415101204, 0.07434219496076153, 0.0617205487161409, 0.14327776807173123, 0.11565795735910836]
Timestep: 337 State: 0 Beliefs: [0.162628820847916, 0.0805365444492233, 0.18741129027061573, 0.09618426749371752, 0.11770171686666596, 0.09713186531262039, 0.14298437376678008, 0.115421120992461]
Timestep: 338 State: 2 Beliefs: [0.13002048248446665, 0.14005923749579954, 0.14413953905745716, 0.16292303933140515, 0.06813315646326985, 0.12521556802249162, 0.08287824174684523, 0.14663073539826463]
Timestep: 339 State: 5 Beliefs: [0.09627408835608159, 0.07301654913323267, 0.18543885494154327, 0.14603309826646535, 0.10039060153429111, 0.10987125881781443, 0.16166464276955053, 0.1273109061810211]
Timestep: 340 State: 2 Beliefs: [0.10672252748065025, 0.12286481430291432, 0.12600700879023216, 0.14454984438549556, 0.08068927042399852, 0.14766421820569162, 0.09804250314842308, 0.17345981326259466]
Timestep: 341 State: 2 Beliefs: [0.12447480356530798, 0.0691061496061855, 0.27047960568648527, 0.1315950042299109, 0.0749266517847907, 0.06426367212675295, 0.14671860919364696, 0.11843550380691982]
Timestep: 342 State: 2 Beliefs: [0.1647309919098408, 0.09141543389285908, 0.23349273118464864, 0.10916319655194029, 0.09895191263728137, 0.08229003927847571, 0.12170881764820805, 0.09824687689674626]
Timestep: 343 State: 0 Beliefs: [0.11576438131862096, 0.06703248153864702, 0.3054806998148729, 0.12609406375563734, 0.07122622049523261, 0.06033202461413778, 0.14058547108277775, 0.1134846573800736]
Timestep: 344 State: 2 Beliefs: [0.17457558594678527, 0.09065220952982192, 0.22842902781468474, 0.10845904275346278, 0.09769633948401037, 0.08165091728142167, 0.12092373871169657, 0.09761313847811649]
Timestep: 345 State: 2 Beliefs: [0.12449274086226561, 0.06750515175241216, 0.29249182409134866, 0.12708086180401376, 0.07159866827508504, 0.06077230032619051, 0.14168567726507203, 0.11437277562361237]
Timestep: 346 State: 2 Beliefs: [0.11425804659187962, 0.06695891069021918, 0.3001029431192021, 0.1281474093717801, 0.07201023180659223, 0.06031499177569521, 0.14287479821002944, 0.11533266843460208]
Timestep: 347 State: 2 Beliefs: [0.10622188185724339, 0.06660434948594254, 0.311439234633327, 0.12744486544665523, 0.07153586580193133, 0.05996190971074447, 0.14209151416216637, 0.11470037890198972]
Timestep: 348 State: 4 Beliefs: [0.10093220027484306, 0.06647620689095282, 0.3177220719127143, 0.12724971279213865, 0.07137183118243196, 0.0598493019179833, 0.1418739335160113, 0.11452474151292476]
Timestep: 349 State: 2 Beliefs: [0.11751734183053164, 0.07998829305952763, 0.20637530242795268, 0.09571927101576669, 0.14722307994954445, 0.09602046122655736, 0.14229312527119942, 0.11486312521892003]
Timestep: 350 State: 2 Beliefs: [0.10168852974297275, 0.06786906568405303, 0.29907517104749526, 0.12776338055016592, 0.08533024679804964, 0.0608399289493173, 0.14244663473279692, 0.11498704249514932]
Timestep: 351 State: 0 Beliefs: [0.1287875206606074, 0.08931153139930262, 0.26146245349292, 0.10776418893468553, 0.11441002661014647, 0.08112748030259836, 0.12014902855852254, 0.09698777004121699]
Timestep: 352 State: 0 Beliefs: [0.15637059402706568, 0.08902374779141586, 0.24898948690714734, 0.10607662839086734, 0.10475241812945293, 0.08105063471275117, 0.11826752448951927, 0.0954689655517806]
Timestep: 353 State: 2 Beliefs: [0.16819772378475917, 0.08894090874437098, 0.236197872131551, 0.10640005846005884, 0.10461262506801673, 0.08126263431709498, 0.11862812488009546, 0.09576005261405295]
Timestep: 354 State: 2 Beliefs: [0.11973678929727008, 0.06609387324837245, 0.2949652024579098, 0.12650574800741862, 0.07740697399295479, 0.06039177148858878, 0.14104446830080852, 0.11385517320667675]
Timestep: 355 State: 2 Beliefs: [0.11106634528059184, 0.06568762368141684, 0.3032264018137548, 0.1272006717772757, 0.0767231958333541, 0.05979590056984218, 0.14181925644421634, 0.11448060459954815]
Timestep: 356 State: 2 Beliefs: [0.10437488973502757, 0.06532235006447815, 0.3149726762912377, 0.12653787736100727, 0.0743666864556196, 0.05946114033537618, 0.1410802901323469, 0.11388408962490654]
Timestep: 357 State: 1 Beliefs: [0.09979646477138449, 0.0652550077382568, 0.3210167301937069, 0.1265465581970456, 0.07296613088657049, 0.059437237218988685, 0.14108996861670606, 0.11389190237734104]
Timestep: 358 State: 4 Beliefs: [0.09023611851344128, 0.17072263728074732, 0.16126758324224513, 0.16158526265950784, 0.06716537969281496, 0.12139856164741489, 0.08219772057027139, 0.14542673639355705]
Timestep: 359 State: 4 Beliefs: [0.1045132260695046, 0.08012618328623744, 0.1220970411980761, 0.09615141994348493, 0.15215438760432215, 0.1721471654714235, 0.15262130149759512, 0.12018927492935616]
Timestep: 360 State: 2 Beliefs: [0.08360711398348174, 0.1329050670682057, 0.1502921065363815, 0.14120326391111523, 0.08366326884969771, 0.14311261439198011, 0.09577264856579991, 0.16944391669333828]
Timestep: 361 State: 2 Beliefs: [0.09892233448233809, 0.0752893116007405, 0.289332205651845, 0.1299159928282944, 0.08225941218093359, 0.0625097129301806, 0.14484663678020288, 0.11692439354546497]
Timestep: 362 State: 4 Beliefs: [0.09477381014323229, 0.07678537524413553, 0.3063861630611123, 0.1278000282449314, 0.07705749621437184, 0.05968960749422046, 0.14248749417755785, 0.11502002542043827]
Timestep: 363 State: 0 Beliefs: [0.07592413244897302, 0.12915349253544872, 0.14041384203989749, 0.1420216562503475, 0.1042019480574361, 0.1415312091020272, 0.09632773206545309, 0.170425987500417]
Timestep: 364 State: 4 Beliefs: [0.08333851802880854, 0.12237158552744865, 0.13918542700669131, 0.14296284792387798, 0.09713679449751429, 0.14648330395863632, 0.09696610554836942, 0.17155541750865358]
Timestep: 365 State: 2 Beliefs: [0.08150091934845266, 0.12226362598751751, 0.1357238335574922, 0.14306600758317609, 0.10243817021057605, 0.14629215950438523, 0.09703607470858902, 0.1716792090998113]
Timestep: 366 State: 0 Beliefs: [0.09874287910647656, 0.0693247121465549, 0.2799274106403946, 0.13059070075321283, 0.09571195552248551, 0.06257182538783486, 0.1455988857651492, 0.11753163067789155]
Timestep: 367 State: 2 Beliefs: [0.13400927895515585, 0.08235517814025771, 0.1885495860278112, 0.09496423092376113, 0.15064637628686192, 0.09434756509485365, 0.14117070746278523, 0.11395707710851335]
Timestep: 368 State: 2 Beliefs: [0.11052732195674164, 0.0678629923943095, 0.2868281688451135, 0.12720884223076886, 0.0914496454907265, 0.05980670518452221, 0.1418283658901259, 0.114487958007692]
Timestep: 369 State: 2 Beliefs: [0.10619567716774615, 0.06765458444368885, 0.29441987115696855, 0.12691846321110586, 0.09000234441721716, 0.05907782776000046, 0.14150461495327774, 0.11422661688999527]
Timestep: 370 State: 2 Beliefs: [0.10025834323533085, 0.06589919464066353, 0.3104079318965218, 0.12569975553379026, 0.08595985369577389, 0.05849929417610353, 0.14014584684140496, 0.11312977998041125]
Timestep: 371 State: 0 Beliefs: [0.0957897431197329, 0.06489360814022213, 0.3194537502162384, 0.12553340069933805, 0.0830215262834812, 0.058367537296052326, 0.13996037361553063, 0.11298006062940426]
Timestep: 372 State: 2 Beliefs: [0.13884841511234677, 0.07762226150591794, 0.20947677497632128, 0.09483038453366835, 0.13045085284659452, 0.0940031137705198, 0.14097173581422937, 0.11379646144040202]
Timestep: 373 State: 0 Beliefs: [0.1109185404029983, 0.06469939697137005, 0.3025647051552187, 0.12640607101495108, 0.08141291034577967, 0.05929957630343738, 0.14093333589278872, 0.11376546391345597]
Timestep: 374 State: 2 Beliefs: [0.17180531335645066, 0.08761751194988679, 0.2278627469589687, 0.1076184468403352, 0.10823458058110991, 0.08001826115734946, 0.11998653699959759, 0.09685660215630167]
Timestep: 375 State: 0 Beliefs: [0.11995487983568606, 0.06419243148501212, 0.29641205681775007, 0.1260285632884616, 0.08021550827068706, 0.059258410392816506, 0.14051244294997137, 0.11342570695961542]
Timestep: 376 State: 0 Beliefs: [0.1239556101766629, 0.13300665184314558, 0.1526892752965748, 0.1639702423263384, 0.07351327965614643, 0.12188077325011606, 0.08341094935731128, 0.14757321809370452]
Timestep: 377 State: 2 Beliefs: [0.11567419901567444, 0.13294212922501566, 0.1522360608556062, 0.16443113718971908, 0.07687892784398953, 0.12620411782882557, 0.08364540457042233, 0.14798802347074716]
Timestep: 378 State: 0 Beliefs: [0.12201947470242774, 0.0657514667679581, 0.27471347284385467, 0.13007197369486365, 0.08292419474435375, 0.0624340971151004, 0.1450205438060644, 0.11706477632537729]
Timestep: 379 State: 4 Beliefs: [0.1865901528346963, 0.08827444782361628, 0.2101388765042462, 0.10906810416201781, 0.10503153450423174, 0.08113279369548404, 0.12160279672989151, 0.09816129374581603]
Timestep: 380 State: 2 Beliefs: [0.15271724067518608, 0.07617836732107348, 0.18872659514524473, 0.09393765025710046, 0.14183026193351334, 0.09424007800701509, 0.13964462635234637, 0.11272518030852055]
Timestep: 381 State: 2 Beliefs: [0.12515866054425098, 0.06531479676791735, 0.2713431589453674, 0.12915677407292148, 0.08825206364745145, 0.060533284830383914, 0.14400016452607814, 0.11624109666562933]
Timestep: 382 State: 0 Beliefs: [0.11538476324286738, 0.06573288375922243, 0.2786999250984061, 0.1305144191978931, 0.0860535792706387, 0.06063761462924751, 0.14551383752362113, 0.11746297727810379]
Timestep: 383 State: 2 Beliefs: [0.1495260707487064, 0.07709373722971904, 0.19197565028234473, 0.09572853490917436, 0.1335869813157615, 0.09490788695233301, 0.14230689667095175, 0.11487424189100925]
Timestep: 384 State: 2 Beliefs: [0.11661409458281477, 0.06426846371264967, 0.2920778411629102, 0.12730893996905696, 0.08351733674333242, 0.05969531045874811, 0.14193996739833664, 0.11457804597215127]
Timestep: 385 State: 2 Beliefs: [0.11101711207930359, 0.06445557740216816, 0.2973908687611918, 0.12812162271469607, 0.08134827645621621, 0.05951103413143952, 0.14284604801175815, 0.11530946044322649]
Timestep: 386 State: 0 Beliefs: [0.10178332251230408, 0.06382175428363371, 0.3125271690252864, 0.126908459025211, 0.08029720289501464, 0.05895101810327434, 0.14149346103258598, 0.1142176131226899]
Timestep: 387 State: 0 Beliefs: [0.09756662528465908, 0.1154598509176088, 0.14385190069473255, 0.143526964027651, 0.08783292316399499, 0.14218065565072224, 0.09734872342745024, 0.17223235683318117]
Timestep: 388 State: 2 Beliefs: [0.1528629364127114, 0.08766570674293045, 0.23580572866105876, 0.1089408555938623, 0.1119730885829146, 0.08324398989948648, 0.12146092407255991, 0.09804677003447605]
Timestep: 389 State: 0 Beliefs: [0.11959888299975018, 0.06351507406289214, 0.2982359034927939, 0.12605459937941668, 0.0793314781153708, 0.05927345125990687, 0.14054147124839442, 0.113449139441475]
Timestep: 390 State: 0 Beliefs: [0.10850722278272446, 0.1154063519127647, 0.13576798829638617, 0.14348074403828737, 0.08520319777421483, 0.14214022813240443, 0.09731737421727317, 0.1721768928459448]
Timestep: 391 State: 0 Beliefs: [0.14267505955645265, 0.07702737917434271, 0.2009546481789524, 0.09574080309718398, 0.12883957412804836, 0.09754843799198844, 0.14232513415641082, 0.11488896371662079]
Timestep: 392 State: 2 Beliefs: [0.16046156162827785, 0.07615738143593626, 0.19838951703870336, 0.0943731644452826, 0.12265159053678658, 0.0944269401366423, 0.14029204744403206, 0.11324779733433912]
Timestep: 393 State: 2 Beliefs: [0.12863189118889767, 0.06447571315925169, 0.2839206492847003, 0.1278889953920049, 0.0774574453198432, 0.05993852389529239, 0.14258668590720547, 0.11510009585280442]
Timestep: 394 State: 2 Beliefs: [0.11931565972911935, 0.06478310706530561, 0.2905296631440628, 0.12889655296647545, 0.07688794491278454, 0.059870137100547935, 0.14371003741187635, 0.1160068976698279]
Timestep: 395 State: 0 Beliefs: [0.10946653649792897, 0.06413285705064777, 0.3062867704541549, 0.1276107646606047, 0.07609619817632483, 0.059280705560612906, 0.14227647940518165, 0.11484968819454423]
Timestep: 396 State: 2 Beliefs: [0.11739554098460628, 0.13211883373623726, 0.16116394238594944, 0.16431791304814863, 0.07143922542711738, 0.12209061473272288, 0.0835878079418843, 0.14788612174333374]
Timestep: 397 State: 2 Beliefs: [0.11274427699431315, 0.06487992854723969, 0.28965982498699644, 0.12914869935465204, 0.08141924566309944, 0.061923033216713885, 0.14399116181779859, 0.11623382941918683]
Timestep: 398 State: 4 Beliefs: [0.10972747394492391, 0.06413261493203379, 0.3063549349723483, 0.12757640879172275, 0.07586926259907151, 0.05928236167210015, 0.14223817517524906, 0.11481876791255047]
Timestep: 399 State: 2 Beliefs: [0.12226299014009546, 0.07624479657861566, 0.20688074282419455, 0.0948290870508909, 0.15106633476347045, 0.09395133716272783, 0.14096980701893633, 0.11379490446106906]
Timestep: 400 State: 4 Beliefs: [0.10095230842362629, 0.06381966293033843, 0.3035106390765621, 0.12690372034460565, 0.08965111373520655, 0.05946102942217203, 0.1414881777573439, 0.11421334831014508]
Timestep: 401 State: 2 Beliefs: [0.11564873118032412, 0.07553354415049529, 0.19830242031115414, 0.09409389797551276, 0.17040850473828445, 0.09322332499359787, 0.139876899080016, 0.11291267757061532]
Timestep: 402 State: 0 Beliefs: [0.09687490809582412, 0.06373125392961668, 0.2992635902524754, 0.1270030815146831, 0.09773939729766283, 0.05948603749955541, 0.14159895804696757, 0.1143027733632148]
Timestep: 403 State: 2 Beliefs: [0.09393485661806714, 0.1147593866967932, 0.13258286583013093, 0.1431545297729402, 0.10488492075894357, 0.14180188874960245, 0.0970961158459942, 0.1717854357275282]
Timestep: 404 State: 1 Beliefs: [0.10366906971421241, 0.06511905500768923, 0.2876026387628504, 0.12995441779383235, 0.08977725845612604, 0.06202910650159752, 0.14488947774924293, 0.11695897601444914]
Timestep: 405 State: 2 Beliefs: [0.08411700968636879, 0.14188642269427448, 0.12960051452044744, 0.14170448323553836, 0.09605988090555648, 0.14047370305454238, 0.09611260602062602, 0.170045379882646]
Timestep: 406 State: 2 Beliefs: [0.09819352911504048, 0.07174670808275005, 0.29507717070970585, 0.12877622814364556, 0.08543774744876328, 0.06129412695692845, 0.1435758842138854, 0.11589860532928101]
Timestep: 407 State: 0 Beliefs: [0.09890395899040043, 0.07583768211010858, 0.2979546007963391, 0.12723387047275278, 0.0848197371414497, 0.05888339655131332, 0.14185627051215868, 0.1145104834254775]
Timestep: 408 State: 2 Beliefs: [0.10655306402962694, 0.146769111883062, 0.16452534112437994, 0.16070040410979328, 0.07595746069439253, 0.11911665758668855, 0.08174759687324268, 0.14463036369881394]
Timestep: 409 State: 0 Beliefs: [0.10406785881786423, 0.0683798141641204, 0.3024174422848618, 0.12682364774990001, 0.08243458469489272, 0.0603364665236369, 0.1413989027898139, 0.11414128297491002]
Timestep: 410 State: 2 Beliefs: [0.14850137103590433, 0.0827284300969449, 0.20358446088315887, 0.09403580588961453, 0.1257665050346126, 0.09274991869960633, 0.13979054129262103, 0.11284296706753744]
Timestep: 411 State: 2 Beliefs: [0.11221486568218579, 0.06714823701548824, 0.3052612064442137, 0.12565076145732823, 0.07798712468248464, 0.05856089730427974, 0.14009122210242417, 0.11308568531159541]
Timestep: 412 State: 2 Beliefs: [0.10885470030226103, 0.06729048121578524, 0.30621026437965415, 0.1266376215033186, 0.0773359133971921, 0.05850566244137083, 0.1411914974074313, 0.11397385935298673]
Timestep: 413 State: 2 Beliefs: [0.09920572384559072, 0.06534008295418374, 0.32378641070012165, 0.12544010640540487, 0.0755233575487211, 0.057951865341057715, 0.13985635744005587, 0.11289609576486438]
Timestep: 414 State: 4 Beliefs: [0.09276402462898982, 0.06418866213538378, 0.33422495947613073, 0.12496044556670098, 0.07438605149796712, 0.057689884284310794, 0.139321571400486, 0.11246440101003088]
Timestep: 415 State: 4 Beliefs: [0.10697049736957631, 0.07697315855567528, 0.22119453260066416, 0.09464139002573173, 0.15279502142851908, 0.09316494920443476, 0.1406907827845206, 0.11356966803087806]
Timestep: 416 State: 0 Beliefs: [0.10538975909955159, 0.07607755581816561, 0.2214993199421599, 0.09398926239337234, 0.15728202604336755, 0.09325361057193488, 0.13972135125940127, 0.1127871148720468]
Timestep: 417 State: 2 Beliefs: [0.11799250454679994, 0.07587235788841754, 0.21513839095267032, 0.09377909032886934, 0.15224005484959374, 0.09303377666952242, 0.13940891636948338, 0.1125349083946432]
Timestep: 418 State: 0 Beliefs: [0.09949606498843433, 0.06454843112650029, 0.29512265942546795, 0.12769488336234028, 0.09646777241231663, 0.05937452817873259, 0.14237026548010176, 0.11492539502610624]
Timestep: 419 State: 0 Beliefs: [0.10729513710876745, 0.13268272394685449, 0.15658385330587876, 0.16423585554929596, 0.08654779430804602, 0.12129630013780135, 0.08354606564898968, 0.14781226999436636]
Timestep: 420 State: 2 Beliefs: [0.13464518964432115, 0.07647703775124541, 0.20090931436177437, 0.09507487203597487, 0.1413857374136911, 0.09608281944261284, 0.1413351829072104, 0.11408984644316984]
Timestep: 421 State: 0 Beliefs: [0.118152834858782, 0.06453968644841271, 0.28015486993699484, 0.12813545390608258, 0.09121355294877269, 0.059620224627505075, 0.14286146875797565, 0.11532190851547432]
Timestep: 422 State: 2 Beliefs: [0.10677421057425578, 0.11523209278299806, 0.1298326702028994, 0.14307179450115756, 0.09545131256947165, 0.1409117662192173, 0.09703999974861123, 0.17168615340138907]
Timestep: 423 State: 5 Beliefs: [0.1136431831946359, 0.06497335392058949, 0.2828755047421523, 0.12949161435797435, 0.08691751631589047, 0.061182888090749496, 0.1443734864558311, 0.11654245292217692]
Timestep: 424 State: 0 Beliefs: [0.09238918037560147, 0.11334825156942765, 0.1254489665197574, 0.14105277444718126, 0.09036228604922028, 0.17246463425106287, 0.09567057745113162, 0.16926332933661747]
Timestep: 425 State: 1 Beliefs: [0.15884748719347078, 0.08765742245144671, 0.21883028123612555, 0.10931304878335024, 0.1143477621464817, 0.09074636258088195, 0.12187589170322782, 0.09838174390501521]
Timestep: 426 State: 2 Beliefs: [0.09427354113452899, 0.12831191935596434, 0.12174101293114183, 0.13936539492813504, 0.09049962779311742, 0.16404393599209352, 0.09452609395125681, 0.16723847391376204]
Timestep: 427 State: 4 Beliefs: [0.11665026083060792, 0.07164154232332776, 0.26214631777400155, 0.13172091711899322, 0.08475615137536381, 0.06767699250212232, 0.14685899266848945, 0.11854882540709392]
Timestep: 428 State: 2 Beliefs: [0.08821701874338825, 0.1253214966148195, 0.11531006382046183, 0.14117367656973612, 0.10452708566817268, 0.16028966606983044, 0.09575258062990798, 0.16940841188368333]
Timestep: 429 State: 2 Beliefs: [0.11105459517200442, 0.07076230551715454, 0.2688793989413668, 0.1308121132655244, 0.08974410717079229, 0.06517083380113081, 0.1458457441930548, 0.11773090193897194]
Timestep: 430 State: 0 Beliefs: [0.10498330966229916, 0.07146662003614923, 0.2747582254893111, 0.12942644018058758, 0.09223528516131929, 0.06634550119601518, 0.14430082211178943, 0.11648379616252882]
Timestep: 431 State: 2 Beliefs: [0.16042472608177202, 0.09430716890291456, 0.21866899115237207, 0.10728759331552508, 0.11751034305697489, 0.08562468349647302, 0.11961766000999587, 0.09655883398397257]
Timestep: 432 State: 4 Beliefs: [0.11600061261043275, 0.06919086946480389, 0.2898536295893594, 0.12524292378650642, 0.08547497097365168, 0.061881848632285, 0.13963651353510492, 0.1127186314078558]
Timestep: 433 State: 2 Beliefs: [0.08926634875495913, 0.12066960440213964, 0.1311509758390818, 0.14031314107846457, 0.10898982263580577, 0.14606542491608518, 0.0951689130793064, 0.16837576929415746]
Timestep: 434 State: 1 Beliefs: [0.108167885551818, 0.06804495354108173, 0.28390255395233577, 0.12880436860240618, 0.08993016941934362, 0.06161887846548002, 0.14360725872536928, 0.11592393174216557]
Timestep: 435 State: 2 Beliefs: [0.08231068183720917, 0.14649757038369907, 0.1284842157598789, 0.13964867402958922, 0.09840909854757206, 0.14235311952560584, 0.09471823108093877, 0.167578408835507]
Timestep: 436 State: 2 Beliefs: [0.10395689988226971, 0.07483064751104772, 0.2865247146885094, 0.12900957880929195, 0.0849708758947389, 0.060762609493927255, 0.14383605279185238, 0.11610862092836276]
Timestep: 437 State: 4 Beliefs: [0.09874324017765879, 0.07942170887071569, 0.29189524236142317, 0.1270426917218733, 0.08707833536264745, 0.05983723848399669, 0.14164312047199903, 0.11433842254968597]
Timestep: 438 State: 2 Beliefs: [0.07715078550338236, 0.13391850457094034, 0.14027534415535697, 0.13946265644722527, 0.10818280662227274, 0.13906265233038181, 0.0945920626337702, 0.16735518773667032]
Timestep: 439 State: 2 Beliefs: [0.09920300119218046, 0.07128198879538068, 0.29505864455427605, 0.12807035908568282, 0.08856748456550327, 0.05976630573880977, 0.14278889289105232, 0.11526332317711455]
Timestep: 440 State: 4 Beliefs: [0.09193026819077904, 0.07298396147542306, 0.3052826026446048, 0.1260312401328127, 0.09141373986359014, 0.0584146441416005, 0.14051542743165832, 0.11342811611953142]
Timestep: 441 State: 2 Beliefs: [0.10675167453258208, 0.08377017848477059, 0.2100399584467004, 0.09323590084053633, 0.16401391579186478, 0.09170386218270189, 0.13860142871220027, 0.1118830810086436]
Timestep: 442 State: 2 Beliefs: [0.09202845758247173, 0.06994402926191269, 0.30652352487089785, 0.12573460754259075, 0.0944570305756648, 0.057966499147809235, 0.1401847042303213, 0.11316114678833165]
Timestep: 443 State: 4 Beliefs: [0.08829438811681622, 0.06947688329377677, 0.310634661481617, 0.12640656224049746, 0.0924779634944252, 0.05800975178380539, 0.14093388357261433, 0.11376590601644773]
Timestep: 444 State: 0 Beliefs: [0.07159073819049094, 0.12273089169199512, 0.1449630145244674, 0.14185104376758065, 0.11394632417641742, 0.13848472283341867, 0.09621201229453297, 0.17022125252109677]
Timestep: 445 State: 2 Beliefs: [0.09625266210679538, 0.13904098510840834, 0.16298409786573098, 0.1645397607957774, 0.0838736952020602, 0.12152235327848028, 0.08370066092654764, 0.14808578471619965]
Timestep: 446 State: 0 Beliefs: [0.1341565231591979, 0.09104556542778655, 0.24406402991648307, 0.10836649390041594, 0.12388777723458402, 0.08012921220397808, 0.12082055364718015, 0.09752984451037434]
Timestep: 447 State: 0 Beliefs: [0.15426731274258712, 0.09062471657718406, 0.2370151617886734, 0.10638345711654552, 0.11932305054624631, 0.07803157420288812, 0.11860961562098433, 0.09574511140489096]
Timestep: 448 State: 4 Beliefs: [0.16771397966870602, 0.08928596000766885, 0.22429984854381546, 0.10664811571224327, 0.11895879522218501, 0.07820530649981666, 0.11890469020454585, 0.09598330414101892]
Timestep: 449 State: 2 Beliefs: [0.1421978572926733, 0.07747386929431259, 0.1903348778313683, 0.09339395275788907, 0.1543955733478389, 0.0912947426636786, 0.1388363835027724, 0.11207274330946687]
Timestep: 450 State: 0 Beliefs: [0.11794270825372001, 0.06633016829129784, 0.27350556224859013, 0.12865307416226218, 0.0954474385850446, 0.058894704997810604, 0.14343857671523857, 0.11578776674603596]
Timestep: 451 State: 0 Beliefs: [0.1205245363699496, 0.1348105010927131, 0.14298361044227234, 0.16400556476641287, 0.08694013752950584, 0.11970172378037343, 0.08342891772900134, 0.14760500828977158]
Timestep: 452 State: 2 Beliefs: [0.11702904370297652, 0.13343132090593957, 0.15316221885474837, 0.16381085825117894, 0.08091453399782104, 0.12089238049002261, 0.0833298713712519, 0.14742977242606106]
Timestep: 453 State: 0 Beliefs: [0.12300006928280784, 0.06552580550626677, 0.276324527604168, 0.1292321148383774, 0.08591660267682656, 0.059607812879897436, 0.1440841638571163, 0.11630890335453967]
Timestep: 454 State: 2 Beliefs: [0.16435411990087895, 0.07706283357313164, 0.18243031044551958, 0.0948668573663335, 0.13416318301173322, 0.09225651173314897, 0.141025955129654, 0.1138402288396002]
Timestep: 455 State: 2 Beliefs: [0.12903294802128637, 0.06435625954488818, 0.2834123303897416, 0.12713619962830128, 0.08174658449242855, 0.05814572344841865, 0.14174737480946425, 0.11442257966547115]
Timestep: 456 State: 2 Beliefs: [0.11948502921448612, 0.06471459486668943, 0.29059552555805446, 0.12813265319419745, 0.08052854479214056, 0.05836591832642216, 0.14285834617323206, 0.11531938787477772]
Timestep: 457 State: 2 Beliefs: [0.10992417262484297, 0.0637489203864711, 0.3097776808077452, 0.1264313137633031, 0.0777854863605755, 0.057582763996675515, 0.14096147967341405, 0.11378818238697279]
Timestep: 458 State: 2 Beliefs: [0.10292187200783011, 0.06322314009120465, 0.3222105393024765, 0.12556128279404127, 0.07591950229622176, 0.057167048923217265, 0.13999146007037136, 0.11300515451463714]
Timestep: 459 State: 2 Beliefs: [0.09810281866168005, 0.06315976034666453, 0.32810472094549514, 0.1255688922013503, 0.07489650823446518, 0.05715535263747478, 0.13999994399165475, 0.11301200298121528]
Timestep: 460 State: 0 Beliefs: [0.09524442792624319, 0.06328591449199243, 0.33013277175183103, 0.1259087834294756, 0.07442936916929342, 0.05730193079863885, 0.1403788973459974, 0.11331790508652803]
Timestep: 461 State: 5 Beliefs: [0.11169046189674077, 0.13238283190354574, 0.16865856842486168, 0.16468009071038092, 0.07069605527956904, 0.11990786400158271, 0.08377204614397639, 0.14821208163934282]
Timestep: 462 State: 5 Beliefs: [0.06804089973612361, 0.11023488776647299, 0.07936911919186054, 0.13228186531976757, 0.10333701180635424, 0.24217248553988596, 0.0992113989898257, 0.16535233164970947]
Timestep: 463 State: 0 Beliefs: [0.0934361342860292, 0.11514504180630185, 0.14556516838067549, 0.14363190610374385, 0.0824315128221602, 0.15001204774536187, 0.09741990153123496, 0.1723582873244926]
Timestep: 464 State: 2 Beliefs: [0.09641025184670592, 0.11552334514628246, 0.13889005382208933, 0.1439919549294391, 0.08257374341167127, 0.15215619636764818, 0.09766410856083695, 0.17279034591532688]
Timestep: 465 State: 2 Beliefs: [0.11853442420624075, 0.06525591377947415, 0.2838880167676937, 0.13023317679301094, 0.07642190896592164, 0.06325642714353209, 0.14520027323041668, 0.11720985911370986]
Timestep: 466 State: 0 Beliefs: [0.10872248315326973, 0.06400430599570986, 0.306065703885403, 0.12766955443440967, 0.07402227588380933, 0.06227105204075203, 0.14234202561567763, 0.11490259899096869]
Timestep: 467 State: 2 Beliefs: [0.1491415993711032, 0.07640779933882967, 0.20705876761101433, 0.09528172052333955, 0.1175485136343565, 0.09858085781686253, 0.14164267707648687, 0.11433806462800745]
Timestep: 468 State: 2 Beliefs: [0.12111590249155126, 0.06357949011123468, 0.2978263680423806, 0.12689289912690468, 0.07366039557312802, 0.061245222533425764, 0.1414761129071609, 0.1142036092142142]
Timestep: 469 State: 0 Beliefs: [0.11141097756550476, 0.06363583879474863, 0.3082769547425521, 0.1270575218433366, 0.07312865706301426, 0.060478625381135596, 0.14165965495070515, 0.11435176965900296]
Timestep: 470 State: 4 Beliefs: [0.15078946227320877, 0.0762573978424738, 0.2090699036543611, 0.0951760423623898, 0.1167183351282206, 0.09629202851202995, 0.14148557939244813, 0.11421125083486777]
Timestep: 471 State: 2 Beliefs: [0.1446715557861292, 0.07552922707591878, 0.20606177058017208, 0.09429551933636277, 0.1312529622558742, 0.09485771898725506, 0.1401766227746527, 0.11315462320363531]
Timestep: 472 State: 2 Beliefs: [0.12015968730906346, 0.06403985663922215, 0.2869067001009265, 0.1279302889288375, 0.08295633895615165, 0.060237142910678394, 0.1426327251191666, 0.11513726003595377]
Timestep: 473 State: 2 Beliefs: [0.11077305765550828, 0.06424399356581253, 0.29694422085780825, 0.1283655659870567, 0.08109970100006257, 0.059926424989682425, 0.14311802655571843, 0.11552900938835103]
Timestep: 474 State: 2 Beliefs: [0.10267492940611438, 0.06376505435440137, 0.31017588841684635, 0.12741894385193148, 0.0798637053029824, 0.05936181568248905, 0.14206261351849672, 0.11467704946673833]
Timestep: 475 State: 2 Beliefs: [0.09731306316045928, 0.06358726575898102, 0.3178250300048559, 0.12707251791172297, 0.07907384337022763, 0.05908663922535623, 0.14167637444784634, 0.11436526612055067]
Timestep: 476 State: 2 Beliefs: [0.09405943855477203, 0.06363113548548766, 0.32111612813814344, 0.12716617999767157, 0.07874361497011888, 0.05905314017193092, 0.14178080068397114, 0.11444956199790443]
Timestep: 477 State: 2 Beliefs: [0.09226569336393194, 0.06373399519603547, 0.32223340213984897, 0.12737542674346677, 0.07863581628285045, 0.05910368701464222, 0.142014095190104, 0.11463788406912008]
Timestep: 478 State: 2 Beliefs: [0.0913203047379114, 0.06382214205944436, 0.3225174336760784, 0.12755364723533383, 0.07861453754719638, 0.05916085449373631, 0.142212797738499, 0.11479828251180042]
Timestep: 479 State: 2 Beliefs: [0.09082834272476888, 0.06388095933647055, 0.3225474657189665, 0.12767229319869972, 0.07861828368286251, 0.059202512325926535, 0.14234507913347563, 0.11490506387882975]
Timestep: 480 State: 4 Beliefs: [0.09057189619832334, 0.06391611072163265, 0.3225218646971438, 0.12774312148317188, 0.0786257212561155, 0.059228428923788996, 0.14242404738496922, 0.11496880933485469]
Timestep: 481 State: 2 Beliefs: [0.10856586163668565, 0.076752079457151, 0.2067851825328801, 0.09587345461147842, 0.15962782848403917, 0.09482511820215181, 0.14252232954183955, 0.11504814553377408]
Timestep: 482 State: 2 Beliefs: [0.09621000338226747, 0.06437087122717983, 0.2969508730052722, 0.1286334017201751, 0.09457606503160287, 0.06007208067494077, 0.14341664341040417, 0.11577006154815758]
Timestep: 483 State: 2 Beliefs: [0.09021532608937485, 0.06421677333060516, 0.30655562164764766, 0.12833901550870427, 0.09248617535175684, 0.05959354936034301, 0.14308842475373446, 0.11550511395783386]
Timestep: 484 State: 2 Beliefs: [0.08934140310795066, 0.06371845581987612, 0.31748120244838157, 0.1273488384104579, 0.08645658071807255, 0.0590551137428461, 0.14198445118300307, 0.11461395456941212]
Timestep: 485 State: 4 Beliefs: [0.08896900946462928, 0.06361868990353813, 0.3222620599735878, 0.12715056613080108, 0.0828570266137078, 0.0589437460083904, 0.14176339238762448, 0.11443550951772097]
Timestep: 486 State: 2 Beliefs: [0.07340083244316321, 0.11519802705062718, 0.14316580356374634, 0.14390002406403352, 0.11176730763911416, 0.14228622091034832, 0.09760175545212708, 0.1726800288768402]
Timestep: 487 State: 2 Beliefs: [0.10188832797558345, 0.06542021266077512, 0.28642175867042696, 0.13076775923860173, 0.09105256150329606, 0.06096210387353718, 0.14579629276303807, 0.11769098331474157]
Timestep: 488 State: 4 Beliefs: [0.08970553650019232, 0.06438246902244221, 0.3045318092633827, 0.128665645174745, 0.09363674041468864, 0.05982612651125702, 0.14345259245602163, 0.11579908065727049]
Timestep: 489 State: 0 Beliefs: [0.07284878311846657, 0.11485286965845938, 0.14089335351113536, 0.14346832537347107, 0.11654896538507688, 0.1419167613823493, 0.09730895112287603, 0.17216199044816527]
Timestep: 490 State: 2 Beliefs: [0.14788525266880792, 0.08794494709375043, 0.22515305952219758, 0.10987086046436557, 0.12581968262912224, 0.08194461310400464, 0.1224978100998225, 0.09888377441792899]
Timestep: 491 State: 2 Beliefs: [0.10122205020265031, 0.06390850147190325, 0.28911979145882155, 0.1277174580948825, 0.10106923333642533, 0.05962181852771785, 0.14239543462220483, 0.11494571228539424]
Timestep: 492 State: 4 Beliefs: [0.09636763162294905, 0.06436138630862043, 0.2974276203720229, 0.1286550922371674, 0.09456945632451884, 0.05938840340311541, 0.14344082671815528, 0.11578958301345066]
Timestep: 493 State: 2 Beliefs: [0.07796351936038678, 0.11480856111258478, 0.13706722886015973, 0.14343894719437558, 0.11615309941334227, 0.14115288237232368, 0.09728902505357649, 0.1721267366332507]
Timestep: 494 State: 4 Beliefs: [0.10627002837124253, 0.06514815901881936, 0.2829580435371736, 0.13024379804478017, 0.0924867652957441, 0.060461672358429516, 0.14521211513350862, 0.11721941824030213]
Timestep: 495 State: 2 Beliefs: [0.07586326223404627, 0.11464137177922477, 0.13321238505201563, 0.1432228430776683, 0.12287466897069431, 0.14117560710568688, 0.09714245008746199, 0.17186741169320197]
Timestep: 496 State: 0 Beliefs: [0.10416476708171991, 0.06520859502814863, 0.2815383389100243, 0.13036616124130584, 0.09554510704731757, 0.0604989446082556, 0.14534854096605293, 0.11732954511717528]
Timestep: 497 State: 0 Beliefs: [0.15169674206381112, 0.08747204714109454, 0.21709109744306704, 0.10928132409281827, 0.13350602535185446, 0.08075905118301933, 0.12184052104079886, 0.09835319168353643]
Timestep: 498 State: 2 Beliefs: [0.11300888095612954, 0.13032200402608343, 0.1570494545506137, 0.16282240836914738, 0.08682507829407309, 0.12060495505784984, 0.08282705121387063, 0.14654016753223262]
Timestep: 499 State: 5 Beliefs: [0.11713974287762519, 0.06491112808524682, 0.27765352236294333, 0.12978943664427045, 0.08893666803838671, 0.06005347293217664, 0.14470553607950754, 0.11681049297984342]
