Timestep: 0, Trans probs: [0.125, 0.125, 0.125, 0.125, 0.125, 0.125, 0.125, 0.125]
Timestep: 1, Trans probs: [0.1111111111111111, 0.1111111111111111, 0.1111111111111111, 0.1111111111111111, 0.2222222222222222, 0.1111111111111111, 0.1111111111111111, 0.1111111111111111]
Timestep: 2, Trans probs: [0.1111111111111111, 0.1111111111111111, 0.1111111111111111, 0.1111111111111111, 0.2222222222222222, 0.1111111111111111, 0.1111111111111111, 0.1111111111111111]
Timestep: 3, Trans probs: [0.125, 0.125, 0.125, 0.125, 0.125, 0.125, 0.125, 0.125]
Timestep: 4, Trans probs: [0.125, 0.125, 0.125, 0.125, 0.125, 0.125, 0.125, 0.125]
Timestep: 5, Trans probs: [0.2222222222222222, 0.1111111111111111, 0.1111111111111111, 0.1111111111111111, 0.1111111111111111, 0.1111111111111111, 0.1111111111111111, 0.1111111111111111]
Timestep: 6, Trans probs: [0.1111111111111111, 0.1111111111111111, 0.2222222222222222, 0.1111111111111111, 0.1111111111111111, 0.1111111111111111, 0.1111111111111111, 0.1111111111111111]
Timestep: 7, Trans probs: [0.10049946370071408, 0.20099892740142816, 0.10049946370071408, 0.10049946370071408, 0.19600429039428732, 0.10049946370071408, 0.10049946370071408, 0.10049946370071408]
Timestep: 8, Trans probs: [0.09247284502027867, 0.17848229758912984, 0.18494569004055733, 0.09247284502027867, 0.1742077872689195, 0.09247284502027867, 0.09247284502027867, 0.09247284502027867]
Timestep: 9, Trans probs: [0.2222222222222222, 0.1111111111111111, 0.1111111111111111, 0.1111111111111111, 0.1111111111111111, 0.1111111111111111, 0.1111111111111111, 0.1111111111111111]
Timestep: 10, Trans probs: [0.08614092708620706, 0.2465622774786474, 0.16600333601084688, 0.08614092708620706, 0.15672975107947043, 0.08614092708620706, 0.08614092708620706, 0.08614092708620706]
Timestep: 11, Trans probs: [0.0819976088008657, 0.21721006706838905, 0.23130790763613476, 0.0819976088008657, 0.14149398129114768, 0.0819976088008657, 0.0819976088008657, 0.0819976088008657]
Timestep: 12, Trans probs: [0.07915023181630303, 0.19220668180671158, 0.2831446721442494, 0.07915023181630303, 0.12889748696752387, 0.07915023181630303, 0.07915023181630303, 0.07915023181630303]
Timestep: 13, Trans probs: [0.07771269148422581, 0.17036081755707008, 0.3225958772415894, 0.07771269148422581, 0.11847984778021137, 0.07771269148422581, 0.07771269148422581, 0.07771269148422581]
Timestep: 14, Trans probs: [0.07739805144123628, 0.15170727707094628, 0.35120676626770636, 0.07739805144123628, 0.11009569945516598, 0.07739805144123628, 0.07739805144123628, 0.07739805144123628]
Timestep: 15, Trans probs: [0.10049946370071408, 0.10049946370071408, 0.2965037540950014, 0.10049946370071408, 0.10049946370071408, 0.10049946370071408, 0.10049946370071408, 0.10049946370071408]
Timestep: 16, Trans probs: [0.0778218273024397, 0.13628400371635926, 0.29323859761869037, 0.0778218273024397, 0.18136826215275198, 0.0778218273024397, 0.0778218273024397, 0.0778218273024397]
Timestep: 17, Trans probs: [0.07685697256013765, 0.12460983788782737, 0.32966989909308275, 0.07685697256013765, 0.16143540021840153, 0.07685697256013765, 0.07685697256013765, 0.07685697256013765]
Timestep: 18, Trans probs: [0.07688167440802891, 0.11507771211177749, 0.3559805771977034, 0.07688167440802891, 0.14453333865037468, 0.07688167440802891, 0.07688167440802891, 0.07688167440802891]
Timestep: 19, Trans probs: [0.07753087080604112, 0.10751863789146383, 0.3741827131528659, 0.07753087080604112, 0.1306442949254645, 0.07753087080604112, 0.07753087080604112, 0.07753087080604112]
Timestep: 20, Trans probs: [0.125, 0.125, 0.125, 0.125, 0.125, 0.125, 0.125, 0.125]
Timestep: 21, Trans probs: [0.07849412338202524, 0.10167496698740881, 0.30780896176602196, 0.07849412338202524, 0.11955133095441776, 0.1569882467640505, 0.07849412338202524, 0.07849412338202524]
Timestep: 22, Trans probs: [0.07728070240672694, 0.09625130685721614, 0.3422267533083788, 0.07728070240672694, 0.11088086200215251, 0.14151826820534477, 0.07728070240672694, 0.07728070240672694]
Timestep: 23, Trans probs: [0.19600429039428732, 0.10049946370071408, 0.10049946370071408, 0.10049946370071408, 0.20099892740142816, 0.10049946370071408, 0.10049946370071408, 0.10049946370071408]
Timestep: 24, Trans probs: [0.1111111111111111, 0.1111111111111111, 0.2222222222222222, 0.1111111111111111, 0.1111111111111111, 0.1111111111111111, 0.1111111111111111, 0.1111111111111111]
Timestep: 25, Trans probs: [0.15451891401690102, 0.09239923627827872, 0.2887036805982919, 0.07725945700845051, 0.10407457515786854, 0.12852522292330834, 0.07725945700845051, 0.07725945700845051]
Timestep: 26, Trans probs: [0.1402001706415434, 0.08830971685086345, 0.3279517815584806, 0.07566299933394899, 0.0980624820723934, 0.11848685087487208, 0.07566299933394899, 0.07566299933394899]
Timestep: 27, Trans probs: [0.12791856118577932, 0.08574934650797297, 0.355968375342509, 0.07547188491375338, 0.09367501337509929, 0.11027304884737932, 0.07547188491375338, 0.07547188491375338]
Timestep: 28, Trans probs: [0.09346861443528043, 0.09346861443528043, 0.3457196989530369, 0.09346861443528043, 0.09346861443528043, 0.09346861443528043, 0.09346861443528043, 0.09346861443528043]
Timestep: 29, Trans probs: [0.11779615423937301, 0.08432268473939866, 0.29881964630520175, 0.07616454615797694, 0.16677854009463547, 0.10378933614746018, 0.07616454615797694, 0.07616454615797694]
Timestep: 30, Trans probs: [0.10964255285399406, 0.08198986887169979, 0.3344377855794636, 0.0752503694578135, 0.1501072688511037, 0.09807141547029846, 0.0752503694578135, 0.0752503694578135]
Timestep: 31, Trans probs: [0.08937539060990414, 0.08937539060990414, 0.374372265730671, 0.08937539060990414, 0.08937539060990414, 0.08937539060990414, 0.08937539060990414, 0.08937539060990414]
Timestep: 32, Trans probs: [0.10049946370071408, 0.10049946370071408, 0.2965037540950014, 0.10049946370071408, 0.10049946370071408, 0.10049946370071408, 0.10049946370071408, 0.10049946370071408]
Timestep: 33, Trans probs: [0.1031881788460932, 0.08089959324218444, 0.28437738243878286, 0.07546742941642062, 0.21127093366878955, 0.09386162355488815, 0.07546742941642062, 0.07546742941642062]
Timestep: 34, Trans probs: [0.09775460535522791, 0.07950013326474235, 0.32120070424324665, 0.07505116172789612, 0.18627496579603112, 0.09011610615706361, 0.07505116172789612, 0.07505116172789612]
Timestep: 35, Trans probs: [0.09366699979756302, 0.07898963836839314, 0.3487395166052857, 0.07541247859567003, 0.16484108347359777, 0.08752532596815021, 0.07541247859567003, 0.07541247859567003]
Timestep: 36, Trans probs: [0.0907131215414443, 0.07911936906955569, 0.36849046679861425, 0.07629374505276708, 0.14693403785093018, 0.0858617695811543, 0.07629374505276708, 0.07629374505276708]
Timestep: 37, Trans probs: [0.08865627521328673, 0.0796403390448555, 0.3821141141671909, 0.0774429792311866, 0.13237673534956115, 0.08488359853154598, 0.0774429792311866, 0.0774429792311866]
Timestep: 38, Trans probs: [0.0872705790991662, 0.08035018617168448, 0.3911845663273253, 0.07866355119229188, 0.12082924205562409, 0.08437477276932429, 0.07866355119229188, 0.07866355119229188]
Timestep: 39, Trans probs: [0.08716465681956062, 0.08716465681956062, 0.3026827454435151, 0.08716465681956062, 0.08716465681956062, 0.17432931363912124, 0.08716465681956062, 0.08716465681956062]
Timestep: 40, Trans probs: [0.08636315269818862, 0.08110653128494352, 0.3172114281919295, 0.07982538993330214, 0.1916791741816539, 0.08416354384337799, 0.07982538993330214, 0.07982538993330214]
Timestep: 41, Trans probs: [0.08433831845642516, 0.08015196728644992, 0.3473165851948556, 0.07913167170594003, 0.16821155472250537, 0.08258655922194383, 0.07913167170594003, 0.07913167170594003]
Timestep: 42, Trans probs: [0.09346861443528043, 0.09346861443528043, 0.3457196989530369, 0.09346861443528043, 0.09346861443528043, 0.09346861443528043, 0.09346861443528043, 0.09346861443528043]
Timestep: 43, Trans probs: [0.08327675699910451, 0.08000039755604314, 0.28909115062377255, 0.07920188474042163, 0.14891837627637988, 0.16110766432343498, 0.07920188474042163, 0.07920188474042163]
Timestep: 44, Trans probs: [0.08937539060990414, 0.08937539060990414, 0.374372265730671, 0.08937539060990414, 0.08937539060990414, 0.08937539060990414, 0.08937539060990414, 0.08937539060990414]
Timestep: 45, Trans probs: [0.08094233835711212, 0.0782442376025161, 0.2504316695480046, 0.07758665772832198, 0.1349985875516249, 0.22262319375577638, 0.07758665772832198, 0.07758665772832198]
Timestep: 46, Trans probs: [0.1742077872689195, 0.09247284502027867, 0.09247284502027867, 0.09247284502027867, 0.17848229758912984, 0.18494569004055733, 0.09247284502027867, 0.09247284502027867]
Timestep: 47, Trans probs: [0.15525699003664906, 0.07678433333596187, 0.2192519097561375, 0.07624025291196915, 0.12374278202873186, 0.19624322610661238, 0.07624025291196915, 0.07624025291196915]
Timestep: 48, Trans probs: [0.1416307544669643, 0.07449760885883985, 0.2704103847645522, 0.07403214952737168, 0.11467043473432424, 0.17669436859320448, 0.07403214952737168, 0.07403214952737168]
Timestep: 49, Trans probs: [0.12981407349641416, 0.07349411281364109, 0.3109546997929557, 0.07310362535755284, 0.1071962722064129, 0.15922996561791763, 0.07310362535755284, 0.07310362535755284]
Timestep: 50, Trans probs: [0.11979081763161094, 0.07358806303068983, 0.34165942290142737, 0.07326772196706581, 0.10123603332520131, 0.14392249720987293, 0.07326772196706581, 0.07326772196706581]
Timestep: 51, Trans probs: [0.11154377065752752, 0.07444602991486717, 0.36387832991440694, 0.07418881733457405, 0.09664551223807294, 0.1309199052714033, 0.07418881733457405, 0.07418881733457405]
Timestep: 52, Trans probs: [0.08404052826931721, 0.08404052826931721, 0.3415557697108698, 0.08404052826931721, 0.08404052826931721, 0.15420106067322678, 0.08404052826931721, 0.08404052826931721]
Timestep: 53, Trans probs: [0.10495794256659638, 0.0757322319417978, 0.3037478597379458, 0.07552959910512859, 0.16875064932561645, 0.12022251911265772, 0.07552959910512859, 0.07552959910512859]
Timestep: 54, Trans probs: [0.09916846160061113, 0.07517230411220038, 0.33739349046152345, 0.07500592973302919, 0.15154630991553122, 0.1117016447110462, 0.07500592973302919, 0.07500592973302919]
Timestep: 55, Trans probs: [0.09483697819560982, 0.07557754351472833, 0.36148157519271146, 0.07544401061514774, 0.1368756983045906, 0.10489617294691655, 0.07544401061514774, 0.07544401061514774]
Timestep: 56, Trans probs: [0.0917079582033294, 0.07655214948169979, 0.377985407341391, 0.07644706856330206, 0.12478944846671212, 0.09962383081696145, 0.07644706856330206, 0.07644706856330206]
Timestep: 57, Trans probs: [0.08951170483149626, 0.0777773505070398, 0.38885743405302375, 0.07769599181798095, 0.11512498192291173, 0.09564055323158563, 0.07769599181798095, 0.07769599181798095]
Timestep: 58, Trans probs: [0.08800335974238244, 0.07903432352317843, 0.39577740802645633, 0.07897213782392826, 0.10758061159394981, 0.09268788364224839, 0.07897213782392826, 0.07897213782392826]
Timestep: 59, Trans probs: [0.08698234706856002, 0.08019454150013923, 0.40005456274401535, 0.08014747909283813, 0.10179849630518768, 0.09052761510358334, 0.08014747909283813, 0.08014747909283813]
Timestep: 60, Trans probs: [0.19600429039428732, 0.10049946370071408, 0.20099892740142816, 0.10049946370071408, 0.10049946370071408, 0.10049946370071408, 0.10049946370071408, 0.10049946370071408]
Timestep: 61, Trans probs: [0.08629634291701943, 0.16235949935954777, 0.3214723788550255, 0.08116207332614588, 0.09742605379800062, 0.08895950509196894, 0.08116207332614588, 0.08116207332614588]
Timestep: 62, Trans probs: [0.15672975107947043, 0.08614092708620706, 0.17228185417241412, 0.08614092708620706, 0.16042135039244035, 0.16600333601084688, 0.08614092708620706, 0.08614092708620706]
Timestep: 63, Trans probs: [0.16369808405417474, 0.1450603231109892, 0.2729719560390567, 0.07978530963363199, 0.0928600041942585, 0.08605370370062493, 0.07978530963363199, 0.07978530963363199]
Timestep: 64, Trans probs: [0.14268836480045194, 0.0808531255163241, 0.23716500692636533, 0.0808531255163241, 0.14592217596127252, 0.15081195024661362, 0.0808531255163241, 0.0808531255163241]
Timestep: 65, Trans probs: [0.22517573929075896, 0.13209224755874105, 0.23908126138695554, 0.0774943258553005, 0.08843038104531756, 0.0827373931523254, 0.0774943258553005, 0.0774943258553005]
Timestep: 66, Trans probs: [0.1991953540816577, 0.12144413144709451, 0.2866497440340296, 0.07583931917844941, 0.08497403948171035, 0.08021877342015958, 0.07583931917844941, 0.07583931917844941]
Timestep: 67, Trans probs: [0.17647010391896525, 0.11267533371762714, 0.3234829580110898, 0.07525664858096323, 0.08275167390473193, 0.07884998470469613, 0.07525664858096323, 0.07525664858096323]
Timestep: 68, Trans probs: [0.15696387240853854, 0.10564259176407714, 0.35077220384388635, 0.07554020507650529, 0.0815697635632668, 0.07843095319071527, 0.07554020507650529, 0.07554020507650529]
Timestep: 69, Trans probs: [0.14069513659524335, 0.10016352464740566, 0.3701474424801666, 0.0763897949079454, 0.08115171280503092, 0.07867279874831717, 0.0763897949079454, 0.0763897949079454]
Timestep: 70, Trans probs: [0.12750795003979504, 0.09600521059557555, 0.3833745202552967, 0.07752734658751793, 0.08122849370596245, 0.07930178564081646, 0.07752734658751793, 0.07752734658751793]
Timestep: 71, Trans probs: [0.11708098380892168, 0.092916156372649, 0.39209105398167726, 0.07874232885722769, 0.081581370255257, 0.08010344900981206, 0.07874232885722769, 0.07874232885722769]
Timestep: 72, Trans probs: [0.08256803527864877, 0.08256803527864877, 0.3670200633956832, 0.08256803527864877, 0.08256803527864877, 0.13757172493242417, 0.08256803527864877, 0.08256803527864877]
Timestep: 73, Trans probs: [0.08716465681956062, 0.08716465681956062, 0.3898474022630757, 0.08716465681956062, 0.08716465681956062, 0.08716465681956062, 0.08716465681956062, 0.08716465681956062]
Timestep: 74, Trans probs: [0.109001371508348, 0.09065792068087643, 0.3177607227835481, 0.07989860908422398, 0.1619523263073017, 0.08093183146725388, 0.07989860908422398, 0.07989860908422398]
Timestep: 75, Trans probs: [0.10223232705143541, 0.0874091578103761, 0.3496434455341221, 0.0787146598004586, 0.14502149315997842, 0.07954959704271215, 0.0787146598004586, 0.0787146598004586]
Timestep: 76, Trans probs: [0.09720017556668539, 0.08550055454066355, 0.37111482339098606, 0.07863816701251126, 0.1309727797479, 0.07929716571623113, 0.07863816701251126, 0.07863816701251126]
Timestep: 77, Trans probs: [0.09356259245378427, 0.08449749188121725, 0.3849775214324558, 0.07918037665395743, 0.11973028222931426, 0.0796909820413563, 0.07918037665395743, 0.07918037665395743]
Timestep: 78, Trans probs: [0.09098136986719783, 0.08405524119997633, 0.3936277070611511, 0.07999273533943563, 0.11097461592755943, 0.0803828599258085, 0.07999273533943563, 0.07999273533943563]
Timestep: 79, Trans probs: [0.0891689036109667, 0.08393162055704267, 0.39887860527973557, 0.08085970345556438, 0.10428705890606181, 0.08115470127950018, 0.08085970345556438, 0.08085970345556438]
Timestep: 80, Trans probs: [0.0879014664190794, 0.08397101806156532, 0.4019963796940703, 0.08166562203816759, 0.09924725927320595, 0.08188701043757632, 0.08166562203816759, 0.08166562203816759]
Timestep: 81, Trans probs: [0.08701461275810721, 0.08408092399776511, 0.4038153995177922, 0.08236017517045906, 0.09548311862454045, 0.08252541959041787, 0.08236017517045906, 0.08236017517045906]
Timestep: 82, Trans probs: [0.0863917279617231, 0.08421055057111622, 0.40486211695193897, 0.08293118566786872, 0.09268800375545527, 0.0830540437561603, 0.08293118566786872, 0.08293118566786872]
Timestep: 83, Trans probs: [0.1742077872689195, 0.09247284502027867, 0.2709551426094085, 0.09247284502027867, 0.09247284502027867, 0.09247284502027867, 0.09247284502027867, 0.09247284502027867]
Timestep: 84, Trans probs: [0.08595183007811534, 0.16772078218284986, 0.322071816498249, 0.08338611838974767, 0.09062000836504276, 0.08347720770650012, 0.08338611838974767, 0.08338611838974767]
Timestep: 85, Trans probs: [0.08366516289054043, 0.14885805165812466, 0.35353887391411015, 0.08161956792565452, 0.0873870159897107, 0.08169219177055044, 0.08161956792565452, 0.08161956792565452]
Timestep: 86, Trans probs: [0.08601433449381182, 0.08601433449381182, 0.3978996585433172, 0.08601433449381182, 0.08601433449381182, 0.08601433449381182, 0.08601433449381182, 0.08601433449381182]
Timestep: 87, Trans probs: [0.08264020232292228, 0.1334716828114536, 0.2930631569670667, 0.0810452335692637, 0.08554216458856319, 0.1621470926022032, 0.0810452335692637, 0.0810452335692637]
Timestep: 88, Trans probs: [0.08210374238045264, 0.08210374238045264, 0.3008681935425589, 0.08210374238045264, 0.08210374238045264, 0.20650935217472527, 0.08210374238045264, 0.08210374238045264]
Timestep: 89, Trans probs: [0.08030303050920437, 0.12209038975336674, 0.25328677039686787, 0.07899184437707149, 0.1616805095076145, 0.14566376670173203, 0.07899184437707149, 0.07899184437707149]
Timestep: 90, Trans probs: [0.07747986067954715, 0.11298226918408252, 0.3008121811145427, 0.07636588108068158, 0.14661790995396756, 0.13301013582581525, 0.07636588108068158, 0.07636588108068158]
Timestep: 91, Trans probs: [0.07629476468387536, 0.10564356158875271, 0.3362908957949113, 0.07537387051414303, 0.1334491565132396, 0.12220000987679192, 0.07537387051414303, 0.07537387051414303]
Timestep: 92, Trans probs: [0.07629969264032405, 0.09995434348601016, 0.36140979384603283, 0.07555746698380231, 0.12236519874617977, 0.11329857033004616, 0.07555746698380231, 0.07555746698380231]
Timestep: 93, Trans probs: [0.0770280252323405, 0.09568771538824035, 0.3783762690405141, 0.0764425293454299, 0.11336625218049855, 0.10621415012211692, 0.0764425293454299, 0.0764425293454299]
Timestep: 94, Trans probs: [0.08069497733894847, 0.08069497733894847, 0.3358973669310757, 0.08069497733894847, 0.08069497733894847, 0.17993276903523356, 0.08069497733894847, 0.08069497733894847]
Timestep: 95, Trans probs: [0.07810355740956001, 0.09256946766685271, 0.3117235486688188, 0.07764965217933921, 0.18392439172264885, 0.10073007799410197, 0.07764965217933921, 0.07764965217933921]
Timestep: 96, Trans probs: [0.13049407252908796, 0.07744579843530551, 0.28899111075869155, 0.07744579843530551, 0.13326834983136365, 0.1374632731396347, 0.07744579843530551, 0.07744579843530551]
Timestep: 97, Trans probs: [0.1545745437509615, 0.08915880495719791, 0.26623082592424857, 0.07710389879824842, 0.162971717561395, 0.09575241141145166, 0.07710389879824842, 0.07710389879824842]
Timestep: 98, Trans probs: [0.1405059259241855, 0.08540318661370838, 0.30980801452516427, 0.07524877478962015, 0.1475792585495322, 0.09095729001854924, 0.07524877478962015, 0.07524877478962015]
Timestep: 99, Trans probs: [0.12009844457041018, 0.07586313563129667, 0.32812734000807053, 0.07586313563129667, 0.1224118282882665, 0.12590984460806617, 0.07586313563129667, 0.07586313563129667]
Timestep: 100, Trans probs: [0.20318333610449435, 0.08314005975211058, 0.2673796173434624, 0.07480314312031426, 0.13418749974187852, 0.08770005769711141, 0.07480314312031426, 0.07480314312031426]
Timestep: 101, Trans probs: [0.18077542588838078, 0.08093473525019498, 0.3081687193390285, 0.0740008732330659, 0.1233911877792713, 0.08472731204392682, 0.0740008732330659, 0.0740008732330659]
Timestep: 102, Trans probs: [0.1612086768471889, 0.07980221341276446, 0.3392291241047196, 0.07414859482149967, 0.11441965874764012, 0.08289454242318794, 0.07414859482149967, 0.07414859482149967]
Timestep: 103, Trans probs: [0.1445755130553933, 0.07949441978518211, 0.3618700678649409, 0.07497458606032445, 0.10716963245954547, 0.08196660865396482, 0.07497458606032445, 0.07497458606032445]
Timestep: 104, Trans probs: [0.08022911115165525, 0.08022911115165525, 0.3605778628234609, 0.08022911115165525, 0.08022911115165525, 0.15804747026660762, 0.08022911115165525, 0.08022911115165525]
Timestep: 105, Trans probs: [0.13085138372932711, 0.07973639907361336, 0.3015155086963867, 0.07618650124793833, 0.177659137377686, 0.0816780673791717, 0.07618650124793833, 0.07618650124793833]
Timestep: 106, Trans probs: [0.11156404960882545, 0.07566365185672017, 0.35605934906232606, 0.07566365185672017, 0.11344154063615386, 0.11628045326581392, 0.07566365185672017, 0.07566365185672017]
Timestep: 107, Trans probs: [0.19600031588780722, 0.078581505682865, 0.2596660656213795, 0.075682983424919, 0.15853626789616987, 0.08016689463702142, 0.075682983424919, 0.075682983424919]
Timestep: 108, Trans probs: [0.10480345300518537, 0.076334302641764, 0.3750234471469344, 0.076334302641764, 0.10629231044715766, 0.10854357883366651, 0.076334302641764, 0.076334302641764]
Timestep: 109, Trans probs: [0.0854263967249195, 0.0854263967249195, 0.4020152229255634, 0.0854263967249195, 0.0854263967249195, 0.0854263967249195, 0.0854263967249195, 0.0854263967249195]
Timestep: 110, Trans probs: [0.15466457774056783, 0.08727133690007899, 0.3217074008589582, 0.08727133690007899, 0.08727133690007899, 0.08727133690007899, 0.08727133690007899, 0.08727133690007899]
Timestep: 111, Trans probs: [0.24935419645588858, 0.07708349288225087, 0.22759773336165193, 0.07467429313426843, 0.14354045813281024, 0.07840123976459307, 0.07467429313426843, 0.07467429313426843]
Timestep: 112, Trans probs: [0.21853715885484398, 0.07612131585056732, 0.27468076999974356, 0.07412963528064415, 0.13106115491390924, 0.07721069453900348, 0.07412963528064415, 0.07412963528064415]
Timestep: 113, Trans probs: [0.1922958696584527, 0.07573106223295441, 0.3123493136295226, 0.07410090748901042, 0.1206983329053192, 0.07662269910671984, 0.07410090748901042, 0.07410090748901042]
Timestep: 114, Trans probs: [0.09960095178721477, 0.07744401234938385, 0.3099074754684582, 0.07744401234938385, 0.10075969814080209, 0.17995582520598968, 0.07744401234938385, 0.07744401234938385]
Timestep: 115, Trans probs: [0.08512848841746531, 0.17025697683493063, 0.3189720926602775, 0.08512848841746531, 0.08512848841746531, 0.08512848841746531, 0.08512848841746531, 0.08512848841746531]
Timestep: 116, Trans probs: [0.09479200301802773, 0.07681633320070867, 0.265411263892458, 0.07681633320070867, 0.09573208059113082, 0.2367993196955487, 0.07681633320070867, 0.07681633320070867]
Timestep: 117, Trans probs: [0.16702381274191008, 0.07618206688721417, 0.22998669096702265, 0.07618206688721417, 0.0916084063222209, 0.2066528224199896, 0.07618206688721417, 0.07618206688721417]
Timestep: 118, Trans probs: [0.2445578658760403, 0.07595353083292251, 0.2666955809563365, 0.07463943500116373, 0.1122024226486522, 0.07667229468255732, 0.07463943500116373, 0.07463943500116373]
Timestep: 119, Trans probs: [0.21261969918018525, 0.07586930744568299, 0.30537847799586226, 0.07480348004733209, 0.10526979797562663, 0.07645227726064667, 0.07480348004733209, 0.07480348004733209]
Timestep: 120, Trans probs: [0.1510468507374294, 0.07458777544310168, 0.2786288019492546, 0.07458777544310168, 0.08757171401979588, 0.1844015315211133, 0.07458777544310168, 0.07458777544310168]
Timestep: 121, Trans probs: [0.2113317108450036, 0.07403552373912552, 0.24285486455804298, 0.07403552373912552, 0.08477816696771528, 0.16489316267273613, 0.07403552373912552, 0.07403552373912552]
Timestep: 122, Trans probs: [0.08036659235047282, 0.08036659235047282, 0.3773155697425544, 0.08036659235047282, 0.08036659235047282, 0.1404848761546086, 0.08036659235047282, 0.08036659235047282]
Timestep: 123, Trans probs: [0.26118869712236487, 0.07617513237858811, 0.2602743219830227, 0.07532018632207878, 0.09975853197678447, 0.07664275757300357, 0.07532018632207878, 0.07532018632207878]
Timestep: 124, Trans probs: [0.22514080347400242, 0.076264669678356, 0.29998174133331124, 0.07557671437262901, 0.09524168554635265, 0.0766409568500908, 0.07557671437262901, 0.07557671437262901]
Timestep: 125, Trans probs: [0.18784228424732408, 0.07332559606769269, 0.21413527344309008, 0.07332559606769269, 0.15561146955288385, 0.14910858848593123, 0.07332559606769269, 0.07332559606769269]
Timestep: 126, Trans probs: [0.27149813300091585, 0.07657522684349753, 0.2552426247633062, 0.07602580438123258, 0.09173086078924866, 0.07687574145933405, 0.07602580438123258, 0.07602580438123258]
Timestep: 127, Trans probs: [0.23267533948052826, 0.0767210294911952, 0.29595104628809304, 0.07628144646483721, 0.08884677951747337, 0.07696146582819834, 0.07628144646483721, 0.07628144646483721]
Timestep: 128, Trans probs: [0.2011454525257029, 0.07698391453682643, 0.3281557483178322, 0.07663394469867225, 0.0866377148879314, 0.07717533563569033, 0.07663394469867225, 0.07663394469867225]
Timestep: 129, Trans probs: [0.17533447994363383, 0.07751645736176171, 0.3526375767516884, 0.07724074108048783, 0.08512199830496324, 0.07766726439648929, 0.07724074108048783, 0.07724074108048783]
Timestep: 130, Trans probs: [0.15442336406326157, 0.07827962035381605, 0.3705050697240417, 0.07806499661369426, 0.08419994408420144, 0.07839701193359641, 0.07806499661369426, 0.07806499661369426]
Timestep: 131, Trans probs: [0.1377657822730629, 0.07917218287956158, 0.3830504873917191, 0.07900702712497959, 0.08372794885636643, 0.07926251722435118, 0.07900702712497959, 0.07900702712497959]
Timestep: 132, Trans probs: [0.12472899517277393, 0.080092845161582, 0.3915520137550398, 0.07996703078743465, 0.08356339238280457, 0.08016166116549588, 0.07996703078743465, 0.07996703078743465]
Timestep: 133, Trans probs: [0.11468647722206968, 0.08096534969552452, 0.3971326990765966, 0.08087030111821149, 0.08358723275229353, 0.08101733789888135, 0.08087030111821149, 0.08087030111821149]
Timestep: 134, Trans probs: [0.10705081667937807, 0.0817435957379413, 0.4006949047592619, 0.08167226314847387, 0.08371128124157787, 0.0817826121364192, 0.08167226314847387, 0.08167226314847387]
Timestep: 135, Trans probs: [0.10130353914007478, 0.08240726404585962, 0.402914308807944, 0.08235400176799518, 0.08387648607785034, 0.08243639662428574, 0.08235400176799518, 0.08235400176799518]
Timestep: 136, Trans probs: [0.09700973930756125, 0.08295429214448194, 0.4042688529376107, 0.08291467454108782, 0.08404713041755511, 0.08297596156952741, 0.08291467454108782, 0.08291467454108782]
Timestep: 137, Trans probs: [0.09381870574997095, 0.08339358318555817, 0.405081303922693, 0.08336419825270618, 0.08420415668120589, 0.08340965570245344, 0.08336419825270618, 0.08336419825270618]
Timestep: 138, Trans probs: [0.09145574237789894, 0.08373934613161824, 0.40556156943321525, 0.08371759619207024, 0.08433931090330368, 0.08375124257775331, 0.08371759619207024, 0.08371759619207024]
Timestep: 139, Trans probs: [0.08083026846599478, 0.08083026846599478, 0.38830351464780194, 0.08083026846599478, 0.08083026846599478, 0.12671487455622935, 0.08083026846599478, 0.08083026846599478]
Timestep: 140, Trans probs: [0.08971012979493252, 0.08400730819922927, 0.32185081265977183, 0.08399123385299294, 0.168441947490127, 0.08401610029696065, 0.08399123385299294, 0.08399123385299294]
Timestep: 141, Trans probs: [0.08664626761862183, 0.08210661670758966, 0.35353241369609656, 0.08209382095038222, 0.14931962359323284, 0.08211361553331241, 0.08209382095038222, 0.08209382095038222]
Timestep: 142, Trans probs: [0.08496138921092634, 0.08142690255773985, 0.37417085331009553, 0.08141694002230408, 0.1337576831427658, 0.08143235171156023, 0.08141694002230408, 0.08141694002230408]
Timestep: 143, Trans probs: [0.08415143129007323, 0.08144406406065428, 0.3871182595100024, 0.0814364328981667, 0.12152870840867623, 0.08144823803609373, 0.0814364328981667, 0.0814364328981667]
Timestep: 144, Trans probs: [0.08384979153894925, 0.08180007897670999, 0.3950163433409336, 0.08179430152271508, 0.11214764253596429, 0.08180323903929762, 0.08179430152271508, 0.08179430152271508]
Timestep: 145, Trans probs: [0.08381803332664305, 0.08227900669593145, 0.39973210036060813, 0.08227466869473085, 0.10506547410377134, 0.08228137942885347, 0.08227466869473085, 0.08227466869473085]
Timestep: 146, Trans probs: [0.08391288599517849, 0.08276401461748696, 0.4025010497063152, 0.08276077633342072, 0.09977393483664775, 0.08276578584410942, 0.08276077633342072, 0.08276077633342072]
Timestep: 147, Trans probs: [0.16581754197770246, 0.15064950366480356, 0.2689890994132378, 0.08290877098885123, 0.08290877098885123, 0.08290877098885123, 0.08290877098885123, 0.08290877098885123]
Timestep: 148, Trans probs: [0.08142713176176641, 0.08142713176176641, 0.39531907188440824, 0.08142713176176641, 0.08142713176176641, 0.11611813754499335, 0.08142713176176641, 0.08142713176176641]
Timestep: 149, Trans probs: [0.08405416114283105, 0.08320003493949767, 0.32090791516734496, 0.08319762744347285, 0.09584602722193121, 0.16639897919797667, 0.08319762744347285, 0.08319762744347285]
Timestep: 150, Trans probs: [0.08210707882722412, 0.08142464543098456, 0.35277222312657064, 0.08142272187954422, 0.09152859427184677, 0.14789929270474117, 0.08142272187954422, 0.08142272187954422]
Timestep: 151, Trans probs: [0.08139379691989156, 0.08086082572559254, 0.373638914225769, 0.08085932345809788, 0.08875187225192642, 0.13277662050252684, 0.08085932345809788, 0.08085932345809788]
Timestep: 152, Trans probs: [0.08203814877320498, 0.08203814877320498, 0.39969286440622287, 0.08203814877320498, 0.08203814877320498, 0.10807824295454727, 0.08203814877320498, 0.08203814877320498]
Timestep: 153, Trans probs: [0.17000932081357112, 0.07166511144299345, 0.2642542263071112, 0.07166511144299345, 0.1423302633863925, 0.13674574372095127, 0.07166511144299345, 0.07166511144299345]
Timestep: 154, Trans probs: [0.08139363583384085, 0.0809843885641537, 0.30579697623225643, 0.08098323503301147, 0.16802684270772864, 0.12084845156298611, 0.08098323503301147, 0.08098323503301147]
Timestep: 155, Trans probs: [0.07968724064706671, 0.07935507146882208, 0.3411803385100171, 0.07935413519503366, 0.15000385181956408, 0.11171109196942905, 0.07935413519503366, 0.07935413519503366]
Timestep: 156, Trans probs: [0.07922450386984306, 0.0789612959719259, 0.3653898593436524, 0.0789605540769162, 0.13494276019084178, 0.1045999183929882, 0.0789605540769162, 0.0789605540769162]
Timestep: 157, Trans probs: [0.15410823246537583, 0.07109099332594664, 0.3047560386133988, 0.07109099332594664, 0.13074296323099285, 0.12602879238644607, 0.07109099332594664, 0.07109099332594664]
Timestep: 158, Trans probs: [0.15880592095968238, 0.07930095130842248, 0.30194571365125494, 0.07930037462348513, 0.12281609396704264, 0.0992301962431422, 0.07930037462348513, 0.07930037462348513]
Timestep: 159, Trans probs: [0.14012232783782216, 0.07150238543316609, 0.3361463655015952, 0.07150238543316609, 0.12080918943725662, 0.11691257549066165, 0.07150238543316609, 0.07150238543316609]
Timestep: 160, Trans probs: [0.16519808222254115, 0.08259904111127057, 0.31976567576368203, 0.08259904111127057, 0.08259904111127057, 0.1020410364574239, 0.08259904111127057, 0.08259904111127057]
Timestep: 161, Trans probs: [0.14708469116181758, 0.0809205954026683, 0.27089756989173625, 0.0809205954026683, 0.1618411908053366, 0.0964941665304365, 0.0809205954026683, 0.0809205954026683]
Timestep: 162, Trans probs: [0.220795321214797, 0.0777653965661459, 0.26053272302698216, 0.07776492317003678, 0.113486633394666, 0.0941251562872986, 0.07776492317003678, 0.07776492317003678]
Timestep: 163, Trans probs: [0.1945703478942666, 0.07643163455099307, 0.3038235728000111, 0.07643124353906064, 0.10593637608195718, 0.08994433805559021, 0.07643124353906064, 0.07643124353906064]
Timestep: 164, Trans probs: [0.1718803520602152, 0.07611539182320028, 0.3365576809278891, 0.07611507486323768, 0.10003236467278699, 0.08706898592619544, 0.07611507486323768, 0.07611507486323768]
Timestep: 165, Trans probs: [0.1281597369850079, 0.07262724113540582, 0.2867973527642816, 0.07262724113540582, 0.1851573121590587, 0.10937663355002851, 0.07262724113540582, 0.07262724113540582]
Timestep: 166, Trans probs: [0.2292683501001667, 0.07654920772167381, 0.28370157068286067, 0.07654895561589851, 0.09557245259370346, 0.08526155205389968, 0.07654895561589851, 0.07654895561589851]
Timestep: 167, Trans probs: [0.11855431905709715, 0.07251990257068217, 0.32257902729999344, 0.07251990257068217, 0.1658032329431962, 0.10298381041698444, 0.07251990257068217, 0.07251990257068217]
Timestep: 168, Trans probs: [0.14895024781318097, 0.13633449364227937, 0.23476141067983186, 0.07999230797745131, 0.15998461595490263, 0.07999230797745131, 0.07999230797745131, 0.07999230797745131]
Timestep: 169, Trans probs: [0.27597444108680186, 0.07634362743995546, 0.24357396744561324, 0.0763434239195422, 0.09170074749634827, 0.0833769447726546, 0.0763434239195422, 0.0763434239195422]
Timestep: 170, Trans probs: [0.11061194564145416, 0.07322124614829333, 0.276327667428461, 0.07322124614829333, 0.14898910072095248, 0.17118630161595919, 0.07322124614829333, 0.07322124614829333]
Timestep: 171, Trans probs: [0.3132222216911374, 0.07632155384409468, 0.2108384989935028, 0.07632139013609608, 0.08867453283229011, 0.08197902223068687, 0.07632139013609608, 0.07632139013609608]
Timestep: 172, Trans probs: [0.10389061521604737, 0.07262439801384887, 0.3150870063042534, 0.07262439801384887, 0.13598170959467823, 0.1545430768296255, 0.07262439801384887, 0.07262439801384887]
Timestep: 173, Trans probs: [0.3418431544518502, 0.07668755396167659, 0.18370356040465988, 0.07668742372249955, 0.0865150628864626, 0.08118839712785213, 0.07668742372249955, 0.07668742372249955]
Timestep: 174, Trans probs: [0.28556772253049423, 0.07739575049303293, 0.23880898335294787, 0.07739564824308509, 0.08511126511654649, 0.08092933377772321, 0.07739564824308509, 0.07739564824308509]
Timestep: 175, Trans probs: [0.13367167357423526, 0.07835046192551746, 0.31554472415551477, 0.07835046192551746, 0.1460098976609819, 0.09137185690719817, 0.07835046192551746, 0.07835046192551746]
Timestep: 176, Trans probs: [0.2435352911392982, 0.07732592451216565, 0.20620202121386982, 0.07732584287341812, 0.16081201454193866, 0.08014721997247336, 0.07732584287341812, 0.07732584287341812]
Timestep: 177, Trans probs: [0.21432274923547506, 0.07579084425030698, 0.2589970540474925, 0.07579077620618019, 0.14537469097498198, 0.07814233287320287, 0.07579077620618019, 0.07579077620618019]
Timestep: 178, Trans probs: [0.1359461570031729, 0.1251240187447667, 0.2863494687090796, 0.07679215409477697, 0.14541173916387298, 0.07679215409477697, 0.07679215409477697, 0.07679215409477697]
Timestep: 179, Trans probs: [0.12237770500515702, 0.07739151781308669, 0.3476650272448618, 0.07739151781308669, 0.13241092087014178, 0.08798027562749275, 0.07739151781308669, 0.07739151781308669]
Timestep: 180, Trans probs: [0.11322883179253554, 0.07751491221861063, 0.29208135986168393, 0.07751491221861063, 0.19870897704901197, 0.0859211824223261, 0.07751491221861063, 0.07751491221861063]
Timestep: 181, Trans probs: [0.12472304450733895, 0.11568704001672087, 0.25030312558999895, 0.07533208098835863, 0.2079584659325067, 0.07533208098835863, 0.07533208098835863, 0.07533208098835863]
Timestep: 182, Trans probs: [0.18936026667132355, 0.07500269542894455, 0.2262387387878444, 0.0750026392587715, 0.13244390155390012, 0.15194647978167294, 0.0750026392587715, 0.0750026392587715]
Timestep: 183, Trans probs: [0.17089764496685828, 0.07310759882274898, 0.275540908266701, 0.07310755079021597, 0.1222270242924206, 0.1389041712806232, 0.07310755079021597, 0.07310755079021597]
Timestep: 184, Trans probs: [0.15441684598738842, 0.07244655645642491, 0.3145782056485465, 0.07244651619424289, 0.11361980144508274, 0.12759904187982868, 0.07244651619424289, 0.07244651619424289]
Timestep: 185, Trans probs: [0.11551374664949843, 0.10792418257947332, 0.2950206209904006, 0.0740290525574604, 0.18542523955078613, 0.0740290525574604, 0.0740290525574604, 0.0740290525574604]
Timestep: 186, Trans probs: [0.13806662476598017, 0.08441041992530328, 0.3554708556822002, 0.08441041992530328, 0.08441041992530328, 0.08441041992530328, 0.08441041992530328, 0.08441041992530328]
Timestep: 187, Trans probs: [0.14001367231384493, 0.0728153765888565, 0.2713121033894272, 0.07281534358238514, 0.1065687268397435, 0.19084409012097248, 0.07281534358238514, 0.07281534358238514]
Timestep: 188, Trans probs: [0.12848214535831876, 0.07239403653346811, 0.31046644396580503, 0.07239400898410042, 0.10056679838181745, 0.17090854880828943, 0.07239400898410042, 0.07239400898410042]
Timestep: 189, Trans probs: [0.11874242675322558, 0.07285260808861535, 0.3404897894278291, 0.07285258554844572, 0.09590282246719657, 0.15345459661779634, 0.07285258554844572, 0.07285258554844572]
Timestep: 190, Trans probs: [0.09860064940452364, 0.0730180430970305, 0.3444235473975604, 0.0730180430970305, 0.12485818571458905, 0.1400454450952048, 0.0730180430970305, 0.0730180430970305]
Timestep: 191, Trans probs: [0.1686683794695185, 0.07408391467590215, 0.29157395756910104, 0.07408391467590215, 0.11562586818395541, 0.12779613607381635, 0.07408391467590215, 0.07408391467590215]
Timestep: 192, Trans probs: [0.18467111473472747, 0.073931722338151, 0.288600382869727, 0.07393170425894391, 0.09242003035595298, 0.13858163692460976, 0.07393170425894391, 0.07393170425894391]
Timestep: 193, Trans probs: [0.16499227780004835, 0.07368102380522971, 0.3243691858246036, 0.07368100889784188, 0.08892573982554398, 0.12698874605104876, 0.07368100889784188, 0.07368100889784188]
Timestep: 194, Trans probs: [0.15203905676739085, 0.07355773595130399, 0.3275775157260842, 0.07355773595130399, 0.10802711089259491, 0.11812537280871416, 0.07355773595130399, 0.07355773595130399]
Timestep: 195, Trans probs: [0.22228486303921474, 0.07424373309756552, 0.27684895411470395, 0.07424372104947125, 0.08656445472143136, 0.11732683187867073, 0.07424372104947125, 0.07424372104947125]
Timestep: 196, Trans probs: [0.19527949686180132, 0.07421610539727827, 0.3141163942092514, 0.07421609554472477, 0.08429160499433888, 0.10944811190315586, 0.07421609554472477, 0.07421609554472477]
Timestep: 197, Trans probs: [0.10581728023116911, 0.07670841615308328, 0.25159220473393823, 0.07670841615308328, 0.17548843252503515, 0.16026841789752438, 0.07670841615308328, 0.07670841615308328]
Timestep: 198, Trans probs: [0.17224359815855397, 0.07476340395008695, 0.26793102019774073, 0.07476339601681481, 0.15763958819782303, 0.10313220144535089, 0.07476339601681481, 0.07476339601681481]
Timestep: 199, Trans probs: [0.13767700847260508, 0.07402457746315597, 0.354072401464683, 0.07402457746315597, 0.10198103242051983, 0.11017124778956815, 0.07402457746315597, 0.07402457746315597]
Timestep: 200, Trans probs: [0.22906703263820133, 0.0737025774099887, 0.23552449096194794, 0.07370257076406479, 0.1431302743675334, 0.09746791233013423, 0.07370257076406479, 0.07370257076406479]
Timestep: 201, Trans probs: [0.09944309759234755, 0.07486157418665235, 0.29740702675292546, 0.07486157418665235, 0.15827820212336724, 0.1454253767847503, 0.07486157418665235, 0.07486157418665235]
Timestep: 202, Trans probs: [0.10796404606911303, 0.1755285717339198, 0.2557399249973179, 0.073812500876051, 0.1655174536954453, 0.073812500876051, 0.073812500876051, 0.073812500876051]
Timestep: 203, Trans probs: [0.09461852293328174, 0.07433364212583499, 0.25798002990423613, 0.07433364212583499, 0.1431697482991147, 0.2068971303600274, 0.07433364212583499, 0.07433364212583499]
Timestep: 204, Trans probs: [0.09047662716870333, 0.07356607258674926, 0.22666346042869698, 0.07356607258674926, 0.2045175812380327, 0.18407804081756987, 0.07356607258674926, 0.07356607258674926]
Timestep: 205, Trans probs: [0.20292234757358055, 0.07297222035415402, 0.20832350274419154, 0.07297221479536223, 0.20401523415519768, 0.09285005078678947, 0.07297221479536223, 0.07297221479536223]
Timestep: 206, Trans probs: [0.18164972116570405, 0.07213777931606609, 0.2583391726876155, 0.0721377746315452, 0.18257072166285793, 0.08888928127312082, 0.0721377746315452, 0.0721377746315452]
Timestep: 207, Trans probs: [0.12568226279892653, 0.07511293485927589, 0.3727127414079689, 0.07511293485927589, 0.09732322779465706, 0.103830028561344, 0.07511293485927589, 0.07511293485927589]
Timestep: 208, Trans probs: [0.23517626382193652, 0.07192821838363445, 0.2271978582073768, 0.07192821447730562, 0.16401605334761502, 0.08589696280752028, 0.07192821447730562, 0.07192821447730562]
Timestep: 209, Trans probs: [0.11597037878053756, 0.07649740831182464, 0.3852927105052977, 0.07649740831182464, 0.09383412748250503, 0.09891314998436124, 0.07649740831182464, 0.07649740831182464]
Timestep: 210, Trans probs: [0.12475014786233769, 0.08311411693113192, 0.3765651505508707, 0.08311411693113192, 0.08311411693113192, 0.08311411693113192, 0.08311411693113192, 0.08311411693113192]
Timestep: 211, Trans probs: [0.27961132004084766, 0.07181653490636745, 0.20114913662487935, 0.07181653165257186, 0.14852154495235195, 0.08345186851783797, 0.07181653165257186, 0.07181653165257186]
Timestep: 212, Trans probs: [0.24323283047586491, 0.07220054389336397, 0.250852508262758, 0.0722005412152212, 0.13533510837248738, 0.0817773853498622, 0.0722005412152212, 0.0722005412152212]
Timestep: 213, Trans probs: [0.21310364683626504, 0.0725388141499953, 0.2919047777580622, 0.07253881194893316, 0.12442667503319581, 0.08040965037568217, 0.07253881194893316, 0.07253881194893316]
Timestep: 214, Trans probs: [0.1015480176592937, 0.15848316242467, 0.22607551158930128, 0.07276925912593664, 0.2228162718229884, 0.07276925912593664, 0.07276925912593664, 0.07276925912593664]
Timestep: 215, Trans probs: [0.08689648687145007, 0.07268252784928955, 0.27404918528398536, 0.07268252784928955, 0.1827522105932105, 0.1655720058541959, 0.07268252784928955, 0.07268252784928955]
Timestep: 216, Trans probs: [0.18747188882456395, 0.07320237852125729, 0.251531771155716, 0.07320237673194563, 0.11538362926868256, 0.15280320203394326, 0.07320237673194563, 0.07320237673194563]
Timestep: 217, Trans probs: [0.16873201725407086, 0.07222630355824393, 0.29505975587185423, 0.07222630204709019, 0.10785025693966585, 0.1394527602348945, 0.07222630204709019, 0.07222630204709019]
Timestep: 218, Trans probs: [0.15216298439222356, 0.07228236128986257, 0.329010536371155, 0.07228236003903608, 0.10176935728728706, 0.12792768054236334, 0.07228236003903608, 0.07228236003903608]
Timestep: 219, Trans probs: [0.13787629261641773, 0.07312804895706292, 0.3543503479063358, 0.07312804794318979, 0.09702910440047284, 0.11823206229014138, 0.07312804794318979, 0.07312804794318979]
Timestep: 220, Trans probs: [0.10831009423143723, 0.15587790236724322, 0.31553106001275033, 0.07793895118362161, 0.09127810381541769, 0.0951859860222867, 0.07793895118362161, 0.07793895118362161]
Timestep: 221, Trans probs: [0.2003881731336509, 0.07446073249502184, 0.29799708486745957, 0.07446073168912022, 0.0934590650299357, 0.11031274940657133, 0.07446073168912022, 0.07446073168912022]
Timestep: 222, Trans probs: [0.17710652734094495, 0.0745107291585613, 0.33114133858658296, 0.0745107285019759, 0.08998907987123292, 0.1037201395367502, 0.0745107285019759, 0.0745107285019759]
Timestep: 223, Trans probs: [0.08434843349812259, 0.07256775291777909, 0.31203033556393467, 0.07256775291777909, 0.16379467794016328, 0.14955554132666324, 0.07256775291777909, 0.07256775291777909]
Timestep: 224, Trans probs: [0.09625348546219306, 0.1441849170704342, 0.20108822476510577, 0.07202579442713766, 0.2703701949937163, 0.07202579442713766, 0.07202579442713766, 0.07202579442713766]
Timestep: 225, Trans probs: [0.15729138016394847, 0.07520209955885615, 0.2805382096375824, 0.07520209903350691, 0.16278878643579292, 0.09857322710329937, 0.07520209903350691, 0.07520209903350691]
Timestep: 226, Trans probs: [0.14258397767004866, 0.07427940465623001, 0.31941418999041005, 0.07427940421909919, 0.14715824102470315, 0.0937259740013104, 0.07427940421909919, 0.07427940421909919]
Timestep: 227, Trans probs: [0.10176026393141875, 0.14057041768722736, 0.34781073338122215, 0.07698071705677254, 0.0878640136579989, 0.09105242017181535, 0.07698071705677254, 0.07698071705677254]
Timestep: 228, Trans probs: [0.20443655405770514, 0.07443822560117841, 0.2738350356946677, 0.07443822524560875, 0.1337191125442062, 0.09025639636541632, 0.07443822524560875, 0.07443822524560875]
Timestep: 229, Trans probs: [0.09686316802130061, 0.12774770925757725, 0.3698104344375634, 0.0771439743772476, 0.0858047394126579, 0.08834202573915793, 0.0771439743772476, 0.0771439743772476]
Timestep: 230, Trans probs: [0.2553624720304381, 0.07397768650854823, 0.23872313545019666, 0.0739776862147698, 0.1229566863657135, 0.0870469610007941, 0.0739776862147698, 0.0739776862147698]
Timestep: 231, Trans probs: [0.22295508506104406, 0.07382214432189983, 0.2830965161255886, 0.07382214408035784, 0.11409223788098544, 0.08456758436940864, 0.07382214408035784, 0.07382214408035784]
Timestep: 232, Trans probs: [0.09331173530767439, 0.11740190631048532, 0.38414324366703406, 0.07793061815626262, 0.08468607905568289, 0.08666518119033545, 0.07793061815626262, 0.07793061815626262]
Timestep: 233, Trans probs: [0.16976668928150596, 0.10929226411061714, 0.3141606830918195, 0.07897667643513782, 0.08416515081135954, 0.08568518339928431, 0.07897667643513782, 0.07897667643513782]
Timestep: 234, Trans probs: [0.2695531351479882, 0.0740836373903121, 0.2444212542137315, 0.07408363719371044, 0.10686123794880469, 0.08282982371803195, 0.07408363719371044, 0.07408363719371044]
Timestep: 235, Trans probs: [0.2329385910502787, 0.07440403505867192, 0.28695953993939505, 0.07440403489921914, 0.10098814363121673, 0.08149758562278023, 0.07440403489921914, 0.07440403489921914]
Timestep: 236, Trans probs: [0.20260291376471581, 0.07487690375320735, 0.32100269614283, 0.07487690362474157, 0.09629483435165462, 0.08059194111336754, 0.07487690362474157, 0.07487690362474157]
Timestep: 237, Trans probs: [0.15149234320863203, 0.10253459236148123, 0.3463803919081789, 0.07799226750255013, 0.08219265527093471, 0.08342321474312286, 0.07799226750255013, 0.07799226750255013]
Timestep: 238, Trans probs: [0.25296187937638215, 0.07564680850746414, 0.2715597760972475, 0.075646808405207, 0.09269520600548574, 0.08019590479779941, 0.075646808405207, 0.075646808405207]
Timestep: 239, Trans probs: [0.2181853218062036, 0.07591104745365128, 0.3090189713428575, 0.07591104737160209, 0.08959036061647885, 0.07956115666600246, 0.07591104737160209, 0.07591104737160209]
Timestep: 240, Trans probs: [0.18956661064252261, 0.07640522697147661, 0.3382186405089698, 0.07640522690621676, 0.08728540901576724, 0.0793084321426136, 0.07640522690621676, 0.07640522690621676]
Timestep: 241, Trans probs: [0.08276335898338671, 0.07317402623647641, 0.26809369745308964, 0.07317402623647641, 0.14743164943158493, 0.20901518918603296, 0.07317402623647641, 0.07317402623647641]
Timestep: 242, Trans probs: [0.16609177229042646, 0.07716736561334114, 0.28290541602992425, 0.07716736556205868, 0.1628845889222769, 0.07944876045785519, 0.07716736556205868, 0.07716736556205868]
Timestep: 243, Trans probs: [0.14933878304953374, 0.07608670944941484, 0.3216515112568809, 0.07608670940717058, 0.1466968443410092, 0.07796602368164957, 0.07608670940717058, 0.07608670940717058]
Timestep: 244, Trans probs: [0.13511731487849077, 0.07605476913832732, 0.3501064225096907, 0.07605476910426612, 0.1329871413810584, 0.07757004477963454, 0.07605476910426612, 0.07605476910426612]
Timestep: 245, Trans probs: [0.12340965723130333, 0.0767139339231201, 0.3700971633535387, 0.07671393389619083, 0.121725510518899, 0.07791193328456647, 0.07671393389619083, 0.07671393389619083]
Timestep: 246, Trans probs: [0.11404604953657381, 0.07773950207636203, 0.38358837665496603, 0.07773950205542415, 0.112736603013167, 0.07867096255265865, 0.07773950205542415, 0.07773950205542415]
Timestep: 247, Trans probs: [0.10673688713405828, 0.07888856432815165, 0.39237333194000285, 0.0788885643120916, 0.10573249833832196, 0.0796030253231906, 0.0788885643120916, 0.0788885643120916]
Timestep: 248, Trans probs: [0.08099886573220857, 0.07308300517019867, 0.3070694828620564, 0.07308300517019867, 0.1343816383903407, 0.18521799233459962, 0.07308300517019867, 0.07308300517019867]
Timestep: 249, Trans probs: [0.10113923955011896, 0.08000469395735084, 0.31791338813284886, 0.08000469394516262, 0.18038168648513658, 0.08054691003905694, 0.08000469394516262, 0.08000469394516262]
Timestep: 250, Trans probs: [0.0960176939484649, 0.07910513661616281, 0.34859262199060326, 0.07910513660640939, 0.1594301018972302, 0.07953903572831066, 0.07910513660640939, 0.07910513660640939]
Timestep: 251, Trans probs: [0.09237220746386213, 0.07910233276979148, 0.36964904335579296, 0.07910233276213877, 0.14212664087070315, 0.07944277725343402, 0.07910233276213877, 0.07910233276213877]
Timestep: 252, Trans probs: [0.08005485059135435, 0.07362481023210105, 0.3373164468429817, 0.07362481023210105, 0.12341758797053298, 0.16471187366672677, 0.07362481023210105, 0.07362481023210105]
Timestep: 253, Trans probs: [0.08985566388400361, 0.07960949303192777, 0.3039515690353286, 0.07960949302601883, 0.2078824319098016, 0.07987236306088191, 0.07960949302601883, 0.07960949302601883]
Timestep: 254, Trans probs: [0.13621040449670396, 0.09746569375685707, 0.3684861269368659, 0.07804312509124653, 0.08136727308140532, 0.08234112645442815, 0.07804312509124653, 0.07804312509124653]
Timestep: 255, Trans probs: [0.16595077934341354, 0.07888324869079234, 0.258079831831972, 0.0788832486860725, 0.18134317402394262, 0.0790932200516622, 0.0788832486860725, 0.0788832486860725]
Timestep: 256, Trans probs: [0.14944490824827372, 0.07700564629947662, 0.303100948970879, 0.07700564629554975, 0.16225121735023687, 0.07718034024448445, 0.07700564629554975, 0.07700564629554975]
Timestep: 257, Trans probs: [0.1238754263569788, 0.09377105163411756, 0.3830319197665542, 0.07867984888605559, 0.08126268909363697, 0.08201936649054549, 0.07867984888605559, 0.07867984888605559]
Timestep: 258, Trans probs: [0.21173067471610857, 0.07637146974612652, 0.26048226120460594, 0.07637146974292881, 0.14578746100754353, 0.07651372409682895, 0.07637146974292881, 0.07637146974292881]
Timestep: 259, Trans probs: [0.1871032120125979, 0.07545878438092948, 0.30277236088624215, 0.07545878437829202, 0.13271317365267837, 0.07557611593267591, 0.07545878437829202, 0.07545878437829202]
Timestep: 260, Trans probs: [0.1659386424005859, 0.07539895442829332, 0.3351411915891339, 0.07539895442615444, 0.12183024213044742, 0.07549410617307607, 0.07539895442615444, 0.07539895442615444]
Timestep: 261, Trans probs: [0.14811066872926207, 0.07599144806266675, 0.3588800937809753, 0.07599144806096302, 0.11297620423556827, 0.07606724100863865, 0.07599144806096302, 0.07599144806096302]
Timestep: 262, Trans probs: [0.07978552897809403, 0.07465196092178898, 0.3598281000429221, 0.07465196092178898, 0.11440515047445847, 0.1473733768173694, 0.07465196092178898, 0.07465196092178898]
Timestep: 263, Trans probs: [0.0799924935650339, 0.07596047551018244, 0.2999441315439266, 0.07596047551018244, 0.183143986588664, 0.1330774862616457, 0.07596047551018244, 0.07596047551018244]
Timestep: 264, Trans probs: [0.11419200913764775, 0.09113234320087585, 0.39227605358550854, 0.07957262481582218, 0.08155105595425936, 0.08213066367424186, 0.07957262481582218, 0.07957262481582218]
Timestep: 265, Trans probs: [0.13348299654449028, 0.07698210843851938, 0.2986076275504185, 0.07698210843718463, 0.18293945469492845, 0.0770414874600895, 0.07698210843718463, 0.07698210843718463]
Timestep: 266, Trans probs: [0.12235619997076116, 0.07637683292682154, 0.3331083723208395, 0.07637683292573536, 0.16260294153926985, 0.07642515446510183, 0.07637683292573536, 0.07637683292573536]
Timestep: 267, Trans probs: [0.11331208097459246, 0.07662941037537935, 0.35808109424965245, 0.07662941037451278, 0.14542122162975632, 0.07666796164708105, 0.07662941037451278, 0.07662941037451278]
Timestep: 268, Trans probs: [0.15449026240322075, 0.07560292680719508, 0.2580559511795629, 0.07560292680719508, 0.16291267121181344, 0.12212940797662256, 0.07560292680719508, 0.07560292680719508]
Timestep: 269, Trans probs: [0.10616290682453308, 0.0774124574278127, 0.2980033321560723, 0.07741245742713351, 0.20874125889616033, 0.07744267241402099, 0.07741245742713351, 0.07741245742713351]
Timestep: 270, Trans probs: [0.10019635523445507, 0.07703667494012721, 0.3317684552346653, 0.07703667493958011, 0.18282747540640226, 0.07706101436560979, 0.07703667493958011, 0.07703667493958011]
Timestep: 271, Trans probs: [0.14071256591622502, 0.07395275261529388, 0.3023096279108722, 0.07395275261529388, 0.14784017943438385, 0.11332661627734349, 0.07395275261529388, 0.07395275261529388]
Timestep: 272, Trans probs: [0.09567801383047833, 0.07732438814177732, 0.27919469408410136, 0.07732438814134376, 0.2384860628255267, 0.07734367669408496, 0.07732438814134376, 0.07732438814134376]
Timestep: 273, Trans probs: [0.12877874979202075, 0.07362248069541753, 0.3359110561728393, 0.07362248069541753, 0.13466751055670478, 0.10615276069676505, 0.07362248069541753, 0.07362248069541753]
Timestep: 274, Trans probs: [0.0918165003627608, 0.07707641524244424, 0.23920162926411043, 0.07707641524209605, 0.28358430322257683, 0.07709190618181963, 0.07707641524209605, 0.07707641524209605]
Timestep: 275, Trans probs: [0.1067459288172333, 0.08927182712747417, 0.39798395914929624, 0.08051212977889743, 0.0820113408686864, 0.08245055470061761, 0.08051212977889743, 0.08051212977889743]
Timestep: 276, Trans probs: [0.16586101765342498, 0.07703496793351895, 0.20672429079742097, 0.07703496793324041, 0.24222746016744642, 0.07704735964846744, 0.07703496793324041, 0.07703496793324041]
Timestep: 277, Trans probs: [0.14954603853692985, 0.07563418842538308, 0.2591824158380926, 0.0756341884251513, 0.2130902923954181, 0.07564449952872254, 0.0756341884251513, 0.0756341884251513]
Timestep: 278, Trans probs: [0.135876671215919, 0.07492430462475135, 0.301214037493012, 0.0749243046245602, 0.18827926498267572, 0.07493280780996127, 0.0749243046245602, 0.0749243046245602]
Timestep: 279, Trans probs: [0.12445392739408785, 0.0749864881946398, 0.33362414906963034, 0.07498648819448467, 0.16698258158790288, 0.07499338917028515, 0.07498648819448467, 0.07498648819448467]
Timestep: 280, Trans probs: [0.11877025236776793, 0.07424263662671028, 0.3602306485918567, 0.07424263662671028, 0.12352424463039934, 0.10050430790313494, 0.07424263662671028, 0.07424263662671028]
Timestep: 281, Trans probs: [0.11510748410128985, 0.07565608541419054, 0.28192545451449935, 0.0756560854140668, 0.2246811306298745, 0.07566158909794536, 0.0756560854140668, 0.0756560854140668]
Timestep: 282, Trans probs: [0.10110459165569301, 0.08796844308627372, 0.40142600232757075, 0.08138334430196886, 0.08251037560589738, 0.08284055441865855, 0.08138334430196886, 0.08138334430196886]
Timestep: 283, Trans probs: [0.18311785441398057, 0.07557916406478754, 0.24267770918190704, 0.07557916406468732, 0.19630415755349093, 0.07558362259177209, 0.07557916406468732, 0.07557916406468732]
Timestep: 284, Trans probs: [0.16400617246503477, 0.07458077038529433, 0.2881148285176086, 0.074580770385211, 0.17497143953651445, 0.07458447793991475, 0.074580770385211, 0.074580770385211]
Timestep: 285, Trans probs: [0.1476396238305785, 0.07441163101867217, 0.3236804067674402, 0.07441163101860393, 0.15661877829470877, 0.07441466703278873, 0.07441163101860393, 0.07441163101860393]
Timestep: 286, Trans probs: [0.13384012627191658, 0.07494530858855367, 0.35036913008109316, 0.07494530858849878, 0.14106175894009648, 0.07494775035284372, 0.07494530858849878, 0.07494530858849878]
Timestep: 287, Trans probs: [0.12249314130115938, 0.07594725693000512, 0.36956808604379976, 0.07594725692996175, 0.1282005582245164, 0.075949186710634, 0.07594725692996175, 0.07594725692996175]
Timestep: 288, Trans probs: [0.09687427033035771, 0.0870566345676684, 0.40346223138601306, 0.08213509299222238, 0.0829774085900284, 0.0832241761492651, 0.08213509299222238, 0.08213509299222238]
Timestep: 289, Trans probs: [0.11064439868622697, 0.07542378532094907, 0.3770593951218954, 0.07542378532094907, 0.114404728554266, 0.09619633635381529, 0.07542378532094907, 0.07542378532094907]
Timestep: 290, Trans probs: [0.19058515336666207, 0.07718372462879176, 0.30565230896846296, 0.07718372462875801, 0.11784241294413794, 0.07718522620567138, 0.07718372462875801, 0.07718372462875801]
Timestep: 291, Trans probs: [0.16836989692921267, 0.07678450034035907, 0.33808507016699235, 0.0767845003403318, 0.10962131849677818, 0.07678571304566233, 0.0767845003403318, 0.0767845003403318]
Timestep: 292, Trans probs: [0.09211919375896885, 0.13193941284103752, 0.2512046811145822, 0.07199144183297168, 0.23677094495352474, 0.07199144183297168, 0.07199144183297168, 0.07199144183297168]
Timestep: 293, Trans probs: [0.09372384719049891, 0.08641733261228651, 0.3218937916765984, 0.08275460605189265, 0.1661360831085352, 0.08356512725640294, 0.08275460605189265, 0.08275460605189265]
Timestep: 294, Trans probs: [0.17096670678913495, 0.08402729919027908, 0.27221963450445036, 0.08110005513472995, 0.1477383719821432, 0.08174782212980264, 0.08110005513472995, 0.08110005513472995]
Timestep: 295, Trans probs: [0.11446954639446855, 0.08271940261682145, 0.3892140379046028, 0.08271940261682145, 0.08271940261682145, 0.08271940261682145, 0.08271940261682145, 0.08271940261682145]
Timestep: 296, Trans probs: [0.15333934592614773, 0.15983466835510293, 0.23743367707850666, 0.07870174152000754, 0.1340473479222069, 0.07923973615801316, 0.07870174152000754, 0.07870174152000754]
Timestep: 297, Trans probs: [0.14974406730783912, 0.07713130782200395, 0.2843014041148686, 0.07713130782198233, 0.1031657201615183, 0.15426357712782315, 0.07713130782198233, 0.07713130782198233]
Timestep: 298, Trans probs: [0.13978902571554164, 0.14535211688158614, 0.28767751586830115, 0.07586366985090416, 0.12326588235430673, 0.07632444962755179, 0.07586366985090416, 0.07586366985090416]
Timestep: 299, Trans probs: [0.2118306977899152, 0.07570196928614376, 0.24810441775978223, 0.07570196928612577, 0.09736724102285035, 0.1398897662829312, 0.07570196928612577, 0.07570196928612577]
Timestep: 300, Trans probs: [0.16092973474760225, 0.12172155708107864, 0.22036001411976958, 0.07214152889321224, 0.2084225784787006, 0.07214152889321224, 0.07214152889321224, 0.07214152889321224]
Timestep: 301, Trans probs: [0.18835601418260173, 0.07444149767220615, 0.21871039505295858, 0.0744414976721911, 0.09257131480984945, 0.20259628526581078, 0.0744414976721911, 0.0744414976721911]
Timestep: 302, Trans probs: [0.1692739635441181, 0.07321415574494781, 0.26808482181294274, 0.07321415574493513, 0.08850234554749321, 0.18128224611569282, 0.07321415574493513, 0.07321415574493513]
Timestep: 303, Trans probs: [0.15271288178197162, 0.07283236708631394, 0.30771345633060115, 0.07283236708630339, 0.08554557668116783, 0.16269861686103526, 0.07283236708630339, 0.07283236708630339]
Timestep: 304, Trans probs: [0.12800863041361502, 0.1326510430746591, 0.3260846938506713, 0.07466277060834607, 0.1142200284204207, 0.07504729241559573, 0.07466277060834607, 0.07466277060834607]
Timestep: 305, Trans probs: [0.1928226751620893, 0.1218842756636379, 0.2792296216162743, 0.07471469190298617, 0.10689187715699248, 0.07502747469204746, 0.07471469190298617, 0.07471469190298617]
Timestep: 306, Trans probs: [0.24604474975263585, 0.11316176547418581, 0.24371273736925617, 0.0740247006531349, 0.10072242585323554, 0.07428421959128191, 0.0740247006531349, 0.0740247006531349]
Timestep: 307, Trans probs: [0.28950041574934243, 0.10600778937977523, 0.21391350767341594, 0.07365940445304654, 0.09572616636760778, 0.07387390747071892, 0.07365940445304654, 0.07365940445304654]
Timestep: 308, Trans probs: [0.21172230590450858, 0.07325571120812144, 0.2650021390155126, 0.07325571120811283, 0.0836342075511989, 0.14661850269631993, 0.07325571120811283, 0.07325571120811283]
Timestep: 309, Trans probs: [0.18752588680618984, 0.073102803246865, 0.3046569469005195, 0.07310280324685788, 0.08167916462043667, 0.13372678868541557, 0.07310280324685788, 0.07310280324685788]
Timestep: 310, Trans probs: [0.10423176798426359, 0.07684496549843771, 0.38823538830154775, 0.07684496549843771, 0.10715572079307703, 0.0929972609273608, 0.07684496549843771, 0.07684496549843771]
Timestep: 311, Trans probs: [0.16665122992826048, 0.07359422271771959, 0.2619105566717588, 0.0735942227177138, 0.15416335379618282, 0.1228979687329368, 0.0735942227177138, 0.0735942227177138]
Timestep: 312, Trans probs: [0.15110013212784254, 0.07253120794777938, 0.3040597037712206, 0.0725312079477745, 0.1405564984735669, 0.11415883383626703, 0.0725312079477745, 0.0725312079477745]
Timestep: 313, Trans probs: [0.09928620399380844, 0.07828132190320533, 0.39539005414420175, 0.07828132190320533, 0.10152879087555196, 0.09066966337361652, 0.07828132190320533, 0.07828132190320533]
Timestep: 314, Trans probs: [0.09553789217857336, 0.07959888185758836, 0.32022862375577726, 0.07959888185758836, 0.17683850296278145, 0.0889994536725145, 0.07959888185758836, 0.07959888185758836]
Timestep: 315, Trans probs: [0.13747530321665566, 0.07260194442861483, 0.2637720709889177, 0.07260194442861079, 0.2013715037888799, 0.10697334429109955, 0.07260194442861079, 0.07260194442861079]
Timestep: 316, Trans probs: [0.12640104575677624, 0.07219037494699963, 0.3041298517323052, 0.07219037494699626, 0.17979516562243145, 0.1009124371004988, 0.07219037494699626, 0.07219037494699626]
Timestep: 317, Trans probs: [0.11707208177639915, 0.07261508415916763, 0.33543871236989686, 0.07261508415916487, 0.16085944364046803, 0.09616942557657372, 0.07261508415916487, 0.07261508415916487]
Timestep: 318, Trans probs: [0.10941614580559719, 0.0736592562451082, 0.35870830378317137, 0.07365925624510598, 0.14463444542625836, 0.09260408000454698, 0.07365925624510598, 0.07365925624510598]
Timestep: 319, Trans probs: [0.10330736902298292, 0.07506277899352176, 0.3752875780889624, 0.07506277899352003, 0.13112652350054307, 0.09002741341342979, 0.07506277899352003, 0.07506277899352003]
Timestep: 320, Trans probs: [0.24993570574562052, 0.10027323699045952, 0.26217345740789033, 0.0738888571700647, 0.0918872156376905, 0.07406381270814515, 0.0738888571700647, 0.0738888571700647]
Timestep: 321, Trans probs: [0.1751541203032855, 0.07659605795666612, 0.31004035114094547, 0.07659605795666477, 0.120189262945522, 0.08823203378358647, 0.07659605795666477, 0.07659605795666477]
Timestep: 322, Trans probs: [0.1562239365182683, 0.07615828517893243, 0.34195980136535037, 0.07615828517893133, 0.11157211402559553, 0.0856110073750593, 0.07615828517893133, 0.07615828517893133]
Timestep: 323, Trans probs: [0.14026691441022976, 0.07657447709876067, 0.36459476302814753, 0.0765744770987598, 0.10474627157046847, 0.08409414259611421, 0.0765744770987598, 0.0765744770987598]
Timestep: 324, Trans probs: [0.21738788301821252, 0.0956126048703577, 0.30148985604386774, 0.07414452928593414, 0.08878918353245412, 0.07428688467730554, 0.07414452928593414, 0.07414452928593414]
Timestep: 325, Trans probs: [0.26474330710015853, 0.09200748366396108, 0.2576997595860127, 0.07472974033401976, 0.08651591912923016, 0.07484430951857829, 0.07472974033401976, 0.07472974033401976]
Timestep: 326, Trans probs: [0.20472293983402248, 0.07747972285990253, 0.30251265312023573, 0.07747972285990185, 0.09949060810086266, 0.0833549075052711, 0.07747972285990185, 0.07747972285990185]
Timestep: 327, Trans probs: [0.09154658913122765, 0.0787754775139542, 0.3503552277104773, 0.0787754775139542, 0.1566885994548311, 0.08630767364764723, 0.0787754775139542, 0.0787754775139542]
Timestep: 328, Trans probs: [0.17954552947363694, 0.07710422089427431, 0.2582743327282566, 0.07710422089427375, 0.17192902399870036, 0.0818342302223106, 0.07710422089427375, 0.07710422089427375]
Timestep: 329, Trans probs: [0.16096649200974547, 0.07565695016996264, 0.30218603824946394, 0.07565695016996217, 0.15462373241893393, 0.07959593664200743, 0.07565695016996217, 0.07565695016996217]
Timestep: 330, Trans probs: [0.14493522909954917, 0.07531916328425721, 0.33549530229155666, 0.07531916328425682, 0.1397592785598805, 0.0785335369119859, 0.07531916328425682, 0.07531916328425682]
Timestep: 331, Trans probs: [0.13146679379078688, 0.07579739226603179, 0.35964805183370824, 0.0757973922660315, 0.1273277769490481, 0.07836780836233044, 0.0757973922660315, 0.0757973922660315]
Timestep: 332, Trans probs: [0.14667429161424647, 0.11331853018469343, 0.26837277333148063, 0.07113907451167441, 0.18707810682288176, 0.07113907451167441, 0.07113907451167441, 0.07113907451167441]
Timestep: 333, Trans probs: [0.12048253004733224, 0.07676607255275394, 0.29967030636745245, 0.07676607255275371, 0.11723221391539475, 0.1555506594588055, 0.07676607255275371, 0.07676607255275371]
Timestep: 334, Trans probs: [0.22821662121713135, 0.08902670166808656, 0.29764531218555657, 0.07510435680502542, 0.08460161826279097, 0.0751966762513584, 0.07510435680502542, 0.07510435680502542]
Timestep: 335, Trans probs: [0.18750446049939198, 0.0756980026749473, 0.25981007374862386, 0.07569800267494711, 0.10912179623478362, 0.14077165881741185, 0.07569800267494711, 0.07569800267494711]
Timestep: 336, Trans probs: [0.19811745871749853, 0.08676823321195233, 0.3292896880629301, 0.07563062840015607, 0.08322825264745831, 0.07570448215969255, 0.07563062840015607, 0.07563062840015607]
Timestep: 337, Trans probs: [0.1894961237188433, 0.08278157962143746, 0.31381439855253185, 0.08278157962143746, 0.08278157962143746, 0.08278157962143746, 0.08278157962143746, 0.08278157962143746]
Timestep: 338, Trans probs: [0.24252581243312643, 0.07427993916947187, 0.2290139596642181, 0.0742799391694717, 0.10237042735712724, 0.12897004386764127, 0.0742799391694717, 0.0742799391694717]
Timestep: 339, Trans probs: [0.21391093102412428, 0.07348017090917838, 0.2761130853133909, 0.07348017090917824, 0.09692662181861965, 0.11912867820715214, 0.07348017090917824, 0.07348017090917824]
Timestep: 340, Trans probs: [0.18906970179678467, 0.0733858331578181, 0.3136963445889757, 0.07338583315781799, 0.09270051994608043, 0.1109901010368871, 0.07338583315781799, 0.07338583315781799]
Timestep: 341, Trans probs: [0.16763210599701206, 0.07396254147340063, 0.3425052022065815, 0.07396254147340056, 0.08960169947919608, 0.10441082642360809, 0.07396254147340056, 0.07396254147340056]
Timestep: 342, Trans probs: [0.14953939692960821, 0.07501885653780667, 0.363681753142058, 0.0750188565378066, 0.08746087558414133, 0.09924254819296605, 0.0750188565378066, 0.0750188565378066]
Timestep: 343, Trans probs: [0.17325424884251794, 0.1616387536175778, 0.27695842903197104, 0.07641670643394989, 0.08242335431883947, 0.07647509488724415, 0.07641670643394989, 0.07641670643394989]
Timestep: 344, Trans probs: [0.21100110780219947, 0.07633370094483662, 0.30229524698084614, 0.07633370094483657, 0.0860731509835911, 0.09529569045401687, 0.07633370094483657, 0.07633370094483657]
Timestep: 345, Trans probs: [0.18460844110490854, 0.07632860260981186, 0.33434244206981817, 0.07632860260981184, 0.08415964429864752, 0.09157506208737845, 0.07632860260981184, 0.07632860260981184]
Timestep: 346, Trans probs: [0.16258138638477818, 0.07686154785269123, 0.3579800004527707, 0.07686154785269118, 0.08306099955519289, 0.08893142219649343, 0.07686154785269118, 0.07686154785269118]
Timestep: 347, Trans probs: [0.08887789061909987, 0.07885071956351823, 0.37093085032170925, 0.07885071956351823, 0.14002379709882784, 0.0847645837062901, 0.07885071956351823, 0.07885071956351823]
Timestep: 348, Trans probs: [0.1554849079983405, 0.1458781858905867, 0.31664894372202557, 0.07539436157725764, 0.08036222527241563, 0.07544265238485877, 0.07539436157725764, 0.07539436157725764]
Timestep: 349, Trans probs: [0.14459536445857343, 0.07773634082845253, 0.2970006976811104, 0.07773634082845252, 0.16030807676461045, 0.08715049778189558, 0.07773634082845252, 0.07773634082845252]
Timestep: 350, Trans probs: [0.13151295649112202, 0.07661482261507391, 0.3332682303482212, 0.0766148226150739, 0.14441470911773438, 0.08434481358262688, 0.0766148226150739, 0.0766148226150739]
Timestep: 351, Trans probs: [0.12064628634518317, 0.07661739558097151, 0.35907357028801523, 0.0766173955809715, 0.13099362999709252, 0.08281693104582313, 0.0766173955809715, 0.0766173955809715]
Timestep: 352, Trans probs: [0.11191451663803843, 0.07730736308079911, 0.37662813693829156, 0.0773073630807991, 0.12004763342694068, 0.08218026067353301, 0.0773073630807991, 0.0773073630807991]
Timestep: 353, Trans probs: [0.10509030899588796, 0.07833012974780543, 0.3881117583267167, 0.07833012974780541, 0.11137928802898403, 0.08209812565718964, 0.07833012974780541, 0.07833012974780541]
Timestep: 354, Trans probs: [0.1665970028834284, 0.07942600342385915, 0.30502896185475625, 0.07942600342385915, 0.12667614410430827, 0.08399387746207056, 0.07942600342385915, 0.07942600342385915]
Timestep: 355, Trans probs: [0.09987044468539576, 0.07944126872763874, 0.3159338325497803, 0.07944126872763872, 0.18411282696577608, 0.08231782088849299, 0.07944126872763872, 0.07944126872763872]
Timestep: 356, Trans probs: [0.09503111846982064, 0.07866129543920534, 0.3468232063623646, 0.07866129543920532, 0.16253422737929402, 0.08096626603169947, 0.07866129543920532, 0.07866129543920532]
Timestep: 357, Trans probs: [0.14026294620797503, 0.1324829552107059, 0.34618314884708457, 0.07540172474936029, 0.07942494249111157, 0.07544083299504217, 0.07540172474936029, 0.07540172474936029]
Timestep: 358, Trans probs: [0.17034300663872123, 0.078738748126557, 0.28949483532150355, 0.07873874812655697, 0.1446568753371225, 0.08055029019642491, 0.07873874812655697, 0.07873874812655697]
Timestep: 359, Trans probs: [0.14910453351126704, 0.07812576754160375, 0.33994817373374064, 0.07812576754160375, 0.11659907515747857, 0.08184514743109884, 0.07812576754160375, 0.07812576754160375]
Timestep: 360, Trans probs: [0.12760479055782403, 0.12142776604143117, 0.3672051843644384, 0.0761073845513541, 0.07930167033321524, 0.07613843504902885, 0.0761073845513541, 0.0761073845513541]
Timestep: 361, Trans probs: [0.15256576974160743, 0.0773441643844992, 0.2504082934444093, 0.07734416438449919, 0.20881755192355703, 0.07883172735242944, 0.07734416438449919, 0.07734416438449919]
Timestep: 362, Trans probs: [0.1383914428509787, 0.07594419750962293, 0.2955622514317107, 0.07594419750962292, 0.18509037763345426, 0.07717913804536458, 0.07594419750962292, 0.07594419750962292]
Timestep: 363, Trans probs: [0.11738363496976317, 0.11256292187777169, 0.3815678101550285, 0.07719369907422592, 0.07968660407198244, 0.0772179317027765, 0.07719369907422592, 0.07719369907422592]
Timestep: 364, Trans probs: [0.21239804322205827, 0.07797524390612043, 0.2861957529436978, 0.07797524390612043, 0.10857205879543888, 0.08093316941432338, 0.07797524390612043, 0.07797524390612043]
Timestep: 365, Trans probs: [0.18629991998562576, 0.07717920043468379, 0.24620686454426408, 0.07717920043468379, 0.17919605098288927, 0.07958036274848575, 0.07717920043468379, 0.07717920043468379]
Timestep: 366, Trans probs: [0.10933790973983658, 0.10562869062552413, 0.31261011731509303, 0.0784144186334338, 0.15874696238474795, 0.0784330640344968, 0.0784144186334338, 0.0784144186334338]
Timestep: 367, Trans probs: [0.20202921303637605, 0.07555334931598437, 0.2546405685068865, 0.07555334931598436, 0.16455644143254003, 0.07656037976025994, 0.07555334931598436, 0.07555334931598436]
Timestep: 368, Trans probs: [0.17949599596922983, 0.07468876074123817, 0.2977824088336552, 0.07468876074123815, 0.14844329174093024, 0.07552326049123213, 0.07468876074123815, 0.07468876074123815]
Timestep: 369, Trans probs: [0.16008152119879485, 0.074663256180841, 0.3311486195389804, 0.07466325618084099, 0.13477345812922717, 0.07534337640963377, 0.07466325618084099, 0.07466325618084099]
Timestep: 370, Trans probs: [0.14366437558592698, 0.07530105535286491, 0.3558766035400235, 0.0753010553528649, 0.1234094193451308, 0.07584538011745913, 0.0753010553528649, 0.0753010553528649]
Timestep: 371, Trans probs: [0.2423370393941925, 0.0756415444328576, 0.21668383804230207, 0.0756415444328576, 0.16076779086079532, 0.07764515397127986, 0.0756415444328576, 0.0756415444328576]
Timestep: 372, Trans probs: [0.13013987884736763, 0.07635488355293273, 0.2970983244439383, 0.0763548835529327, 0.19055913021645943, 0.07678313228050382, 0.0763548835529327, 0.0763548835529327]
Timestep: 373, Trans probs: [0.11968513966693413, 0.07595267707831103, 0.33139136540572395, 0.075952677078311, 0.1688119014276592, 0.07630088518643866, 0.075952677078311, 0.075952677078311]
Timestep: 374, Trans probs: [0.10256429579069182, 0.09954100100858514, 0.34560586163331947, 0.07735930616207559, 0.14283641950368656, 0.07737450357749022, 0.07735930616207559, 0.07735930616207559]
Timestep: 375, Trans probs: [0.1875372780272122, 0.07631855771903011, 0.2801683120318734, 0.0763185577190301, 0.15042373807852533, 0.07659644098626867, 0.0763185577190301, 0.0763185577190301]
Timestep: 376, Trans probs: [0.1669447995773421, 0.07555279003126147, 0.31861549782188947, 0.07555279003126146, 0.1364474068013734, 0.07578113567434917, 0.07555279003126146, 0.07555279003126146]
Timestep: 377, Trans probs: [0.21308504111763152, 0.07468402238346326, 0.26647017235998804, 0.07468402238346326, 0.14536115273647712, 0.0763475442520504, 0.07468402238346326, 0.07468402238346326]
Timestep: 378, Trans probs: [0.1493482119603727, 0.07568370920233974, 0.27159901511745677, 0.07568370920233973, 0.20045017396822254, 0.07586776214458889, 0.07568370920233973, 0.07568370920233973]
Timestep: 379, Trans probs: [0.18814324828372783, 0.07433224225894904, 0.30637556836744695, 0.07433224225894904, 0.13245201176636154, 0.07570020254666751, 0.07433224225894904, 0.07433224225894904]
Timestep: 380, Trans probs: [0.1356516672529763, 0.07504485494719318, 0.23623242465671332, 0.07504485494719317, 0.25274020543848846, 0.07519628286304923, 0.07504485494719317, 0.07504485494719317]
Timestep: 381, Trans probs: [0.12439950770036393, 0.07469234305279136, 0.28158396803232205, 0.07469234305279135, 0.22043061418004728, 0.0748165378761013, 0.07469234305279135, 0.07469234305279135]
Timestep: 382, Trans probs: [0.11516506036057488, 0.07477613829900172, 0.3176594252502361, 0.0747761382990017, 0.19319390997599892, 0.07487705121718324, 0.0747761382990017, 0.0747761382990017]
Timestep: 383, Trans probs: [0.09747635031693098, 0.09507166039115776, 0.3682171217505321, 0.07742862457153817, 0.12950828142576257, 0.0774407124010021, 0.07742862457153817, 0.07742862457153817]
Timestep: 384, Trans probs: [0.17190431355478536, 0.09189387110910154, 0.3049028569538982, 0.07813517583934536, 0.1187488284860128, 0.07814460237816598, 0.07813517583934536, 0.07813517583934536]
Timestep: 385, Trans probs: [0.13428650296860195, 0.10633764926259778, 0.3072532900623814, 0.0709954059594776, 0.16814093386850854, 0.0709954059594776, 0.0709954059594776, 0.0709954059594776]
Timestep: 386, Trans probs: [0.18305567540106046, 0.07535236585085159, 0.2698983735332409, 0.07535236585085157, 0.17020329202030016, 0.07543319564199212, 0.07535236585085157, 0.07535236585085157]
Timestep: 387, Trans probs: [0.16357178024501928, 0.07469333300133806, 0.3099290592910401, 0.07469333300133803, 0.15296579345563507, 0.07476003500295343, 0.07469333300133803, 0.07469333300133803]
Timestep: 388, Trans probs: [0.14690495459122538, 0.0748669187638231, 0.3403978309239453, 0.07486691876382309, 0.13830855715165455, 0.07492098227788241, 0.07486691876382309, 0.07486691876382309]
Timestep: 389, Trans probs: [0.1329773170921061, 0.07564587013126164, 0.36261442878566, 0.07564587013126163, 0.12613587703616244, 0.07568889656102486, 0.07564587013126163, 0.07564587013126163]
Timestep: 390, Trans probs: [0.12164732571198827, 0.07677313183186252, 0.3781609109680677, 0.0767731318318625, 0.11629242672087527, 0.07680680927161879, 0.0767731318318625, 0.0767731318318625]
Timestep: 391, Trans probs: [0.11265896767072912, 0.07803113415596094, 0.3886325929665203, 0.07803113415596091, 0.10852678088988124, 0.07805712184902566, 0.07803113415596091, 0.07803113415596091]
Timestep: 392, Trans probs: [0.15362749575652973, 0.08834912751543801, 0.2621374305369798, 0.07712377806251094, 0.11025936501898537, 0.15425524698453424, 0.07712377806251094, 0.07712377806251094]
Timestep: 393, Trans probs: [0.1849440309642408, 0.07926554589179156, 0.31618182416510726, 0.07926554589179155, 0.1025265928791619, 0.0792853684243237, 0.07926554589179155, 0.07926554589179155]
Timestep: 394, Trans probs: [0.12367636451631017, 0.10070363468291879, 0.3375013277590245, 0.07165386342399428, 0.15150321934576938, 0.07165386342399428, 0.07165386342399428, 0.07165386342399428]
Timestep: 395, Trans probs: [0.16678526807801822, 0.07465126355784067, 0.33714974508951023, 0.07465126355784067, 0.12170125717042483, 0.07575867543068396, 0.07465126355784067, 0.07465126355784067]
Timestep: 396, Trans probs: [0.16316858629936984, 0.07856572240739547, 0.2682334265839758, 0.07856572240739544, 0.09718778337759351, 0.15714731410947902, 0.07856572240739544, 0.07856572240739544]
Timestep: 397, Trans probs: [0.147377486162102, 0.07656316980133292, 0.31188206238919947, 0.0765631698013329, 0.09215021326734293, 0.14233755897602388, 0.0765631698013329, 0.0765631698013329]
Timestep: 398, Trans probs: [0.13989715265916638, 0.0845431710102623, 0.3069345602142558, 0.07502443142833878, 0.10312235608142098, 0.1404294657498782, 0.07502443142833878, 0.07502443142833878]
Timestep: 399, Trans probs: [0.20973986481278944, 0.07597504185620806, 0.26801286683715914, 0.07597504185620803, 0.08869523568415763, 0.1296518652410617, 0.07597504185620803, 0.07597504185620803]
Timestep: 400, Trans probs: [0.14882172553623269, 0.07548991260683562, 0.3599090869143878, 0.07548991260683562, 0.11293820705464434, 0.07637133006739277, 0.07548991260683562, 0.07548991260683562]
Timestep: 401, Trans probs: [0.18563982853901312, 0.07509937830644789, 0.23379541786213326, 0.07509937830644788, 0.16071045858138303, 0.11945678179167916, 0.07509937830644788, 0.07509937830644788]
Timestep: 402, Trans probs: [0.1279920666391218, 0.08229874661849093, 0.34031851299154625, 0.074441266434525, 0.09763539673633821, 0.12843147771092764, 0.074441266434525, 0.074441266434525]
Timestep: 403, Trans probs: [0.2408107120593988, 0.07333833159145361, 0.20848072256788902, 0.0733383315914536, 0.14624302483284074, 0.11111221417405688, 0.0733383315914536, 0.0733383315914536]
Timestep: 404, Trans probs: [0.21362599510910427, 0.07238136410768761, 0.2587405500674348, 0.0723813641076876, 0.13386849688969377, 0.10423950150301677, 0.0723813641076876, 0.0723813641076876]
Timestep: 405, Trans probs: [0.1899006387715756, 0.07210343261449417, 0.2996293495536918, 0.07210343261449416, 0.12338334608785777, 0.09867293512889823, 0.07210343261449416, 0.07210343261449416]
Timestep: 406, Trans probs: [0.16913682149001724, 0.07256354768201895, 0.33165887648017345, 0.07256354768201893, 0.11460418078591278, 0.09434593051582091, 0.07256354768201893, 0.07256354768201893]
Timestep: 407, Trans probs: [0.15132096202439507, 0.07359965548611104, 0.3557169129766296, 0.07359965548611103, 0.10743358079165093, 0.09112992226288016, 0.07359965548611103, 0.07359965548611103]
Timestep: 408, Trans probs: [0.1364397878599099, 0.07498340041455179, 0.3730447218470531, 0.07498340041455177, 0.10173682125868462, 0.08884506737614527, 0.07498340041455177, 0.07498340041455177]
Timestep: 409, Trans probs: [0.11482144619103579, 0.09630671147057704, 0.28715240118691665, 0.07289422142478287, 0.21014255545233904, 0.07289422142478287, 0.07289422142478287, 0.07289422142478287]
Timestep: 410, Trans probs: [0.12434295552553785, 0.07650084388591936, 0.30853340564534004, 0.07650084388591934, 0.09732764806318596, 0.16379261522225874, 0.07650084388591934, 0.07650084388591934]
Timestep: 411, Trans probs: [0.1149791743811969, 0.07586969281479909, 0.3414189981285436, 0.07586969281479908, 0.09289497631803119, 0.14722807991303213, 0.07586969281479908, 0.07586969281479908]
Timestep: 412, Trans probs: [0.1180446803917046, 0.08124692160802777, 0.36395461384517436, 0.07491913320642876, 0.09359783748219455, 0.11839854705361244, 0.07491913320642876, 0.07491913320642876]
Timestep: 413, Trans probs: [0.18368667982515383, 0.07622025898467572, 0.2883784426834882, 0.0762202589846757, 0.08982245320143506, 0.13323138835122017, 0.0762202589846757, 0.0762202589846757]
Timestep: 414, Trans probs: [0.16389358288852532, 0.0754106683670722, 0.3255026398466233, 0.07541066836707219, 0.08661009027740339, 0.12235101351915904, 0.07541066836707219, 0.07541066836707219]
Timestep: 415, Trans probs: [0.14689234570706525, 0.07559104497141904, 0.3527111983190173, 0.07559104497141902, 0.08461576295242883, 0.11341651313581254, 0.07559104497141902, 0.07559104497141902]
Timestep: 416, Trans probs: [0.1100144172932114, 0.08099767284789938, 0.37993375565606624, 0.07600791735674006, 0.09073694451640169, 0.11029345761620114, 0.07600791735674006, 0.07600791735674006]
Timestep: 417, Trans probs: [0.13408008456882053, 0.0766383054101954, 0.3760659125765399, 0.0766383054101954, 0.10597204984672316, 0.07732873136713479, 0.0766383054101954, 0.0766383054101954]
Timestep: 418, Trans probs: [0.20915446908666455, 0.0764053555859426, 0.29539141435944816, 0.07640535558594258, 0.08353687380405218, 0.10629582040606474, 0.07640535558594258, 0.07640535558594258]
Timestep: 419, Trans probs: [0.1222758569190978, 0.07790472526945695, 0.3871035011710464, 0.07790472526945695, 0.10056369327558039, 0.07843804755644754, 0.07790472526945695, 0.07790472526945695]
Timestep: 420, Trans probs: [0.18359572067409946, 0.07614902708252883, 0.25339561907377833, 0.07614902708252881, 0.15807028143360177, 0.10034227048840527, 0.07614902708252881, 0.07614902708252881]
Timestep: 421, Trans probs: [0.16497598611277925, 0.07457803711895915, 0.2982786562976274, 0.07457803711895913, 0.14350071053772528, 0.09493249857603156, 0.07457803711895913, 0.07457803711895913]
Timestep: 422, Trans probs: [0.14863018200028685, 0.07421675174444528, 0.3325785046611894, 0.07421675174444525, 0.13095224860670396, 0.0909720577540387, 0.07421675174444525, 0.07421675174444525]
Timestep: 423, Trans probs: [0.10371437937835251, 0.08122133072499899, 0.31294904461515416, 0.0773533980820895, 0.16612436663433422, 0.10393068440089163, 0.0773533980820895, 0.0773533980820895]
Timestep: 424, Trans probs: [0.20944109610452935, 0.07475163476275463, 0.2828544179261448, 0.07475163476275462, 0.12045040661231128, 0.08824754030599609, 0.07475163476275462, 0.07475163476275462]
Timestep: 425, Trans probs: [0.0980836223757283, 0.07975970321904367, 0.3451449423527964, 0.07660869927358217, 0.14892579938217096, 0.09825983484951412, 0.07660869927358217, 0.07660869927358217]
Timestep: 426, Trans probs: [0.2593866464380872, 0.07451516123752353, 0.24502188037952452, 0.07451516123752351, 0.1119579457041251, 0.08557288252816922, 0.07451516123752351, 0.07451516123752351]
Timestep: 427, Trans probs: [0.22541424322836656, 0.07447151069517292, 0.28815729813314417, 0.07447151069517291, 0.10504256493270887, 0.08349985092508873, 0.07447151069517291, 0.07447151069517291]
Timestep: 428, Trans probs: [0.1130266236432647, 0.07914667107776757, 0.39438468063147014, 0.07914667107776757, 0.09644811759692104, 0.07955389381727392, 0.07914667107776757, 0.07914667107776757]
Timestep: 429, Trans probs: [0.1968750512332489, 0.07478107597927759, 0.24762641146331404, 0.07478107597927756, 0.1742903483872551, 0.08208388499907167, 0.07478107597927756, 0.07478107597927756]
Timestep: 430, Trans probs: [0.09396840031283833, 0.07938492910977932, 0.36747441452238105, 0.07687713725005593, 0.13443220163908468, 0.09410864266574882, 0.07687713725005593, 0.07687713725005593]
Timestep: 431, Trans probs: [0.24958013622220684, 0.07389648168548416, 0.21799399348201054, 0.07389648168548414, 0.15685526396628582, 0.0799846795875603, 0.07389648168548414, 0.07389648168548414]
Timestep: 432, Trans probs: [0.21906335736681945, 0.07346461685854372, 0.2663507944950434, 0.0734646168585437, 0.14221713823588228, 0.07851024246808, 0.0734646168585437, 0.0734646168585437]
Timestep: 433, Trans probs: [0.091058616363232, 0.07967300749112823, 0.3823053789465802, 0.07771512401812716, 0.12264951875981074, 0.0911681063848674, 0.07771512401812716, 0.07771512401812716]
Timestep: 434, Trans probs: [0.2665922424324973, 0.07345742763555553, 0.23200353647206157, 0.07345742763555552, 0.1299697442289092, 0.07760476632430988, 0.07345742763555552, 0.07345742763555552]
Timestep: 435, Trans probs: [0.2315229786502962, 0.07366355137357256, 0.2769153282786108, 0.07366355137357254, 0.1198540941863071, 0.07705339339049577, 0.07366355137357254, 0.07366355137357254]
Timestep: 436, Trans probs: [0.2022550984044822, 0.07405124389231936, 0.3131712561515331, 0.07405124389231935, 0.11156440185038588, 0.0768042680243214, 0.07405124389231935, 0.07405124389231935]
Timestep: 437, Trans probs: [0.17760824356862887, 0.07479115924650862, 0.3413520789040003, 0.07479115924650859, 0.10487600762833027, 0.07699903291300614, 0.07479115924650859, 0.07479115924650859]
Timestep: 438, Trans probs: [0.16610887540589925, 0.08127998686693366, 0.3462112033924987, 0.08127998686693366, 0.08127998686693366, 0.08127998686693366, 0.08127998686693366, 0.08127998686693366]
Timestep: 439, Trans probs: [0.1571062635969149, 0.1516646324853638, 0.2865410549097439, 0.0758323162426819, 0.09961352341914538, 0.07757757686078633, 0.0758323162426819, 0.0758323162426819]
Timestep: 440, Trans probs: [0.08905161059056886, 0.0802965510635764, 0.3917992738922936, 0.07879102013013309, 0.11334370020126268, 0.08913580386189916, 0.07879102013013309, 0.07879102013013309]
Timestep: 441, Trans probs: [0.21712421754802105, 0.13780712539613774, 0.24988056830654293, 0.07479545432402772, 0.09455607457866262, 0.07624565119855238, 0.07479545432402772, 0.07479545432402772]
Timestep: 442, Trans probs: [0.19265057598364918, 0.126455000407056, 0.293855428054744, 0.07386742159523937, 0.09035902001391619, 0.07507771075491651, 0.07386742159523937, 0.07386742159523937]
Timestep: 443, Trans probs: [0.08769030611376988, 0.08103585833410931, 0.39769091708011434, 0.07989155121131084, 0.10615396604375861, 0.08775429879431522, 0.07989155121131084, 0.07989155121131084]
Timestep: 444, Trans probs: [0.24508529603789878, 0.11696316832172302, 0.25423646482704093, 0.07383979999960523, 0.08736339794607033, 0.07483227286845114, 0.07383979999960523, 0.07383979999960523]
Timestep: 445, Trans probs: [0.2142832197460502, 0.10918140675846492, 0.2955963743474684, 0.07380622002392742, 0.08489996852486818, 0.07462037055136612, 0.07380622002392742, 0.07380622002392742]
Timestep: 446, Trans probs: [0.18807471023415176, 0.10290157064109223, 0.3282038113861543, 0.07423398030916128, 0.08322420952426089, 0.07489375728685711, 0.07423398030916128, 0.07423398030916128]
Timestep: 447, Trans probs: [0.10751480029894253, 0.09234405664101596, 0.32188079739980585, 0.07316015310466002, 0.18561973324159559, 0.07316015310466002, 0.07316015310466002, 0.07316015310466002]
Timestep: 448, Trans probs: [0.16595580812234734, 0.09797546520016186, 0.27779886563090234, 0.0750946294011232, 0.08227011768195348, 0.1507158551612654, 0.0750946294011232, 0.0750946294011232]
Timestep: 449, Trans probs: [0.1499914705608764, 0.09315164487767408, 0.3175263408975247, 0.0740204863339166, 0.08002006629398106, 0.13724901836819403, 0.0740204863339166, 0.0740204863339166]
Timestep: 450, Trans probs: [0.13614315534038812, 0.08973059390682235, 0.3470528047380907, 0.07410904580151498, 0.07900800300493885, 0.12573830560521515, 0.07410904580151498, 0.07410904580151498]
Timestep: 451, Trans probs: [0.12453116288477051, 0.08745116014229776, 0.3680022259979348, 0.07497076628565631, 0.07888464953035139, 0.11621850258767667, 0.07497076628565631, 0.07497076628565631]
Timestep: 452, Trans probs: [0.11510200084028148, 0.08602868605530177, 0.3822435224670776, 0.07624318464218977, 0.07931194276486216, 0.10858429394590774, 0.07624318464218977, 0.07624318464218977]
Timestep: 453, Trans probs: [0.10590720889651682, 0.0802756947276201, 0.39904131923982655, 0.0802756947276201, 0.09336491823644244, 0.08058377471673389, 0.0802756947276201, 0.0802756947276201]
Timestep: 454, Trans probs: [0.10765170441608872, 0.0852044929249946, 0.313908963980706, 0.07764920652607293, 0.15766777007607313, 0.10261944902391873, 0.07764920652607293, 0.07764920652607293]
Timestep: 455, Trans probs: [0.08677542072204876, 0.08176141472298548, 0.4012544720689772, 0.08089920001059127, 0.10068745440523293, 0.08682363804898179, 0.08089920001059127, 0.08089920001059127]
Timestep: 456, Trans probs: [0.10166466729083456, 0.08944232793557447, 0.3483558313682744, 0.07398677846042351, 0.16459005956362255, 0.07398677846042351, 0.07398677846042351, 0.07398677846042351]
Timestep: 457, Trans probs: [0.17798201554661386, 0.08291070056279941, 0.2696687504224888, 0.07674112046022971, 0.14208357228108345, 0.0971315998063254, 0.07674112046022971, 0.07674112046022971]
Timestep: 458, Trans probs: [0.15997970759565036, 0.08034867939852991, 0.31195692147116655, 0.07518108487019336, 0.12991143780894493, 0.09225999911512808, 0.07518108487019336, 0.07518108487019336]
Timestep: 459, Trans probs: [0.14423470845108963, 0.07913149163274165, 0.34339200780942064, 0.07490666828656052, 0.1196520660867248, 0.08886972116034177, 0.07490666828656052, 0.07490666828656052]
Timestep: 460, Trans probs: [0.13093871425627276, 0.07889001516686237, 0.36567328338764316, 0.07551235474088287, 0.11128539115220122, 0.08667553181437189, 0.07551235474088287, 0.07551235474088287]
Timestep: 461, Trans probs: [0.12008169257855167, 0.07925864859071344, 0.3807991177804951, 0.0766094684467702, 0.10466711954174077, 0.08536501616818842, 0.0766094684467702, 0.0766094684467702]
Timestep: 462, Trans probs: [0.1114650875318048, 0.07994279712192198, 0.39068019194934617, 0.07789718225130254, 0.09956243157220855, 0.08465794507081094, 0.07789718225130254, 0.07789718225130254]
Timestep: 463, Trans probs: [0.08616211333689974, 0.08240828475480828, 0.3216026875276073, 0.0817627717195447, 0.09657761536954838, 0.16796098385250235, 0.0817627717195447, 0.0817627717195447]
Timestep: 464, Trans probs: [0.18395549977125727, 0.08073631149624293, 0.31774643664266927, 0.07917605050237006, 0.09570088316928563, 0.08433271741343465, 0.07917605050237006, 0.07917605050237006]
Timestep: 465, Trans probs: [0.10050220398657725, 0.08124891553840734, 0.4019408259640225, 0.08124891553840734, 0.09108097595112118, 0.08148033194464972, 0.08124891553840734, 0.08124891553840734]
Timestep: 466, Trans probs: [0.16239746741350575, 0.07974360450121772, 0.2695319831937765, 0.07849420891450418, 0.1702208533550525, 0.08262346479293504, 0.07849420891450418, 0.07849420891450418]
Timestep: 467, Trans probs: [0.08387563694227386, 0.0808716394157432, 0.35264178659684, 0.08035506826208792, 0.09221063191058948, 0.14933510034828973, 0.08035506826208792, 0.08035506826208792]
Timestep: 468, Trans probs: [0.22324125446713747, 0.07779774165829782, 0.23550875745209346, 0.07675951451042766, 0.15298284477823812, 0.08019085811295018, 0.07675951451042766, 0.07675951451042766]
Timestep: 469, Trans probs: [0.19736557167565053, 0.07627490272155091, 0.28298953711387276, 0.07541051477165904, 0.13887112483110933, 0.07826731934283938, 0.07541051477165904, 0.07541051477165904]
Timestep: 470, Trans probs: [0.1749604322213591, 0.07567945722876565, 0.3201333819354251, 0.07497075457497451, 0.12700144607867112, 0.07731301881085544, 0.07497075457497451, 0.07497075457497451]
Timestep: 471, Trans probs: [0.15580483901585607, 0.07588232745520836, 0.34798281583023355, 0.07531181234851335, 0.11719721429508884, 0.07719736635807307, 0.07531181234851335, 0.07531181234851335]
Timestep: 472, Trans probs: [0.08280509686845376, 0.08045381848240177, 0.3732222826393708, 0.08004948972456474, 0.08932903483570181, 0.1340412980003775, 0.08004948972456474, 0.08004948972456474]
Timestep: 473, Trans probs: [0.2160210306059536, 0.07663417752118215, 0.29181507316002914, 0.07618300614560959, 0.10930657148311479, 0.07767412879289157, 0.07618300614560959, 0.07618300614560959]
Timestep: 474, Trans probs: [0.08248181490470831, 0.08067227947559129, 0.38634695098873656, 0.08036110951092135, 0.08750261421079102, 0.12191301188740875, 0.08036110951092135, 0.08036110951092135]
Timestep: 475, Trans probs: [0.09711664234602391, 0.08743513222800878, 0.3677171962945511, 0.07519254475977913, 0.14696085009229973, 0.07519254475977913, 0.07519254475977913, 0.07519254475977913]
Timestep: 476, Trans probs: [0.26508552474605107, 0.0764165726032317, 0.25027088612275855, 0.07605205097808021, 0.10281406763376114, 0.07725679595995688, 0.07605205097808021, 0.07605205097808021]
Timestep: 477, Trans probs: [0.22858578807808486, 0.07628241601193585, 0.29261479797993406, 0.07598815523361986, 0.09759184430730074, 0.07696068792188482, 0.07598815523361986, 0.07598815523361986]
Timestep: 478, Trans probs: [0.19848353038829494, 0.07643524022437037, 0.3259926046915026, 0.07619943438259182, 0.09351154820454076, 0.07697877334351587, 0.07619943438259182, 0.07619943438259182]
Timestep: 479, Trans probs: [0.17357345517495887, 0.07695925445374767, 0.35128303631547675, 0.07677258905353414, 0.09047696817638579, 0.07738951871882847, 0.07677258905353414, 0.07677258905353414]
Timestep: 480, Trans probs: [0.1532411648142338, 0.07776914061879489, 0.36968571434789677, 0.07762332338389359, 0.08832876031782719, 0.07810524974956662, 0.07762332338389359, 0.07762332338389359]
Timestep: 481, Trans probs: [0.13696085210919398, 0.07873317553042358, 0.38257139396115675, 0.07862067558247654, 0.08688006342941308, 0.07899248822238301, 0.07862067558247654, 0.07862067558247654]
Timestep: 482, Trans probs: [0.09644031472708922, 0.08205587004025262, 0.4037058779573362, 0.08205587004025262, 0.08940156215643558, 0.08222876499812858, 0.08205587004025262, 0.08205587004025262]
Timestep: 483, Trans probs: [0.08256570721841477, 0.08119040779950756, 0.3135120254601325, 0.08095390959963493, 0.08638166033930761, 0.19348847038373274, 0.08095390959963493, 0.08095390959963493]
Timestep: 484, Trans probs: [0.1241734442292083, 0.07973120964183526, 0.31163552342363177, 0.07964534413300002, 0.16559466042853493, 0.07992912987778962, 0.07964534413300002, 0.07964534413300002]
Timestep: 485, Trans probs: [0.1761155794632729, 0.08270585925415411, 0.32205447756114985, 0.08270585925415411, 0.08817199081094305, 0.08283451514801787, 0.08270585925415411, 0.08270585925415411]
Timestep: 486, Trans probs: [0.08121185502788342, 0.08011648689213993, 0.3450790088676997, 0.0799281260241429, 0.08425110117214354, 0.1695571699677048, 0.0799281260241429, 0.0799281260241429]
Timestep: 487, Trans probs: [0.11451971184010384, 0.07856167452298814, 0.266194543265713, 0.07849220107729808, 0.22652565613135997, 0.07872181100794069, 0.07849220107729808, 0.07849220107729808]
Timestep: 488, Trans probs: [0.1067729446199793, 0.07741116261538758, 0.30797850214288996, 0.07735443359679656, 0.19823216667081456, 0.07754192316053893, 0.07735443359679656, 0.07735443359679656]
Timestep: 489, Trans probs: [0.10072212879119838, 0.077136217430325, 0.3394384042270106, 0.07709064779821384, 0.17419005059812726, 0.07724125555869736, 0.07709064779821384, 0.07709064779821384]
Timestep: 490, Trans probs: [0.23670019171257614, 0.08123777599678013, 0.27142745776982025, 0.08123777599678013, 0.08558123880291105, 0.08134000772757202, 0.08123777599678013, 0.08123777599678013]
Timestep: 491, Trans probs: [0.09614161561047506, 0.07751452717487602, 0.28466895744285936, 0.07747853833584728, 0.23164180321562, 0.0775974815486276, 0.07747853833584728, 0.07747853833584728]
Timestep: 492, Trans probs: [0.09217597367833891, 0.07721697974894953, 0.32076610092259195, 0.07718807792532756, 0.20099311334159942, 0.07728359853253756, 0.07718807792532756, 0.07718807792532756]
Timestep: 493, Trans probs: [0.08929879176604695, 0.07743868675878976, 0.3479502089311467, 0.0774157722055333, 0.17557349105983308, 0.07749150486758365, 0.0774157722055333, 0.0774157722055333]
Timestep: 494, Trans probs: [0.08732925665354103, 0.07805541483208533, 0.3676155811002168, 0.07803749712038045, 0.15479054084576785, 0.07809671520724755, 0.07803749712038045, 0.07803749712038045]
Timestep: 495, Trans probs: [0.20482058356642702, 0.07983801339694835, 0.312577261077847, 0.07983801339694835, 0.08332990011726141, 0.07992020165067136, 0.07983801339694835, 0.07983801339694835]
Timestep: 496, Trans probs: [0.09367931978280891, 0.08612799380144157, 0.3813198050235383, 0.07657909412555526, 0.1325565048899903, 0.07657909412555526, 0.07657909412555526, 0.07657909412555526]
Timestep: 497, Trans probs: [0.08605926426525504, 0.07890032357068848, 0.30242624710180577, 0.07888649199603505, 0.2170224836855286, 0.078932205388617, 0.07888649199603505, 0.07888649199603505]
Timestep: 498, Trans probs: [0.08419472767140078, 0.07849662550891282, 0.33489593087742475, 0.07848561637658363, 0.18843386522305294, 0.07852200158945788, 0.07848561637658363, 0.07848561637658363]
Timestep: 499, Trans probs: [0.08313063155040701, 0.07865675334458887, 0.35861737559999235, 0.0786481094986577, 0.16497423357561067, 0.07867667743342796, 0.0786481094986577, 0.0786481094986577]
