0,0.5,0
166,0.33333333333333326,1
164,0.4545454545454545,1
165,0.4483864365149758,1
52,0.45819422380434666,0
144,0.3366948321173004,1
31,0.4621848665900282,0
93,0.3348320740869452,0
151,0.33330680633036724,1
111,0.4566080830171998,1
75,0.4511030248725061,0
51,0.3377681537145364,0
135,0.3320677001976543,1
88,0.4570311644549432,0
99,0.32807745316803155,0
140,0.3252368064109301,1
112,0.454325700097602,1
56,0.45229893210385996,0
26,0.3292393575533716,0
144,0.323652681630763,1
152,0.45309541657949337,1
57,0.45233993956775287,0
170,0.32800000474554386,1
152,0.4673372960801433,1
79,0.4618795120026438,0
88,0.3356557922898429,0
117,0.3280765174827047,1
101,0.4580192980847847,0
53,0.43688695163827473,0
82,0.317927759455797,0
121,0.3128906640504576,1
25,0.4441640096554773,0
79,0.32121655631832313,0
59,0.3107472164082589,0
58,0.30096278132549015,0
62,0.2918814787366945,0
147,0.28370579465276746,1
86,0.42980747527284024,0
40,0.30838552702738514,0
75,0.29048910475753925,0
153,0.28062341566587107,1
161,0.4354911192853089,1
26,0.43430185585282843,0
76,0.29638631268651305,0
139,0.2865361134680929,1
142,0.40897846911234265,1
152,0.4300317464484744,1
84,0.4484039617852762,0
52,0.32074436097656345,0
89,0.2997602350171491,0
29,0.289888292408777,0
138,0.28132846759648716,1
145,0.4294612066761728,1
54,0.4348971562251556,0
110,0.3032732511886225,1
69,0.42944906976597946,0
50,0.3089599671161622,0
26,0.30056293279012647,0
114,0.29153289556674633,1
139,0.41494921723148487,1
44,0.4196683861374011,0
114,0.3056006112699963,1
78,0.43878577552666354,0
150,0.3206476201241717,1
74,0.4436249940614345,0
80,0.31578751222610757,0
164,0.313312437026942,1
34,0.44076519648873,0
59,0.3118082631138328,0
121,0.30987503643101877,1
37,0.4432253419104285,0
152,0.31923561165937125,1
125,0.4554363357810245,1
85,0.45796461779090264,0
82,0.3274726598665349,0
161,0.3140351957620152,1
27,0.4634592561288047,0
126,0.3228035099057292,1
108,0.46287106226556474,1
66,0.442381132927055,0
85,0.31879846511267956,0
49,0.32032549896969303,0
74,0.30938867068952325,0
119,0.29949977711714487,1
124,0.4307810718800463,1
101,0.42925434293338754,0
122,0.43161377731335865,1
82,0.4406103504925467,0
162,0.30976513422342516,1
162,0.4648737810895177,1
95,0.4519732882541186,0
63,0.3139548235789648,0
26,0.3168808848553657,0
92,0.3066972510568081,0
122,0.29670801646558265,1
97,0.4448634498208791,0
89,0.3161969116027603,0
24,0.2958487422398457,0
113,0.28776439678034454,1
115,0.40977182927090583,1
25,0.4192341160623603,0
66,0.29959386427827484,0
143,0.29351168259305455,1
43,0.4236725406434668,0
155,0.2995689901666891,1
76,0.4515540166600416,0
120,0.3155545793654461,1
165,0.45260641024793685,1
25,0.4437834426583216,0
58,0.3120591245133691,0
165,0.31447821320439395,1
83,0.45636604258747915,0
124,0.3185238203941187,1
151,0.44940488453037136,1
67,0.4505282170776522,0
113,0.32428739123469486,1
85,0.45622024213928564,0
87,0.3264117317850177,0
49,0.3225850074190219,0
155,0.3121592943444257,1
89,0.44998718008606925,0
134,0.315123751948177,1
46,0.4501612943075137,0
97,0.3090712979768352,0
31,0.3153002330484641,0
63,0.3028853263539901,0
53,0.2933178718887411,0
51,0.2841970304426324,0
81,0.2758768790433137,0
34,0.26842692297856585,0
76,0.26189049458851343,0
126,0.2562665641025385,1
31,0.39250652146753956,0
75,0.274425330069359,0
99,0.26843382080713357,0
116,0.26167632159915777,1
55,0.3858667612465955,0
29,0.2749923990297871,0
140,0.27063730857298784,1
108,0.4029204745689688,1
152,0.3954979250503316,1
141,0.4109537454597777,1
53,0.4276215846918188,0
55,0.3088320925378675,0
150,0.2929247058057604,1
75,0.42368462442070887,0
166,0.30071251437794433,1
81,0.43969069306418984,0
171,0.3136974151753808,1
146,0.45391471563968905,1
58,0.45683233212411833,0
96,0.31708982021587245,0
91,0.3101625147634156,0
144,0.3000201252355513,1
35,0.4330542018792223,0
30,0.3015874231814374,0
77,0.2987529483898164,0
167,0.28912333375227584,1
161,0.4458951546209824,1
39,0.45151202865221574,0
37,0.3085844454767771,0
38,0.2920215030280401,0
55,0.2833773128143224,0
161,0.27475852533412065,1
144,0.4422894872304772,1
112,0.44407221478879655,1
44,0.418786491481117,0
83,0.2900173448267053,0
113,0.28245524453488696,1
168,0.4070927550943112,1
78,0.445597436761855,0
156,0.3150948447201114,1
136,0.4322440443518147,1
56,0.4355247695754531,0
30,0.31117269414534093,0
111,0.3057644377425448,1
129,0.43005889434826583,1
114,0.45497666929817837,1
150,0.44508914319066095,1
44,0.46100191820925673,0
163,0.3345649572000637,1
148,0.46073545531805343,1
47,0.46438224617712104,0
147,0.33383629775941676,1
143,0.47633112518199394,1
113,0.47450907982346013,1
114,0.4643050629171095,1
117,0.47341420338314744,1
28,0.47831343938511106,0
167,0.3564142830985928,1
28,0.4875631995131042,0
85,0.35357118471724763,0
121,0.3484124111961568,1
51,0.47135121991329804,0
165,0.3493561597355375,1
41,0.4847756546657051,0
74,0.3473522984171845,0
137,0.3429112537193373,1
110,0.47932359672216884,1
153,0.4706037449199023,1
68,0.4753102525180546,0
105,0.34947995749007826,1
64,0.4803004163601026,0
49,0.3529881482022577,0
80,0.34700654246069257,0
27,0.3351097299130486,0
108,0.32400044705490905,1
96,0.45446041261344716,0
88,0.33228219497454575,0
145,0.3199382570451126,1
147,0.45606019855373087,1
29,0.4481794483719822,0
43,0.32804784828610956,0
116,0.3199315573122453,1
122,0.44955522607596565,1
116,0.46008706231262286,1
170,0.4580142684201345,1
109,0.4624269559256153,1
28,0.45991853194602456,0
76,0.34174512001172186,0
159,0.33059468457257785,1
111,0.4697437392817565,1
95,0.46706986822696916,0
173,0.34001100357335096,1
68,0.47933991305655116,0
111,0.3411883208247324,1
85,0.47121394173694886,0
62,0.3405366584158052,0
110,0.334511366051132,1
60,0.4646071944227017,0
51,0.33383908820970515,0
108,0.3279960954051495,1
102,0.45096510862524225,0
110,0.43787537292898865,1
118,0.4549530944773572,1
42,0.46085009319412196,0
172,0.3371117043026561,1
37,0.48288345061541504,0
151,0.33661954005399203,1
153,0.4883653010699661,1
146,0.47496431180525944,1
136,0.47729203810333787,1
30,0.4718710297962121,0
165,0.35105563418179825,1
77,0.50318195779667,0
92,0.3448978682134684,0
78,0.3502637320735652,0
154,0.33692484824582813,1
39,0.4847973895707038,0
66,0.33469923949765207,0
118,0.3318677474082618,1
107,0.47728152664046336,1
170,0.44990314170635326,1
40,0.48267777065180384,0
134,0.3367953921549872,1
44,0.4815571800023035,0
150,0.3399606548930029,1
67,0.4891461223519675,0
105,0.3365920154664614,1
119,0.47717698715547524,1
35,0.47880648162327855,0
173,0.3474511517052868,1
98,0.5017605455231235,0
163,0.3365521511417209,1
66,0.5079982672561829,0
53,0.33219332944865076,0
124,0.3536059037592808,1
37,0.4800002099613992,0
56,0.3356776847730536,0
36,0.34342400255428124,0
62,0.3294786908034562,0
44,0.31910620442409926,0
124,0.3088942845822327,1
89,0.4432928508286501,0
126,0.3091331039973609,1
33,0.45175978110375037,0
56,0.3128429204986457,0
57,0.3140559305379915,0
66,0.3029468249956291,0
70,0.29344716875227544,0
43,0.2845898149398315,0
150,0.2765431465457332,1
41,0.41087313324200003,0
134,0.2883339570249179,1
138,0.43706517540014583,1
90,0.4407371487838672,0
173,0.30530657587466126,1
99,0.4597436934686659,0
107,0.30454315355623496,1
86,0.4401651045119036,0
71,0.313380004245631,0
103,0.3122605013143765,0
128,0.4076185834493332,1
144,0.42677336287972084,1
104,0.4284355085405579,0
86,0.41295393860249513,0
79,0.2970970348389463,0
53,0.29167002691063476,0
33,0.28286981902911124,0
87,0.2747873336069222,0
127,0.26755649840993556,1
75,0.42202980953738345,0
130,0.28918299775927236,1
174,0.41839986233094395,1
143,0.43305129470840664,1
166,0.4362448359892421,1
171,0.44146078613677686,1
32,0.4353791400298223,0
168,0.3097719846673886,1
65,0.45309427542617936,0
25,0.31473095916971944,0
92,0.30932289753260434,0
88,0.29833208203722106,0
70,0.2887335943529449,0
174,0.2801597536644547,1
156,0.4412076134259786,1
57,0.4490840431078311,0
41,0.30270964712588877,0
105,0.28811933604050444,1
110,0.4233583080785937,1
31,0.4351643046006488,0
152,0.30738255422032723,1
95,0.4625244702508541,0
39,0.3074226234468184,0
32,0.30280798111618173,0
165,0.292209165584717,1
92,0.4604656666277935,0
30,0.2982014394751212,0
48,0.29355148106365897,0
48,0.28353460999780356,0
118,0.275294588394411,1
42,0.4130781387429381,0
101,0.2897947309063721,0
88,0.38643561766317025,0
165,0.2747375126374083,1
63,0.41286096985653337,0
63,0.2874314415636929,0
46,0.2805976733643117,0
167,0.2725746507490783,1
126,0.44096536665618774,1
126,0.4042549886309967,1
104,0.4172944334222394,0
111,0.39689014330430417,1
129,0.41195164276464785,1
97,0.45203679763561444,0
26,0.3086245041073504,0
77,0.2990984462574671,0
60,0.28905645949638575,0
146,0.2802444418042989,1
78,0.4155725582834434,0
159,0.29391450198950186,1
155,0.45395065135782686,1
92,0.45129133496461893,0
28,0.3120328880474457,0
170,0.297587864813475,1
115,0.4610074635639181,1
25,0.43914735770092794,0
145,0.3050854284827096,1
63,0.4667674629053013,0
43,0.3210538656708852,0
161,0.30626694984052194,1
53,0.4688962847301841,0
116,0.3147891912033886,1
145,0.43542073280348326,1
31,0.4444530701816567,0
45,0.3187933465923093,0
59,0.3154660064356194,0
86,0.30462720473517124,0
99,0.2947892468019771,0
50,0.2857264409148114,0
121,0.27754643881390595,1
26,0.4248161370631328,0
152,0.3018856248779757,1
170,0.4414240419516344,1
110,0.44536214022555465,1
156,0.4320513298706984,1
131,0.4533641265562509,1
139,0.4466028285567663,1
27,0.4584459077150365,0
163,0.32851123883358757,1
153,0.4630734411407607,1
126,0.4604129104191736,1
107,0.4633560000779049,1
41,0.4564095740471715,0
71,0.3419028696406335,0
115,0.32997199163451846,1
120,0.4615720514945729,1
100,0.4669004048872023,0
115,0.45300130979334713,1
96,0.46930119380527235,0
84,0.3426716296227918,0
133,0.3337316361210214,1
49,0.4626017253065363,0
48,0.335558834878527,0
60,0.3275396133553162,0
96,0.3163260422812614,0
142,0.30619319797763694,1
73,0.43699906180891984,0
124,0.31733182575790847,1
50,0.45121831591906064,0
140,0.3261986936205379,1
138,0.45655527071825497,1
40,0.455518819932198,0
75,0.33303463943463707,0
77,0.32741186762961066,0
158,0.3159553970513808,1
150,0.45102860027422187,1
149,0.45290790896380506,1
97,0.4555263185160495,0
106,0.330061587770982,1
85,0.452837822189568,0
62,0.331366078353985,0
126,0.3246111828705355,1
168,0.4489683518269603,1
126,0.45677512336033455,1
67,0.45992492124271317,0
98,0.3368287688380009,0
87,0.3289017070823969,0
67,0.3177711359709943,0
26,0.3075273107132979,0
154,0.2981418707865308,1
131,0.4440204832861815,1
168,0.4460400152099957,1
169,0.4557962363401507,1
135,0.4629978069812427,1
150,0.46602414318646646,1
91,0.46900219092705064,0
115,0.33721614142538214,1
84,0.45541944324721473,0
66,0.3329722952685073,0
120,0.32025712698182485,1
37,0.45496765809663076,0
170,0.3370247084946066,1
97,0.46598819482961207,0
125,0.33970179839264003,1
65,0.4698325343983933,0
134,0.34138908045853994,1
164,0.4738175255433019,1
69,0.4758815509040155,0
128,0.34375352447769675,1
168,0.4812737471496414,1
34,0.4777097305080923,0
78,0.34839624083804144,0
132,0.34660985377974607,1
155,0.4690217031193948,1
146,0.47829124850802485,1
138,0.4824249775651998,1
68,0.4812530569396276,0
66,0.3530108149005514,0
34,0.3501553389132984,0
86,0.33870591566428465,0
134,0.3274664992248458,1
69,0.455701369727336,0
68,0.33848948401634193,0
95,0.3239536438395862,0
140,0.3132849025502613,1
128,0.4376795379602891,1
43,0.46040132243702314,0
113,0.3321485853896329,1
29,0.4525193077760085,0
85,0.3337620731346039,0
65,0.32354961828299567,0
81,0.3130307982169913,0
130,0.3030079704996716,1
158,0.44392157158529,1
124,0.4515019957195125,1
152,0.45084136658652335,1
125,0.4625040805826149,1
44,0.45868712988034843,0
30,0.33744180942482227,0
50,0.31734950455285493,0
34,0.30646894423241594,0
151,0.2972750429803797,1
112,0.4361879468207907,1
169,0.4352069376146561,1
74,0.45319380637462714,0
160,0.32412577286670613,1
83,0.468749698174641,0
93,0.3346767537461077,0
39,0.3189776318478458,0
155,0.3078036260264651,1
166,0.467849950631548,1
105,0.4724457751721912,1
151,0.4514565593581775,1
102,0.4650061388979256,0
159,0.45789136723266766,1
150,0.4792791184585803,1
40,0.4725042143674317,0
94,0.340290077220063,0
133,0.3269586968381564,1
66,0.4631763479171547,0
58,0.3366464948738539,0
151,0.3242662170842064,1
133,0.4777901379835544,1
101,0.47932116351231824,0
76,0.45384787711770036,0
131,0.32609052300800717,1
56,0.4619547666964222,0
126,0.3401788236279491,1
171,0.46521501417541483,1
