0.0,0.5,1
6668.020972150552,0.5342465753424657,0
4058.4421291526473,0.3205991132207469,0
2674.756003992212,0.4545454545454545,1
5121.275914633392,0.5248035192494703,0
4259.180017697184,0.42155843396550063,0
5593.298727071757,0.41900081988056836,0
3332.0679615630543,0.41332777143087207,1
3509.0036180221155,0.4267290930713945,1
5310.278417760254,0.4302571140830235,0
3735.9655811275497,0.42669816608054906,0
5340.398425575131,0.4206051553494097,0
4590.399646482792,0.4163665262913945,0
6013.646282744956,0.4169650063223189,0
2559.072180566979,0.3403584394023177,1
5403.4631945242845,0.5063239151245639,0
1162.8573361135868,0.4651714825913118,1
4493.555659179629,0.5126311416062056,0
4338.947549678232,0.39890483238350594,0
2347.0404084172023,0.47495717354143074,1
4194.666820597986,0.49903409885914096,0
2850.8913750809725,0.47275157398159423,1
4304.343275928904,0.5057418060773273,0
5188.396864205705,0.3991448050462869,0
1953.0861022345837,0.48119715344786346,1
6132.109941261217,0.5037355098593609,0
4994.8932673693125,0.2906502739413721,0
3173.7811255940364,0.507060570006548,1
3633.1719203554317,0.39028566878375504,0
922.5843550365943,0.5010982926820947,1
6845.531939282941,0.4906806613752308,0
5168.606358612416,0.2853011255521767,0
3154.064344348386,0.4963967026303845,1
4194.517993345122,0.4039182478407263,0
3912.499698981921,0.39976953434811446,0
4545.244798099917,0.4846598184128893,0
6231.596080125527,0.4000627341201369,0
3017.5167203157644,0.3492856317704649,1
5164.429467014157,0.39833016218971695,0
811.9425596101722,0.479257185467986,1
5717.194319811006,0.4982625070214619,0
4668.358842285396,0.41133943148166163,0
3641.4472929315516,0.4870649627509681,0
4511.261896496922,0.3862793630974856,0
1791.5154248507558,0.47001133741808415,1
4986.953955338166,0.4980057102490232,0
5006.956066687813,0.38395121911505015,0
1712.4790934510427,0.4771081725153773,1
5898.942275084612,0.49676782477244774,0
6068.622153852646,0.3841087062417462,0
1027.1739470615619,0.3508837052016311,1
3244.3860403172953,0.57533042088384,1
1525.6731386966862,0.4829904538215918,1
6528.635228322249,0.5028797369702181,0
3622.61327383041,0.3580601763262452,0
4695.525313775231,0.4714823232406835,0
3240.6615427327843,0.38775871429180897,1
1706.565852113063,0.4564754548471044,1
3793.0217078833093,0.5071057800147862,0
4821.44306907702,0.398005084165746,0
2879.67056619848,0.4637454716029453,1
4997.140345040679,0.5057717889802058,0
4774.747500437958,0.3957589244838744,0
4198.080289728924,0.4850949094353341,0
2460.965340718998,0.4695558700746373,1
4198.095951851183,0.5004647324456529,0
5596.498737801657,0.391953539319436,0
967.2749219711943,0.44988855558044016,1
883.6298489126114,0.5692937811522026,1
3192.6224696914064,0.5859078143479485,1
1151.7821286219628,0.5034086213322827,1
3728.8988132682434,0.5850677129066609,0
2405.631947285964,0.4644365334518008,1
6892.59680148022,0.48589303387666827,0
3898.2578250917322,0.28667825090447996,0
2238.1366878591048,0.47145984220039405,1
5365.425621503542,0.4944855231848277,0
3226.205396043453,0.47174504877511036,1
5410.853712882232,0.39549029589825024,0
3107.848921716816,0.4781437140932215,1
5063.627337117657,0.3947493970747268,0
2761.9559246056074,0.4796114031138766,1
2814.804136323244,0.5797522955555472,1
1262.915386870553,0.5821627155580595,1
1892.0248635218004,0.6002501473879944,1
1644.87596908964,0.6023375018885477,1
2521.412219097453,0.606252622106424,1
2846.9144302520444,0.608006158619874,1
2211.06558658789,0.5949773485178503,1
1907.8956732027223,0.6075863212666531,1
2845.2592956951935,0.6087499409622597,1
1572.611803610205,0.6027307703599473,1
4039.084687094934,0.6169299537214277,0
2247.8311188613297,0.48359080149270006,1
3356.8538108634275,0.5833089490978114,1
2679.6329344912547,0.49162767943970054,1
4491.510145117709,0.49687801379884566,0
3446.5297911407424,0.4913151122863676,1
4689.469629192542,0.397500067756059,0
3072.8087853418738,0.4924859293683813,1
5206.892473524094,0.39955504600576774,0
2777.652784245869,0.493331167261305,1
2463.267892275473,0.5699104168852623,1
4190.971765012555,0.48486144964771904,0
3838.0597331397116,0.4940023059623718,0
5814.009945657869,0.39716741486340906,0
2473.465789632889,0.47680365588586293,1
4692.441817551543,0.4963724203051577,0
3112.404982123545,0.48735579705677495,1
6171.508711656965,0.39443627389729696,0
3269.28253905732,0.3643289348104902,1
4729.913743173678,0.39203741779331136,0
777.8985797959585,0.48812761250077624,1
2065.46351683913,0.59444071186825,1
3758.9610501515276,0.5958738350443786,0
3663.3689336379393,0.48549064405794273,0
5230.871729083118,0.38943535415568387,0
3166.036775996545,0.484573647191164,1
3609.981651642688,0.40132674352729625,0
2610.3432154951824,0.48165535854962527,1
5174.060271148315,0.49013717416519076,0
3863.470093522746,0.4852598387705952,0
2143.35172074249,0.47902999008355507,1
3861.0741554402716,0.5747831249831642,0
1991.2569403370285,0.464721870482535,1
3243.8625243767856,0.5777748883980114,1
871.8357788431522,0.4827692718828145,1
1255.114150707805,0.5878699352588678,1
1426.2048833242632,0.5912010140908197,1
596.652344742836,0.6023696664070917,1
3840.850830542152,0.6090896998041259,0
1678.2320791386726,0.4980305922686068,1
1917.4016103978697,0.5961714468240392,1
2727.0687359098724,0.5986215022090682,1
4853.546307233542,0.5900960506971563,0
4219.174664626399,0.4926085973539884,0
2498.5749061678034,0.498829273145024,1
3987.2199294795696,0.591292937214599,0
2863.8908720888717,0.47380946442503125,1
2888.6157861328866,0.5754995215097346,1
1920.519273295458,0.5532042432702656,1
512.0058822923542,0.5836766270625239,1
4233.670014362159,0.5934747245619584,0
3158.274584719139,0.49093173931849204,1
2142.198997504175,0.48652822004953467,1
1056.424008335387,0.5784280392487456,1
2030.0269303295177,0.5875753285408506,1
3974.2459712564246,0.5972892662490042,0
3399.487963992047,0.47825101561386,1
2651.7548383242147,0.48237949499311644,1
2303.4768004549674,0.5675525289342624,1
3111.474083731249,0.5985342029595355,1
1765.5659403935617,0.5136317707185992,1
3205.1493071321056,0.5977628996026546,1
4809.779020484636,0.5202673895150581,0
3097.741560863448,0.4932717361584416,1
3579.2114733936132,0.5026427898033736,1
1822.510035030673,0.5156260664442839,1
688.8924379887007,0.5963358037765645,1
4223.266593337842,0.6002878233337623,0
927.649507006545,0.4988651293192865,1
1262.518248692705,0.5907883838492776,1
2899.2504014904453,0.5948474354767244,1
1813.8409023276822,0.5804262442007326,1
3848.308429888776,0.4935908587275204,0
1711.542687024149,0.5143727522732969,1
945.0091417491849,0.6093375077959907,1
2989.2015415146143,0.6115397920060879,1
1079.7516826969932,0.5960722530940106,1
1968.9227622360897,0.6117203558334033,1
4188.944353802518,0.6127724276717256,0
1879.0940369650266,0.48730144961770516,1
1965.4130361852667,0.5874828072495814,1
3374.799658795017,0.5994904034707289,1
1986.7052534870961,0.5234456263852626,1
4356.939386322818,0.6140236864403037,0
3028.2054402936083,0.47424665851579856,1
1663.7579669368001,0.5051176192466645,1
2289.268976403798,0.5972733127227842,1
790.3030422134613,0.6007888184106902,1
3993.1161943253783,0.6083395337294071,0
2944.312805226247,0.4716958790134075,1
1799.06627258508,0.5581912623802929,1
5615.167271201345,0.488196585595045,0
2252.9905055390977,0.4850385697329801,1
1658.9232120013598,0.5964748632856269,1
3477.995145596528,0.602258238479225,1
3569.7261056467173,0.5235112247306791,1
970.7622419997394,0.503589806133351,1
2168.07013864743,0.6032350539549767,1
2738.6699407638926,0.6120355070230847,1
2079.73018506199,0.608165654023615,1
3542.4717154253876,0.6272821712048579,1
3572.757485595075,0.5371875182425216,1
2477.1313360118484,0.5397080770558771,1
3901.437426835194,0.610214225936407,0
2334.9190159909854,0.5267705463946575,1
4335.183239792455,0.603038518912255,0
941.2412934139147,0.48400033911561297,1
4059.4612057522636,0.5882946341715812,0
3055.4950599319823,0.46684587910671704,1
3642.1668093226267,0.5181282077192783,0
2994.387791266171,0.4645748581090198,1
2283.120465565687,0.5848155988473848,1
2460.314012169334,0.5782283487884103,1
1092.5676360608263,0.5925492842719762,1
3488.280561391325,0.6014046236813534,1
1700.29237047245,0.5047199000693561,1
1814.4298976836767,0.6012102404854083,1
3338.241380360193,0.6050008764214585,1
1795.8574770160135,0.5071118275624256,1
1099.0133393592025,0.605960405444342,1
1229.9130514760268,0.6135347693552591,1
3704.612488679545,0.6176611311404397,0
1321.6603448129658,0.5045692432078618,1
3031.462877963357,0.6006656963824983,1
2460.781744907473,0.503898166273595,1
1697.5270531952476,0.6012015874963702,1
2285.922278025927,0.6040062550079102,1
3803.233683206531,0.5827496819615536,0
947.356521607229,0.49675747922529656,1
4448.199450597234,0.5962213768874207,0
2635.8685469211,0.484505646532404,1
1047.055585235624,0.5904884880498631,1
3116.204690844657,0.5902209347002636,1
878.0461096594969,0.5134716694552266,1
685.5715566599289,0.6067026288088145,1
3775.2062384993956,0.6083665383926324,0
2284.6221987528097,0.5020114145461102,1
1982.1383697583528,0.6009386770912104,1
2859.7878419894837,0.6014126479269029,1
4143.926559244564,0.593346513511724,0
3439.996747624039,0.49948528657784774,1
2331.3097744427505,0.4981625544217534,1
2676.044715604564,0.591985840078413,1
1935.829298135233,0.6006936768400634,1
3896.6994196225373,0.6176927817682201,0
3491.906106236943,0.4954981057912956,1
1379.608821960552,0.5068058319303901,1
2098.4056333647295,0.5943415932915417,1
3296.677754596576,0.5976610763465198,1
3136.623898475443,0.5351479288554208,1
3359.148393595258,0.523306205387657,1
2511.569106949321,0.5285921844471406,1
665.3393352449591,0.6010714083853104,1
791.5207168274195,0.613930950157783,1
3827.5305365204217,0.6138977556009659,0
3084.384051795665,0.5055757789629788,1
2931.966603668713,0.5028784229925913,1
2680.7388944099107,0.5709083214584401,1
5136.608418104593,0.4735236820468458,0
2663.9877817028932,0.5049060505863925,1
2421.3103697779557,0.588367098926307,1
1504.225232208044,0.6064377007706648,1
1866.058492338111,0.6065619882706225,1
881.7634634440751,0.6099763398537368,1
3869.719185219255,0.6116246673116091,0
965.8873173375738,0.4888007232068756,1
3380.716395794413,0.5958023158452226,1
2861.2206818177765,0.5181793480768073,1
2423.422536580879,0.6133947394930754,1
3292.730352292975,0.612160029689655,1
1175.199833582135,0.5310295488354316,1
730.2323584122126,0.6138173419483307,1
3925.9886183589283,0.6153161509020718,0
3817.6823691987533,0.5091651998187533,0
813.9937225230279,0.510421329362751,1
2401.6107804085814,0.5980884711300063,1
2104.348842264587,0.6010084412935832,1
4580.226239035839,0.6085620952078713,0
894.9700415550014,0.4776217596177843,1
2604.907524070519,0.5971299132785053,1
2474.321400592025,0.5995140416100351,1
870.2421859935641,0.5958124210705026,1
1060.4236220083449,0.6192866456496848,1
3234.0402999458775,0.6153617832580055,1
527.5348664544235,0.5301173197399358,1
1651.5050676519238,0.6123134773823851,1
989.6198235078209,0.6151387183648972,1
4179.06662998203,0.6181618874386782,0
1321.648815686149,0.48967031985300624,1
3066.512225164963,0.5988451944049353,1
2275.4452885640667,0.5171831570707343,1
2980.8007407181904,0.598411248376502,1
2423.9916599049884,0.5826542214228259,1
2844.085946161075,0.6058168403438366,1
4743.914807204051,0.6093634697837164,0
1693.0339412293533,0.4835491343000635,1
1155.3249521575415,0.60092915341237,1
1732.6716746127936,0.6036299973482113,1
1460.8050549797779,0.6129255273892222,1
2840.551400502531,0.6174816874198673,1
3930.7693110031064,0.6067768045621005,0
2054.8036307943676,0.49524678226618013,1
2424.281319657565,0.5987003204155338,1
1333.6219894775772,0.6030938462040171,1
4572.538439778805,0.6117189469669616,0
1150.1390967977552,0.4847426699573336,1
2548.1568409013817,0.5975339358034629,1
2738.8228575401986,0.6007527437371193,1
1967.1629634530248,0.6101686208535757,1
1006.1085204302323,0.6152185905379978,1
1262.7328831801926,0.617605942539502,1
687.7040385872901,0.6186196865296442,1
3206.2896809995104,0.6190277139236805,1
1058.8817797164204,0.5090598137779854,1
5189.297394189484,0.4908892928229805,0
3124.0079574822093,0.5056455635284873,1
4975.2602686605715,0.38789791892987757,0
1782.3139765460542,0.5371853739111783,1
3764.228518308306,0.6164270197292332,0
916.4422514994232,0.5073543233274527,1
988.7442562640658,0.604053256950776,1
3639.357817808624,0.6042362105794593,0
945.4663912273576,0.4998736329290594,1
1451.2138015231108,0.6012176826676976,1
928.3054622626919,0.6004596747036375,1
4222.260925620602,0.6100768463266913,0
2671.038815003462,0.4986250938080695,1
4299.3948569005215,0.601056307073207,0
1196.4668860778806,0.47453714923840973,1
4605.462211551894,0.592016365886063,0
1168.9853384222624,0.4750524473496046,1
950.7851818212314,0.5878157690836097,1
2986.859679869739,0.5868269683258898,1
3632.995760954561,0.5869884160768638,0
2087.050503910794,0.4909653552368708,1
3581.5105732174593,0.5943103751160583,1
1530.893230835252,0.49848120406100477,1
6844.725634726194,0.49013157696261644,0
2972.0114145197263,0.3712186811915875,1
1621.6112517075005,0.6121273702680434,1
4270.100526640423,0.6031975607585861,0
1391.9990911362984,0.49986918647528866,1
962.2864395936924,0.6013465461117679,1
1155.6878165689002,0.6007994594945285,1
819.8523342153596,0.6108417475920276,1
2909.6224447807544,0.6165506620641611,1
1554.0034759737955,0.6028903065188969,1
2887.247475591925,0.6201517359539298,1
1795.5856949819893,0.582779215348766,1
5457.384559104804,0.4889953386333177,0
606.8907455376785,0.5071675755288416,1
5794.81462301636,0.4908972165880307,0
1588.1308376520158,0.5069458687946207,1
3452.132464055947,0.6097547668167344,1
3731.1155578369967,0.5106759363537838,0
4266.333491123938,0.3869698638353362,0
1149.5951512116123,0.5061019055159195,1
1415.7505847484758,0.6011917015309047,1
3906.8397279075107,0.6028483346185007,0
3329.980596213527,0.47770589995177115,1
3047.673455479411,0.513054443878743,1
4035.090171071343,0.4894204815055879,0
1444.8928125260434,0.48802776239344153,1
1159.2792399445632,0.5876443924000435,1
3167.9005737441034,0.5904737984856426,1
4416.147064555915,0.5150982537793153,0
2050.7034066722463,0.49043771941436076,1
3372.6726589834484,0.5909318550387024,1
1737.861039250227,0.49070628044192244,1
789.5352452080032,0.5961830862885982,1
4020.1114232203363,0.6003730082388978,0
1988.3189687993233,0.4977984401576845,1
2438.6939132956286,0.5918456604965983,1
1221.2051834317556,0.5731053204096224,1
3995.552844462103,0.4950030379189733,0
2245.7184104037074,0.49654050761349144,1
1555.4806370245833,0.6003677257982103,1
1565.705801544446,0.6060517438312538,1
1816.5370824016736,0.6096284369299865,1
1914.7254875428541,0.6104017017412168,1
3918.5630026509903,0.6104475080731038,0
2287.5394809366962,0.4724614452751482,1
604.2802292899695,0.5960017495098446,1
2393.8630053913107,0.596134824815269,1
1551.620680535604,0.6048852579301858,1
5028.837984597613,0.6089966963816904,0
1511.5690226090385,0.479272024385643,1
1847.095245692311,0.5934671597593445,1
3258.249808251146,0.5940858410884151,1
3319.566799957307,0.49826301283205265,1
1169.3797126364016,0.50161285931594,1
1623.2610472142674,0.604027780899768,1
1768.5536242630033,0.6106329334557872,1
5137.601450905319,0.6157279579890674,0
1379.0650088910513,0.4784002452560605,1
1379.6021949117103,0.6017049504050307,1
3033.421856775549,0.6026843343139929,1
4309.269195523102,0.5108637425998852,0
4779.827257108172,0.39394166002819103,0
1625.6731849736277,0.5006585625202146,1
1261.3788530451272,0.5960257662888443,1
3165.7414703261575,0.5987405253834199,1
2178.2400971870466,0.522695494432191,1
1957.0245716049699,0.6177064419931825,1
2512.5991410876873,0.6156264508856122,1
3205.863221420877,0.616073671870728,1
2859.1105675108893,0.5135873243322672,1
6748.450264448607,0.4791398243325209,0
4906.875106426283,0.3802552644220353,0
2707.338303452519,0.4909244924365753,1
1894.4109653377025,0.5694506614229089,1
5058.603611993654,0.49047704494062394,0
786.6568220061735,0.5012872180207224,1
5910.503041311064,0.49161581623191813,0
3963.2308685114153,0.5004039220268037,0
887.4652362276587,0.5004085357424337,1
1695.8073580777673,0.5926765476401021,1
1515.420775138438,0.6066830246027608,1
1743.5995038096182,0.6114549071828488,1
2838.4942996755076,0.6128203286911591,1
3039.215308760087,0.6127904993451567,1
4156.962583189561,0.5265084960366532,0
2920.7648352375472,0.4953444491946719,1
1144.6580453100307,0.5789364030882088,1
2875.842784313199,0.602731436438402,1
777.4818635124665,0.5815667003777792,1
3098.739763710915,0.494687460189428,1
886.1015734933468,0.49196959745938207,1
1928.905351934181,0.5942004327908779,1
3052.200391311309,0.605224334995951,1
2179.8476178406354,0.49874569946400615,1
1408.4608935806837,0.5925328677170856,1
2239.0259496814356,0.6064629622725038,1
973.6509957673146,0.6106715551214774,1
1417.0265104282144,0.6118447832574752,1
941.3838392141956,0.6116675944955147,1
2034.7655098261082,0.6111531427922625,1
2600.3480112500856,0.6106927395597042,1
2714.035312361757,0.594125304601768,1
1422.201627351498,0.5758359077259773,1
5003.965702151841,0.5006535545790567,0
678.3037768209701,0.4926130460399639,1
1478.2602557163116,0.6099726533256395,1
3921.750762707424,0.6147538322203064,0
2390.7041462389234,0.4884694102914021,1
1809.048287499813,0.593819248782945,1
2622.845048821266,0.60126985284009,1
3819.768418122478,0.6097131440062199,0
834.8087934101333,0.4972033021181703,1
4559.00552178497,0.5966399131841233,0
1520.5613767476557,0.4654947930672202,1
614.8647389687716,0.5919163069061418,1
4734.39112414901,0.5913413117550348,0
1783.1538579937928,0.48771705079841965,1
2637.86420086958,0.5929937243586234,1
2362.46973504411,0.593451182857712,1
2161.99494947941,0.6046450294345876,1
991.7062114889533,0.6112915853247253,1
3109.2011303227673,0.6147442547683186,1
1931.830996462646,0.5055433756923275,1
3525.913770882434,0.6068635049183436,1
2717.7596901811517,0.5333945789040715,1
3961.6221508678673,0.6160591338446529,0
981.447201592301,0.5068082829974803,1
1727.0777295224268,0.602214572767915,1
4227.738824944481,0.6023530820821864,0
1652.7520564805397,0.485364401279764,1
3582.4121858829594,0.596348925749449,1
2894.537298934249,0.5114169762114444,1
632.4586344633053,0.5726762857045286,1
3437.331499576514,0.6001472937976181,1
973.56549535607,0.5003849740001295,1
3349.033106130112,0.6030656209654244,1
1016.333619370305,0.5261583019182279,1
2533.5167169872348,0.6110442195128818,1
1491.9216056358605,0.5838252440284852,1
2924.6869695503246,0.50321174630279,1
819.3245207796533,0.5767426349770609,1
1354.1404343903341,0.6136003107119867,1
1277.257361115815,0.6202940118908048,1
1347.957862903116,0.6220424605506685,1
2713.5645434530556,0.6219414700277892,1
3793.5892399723516,0.6059567770420521,0
2224.282681749299,0.5039647687018955,1
3736.0018471387175,0.6007765964838242,0
1911.165934059641,0.4833713913352463,1
2687.798420136773,0.5910126165368025,1
2795.9779873179027,0.562543003921352,1
3785.941036770746,0.5879548554471747,0
3474.91940777345,0.5095881754338809,1
2089.35535055647,0.4922022620528814,1
3357.3418405948364,0.5717498988028971,1
4336.398305363831,0.4113352993164683,0
1967.430441997764,0.49860335370327463,1
1815.4233479300146,0.5955559001147619,1
2716.8084958426143,0.5978456515579756,1
4102.506086757887,0.6052376762700569,0
2377.871586819865,0.48579735764220355,1
2435.2079756350186,0.5954304902633718,1
1737.5147561096996,0.585555070570899,1
2140.9952992761346,0.6133217089635549,1
2112.6417621844485,0.6118515303507798,1
3528.2538242344804,0.6129572905259942,1
2509.4365592385852,0.5046897953113072,1
1230.2557068374501,0.6061709411127196,1
2551.03071073355,0.6138909449611827,1
3947.7543846892927,0.6177242986532709,0
3816.801778819972,0.4882716201218265,0
