Timestep: 0, Trans probs: [0.1111111111111111, 0.1111111111111111, 0.2222222222222222, 0.1111111111111111, 0.1111111111111111, 0.1111111111111111, 0.1111111111111111, 0.1111111111111111]
Timestep: 1, Trans probs: [0.125, 0.125, 0.125, 0.125, 0.125, 0.125, 0.125, 0.125]
Timestep: 2, Trans probs: [0.125, 0.125, 0.125, 0.125, 0.125, 0.125, 0.125, 0.125]
Timestep: 3, Trans probs: [0.1111111111111111, 0.1111111111111111, 0.2222222222222222, 0.1111111111111111, 0.1111111111111111, 0.1111111111111111, 0.1111111111111111, 0.1111111111111111]
Timestep: 4, Trans probs: [0.125, 0.125, 0.125, 0.125, 0.125, 0.125, 0.125, 0.125]
Timestep: 5, Trans probs: [0.2222222222222222, 0.1111111111111111, 0.1111111111111111, 0.1111111111111111, 0.1111111111111111, 0.1111111111111111, 0.1111111111111111, 0.1111111111111111]
Timestep: 6, Trans probs: [0.20043939844143974, 0.10021969922071987, 0.19824240623424094, 0.10021969922071987, 0.10021969922071987, 0.10021969922071987, 0.10021969922071987, 0.10021969922071987]
Timestep: 7, Trans probs: [0.1803146703516355, 0.09161644008928718, 0.2699866891126414, 0.09161644008928718, 0.09161644008928718, 0.09161644008928718, 0.09161644008928718, 0.09161644008928718]
Timestep: 8, Trans probs: [0.19824240623424094, 0.10021969922071987, 0.20043939844143974, 0.10021969922071987, 0.10021969922071987, 0.10021969922071987, 0.10021969922071987, 0.10021969922071987]
Timestep: 9, Trans probs: [0.2478726415189614, 0.08517700804128182, 0.24106531023334765, 0.08517700804128182, 0.08517700804128182, 0.08517700804128182, 0.08517700804128182, 0.08517700804128182]
Timestep: 10, Trans probs: [0.22202312113447537, 0.0802692665993437, 0.2963612792694624, 0.0802692665993437, 0.0802692665993437, 0.0802692665993437, 0.0802692665993437, 0.0802692665993437]
Timestep: 11, Trans probs: [0.17837024902335422, 0.09161644008928718, 0.2719311104409227, 0.09161644008928718, 0.09161644008928718, 0.09161644008928718, 0.09161644008928718, 0.09161644008928718]
Timestep: 12, Trans probs: [0.125, 0.125, 0.125, 0.125, 0.125, 0.125, 0.125, 0.125]
Timestep: 13, Trans probs: [0.2760458145544002, 0.07672297990194206, 0.26361630603394753, 0.07672297990194206, 0.07672297990194206, 0.07672297990194206, 0.07672297990194206, 0.07672297990194206]
Timestep: 14, Trans probs: [0.24616343299148688, 0.07405791523279813, 0.30948907561172434, 0.07405791523279813, 0.07405791523279813, 0.07405791523279813, 0.07405791523279813, 0.07405791523279813]
Timestep: 15, Trans probs: [0.2201991368815027, 0.07216169283727242, 0.3468307060948627, 0.07216169283727242, 0.07216169283727242, 0.07216169283727242, 0.07216169283727242, 0.07216169283727242]
Timestep: 16, Trans probs: [0.1111111111111111, 0.1111111111111111, 0.2222222222222222, 0.1111111111111111, 0.1111111111111111, 0.1111111111111111, 0.1111111111111111, 0.1111111111111111]
Timestep: 17, Trans probs: [0.19758165405984107, 0.0709281408832889, 0.30592135975713663, 0.0709281408832889, 0.1418562817665778, 0.0709281408832889, 0.0709281408832889, 0.0709281408832889]
Timestep: 18, Trans probs: [0.17990049689963264, 0.06904087779375688, 0.34377094717356615, 0.06904087779375688, 0.13112416695801687, 0.06904087779375688, 0.06904087779375688, 0.06904087779375688]
Timestep: 19, Trans probs: [0.10021969922071987, 0.10021969922071987, 0.2984621054549608, 0.10021969922071987, 0.10021969922071987, 0.10021969922071987, 0.10021969922071987, 0.10021969922071987]
Timestep: 20, Trans probs: [0.16418807858703055, 0.06791406204138455, 0.30649838569667265, 0.06791406204138455, 0.18974322550937409, 0.06791406204138455, 0.06791406204138455, 0.06791406204138455]
Timestep: 21, Trans probs: [0.15103788289198183, 0.06661377591346752, 0.3424456688888794, 0.06661377591346752, 0.17344756865180125, 0.06661377591346752, 0.06661377591346752, 0.06661377591346752]
Timestep: 22, Trans probs: [0.16097846016555187, 0.08518627670087951, 0.24271760292829148, 0.08518627670087951, 0.17037255340175902, 0.08518627670087951, 0.08518627670087951, 0.08518627670087951]
Timestep: 23, Trans probs: [0.20535342807892318, 0.06592228885740739, 0.30609166786592357, 0.06592228885740739, 0.15894345976811622, 0.06592228885740739, 0.06592228885740739, 0.06592228885740739]
Timestep: 24, Trans probs: [0.09210010683622472, 0.09210010683622472, 0.35529925214642694, 0.09210010683622472, 0.09210010683622472, 0.09210010683622472, 0.09210010683622472, 0.09210010683622472]
Timestep: 25, Trans probs: [0.18731987187302276, 0.06506762254741132, 0.275646457138154, 0.06506762254741132, 0.21169555825176667, 0.06506762254741132, 0.06506762254741132, 0.06506762254741132]
Timestep: 26, Trans probs: [0.14691523188772476, 0.0797487902787171, 0.29910061270355054, 0.0797487902787171, 0.15524020401513922, 0.0797487902787171, 0.0797487902787171, 0.0797487902787171]
Timestep: 27, Trans probs: [0.23606110735784197, 0.06417036254364104, 0.24971813516406394, 0.06417036254364104, 0.19336894475988886, 0.06417036254364104, 0.06417036254364104, 0.06417036254364104]
Timestep: 28, Trans probs: [0.21508186067986082, 0.06339610052130122, 0.2905296667571101, 0.06339610052130122, 0.17740796995652303, 0.06339610052130122, 0.06339610052130122, 0.06339610052130122]
Timestep: 29, Trans probs: [0.1963580607199697, 0.06295061746841801, 0.3256649327055111, 0.06295061746841801, 0.1632239192324292, 0.06295061746841801, 0.06295061746841801, 0.06295061746841801]
Timestep: 30, Trans probs: [0.08635718939631323, 0.08635718939631323, 0.3954996742258074, 0.08635718939631323, 0.08635718939631323, 0.08635718939631323, 0.08635718939631323, 0.08635718939631323]
Timestep: 31, Trans probs: [0.17958085011649846, 0.06285128586608547, 0.2927224744034973, 0.06285128586608547, 0.21344024614957685, 0.06285128586608547, 0.06285128586608547, 0.06285128586608547]
Timestep: 32, Trans probs: [0.16518418575394345, 0.06252830534257753, 0.32721301717950735, 0.06252830534257753, 0.19496127035366154, 0.06252830534257753, 0.06252830534257753, 0.06252830534257753]
Timestep: 33, Trans probs: [0.15234401990956475, 0.06252424319582751, 0.3566369898603829, 0.06252424319582751, 0.17839777425091488, 0.06252424319582751, 0.06252424319582751, 0.06252424319582751]
Timestep: 34, Trans probs: [0.1111111111111111, 0.1111111111111111, 0.2222222222222222, 0.1111111111111111, 0.1111111111111111, 0.1111111111111111, 0.1111111111111111, 0.1111111111111111]
Timestep: 35, Trans probs: [0.10021969922071987, 0.10021969922071987, 0.19824240623424094, 0.10021969922071987, 0.10021969922071987, 0.20043939844143974, 0.10021969922071987, 0.10021969922071987]
Timestep: 36, Trans probs: [0.1409293049355677, 0.06281341431018726, 0.3186020612047504, 0.06281341431018726, 0.1635881479985584, 0.12562682862037453, 0.06281341431018726, 0.06281341431018726]
Timestep: 37, Trans probs: [0.13135685681502782, 0.06211040945726348, 0.3509666824014014, 0.06211040945726348, 0.15144296696224324, 0.11779185599227363, 0.06211040945726348, 0.06211040945726348]
Timestep: 38, Trans probs: [0.1347147138485489, 0.07587339969534032, 0.3439104630326073, 0.07587339969534032, 0.1420078246421421, 0.07587339969534032, 0.07587339969534032, 0.07587339969534032]
Timestep: 39, Trans probs: [0.08243523161212084, 0.08243523161212084, 0.42295337871515426, 0.08243523161212084, 0.08243523161212084, 0.08243523161212084, 0.08243523161212084, 0.08243523161212084]
Timestep: 40, Trans probs: [0.18479815364932253, 0.06195205983630766, 0.3159668774942867, 0.06195205983630766, 0.1405094443592906, 0.11091728515186938, 0.06195205983630766, 0.06195205983630766]
Timestep: 41, Trans probs: [0.17028176886527904, 0.06147180661354462, 0.3479352418808745, 0.06147180661354462, 0.13105339263899432, 0.10484237016067371, 0.06147180661354462, 0.06147180661354462]
Timestep: 42, Trans probs: [0.15712732246032288, 0.06146476036182147, 0.3747798623478003, 0.06146476036182147, 0.12263887214647747, 0.0995949015981135, 0.06146476036182147, 0.06146476036182147]
Timestep: 43, Trans probs: [0.14529722140433185, 0.061842296820491756, 0.39701710359711867, 0.061842296820491756, 0.1152098919745405, 0.0951065957420421, 0.061842296820491756, 0.061842296820491756]
Timestep: 44, Trans probs: [0.13475666051877722, 0.06251225127162438, 0.4151752160074944, 0.06251225127162438, 0.10871096757352654, 0.09130815081370422, 0.06251225127162438, 0.06251225127162438]
Timestep: 45, Trans probs: [0.12545958662757836, 0.06338694915273792, 0.42978309429685724, 0.06338694915273792, 0.10308104034532371, 0.08812848211928907, 0.06338694915273792, 0.06338694915273792]
Timestep: 46, Trans probs: [0.12425073881290276, 0.07329565432770156, 0.3054089475820621, 0.07329565432770156, 0.20386204196652727, 0.07329565432770156, 0.07329565432770156, 0.07329565432770156]
Timestep: 47, Trans probs: [0.18173147016833877, 0.06438786882916041, 0.3769696608114669, 0.06438786882916041, 0.09825189911585214, 0.08549549458770068, 0.06438786882916041, 0.06438786882916041]
Timestep: 48, Trans probs: [0.11547356727658803, 0.07097713425083117, 0.34464677136033434, 0.07097713425083117, 0.1849939901089218, 0.07097713425083117, 0.07097713425083117, 0.07097713425083117]
Timestep: 49, Trans probs: [0.17758487486833419, 0.06952545808063385, 0.3065236572318139, 0.06952545808063385, 0.16826417749668274, 0.06952545808063385, 0.06952545808063385, 0.06952545808063385]
Timestep: 50, Trans probs: [0.23051322297087157, 0.0645252435003688, 0.33480332826188564, 0.0645252435003688, 0.0938062364531225, 0.08277623831264515, 0.0645252435003688, 0.0645252435003688]
Timestep: 51, Trans probs: [0.16262355631748687, 0.06787416496259059, 0.34355469969208485, 0.06787416496259059, 0.15445091917747525, 0.06787416496259059, 0.06787416496259059, 0.06787416496259059]
Timestep: 52, Trans probs: [0.27305361172758946, 0.06438428682246392, 0.2993234907161673, 0.06438428682246392, 0.08983678764067524, 0.08024896262571218, 0.06438428682246392, 0.06438428682246392]
Timestep: 53, Trans probs: [0.079809572610214, 0.079809572610214, 0.4413329917285019, 0.079809572610214, 0.079809572610214, 0.079809572610214, 0.079809572610214, 0.079809572610214]
Timestep: 54, Trans probs: [0.14937010033638246, 0.06692879694643392, 0.37372681391992635, 0.06692879694643392, 0.14225910101152148, 0.06692879694643392, 0.06692879694643392, 0.06692879694643392]
Timestep: 55, Trans probs: [0.2457242845379705, 0.06425340416307727, 0.26857008647635605, 0.06425340416307727, 0.1506417710636031, 0.07805024126976123, 0.06425340416307727, 0.06425340416307727]
Timestep: 56, Trans probs: [0.13772175635442283, 0.06654584936477108, 0.3979665396503284, 0.06654584936477108, 0.13158245717139352, 0.06654584936477108, 0.06654584936477108, 0.06654584936477108]
Timestep: 57, Trans probs: [0.2870835609351915, 0.06344559325038822, 0.24380496776111232, 0.06344559325038822, 0.1397044265613731, 0.07562467174077023, 0.06344559325038822, 0.06344559325038822]
Timestep: 58, Trans probs: [0.2597413882780035, 0.06296898289769132, 0.2846308224814317, 0.06296898289769132, 0.13006686532545425, 0.0736849923243453, 0.06296898289769132, 0.06296898289769132]
Timestep: 59, Trans probs: [0.23543264730353763, 0.06271214606530749, 0.3199919397857593, 0.06271214606530749, 0.12160851348302566, 0.07211831516644744, 0.06271214606530749, 0.06271214606530749]
Timestep: 60, Trans probs: [0.1561404001367054, 0.0780702000683527, 0.37543839945317825, 0.0780702000683527, 0.0780702000683527, 0.0780702000683527, 0.0780702000683527, 0.0780702000683527]
Timestep: 61, Trans probs: [0.21366558743048147, 0.06272626699340836, 0.28756140206977565, 0.06272626699340836, 0.1769216856538852, 0.07094625687222425, 0.06272626699340836, 0.06272626699340836]
Timestep: 62, Trans probs: [0.19544792086659868, 0.062270589113523366, 0.3229185346846448, 0.062270589113523366, 0.16302790742918383, 0.06952328056547923, 0.062270589113523366, 0.062270589113523366]
Timestep: 63, Trans probs: [0.12757817171333252, 0.06658641492422994, 0.41717244420830374, 0.06658641492422994, 0.12231730945721403, 0.06658641492422994, 0.06658641492422994, 0.06658641492422994]
Timestep: 64, Trans probs: [0.24122963565699002, 0.06217654326844131, 0.29092142058796144, 0.06217654326844131, 0.15060125870848956, 0.06854151197279386, 0.06217654326844131, 0.06217654326844131]
Timestep: 65, Trans probs: [0.11882795441323038, 0.06692739820607271, 0.43218379816920427, 0.06692739820607271, 0.11435125638720178, 0.06692739820607271, 0.06692739820607271, 0.06692739820607271]
Timestep: 66, Trans probs: [0.2814488250653036, 0.062015885212351525, 0.26312017428894313, 0.062015885212351525, 0.13975572246576193, 0.06761173733058536, 0.062015885212351525, 0.062015885212351525]
Timestep: 67, Trans probs: [0.11134824877163961, 0.06746560843261201, 0.44376057058416585, 0.06746560843261201, 0.10756313848113455, 0.06746560843261201, 0.06746560843261201, 0.06746560843261201]
Timestep: 68, Trans probs: [0.31653013153864656, 0.06197791468691942, 0.23846699676013386, 0.06197791468691942, 0.13020237961690437, 0.06688883333663756, 0.06197791468691942, 0.06197791468691942]
Timestep: 69, Trans probs: [0.10500872205188136, 0.06811831982170963, 0.4525729494851092, 0.06811831982170963, 0.10182672935446138, 0.06811831982170963, 0.06811831982170963, 0.06811831982170963]
Timestep: 70, Trans probs: [0.3468016411381522, 0.062140874182292104, 0.21642093547719202, 0.062140874182292104, 0.12178011366138562, 0.06643381299410187, 0.062140874182292104, 0.062140874182292104]
Timestep: 71, Trans probs: [0.3100726880970474, 0.06252013698600348, 0.25920847413372045, 0.06252013698600348, 0.11438483909179592, 0.06625345073342238, 0.06252013698600348, 0.06252013698600348]
Timestep: 72, Trans probs: [0.2783931307339056, 0.06272709768284851, 0.2968076846740306, 0.06272709768284851, 0.10791125962474517, 0.06597953423592466, 0.06272709768284851, 0.06272709768284851]
Timestep: 73, Trans probs: [0.09967676325939992, 0.06882204336788303, 0.4591976397506807, 0.06882204336788303, 0.09701538015050425, 0.06882204336788303, 0.06882204336788303, 0.06882204336788303]
Timestep: 74, Trans probs: [0.31353130997035744, 0.06295600461497336, 0.2665951007993653, 0.06295600461497336, 0.1022640993953562, 0.06578547137502747, 0.06295600461497336, 0.06295600461497336]
Timestep: 75, Trans probs: [0.28072042336149416, 0.0632462709407683, 0.3032307874146044, 0.0632462709407683, 0.09736174207034837, 0.06570196339047987, 0.0632462709407683, 0.0632462709407683]
Timestep: 76, Trans probs: [0.09522251431023769, 0.069530359937691, 0.46411925616432503, 0.069530359937691, 0.09300642983698229, 0.069530359937691, 0.069530359937691, 0.069530359937691]
Timestep: 77, Trans probs: [0.31556852755257264, 0.06353012381704796, 0.27155056166674063, 0.06353012381704796, 0.09310167845773037, 0.06565873705476438, 0.06353012381704796, 0.06353012381704796]
Timestep: 78, Trans probs: [0.2818890027921976, 0.06383980685299885, 0.30764698589917533, 0.06383980685299885, 0.0894234227484523, 0.06568136114817938, 0.06383980685299885, 0.06383980685299885]
Timestep: 79, Trans probs: [0.14200538461142007, 0.0756614457021134, 0.4040259411758996, 0.0756614457021134, 0.0756614457021134, 0.0756614457021134, 0.0756614457021134, 0.0756614457021134]
Timestep: 80, Trans probs: [0.09152304043254524, 0.07021129162125873, 0.4677357123077331, 0.07021129162125873, 0.08968478915342801, 0.07021129162125873, 0.07021129162125873, 0.07021129162125873]
Timestep: 81, Trans probs: [0.2525726850329935, 0.06412742961527856, 0.2748335775106392, 0.06412742961527856, 0.1503650578541364, 0.06571896114111668, 0.06412742961527856, 0.06412742961527856]
Timestep: 82, Trans probs: [0.2291018329962046, 0.06358595183565519, 0.31224004803790606, 0.06358595183565519, 0.13933048037531415, 0.06498383124795441, 0.06358595183565519, 0.06358595183565519]
Timestep: 83, Trans probs: [0.20813179962796902, 0.06336393345275183, 0.34421227184916003, 0.06336393345275183, 0.12961361109243358, 0.06458658361942998, 0.06336393345275183, 0.06336393345275183]
Timestep: 84, Trans probs: [0.18938054701988033, 0.06345403494003345, 0.37120435338593355, 0.06345403494003345, 0.12108140109518586, 0.0645175587388665, 0.06345403494003345, 0.06345403494003345]
Timestep: 85, Trans probs: [0.08846532152613856, 0.0708445377380591, 0.47036655424258544, 0.0708445377380591, 0.08694543554098041, 0.0708445377380591, 0.0708445377380591, 0.0708445377380591]
Timestep: 86, Trans probs: [0.15736683503752205, 0.07141881812248382, 0.4008442778300928, 0.07141881812248382, 0.08469479651996595, 0.07141881812248382, 0.07141881812248382, 0.07141881812248382]
Timestep: 87, Trans probs: [0.2143272893397338, 0.07071133002634496, 0.35014350170097813, 0.07071133002634496, 0.0819725588275634, 0.07071133002634496, 0.07071133002634496, 0.07071133002634496]
Timestep: 88, Trans probs: [0.23649676500556197, 0.06381518736260594, 0.329872475248016, 0.06381518736260594, 0.11363538194321557, 0.06473462835278271, 0.06381518736260594, 0.06381518736260594]
Timestep: 89, Trans probs: [0.1929484247644587, 0.0696973475559608, 0.3792031142476749, 0.0696973475559608, 0.07936172320806242, 0.0696973475559608, 0.0696973475559608, 0.0696973475559608]
Timestep: 90, Trans probs: [0.20421804213848066, 0.07416045951138193, 0.3508192007932278, 0.07416045951138193, 0.07416045951138193, 0.07416045951138193, 0.07416045951138193, 0.07416045951138193]
Timestep: 91, Trans probs: [0.27774077195981206, 0.0638645640123296, 0.2949933947851277, 0.0638645640123296, 0.10714427799351178, 0.0646632992122301, 0.0638645640123296, 0.0638645640123296]
Timestep: 92, Trans probs: [0.2497514080844715, 0.06388547561928754, 0.3286300185628024, 0.06388547561928754, 0.1014970663293405, 0.06457960454623543, 0.06388547561928754, 0.06388547561928754]
Timestep: 93, Trans probs: [0.22503832260511314, 0.06406158697944371, 0.3574159320910962, 0.06406158697944371, 0.09663663187276869, 0.0646627655132471, 0.06406158697944371, 0.06406158697944371]
Timestep: 94, Trans probs: [0.174305678296397, 0.06918399004989251, 0.33316357914202305, 0.06918399004989251, 0.14661079231211746, 0.06918399004989251, 0.06918399004989251, 0.06918399004989251]
Timestep: 95, Trans probs: [0.26760445949520995, 0.06441357561875444, 0.3173130161625346, 0.06441357561875444, 0.09249637298136004, 0.06493184888587765, 0.06441357561875444, 0.06441357561875444]
Timestep: 96, Trans probs: [0.24019142444684638, 0.0645613486185315, 0.34771886194811796, 0.0645613486185315, 0.08883499582243116, 0.06500932330847863, 0.0645613486185315, 0.0645613486185315]
Timestep: 97, Trans probs: [0.21608929501850213, 0.06484816786922251, 0.37353305490388544, 0.06484816786922251, 0.08575104424633265, 0.0652339343543898, 0.06484816786922251, 0.06484816786922251]
Timestep: 98, Trans probs: [0.15948539988615273, 0.06787272003865702, 0.3658014635789627, 0.06787272003865702, 0.1353495363415995, 0.06787272003865702, 0.06787272003865702, 0.06787272003865702]
Timestep: 99, Trans probs: [0.2601968343160399, 0.06528199468056375, 0.32986412822544525, 0.06528199468056375, 0.08319841320758957, 0.06561264552867027, 0.06528199468056375, 0.06528199468056375]
Timestep: 100, Trans probs: [0.1464124695540927, 0.06721030672390986, 0.3919897719633383, 0.06721030672390986, 0.1255462248630197, 0.06721030672390986, 0.06721030672390986, 0.06721030672390986]
Timestep: 101, Trans probs: [0.29862694617654784, 0.06541207056596998, 0.2931916703981288, 0.06541207056596998, 0.08083637222925348, 0.0656967289321899, 0.06541207056596998, 0.06541207056596998]
Timestep: 102, Trans probs: [0.2663404068808826, 0.06549592813484832, 0.32715547952699126, 0.06549592813484832, 0.07877932534299474, 0.06574107570973804, 0.06549592813484832, 0.06549592813484832]
Timestep: 103, Trans probs: [0.238296158897706, 0.06564273255791167, 0.35621780263609987, 0.06564273255791167, 0.07706163765173278, 0.06585347058281461, 0.06564273255791167, 0.06564273255791167]
Timestep: 104, Trans probs: [0.13498931851043672, 0.06704232998080617, 0.4127107202953241, 0.06704232998080617, 0.11708831129020839, 0.06704232998080617, 0.06704232998080617, 0.06704232998080617]
Timestep: 105, Trans probs: [0.27973240605066185, 0.06590955379321757, 0.31484708128920313, 0.06590955379321757, 0.07569220307556053, 0.06609009441170426, 0.06590955379321757, 0.06590955379321757]
Timestep: 106, Trans probs: [0.24968744988145067, 0.0659853211718219, 0.3458409243734832, 0.0659853211718219, 0.07438991160082997, 0.06614042945694862, 0.0659853211718219, 0.0659853211718219]
Timestep: 107, Trans probs: [0.2235648842156988, 0.06616418530285131, 0.3721158344093769, 0.06616418530285131, 0.07336545410084734, 0.06629708606267164, 0.06616418530285131, 0.06616418530285131]
Timestep: 108, Trans probs: [0.12510454216814795, 0.06723077937820829, 0.4288841793604009, 0.06723077937820829, 0.10985738158040964, 0.06723077937820829, 0.06723077937820829, 0.06723077937820829]
Timestep: 109, Trans probs: [0.2672913463719261, 0.06647318043106204, 0.3276096947528625, 0.06647318043106204, 0.07261962297547948, 0.06658661417548392, 0.06647318043106204, 0.06647318043106204]
Timestep: 110, Trans probs: [0.11663101316859, 0.06765958382224396, 0.44134184651154185, 0.06765958382224396, 0.10372922120864825, 0.06765958382224396, 0.06765958382224396, 0.06765958382224396]
Timestep: 111, Trans probs: [0.30520392751034364, 0.06650012408463424, 0.29042741853945747, 0.06650012408463424, 0.07177076290382794, 0.06659739470783389, 0.06650012408463424, 0.06650012408463424]
Timestep: 112, Trans probs: [0.2712967175619742, 0.06649697474259653, 0.3251159502930257, 0.06649697474259653, 0.07101900354638407, 0.06658042962822999, 0.06649697474259653, 0.06649697474259653]
Timestep: 113, Trans probs: [0.2420666904543335, 0.06654191219116028, 0.35473468054659407, 0.06654191219116028, 0.07041754256138255, 0.06661343767304877, 0.06654191219116028, 0.06654191219116028]
Timestep: 114, Trans probs: [0.2167050832480287, 0.06670465015682801, 0.3796938448367755, 0.06670465015682801, 0.07001669669400187, 0.06676577459388182, 0.06670465015682801, 0.06670465015682801]
Timestep: 115, Trans probs: [0.18370499907310647, 0.07245564496563926, 0.381561131133058, 0.07245564496563926, 0.07245564496563926, 0.07245564496563926, 0.07245564496563926, 0.07245564496563926]
Timestep: 116, Trans probs: [0.10943052456516211, 0.06823545452128497, 0.4508147456655196, 0.06823545452128497, 0.09857745716289344, 0.06823545452128497, 0.06823545452128497, 0.06823545452128497]
Timestep: 117, Trans probs: [0.19468848554164978, 0.06700114577337507, 0.3334320941466937, 0.06700114577337507, 0.13682165948326355, 0.06705317773489272, 0.06700114577337507, 0.06700114577337507]
Timestep: 118, Trans probs: [0.17743692055240312, 0.06619753532496454, 0.36450590447572057, 0.06619753532496454, 0.12702416884593073, 0.06624286482608739, 0.06619753532496454, 0.06619753532496454]
Timestep: 119, Trans probs: [0.16212149124922431, 0.06589777502368174, 0.3898367087806507, 0.06589777502368174, 0.11851371416169151, 0.06593698571370644, 0.06589777502368174, 0.06589777502368174]
Timestep: 120, Trans probs: [0.14863473282955855, 0.06598895263242194, 0.41020646436373454, 0.06598895263242194, 0.11118036189657139, 0.06602263038044782, 0.06598895263242194, 0.06598895263242194]
Timestep: 121, Trans probs: [0.10336006857367895, 0.06888649158158014, 0.4579296580952772, 0.06888649158158014, 0.09427781542314313, 0.06888649158158014, 0.06888649158158014, 0.06888649158158014]
Timestep: 122, Trans probs: [0.20323099598203556, 0.06636502762346759, 0.35999960081845545, 0.06636502762346759, 0.1049155362963575, 0.06639375640928101, 0.06636502762346759, 0.06636502762346759]
Timestep: 123, Trans probs: [0.09827790589248152, 0.06955971712459366, 0.46321156711250744, 0.06955971712459366, 0.09071194137204279, 0.06955971712459366, 0.06955971712459366, 0.06955971712459366]
Timestep: 124, Trans probs: [0.1642667480693261, 0.07021813133555527, 0.39687225074879257, 0.07021813133555527, 0.087770344504105, 0.07021813133555527, 0.07021813133555527, 0.07021813133555527]
Timestep: 125, Trans probs: [0.2373761290453023, 0.0714310558736871, 0.3340375357125751, 0.0714310558736871, 0.0714310558736871, 0.0714310558736871, 0.0714310558736871, 0.0714310558736871]
Timestep: 126, Trans probs: [0.21249541310044298, 0.07031273318793638, 0.2953154545840024, 0.07031273318793638, 0.14062546637587275, 0.07031273318793638, 0.07031273318793638, 0.07031273318793638]
Timestep: 127, Trans probs: [0.25036984168153725, 0.06614536447766725, 0.31947429850285713, 0.06614536447766725, 0.09940425208742755, 0.06617014981750909, 0.06614536447766725, 0.06614536447766725]
Timestep: 128, Trans probs: [0.22535341949492882, 0.06580259016298698, 0.3510051326611176, 0.06580259016298698, 0.09460703125211944, 0.06582405593988622, 0.06580259016298698, 0.06580259016298698]
Timestep: 129, Trans probs: [0.20327807005239526, 0.06575642352349535, 0.3773374748649508, 0.06575642352349535, 0.09058383546806718, 0.06577492552060539, 0.06575642352349535, 0.06575642352349535]
Timestep: 130, Trans probs: [0.14968802743933013, 0.06969208821103959, 0.34753778113837663, 0.06969208821103959, 0.15431375036709524, 0.06969208821103959, 0.06969208821103959, 0.06969208821103959]
Timestep: 131, Trans probs: [0.2498254368358044, 0.06596751617714913, 0.33307031125383446, 0.06596751617714913, 0.08725081019122616, 0.06598337701053844, 0.06596751617714913, 0.06596751617714913]
Timestep: 132, Trans probs: [0.1931121178924532, 0.06851126720664964, 0.3342021804139415, 0.06851126720664964, 0.1301293656603571, 0.06851126720664964, 0.06851126720664964, 0.06851126720664964]
Timestep: 133, Trans probs: [0.22433513389159154, 0.06589089364670495, 0.29607352206760756, 0.06589089364670495, 0.15012320733062287, 0.0659045621233581, 0.06589089364670495, 0.06589089364670495]
Timestep: 134, Trans probs: [0.20398065352550354, 0.06503586292264447, 0.33192618932674195, 0.06503586292264447, 0.1389018562128867, 0.06504784924428987, 0.06503586292264447, 0.06503586292264447]
Timestep: 135, Trans probs: [0.18578406588916085, 0.06463724209850286, 0.36197781336840595, 0.06463724209850286, 0.1290414593018124, 0.06464769304660944, 0.06463724209850286, 0.06463724209850286]
Timestep: 136, Trans probs: [0.13788471409368963, 0.06842163435575219, 0.37810573414210763, 0.06842163435575219, 0.14190137998544178, 0.06842163435575219, 0.06842163435575219, 0.06842163435575219]
Timestep: 137, Trans probs: [0.19542347785647962, 0.06780360015091827, 0.33447979903191044, 0.06780360015091827, 0.13107872235701862, 0.06780360015091827, 0.06780360015091827, 0.06780360015091827]
Timestep: 138, Trans probs: [0.2342073863077625, 0.06463033264154561, 0.32220966494249875, 0.06463033264154561, 0.12042223212483417, 0.06463938605872212, 0.06463033264154561, 0.06463033264154561]
Timestep: 139, Trans probs: [0.21199732946962413, 0.06440669062004573, 0.35299641418494987, 0.06440669062004573, 0.11296492364358876, 0.06441457022165435, 0.06440669062004573, 0.06440669062004573]
Timestep: 140, Trans probs: [0.17792910690414337, 0.0668655977669358, 0.36581098579529236, 0.0668655977669358, 0.12193191846588526, 0.0668655977669358, 0.0668655977669358, 0.0668655977669358]
Timestep: 141, Trans probs: [0.2567334219452605, 0.0644887046326988, 0.3142950112549791, 0.0644887046326988, 0.10652122297005825, 0.06449552529890684, 0.0644887046326988, 0.0644887046326988]
Timestep: 142, Trans probs: [0.23128948114452166, 0.06442414683279188, 0.34567616519525085, 0.06442414683279188, 0.10090769926728628, 0.06443006706177368, 0.06442414683279188, 0.06442414683279188]
Timestep: 143, Trans probs: [0.16242112424157593, 0.06646531531904243, 0.39121120141028665, 0.06646531531904243, 0.11404109775292527, 0.06646531531904243, 0.06646531531904243, 0.06646531531904243]
Timestep: 144, Trans probs: [0.2152690362344844, 0.06647915741306053, 0.3450455981394169, 0.06647915741306053, 0.10728957856079614, 0.06647915741306053, 0.06647915741306053, 0.06647915741306053]
Timestep: 145, Trans probs: [0.27335786904699727, 0.0645811137669988, 0.3076232973450285, 0.0645811137669988, 0.09610814884390197, 0.06458622969607691, 0.0645811137669988, 0.0645811137669988]
Timestep: 146, Trans probs: [0.1758362660515583, 0.06742174255862882, 0.36601970577087567, 0.06742174255862882, 0.12103531538442196, 0.06742174255862882, 0.06742174255862882, 0.06742174255862882]
Timestep: 147, Trans probs: [0.24533742628591917, 0.0646245892872666, 0.27499687161261055, 0.0646245892872666, 0.15653832742284385, 0.06462901752955992, 0.0646245892872666, 0.0646245892872666]
Timestep: 148, Trans probs: [0.22274120554164473, 0.06395602551434927, 0.3127578056334576, 0.06395602551434927, 0.14471697033283024, 0.06395991643467029, 0.06395602551434927, 0.06395602551434927]
Timestep: 149, Trans probs: [0.20254896473401554, 0.06364312307446893, 0.34493893053609087, 0.06364312307446893, 0.13429308556657857, 0.06364652686543938, 0.06364312307446893, 0.06364312307446893]
Timestep: 150, Trans probs: [0.1844984167599179, 0.06366920037068967, 0.3720275483185435, 0.06366920037068967, 0.12512507223224056, 0.06367216120653933, 0.06366920037068967, 0.06366920037068967]
Timestep: 151, Trans probs: [0.16843400461330044, 0.06398562314942692, 0.39452540692733024, 0.06398562314942692, 0.1171099132773437, 0.0639881825843179, 0.06398562314942692, 0.06398562314942692]
Timestep: 152, Trans probs: [0.1542376290690443, 0.0645305626432633, 0.41295019971879615, 0.0645305626432633, 0.11015715978661705, 0.06453276085248934, 0.0645305626432633, 0.0645305626432633]
Timestep: 153, Trans probs: [0.19484758485742423, 0.06609936015893952, 0.37324290281324074, 0.06609936015893952, 0.10141271153463746, 0.06609936015893952, 0.06609936015893952, 0.06609936015893952]
Timestep: 154, Trans probs: [0.2428923124606334, 0.06608669397362248, 0.33021928914964366, 0.06608669397362248, 0.09645492852161058, 0.06608669397362248, 0.06608669397362248, 0.06608669397362248]
Timestep: 155, Trans probs: [0.2070365365554163, 0.06523987654293668, 0.362584197061955, 0.06523987654293668, 0.10417800769725045, 0.06524175251363157, 0.06523987654293668, 0.06523987654293668]
Timestep: 156, Trans probs: [0.1875925915610839, 0.06529624097859996, 0.3870451040620077, 0.06529624097859996, 0.09887948150242888, 0.06529785896007965, 0.06529624097859996, 0.06529624097859996]
Timestep: 157, Trans probs: [0.17045852057744884, 0.06561444929629047, 0.40706264649331336, 0.06561444929629047, 0.09440519936006961, 0.06561583638400635, 0.06561444929629047, 0.06561444929629047]
Timestep: 158, Trans probs: [0.15547085853483647, 0.06612909650445817, 0.42321964850096655, 0.06612909650445817, 0.0906628284498382, 0.06613027849652615, 0.06612909650445817, 0.06612909650445817]
Timestep: 159, Trans probs: [0.14246768090879086, 0.0667774751366207, 0.43608152626267965, 0.0667774751366207, 0.08756241576353231, 0.06677847651851439, 0.0667774751366207, 0.0667774751366207]
Timestep: 160, Trans probs: [0.13128012984723464, 0.06750410431337668, 0.4461811583379381, 0.06750410431337668, 0.08501734649072887, 0.06750494807059161, 0.06750410431337668, 0.06750410431337668]
Timestep: 161, Trans probs: [0.12173236721551621, 0.06826288401625279, 0.45400661147834853, 0.06826288401625279, 0.08294589382327545, 0.06826359141784845, 0.06826288401625279, 0.06826288401625279]
Timestep: 162, Trans probs: [0.21868670741934412, 0.065840037860628, 0.36002003369335733, 0.065840037860628, 0.0920930695841585, 0.065840037860628, 0.065840037860628, 0.065840037860628]
Timestep: 163, Trans probs: [0.16053898467251523, 0.06691083735049655, 0.3916946347893548, 0.06691083735049655, 0.11321219378564716, 0.06691083735049655, 0.06691083735049655, 0.06691083735049655]
Timestep: 164, Trans probs: [0.18266319862191016, 0.06901770995909866, 0.390974921353296, 0.06901770995909866, 0.08127273980351053, 0.06901830038488878, 0.06901770995909866, 0.06901770995909866]
Timestep: 165, Trans probs: [0.1654937801578187, 0.06874971418283203, 0.41157497739742605, 0.06874971418283203, 0.07918216891326939, 0.06875021680015776, 0.06874971418283203, 0.06874971418283203]
Timestep: 166, Trans probs: [0.15066744168375779, 0.06879905958466295, 0.42770944909142977, 0.06879905958466295, 0.07762738596825511, 0.06879948491790543, 0.06879905958466295, 0.06879905958466295]
Timestep: 167, Trans probs: [0.1379684453462973, 0.06906749436537314, 0.44019625487397385, 0.06906749436537314, 0.07649746998970161, 0.06906785232853474, 0.06906749436537314, 0.06906749436537314]
Timestep: 168, Trans probs: [0.12717587568072403, 0.06947541948375471, 0.4497491441330038, 0.06947541948375471, 0.075697582994601, 0.06947571925665237, 0.06947541948375471, 0.06947541948375471]
Timestep: 169, Trans probs: [0.11806901960541069, 0.06996101049884922, 0.4569769112738177, 0.06996101049884922, 0.07514876668955382, 0.06996126043582095, 0.06996101049884922, 0.06996101049884922]
Timestep: 170, Trans probs: [0.11043377600448946, 0.07047821443538008, 0.46238809770965034, 0.07047821443538008, 0.07478684652664147, 0.07047842201769844, 0.07047821443538008, 0.07047821443538008]
Timestep: 171, Trans probs: [0.10406825216062654, 0.07099429964808579, 0.4663992284945319, 0.07099429964808579, 0.07456084927432259, 0.07099447147817578, 0.07099429964808579, 0.07099429964808579]
Timestep: 172, Trans probs: [0.09878684622376101, 0.07148733334823175, 0.46934515241323294, 0.07148733334823175, 0.0744311927918754, 0.0714874751782036, 0.07148733334823175, 0.07148733334823175]
Timestep: 173, Trans probs: [0.09442267769370027, 0.07194380484651518, 0.471490353624671, 0.07194380484651518, 0.0743678276638955, 0.0719439216316724, 0.07194380484651518, 0.07194380484651518]
Timestep: 174, Trans probs: [0.09082852733713934, 0.07235651854490265, 0.4730403252110216, 0.07235651854490265, 0.0743484587591487, 0.07235661451307977, 0.07235651854490265, 0.07235651854490265]
Timestep: 175, Trans probs: [0.08787659212356297, 0.07272281574649282, 0.474152318049102, 0.07272281574649282, 0.07435693236600549, 0.07272289447535832, 0.07272281574649282, 0.07272281574649282]
Timestep: 176, Trans probs: [0.08545740129733771, 0.07304313755024835, 0.47494500928295996, 0.07304313755024835, 0.07438183717226657, 0.07304320204644234, 0.07304313755024835, 0.07304313755024835]
Timestep: 177, Trans probs: [0.08347821488717756, 0.07331990919964909, 0.4755068501157748, 0.07331990919964909, 0.0744153362230542, 0.07331996197539702, 0.07331990919964909, 0.07331990919964909]
Timestep: 178, Trans probs: [0.14711298323930974, 0.0668433761467659, 0.4121315208392245, 0.0668433761467659, 0.10653861518763637, 0.0668433761467659, 0.0668433761467659, 0.0668433761467659]
Timestep: 179, Trans probs: [0.08186116741769897, 0.0735567072969233, 0.40234632189133773, 0.0735567072969233, 0.14800893106193794, 0.07355675044133217, 0.0735567072969233, 0.0735567072969233]
Timestep: 180, Trans probs: [0.07945859484825452, 0.07243463410326954, 0.4229614394835557, 0.07243463410326954, 0.13540675866004975, 0.0724346705950619, 0.07243463410326954, 0.07243463410326954]
Timestep: 181, Trans probs: [0.19735204886894797, 0.06587752950882564, 0.31892310563512144, 0.06587752950882564, 0.15433719795180242, 0.06587752950882564, 0.06587752950882564, 0.06587752950882564]
Timestep: 182, Trans probs: [0.2452910968901258, 0.06513303102142204, 0.2865187136125234, 0.06513303102142204, 0.1425250343902406, 0.06513303102142204, 0.06513303102142204, 0.06513303102142204]
Timestep: 183, Trans probs: [0.1496232438150464, 0.07186149775123075, 0.3663100670199982, 0.07186149775123075, 0.12475916975506593, 0.07186152840496646, 0.07186149775123075, 0.07186149775123075]
Timestep: 184, Trans probs: [0.13741710270124427, 0.07040872093576507, 0.394547883105048, 0.07040872093576507, 0.11599138310013057, 0.0704087473505169, 0.07040872093576507, 0.07040872093576507]
Timestep: 185, Trans probs: [0.1269000076013912, 0.06965822701577114, 0.41621170670364094, 0.06965822701577114, 0.10859712805136153, 0.06965824958052183, 0.06965822701577114, 0.06965822701577114]
Timestep: 186, Trans probs: [0.2223632162104022, 0.0644737156623473, 0.32296857983254695, 0.0644737156623473, 0.13229962564531433, 0.0644737156623473, 0.0644737156623473, 0.0644737156623473]
Timestep: 187, Trans probs: [0.1873430848942722, 0.06940842210649308, 0.36319623569689335, 0.06940842210649308, 0.1024185497472905, 0.06940844123557172, 0.06940842210649308, 0.06940842210649308]
Timestep: 188, Trans probs: [0.17009994028269815, 0.06856994757659197, 0.3900619272842423, 0.06856994757659197, 0.09698837808186911, 0.0685699640448225, 0.06856994757659197, 0.06856994757659197]
Timestep: 189, Trans probs: [0.1550171642310439, 0.06823916287417646, 0.41125852328120105, 0.06823916287417646, 0.09252848404142469, 0.06823917694962446, 0.06823916287417646, 0.06823916287417646]
Timestep: 190, Trans probs: [0.20189590576529304, 0.06418630946866145, 0.3538291772649396, 0.06418630946866145, 0.1233433696264601, 0.06418630946866145, 0.06418630946866145, 0.06418630946866145]
Timestep: 191, Trans probs: [0.24788529406214962, 0.06423851068282699, 0.31538843394535704, 0.06423851068282699, 0.11553371857835838, 0.06423851068282699, 0.06423851068282699, 0.06423851068282699]
Timestep: 192, Trans probs: [0.21022613162104026, 0.06827706243661745, 0.35949055248474143, 0.06827706243661745, 0.08889799176148384, 0.06827707438626462, 0.06827706243661745, 0.06827706243661745]
Timestep: 193, Trans probs: [0.18973484367641408, 0.06779966855661991, 0.38575362209928843, 0.06779966855661991, 0.08551318117637303, 0.06779967882144469, 0.06779966855661991, 0.06779966855661991]
Timestep: 194, Trans probs: [0.17181060153882197, 0.06769810194968852, 0.4068763639520664, 0.06769810194968852, 0.08282251599620415, 0.06769811071415345, 0.06769810194968852, 0.06769810194968852]
Timestep: 195, Trans probs: [0.156247881739138, 0.06787772781305401, 0.42364821912537354, 0.06787772781305401, 0.08071525263098578, 0.06787773525228674, 0.06787772781305401, 0.06787772781305401]
Timestep: 196, Trans probs: [0.1428432645424396, 0.06825382083842604, 0.4367982019432263, 0.06825382083842604, 0.0790894230430677, 0.06825382711756221, 0.06825382083842604, 0.06825382083842604]
Timestep: 197, Trans probs: [0.13138885219447963, 0.0687550667241413, 0.44698193744800313, 0.0687550667241413, 0.07785387146413338, 0.06875507199681864, 0.0687550667241413, 0.0687550667241413]
Timestep: 198, Trans probs: [0.22388167475334597, 0.06412774753621246, 0.3467302531007127, 0.06412774753621246, 0.10874933446487908, 0.06412774753621246, 0.06412774753621246, 0.06412774753621246]
Timestep: 199, Trans probs: [0.2668368187782443, 0.06426989685012112, 0.30891543690022044, 0.06426989685012112, 0.10289826007092973, 0.06426989685012112, 0.06426989685012112, 0.06426989685012112]
Timestep: 200, Trans probs: [0.19099866292914394, 0.06932433244320488, 0.38545045819813745, 0.06932433244320488, 0.07692921224973324, 0.06932433685016585, 0.06932433244320488, 0.06932433244320488]
Timestep: 201, Trans probs: [0.23998081734297932, 0.06429142347141988, 0.3407676707811239, 0.06429142347141988, 0.09779439451879743, 0.06429142347141988, 0.06429142347141988, 0.06429142347141988]
Timestep: 202, Trans probs: [0.24154116587457394, 0.0689842504155861, 0.3380798369992136, 0.0689842504155861, 0.07545774129695089, 0.06898425416691714, 0.0689842504155861, 0.0689842504155861]
Timestep: 203, Trans probs: [0.2162738591315921, 0.06449078185607084, 0.36783727768275104, 0.06449078185607084, 0.0934349539053026, 0.06449078185607084, 0.06449078185607084, 0.06449078185607084]
Timestep: 204, Trans probs: [0.28481397853173457, 0.06840299447330425, 0.29921551607252717, 0.06840299447330425, 0.07395552981157165, 0.06840299769094965, 0.06840299447330425, 0.06840299447330425]
Timestep: 205, Trans probs: [0.253831503427009, 0.06788454842226743, 0.3340902946112511, 0.06788454842226743, 0.07265545708570327, 0.06788455118696704, 0.06788454842226743, 0.06788454842226743]
Timestep: 206, Trans probs: [0.22697362001126423, 0.06759610172917925, 0.36336056028328717, 0.06759610172917925, 0.07168530868989294, 0.0675961040988387, 0.06759610172917925, 0.06759610172917925]
Timestep: 207, Trans probs: [0.20362282035659732, 0.06754494788325063, 0.3876160908477955, 0.06754494788325063, 0.07103634735611886, 0.06754494990648591, 0.06754494788325063, 0.06754494788325063]
Timestep: 208, Trans probs: [0.1833620889795556, 0.06770346897211542, 0.407449600183341, 0.06770346897211542, 0.07067096425688876, 0.06770347069175282, 0.06770346897211542, 0.06770346897211542]
Timestep: 209, Trans probs: [0.1658650015407363, 0.06802908527890564, 0.4234502736394851, 0.06802908527890564, 0.07053929697060475, 0.06802908673355122, 0.06802908527890564, 0.06802908527890564]
Timestep: 210, Trans probs: [0.1508456271900397, 0.0684755818641245, 0.43618748218518794, 0.0684755818641245, 0.07058898007945419, 0.06847558308882015, 0.0684755818641245, 0.0684755818641245]
Timestep: 211, Trans probs: [0.13803747422099366, 0.06899938678908821, 0.4461948686959089, 0.06899938678908821, 0.07077072211118327, 0.06899938781556143, 0.06899938678908821, 0.06899938678908821]
Timestep: 212, Trans probs: [0.1271865985682124, 0.06956279407709638, 0.45395816119974974, 0.06956279407709638, 0.0710412689897928, 0.06956279493385958, 0.06956279407709638, 0.06956279407709638]
Timestep: 213, Trans probs: [0.1953605681105735, 0.06487057287126227, 0.3905322926002979, 0.06487057287126227, 0.08975427493281732, 0.06487057287126227, 0.06487057287126227, 0.06487057287126227]
Timestep: 214, Trans probs: [0.2423972248727389, 0.06540643515615503, 0.34388566058918935, 0.06540643515615503, 0.08668493875729662, 0.06540643515615503, 0.06540643515615503, 0.06540643515615503]
Timestep: 215, Trans probs: [0.09161644008928718, 0.09161644008928718, 0.2699866891126414, 0.09161644008928718, 0.09161644008928718, 0.1803146703516355, 0.09161644008928718, 0.09161644008928718]
Timestep: 216, Trans probs: [0.18818660950187527, 0.07013529546960967, 0.3897722182501533, 0.07013529546960967, 0.07136469418749726, 0.07013529618203541, 0.07013529546960967, 0.07013529546960967]
Timestep: 217, Trans probs: [0.08517700804128182, 0.08517700804128182, 0.3262423182746295, 0.08517700804128182, 0.08517700804128182, 0.16269563347767962, 0.08517700804128182, 0.08517700804128182]
Timestep: 218, Trans probs: [0.16990099298920103, 0.06972845307209138, 0.3409566276052842, 0.06972845307209138, 0.0707716603684369, 0.13945690674871222, 0.06972845307209138, 0.06972845307209138]
Timestep: 219, Trans probs: [0.15550174119428908, 0.06838332653755604, 0.3726493470262074, 0.06838332653755604, 0.06929058680959427, 0.12902501881968512, 0.06838332653755604, 0.06838332653755604]
Timestep: 220, Trans probs: [0.14284476825530726, 0.06770480216638254, 0.3978402115885686, 0.06770480216638254, 0.06848731762357255, 0.12000849386702146, 0.06770480216638254, 0.06770480216638254]
Timestep: 221, Trans probs: [0.1318309539439712, 0.06752569469504292, 0.4175833653164615, 0.06752569469504292, 0.06819537638323193, 0.1122875255761638, 0.06752569469504292, 0.06752569469504292]
Timestep: 222, Trans probs: [0.13544057573293272, 0.06709663306972416, 0.4281819128751949, 0.06709663306972416, 0.10089434604325148, 0.06709663306972416, 0.06709663306972416, 0.06709663306972416]
Timestep: 223, Trans probs: [0.125, 0.125, 0.125, 0.125, 0.125, 0.125, 0.125, 0.125]
Timestep: 224, Trans probs: [0.08061982553543273, 0.08061982553543273, 0.36888829101675236, 0.08061982553543273, 0.08061982553543273, 0.14739275577065122, 0.08061982553543273, 0.08061982553543273]
Timestep: 225, Trans probs: [0.21785304083629903, 0.06551848522972875, 0.30520332487553026, 0.06551848522972875, 0.0838327229097982, 0.1310369704594575, 0.06551848522972875, 0.06551848522972875]
Timestep: 226, Trans probs: [0.1223417405298575, 0.06770080845196297, 0.36514891187578485, 0.06770080845196297, 0.13597065327926341, 0.10573546050724239, 0.06770080845196297, 0.06770080845196297]
Timestep: 227, Trans probs: [0.11433781464088542, 0.06679331645359232, 0.3924039750763704, 0.06679331645359232, 0.12619668660495006, 0.09988825786342483, 0.06679331645359232, 0.06679331645359232]
Timestep: 228, Trans probs: [0.10749411311264885, 0.06649827646767599, 0.4137584050886059, 0.06649827646767599, 0.11771957339445234, 0.09503480253358895, 0.06649827646767599, 0.06649827646767599]
Timestep: 229, Trans probs: [0.12538731114695173, 0.13513216366146627, 0.3730561362929042, 0.06756608183073314, 0.0961600615757453, 0.06756608183073314, 0.06756608183073314, 0.06756608183073314]
Timestep: 230, Trans probs: [0.11698155633601715, 0.1254330006129673, 0.3317779600518304, 0.06683478429786475, 0.15846834580772612, 0.06683478429786475, 0.06683478429786475, 0.06683478429786475]
Timestep: 231, Trans probs: [0.10169960979999855, 0.06664209122614576, 0.36360098767495413, 0.06664209122614576, 0.1770859856436282, 0.0910450519768359, 0.06664209122614576, 0.06664209122614576]
Timestep: 232, Trans probs: [0.10974206206497542, 0.11717979023510942, 0.36438470722567873, 0.06561018983022754, 0.1462526811533262, 0.06561018983022754, 0.06561018983022754, 0.06561018983022754]
Timestep: 233, Trans probs: [0.19856639250298241, 0.0646212848715444, 0.33999325277850206, 0.0646212848715444, 0.08072467341314483, 0.12223054181919317, 0.0646212848715444, 0.0646212848715444]
Timestep: 234, Trans probs: [0.16862843511550563, 0.11004591455938412, 0.32564632131997895, 0.06506935438765409, 0.1354019114545149, 0.06506935438765409, 0.06506935438765409, 0.06506935438765409]
Timestep: 235, Trans probs: [0.15547327625771126, 0.10379337887153389, 0.2939901609838964, 0.064116287609619, 0.19027803344838237, 0.064116287609619, 0.064116287609619, 0.064116287609619]
Timestep: 236, Trans probs: [0.18122045593939176, 0.06423774000204076, 0.30473745864356083, 0.06423774000204076, 0.14253958552239826, 0.11455153988648606, 0.06423774000204076, 0.06423774000204076]
Timestep: 237, Trans probs: [0.09652425010719622, 0.06611429921873128, 0.3237054187349967, 0.06611429921873128, 0.2280309695633931, 0.08728216471948881, 0.06611429921873128, 0.06611429921873128]
Timestep: 238, Trans probs: [0.09199220906721987, 0.06548385747634738, 0.3555098718232515, 0.06548385747634738, 0.20662660517962572, 0.08393588402451344, 0.06548385747634738, 0.06548385747634738]
Timestep: 239, Trans probs: [0.0882498103820312, 0.06529023431956446, 0.3817795789898698, 0.06529023431956446, 0.18753765662532518, 0.08127201672451595, 0.06529023431956446, 0.06529023431956446]
Timestep: 240, Trans probs: [0.08520067546071143, 0.06544715116947239, 0.40318939789531805, 0.06544715116947239, 0.17062406817735365, 0.07919725378872729, 0.06544715116947239, 0.06544715116947239]
Timestep: 241, Trans probs: [0.08274998924932303, 0.06586654802519325, 0.4204031727126242, 0.06586654802519325, 0.15576181280208706, 0.07761883313519279, 0.06586654802519325, 0.06586654802519325]
Timestep: 242, Trans probs: [0.16696989308434732, 0.06320106101037817, 0.3397359869219087, 0.06320106101037817, 0.13265825384248228, 0.10783162210974907, 0.06320106101037817, 0.06320106101037817]
Timestep: 243, Trans probs: [0.20723679517236462, 0.09829080636373246, 0.26713310814377444, 0.06306848902378485, 0.1750653342249891, 0.06306848902378485, 0.06306848902378485, 0.06306848902378485]
Timestep: 244, Trans probs: [0.1472742266871566, 0.0664672276743318, 0.3675891412492053, 0.0664672276743318, 0.14281881525658324, 0.07644890610972763, 0.0664672276743318, 0.0664672276743318]
Timestep: 245, Trans probs: [0.1540932793023956, 0.06276374702578406, 0.3061490192397425, 0.06276374702578406, 0.18665849849498986, 0.10204421485973576, 0.06276374702578406, 0.06276374702578406]
Timestep: 246, Trans probs: [0.2020577309800784, 0.06598921988148011, 0.3271350430288082, 0.06598921988148011, 0.13220458744161812, 0.0746457590235749, 0.06598921988148011, 0.06598921988148011]
Timestep: 247, Trans probs: [0.18420962564618723, 0.065254086825204, 0.3588103859148561, 0.065254086825204, 0.12314172491832642, 0.07282191621981421, 0.065254086825204, 0.065254086825204]
Timestep: 248, Trans probs: [0.16827018237653757, 0.06501143678703623, 0.3848429139381534, 0.06501143678703623, 0.11526050424433455, 0.07158065229282957, 0.06501143678703623, 0.06501143678703623]
Timestep: 249, Trans probs: [0.154146196935252, 0.06515656007130333, 0.405947758611738, 0.06515656007130333, 0.10846181465529554, 0.07081798951250125, 0.06515656007130333, 0.06515656007130333]
Timestep: 250, Trans probs: [0.14302485058974693, 0.06208080973939215, 0.33987045894588913, 0.06208080973939215, 0.1718869324040118, 0.0968945191027836, 0.06208080973939215, 0.06208080973939215]
Timestep: 251, Trans probs: [0.20733252554004958, 0.06558788217778622, 0.35723480687188924, 0.06558788217778622, 0.1026482416489479, 0.0704328972279684, 0.06558788217778622, 0.06558788217778622]
Timestep: 252, Trans probs: [0.1331219195181597, 0.06190138424790287, 0.36822258373087463, 0.06190138424790287, 0.15851690714456354, 0.09253305261479071, 0.06190138424790287, 0.06190138424790287]
Timestep: 253, Trans probs: [0.19047730086070913, 0.09345289699201328, 0.30590420298481175, 0.06208483672514763, 0.1618262522618752, 0.06208483672514763, 0.06208483672514763, 0.06208483672514763]
Timestep: 254, Trans probs: [0.12432452739654248, 0.06213763513902524, 0.32960492327658486, 0.06213763513902524, 0.2086360391206217, 0.08888396965015007, 0.06213763513902524, 0.06213763513902524]
Timestep: 255, Trans probs: [0.2534459977437131, 0.06546298995482416, 0.31755425469100357, 0.06546298995482416, 0.0974969052805615, 0.06965088246542517, 0.06546298995482416, 0.06546298995482416]
Timestep: 256, Trans probs: [0.23687019577419563, 0.08936794508927175, 0.27747938214524076, 0.06159362350115989, 0.14990798298665237, 0.06159362350115989, 0.06159362350115989, 0.06159362350115989]
Timestep: 257, Trans probs: [0.11665129465836142, 0.06204454455295724, 0.35895400733041893, 0.06204454455295724, 0.1906858296639134, 0.08553069013547732, 0.06204454455295724, 0.06204454455295724]
Timestep: 258, Trans probs: [0.17223494201101142, 0.06230444031958174, 0.3212582925233289, 0.06230444031958174, 0.1745007846876648, 0.08278821949966808, 0.06230444031958174, 0.06230444031958174]
Timestep: 259, Trans probs: [0.22087546402732608, 0.06200070845020329, 0.29019859071311016, 0.06200070845020329, 0.1608714839360676, 0.08005162752268306, 0.06200070845020329, 0.06200070845020329]
Timestep: 260, Trans probs: [0.2282287165116656, 0.0652202707724478, 0.28381984385315445, 0.0652202707724478, 0.15821857749405116, 0.06885177905133773, 0.0652202707724478, 0.0652202707724478]
Timestep: 261, Trans probs: [0.2077781286930183, 0.06435945231939276, 0.3210479663932333, 0.06435945231939276, 0.1461815566558671, 0.06755453898031019, 0.06435945231939276, 0.06435945231939276]
Timestep: 262, Trans probs: [0.20203770894647782, 0.06161596507710551, 0.3249250465857888, 0.06161596507710551, 0.149003081180033, 0.07757030297927826, 0.06161596507710551, 0.06161596507710551]
Timestep: 263, Trans probs: [0.2466015692839324, 0.061593647342869096, 0.29301150610226834, 0.061593647342869096, 0.13839669255432563, 0.0756156426879973, 0.061593647342869096, 0.061593647342869096]
Timestep: 264, Trans probs: [0.25338718838140417, 0.06394114731692899, 0.28856785214808084, 0.06394114731692899, 0.13554322014737047, 0.06673715005542857, 0.06394114731692899, 0.06394114731692899]
Timestep: 265, Trans probs: [0.22429519754070376, 0.061524217482792555, 0.32665113088241376, 0.061524217482792555, 0.12909595608371202, 0.07386084556200026, 0.061524217482792555, 0.061524217482792555]
Timestep: 266, Trans probs: [0.293088330832202, 0.0635663741369152, 0.26034037611109284, 0.0635663741369152, 0.12629011141954727, 0.06601568508949712, 0.0635663741369152, 0.0635663741369152]
Timestep: 267, Trans probs: [0.26398062691911206, 0.06338574964827223, 0.2987457075353884, 0.06338574964827223, 0.11820429756995068, 0.0655263693824599, 0.06338574964827223, 0.06338574964827223]
Timestep: 268, Trans probs: [0.20421607656110424, 0.061714312525070654, 0.3555403493847424, 0.061714312525070654, 0.12087161406731668, 0.07251470988655424, 0.061714312525070654, 0.061714312525070654]
Timestep: 269, Trans probs: [0.30162338579520664, 0.0633542972612001, 0.268583555694441, 0.0633542972612001, 0.11115499385951048, 0.06522087560604158, 0.0633542972612001, 0.0633542972612001]
Timestep: 270, Trans probs: [0.18617549122250593, 0.06215141003374056, 0.3800295087675757, 0.06215141003374056, 0.1136380005262523, 0.07155135934870381, 0.06215141003374056, 0.06215141003374056]
Timestep: 271, Trans probs: [0.23285358815506157, 0.06279797744487961, 0.3377030782145656, 0.06279797744487961, 0.10732424837706743, 0.07092717547378698, 0.06279797744487961, 0.06279797744487961]
Timestep: 272, Trans probs: [0.2739158280159711, 0.06305374889990689, 0.30199478555832776, 0.06305374889990689, 0.10175493452826705, 0.07011945629780654, 0.06305374889990689, 0.06305374889990689]
Timestep: 273, Trans probs: [0.3098340510223465, 0.06322130359264014, 0.2710336418205754, 0.06322130359264014, 0.09688058619264073, 0.06936650659387687, 0.06322130359264014, 0.06322130359264014]
Timestep: 274, Trans probs: [0.33419560771564727, 0.06342794492697187, 0.2420166859270098, 0.06342794492697187, 0.1050237012513263, 0.06505222539812901, 0.06342794492697187, 0.06342794492697187]
Timestep: 275, Trans probs: [0.2983728101810819, 0.06367030557878395, 0.2821420537478278, 0.06367030557878395, 0.09972567529910481, 0.06507823845684964, 0.06367030557878395, 0.06367030557878395]
Timestep: 276, Trans probs: [0.15509978772059016, 0.07754989386029508, 0.32279387504022117, 0.07754989386029508, 0.07754989386029508, 0.1343568679377133, 0.07754989386029508, 0.07754989386029508]
Timestep: 277, Trans probs: [0.2673713719131885, 0.06383488112759039, 0.25329588851424417, 0.06383488112759039, 0.09510247854537938, 0.1288907365168264, 0.06383488112759039, 0.06383488112759039]
Timestep: 278, Trans probs: [0.24302340667379846, 0.0630313413214262, 0.2936074697797535, 0.0630313413214262, 0.09068200689059285, 0.12056175137015043, 0.0630313413214262, 0.0630313413214262]
Timestep: 279, Trans probs: [0.2211283020492641, 0.06259488142884688, 0.32827661719401785, 0.06259488142884688, 0.08694903607743905, 0.11326651896389153, 0.06259488142884688, 0.06259488142884688]
Timestep: 280, Trans probs: [0.27747887279495265, 0.06345297920113974, 0.3072584416076789, 0.06345297920113974, 0.09266459989501809, 0.06878616889779142, 0.06345297920113974, 0.06345297920113974]
Timestep: 281, Trans probs: [0.26390524040948, 0.06252611964699505, 0.2952259895431694, 0.06252611964699505, 0.08385693714499498, 0.10690735431437541, 0.06252611964699505, 0.06252611964699505]
Timestep: 282, Trans probs: [0.2776475099661948, 0.08578204986944989, 0.2524557983940596, 0.061172965146753036, 0.1394227811832835, 0.061172965146753036, 0.061172965146753036, 0.061172965146753036]
Timestep: 283, Trans probs: [0.2491567724948439, 0.06370722116999007, 0.3386674494160747, 0.06370722116999007, 0.08901856018690686, 0.06832833322221413, 0.06370722116999007, 0.06370722116999007]
Timestep: 284, Trans probs: [0.23885879870401716, 0.06247014935722204, 0.26629274823812626, 0.06247014935722204, 0.14362403352115655, 0.10134382210781202, 0.06247014935722204, 0.06247014935722204]
Timestep: 285, Trans probs: [0.22420237927225906, 0.06406500170780582, 0.3655606662092963, 0.06406500170780582, 0.08592157361028345, 0.06805537407693796, 0.06406500170780582, 0.06406500170780582]
Timestep: 286, Trans probs: [0.2801717104682985, 0.06172851560949794, 0.24281722696177713, 0.06172851560949794, 0.13383068870104065, 0.09626631143089188, 0.06172851560949794, 0.06172851560949794]
Timestep: 287, Trans probs: [0.31324183640130565, 0.08272295193423038, 0.23000404682134226, 0.06097715828518832, 0.1301225317023683, 0.06097715828518832, 0.06097715828518832, 0.06097715828518832]
Timestep: 288, Trans probs: [0.28292947826225706, 0.08018432253155916, 0.2097204713295555, 0.06105853884552728, 0.18293157249451922, 0.06105853884552728, 0.06105853884552728, 0.06105853884552728]
Timestep: 289, Trans probs: [0.25472345597338, 0.0613154614270582, 0.22165007162290898, 0.0613154614270582, 0.18646965543208038, 0.09189497126339781, 0.0613154614270582, 0.0613154614270582]
Timestep: 290, Trans probs: [0.23296015373673476, 0.06068922988702885, 0.2641905058237176, 0.06068922988702885, 0.17216563847853983, 0.08792678241289252, 0.06068922988702885, 0.06068922988702885]
Timestep: 291, Trans probs: [0.21339386506192543, 0.060314304312016, 0.3014593909539174, 0.060314304312016, 0.15937199367608834, 0.08451753306000484, 0.060314304312016, 0.060314304312016]
Timestep: 292, Trans probs: [0.19565332998335516, 0.06025337135894432, 0.3338012844179159, 0.06025337135894432, 0.14787060108981204, 0.08166129907313968, 0.06025337135894432, 0.06025337135894432]
Timestep: 293, Trans probs: [0.1795616812303366, 0.060505625640569154, 0.3615396522827491, 0.060505625640569154, 0.13754672579625984, 0.07932943812837785, 0.060505625640569154, 0.060505625640569154]
Timestep: 294, Trans probs: [0.16502907283993634, 0.06103593077981906, 0.3850192113811281, 0.06103593077981906, 0.12832982887908592, 0.07747816378057325, 0.06103593077981906, 0.06103593077981906]
Timestep: 295, Trans probs: [0.15199823621273736, 0.06179195392754688, 0.40461520171396137, 0.06179195392754688, 0.12016438356818723, 0.07605436279492672, 0.06179195392754688, 0.06179195392754688]
Timestep: 296, Trans probs: [0.14041628806366888, 0.06271476020618287, 0.42072924303981246, 0.06271476020618287, 0.11299537096776827, 0.07500005710401887, 0.06271476020618287, 0.06271476020618287]
Timestep: 297, Trans probs: [0.20220672346551655, 0.06455070289869982, 0.38827071420398296, 0.06455070289869982, 0.08333887563567755, 0.06798087510002382, 0.06455070289869982, 0.06455070289869982]
Timestep: 298, Trans probs: [0.24804259461230715, 0.06515646353383674, 0.342016488628178, 0.06515646353383674, 0.08122496036374395, 0.06809010226042408, 0.06515646353383674, 0.06515646353383674]
Timestep: 299, Trans probs: [0.193966358160084, 0.06374565416619273, 0.37003346138992654, 0.06374565416619273, 0.10676161791756042, 0.07425594586765814, 0.06374565416619273, 0.06374565416619273]
Timestep: 300, Trans probs: [0.17666780477830804, 0.06400357366667782, 0.39300095585514006, 0.06400357366667782, 0.10122008634810935, 0.07309685835173141, 0.06400357366667782, 0.06400357366667782]
Timestep: 301, Trans probs: [0.22268882102941215, 0.06534653991361263, 0.3688838471710334, 0.06534653991361263, 0.0791707371362812, 0.06787043500882271, 0.06534653991361263, 0.06534653991361263]
Timestep: 302, Trans probs: [0.2258544922750523, 0.0645110877772672, 0.34727677479224583, 0.0645110877772672, 0.09649782489555332, 0.0723265569280796, 0.0645110877772672, 0.0645110877772672]
Timestep: 303, Trans probs: [0.2042166003062655, 0.06457551990392854, 0.37388187438016673, 0.06457551990392854, 0.09225971650091014, 0.07133972919694341, 0.06457551990392854, 0.06457551990392854]
Timestep: 304, Trans probs: [0.1850587175050577, 0.06489030361011024, 0.3959548155401948, 0.06489030361011024, 0.08871399492952733, 0.07071125758477927, 0.06489030361011024, 0.06489030361011024]
Timestep: 305, Trans probs: [0.16820152550828932, 0.06540389183171239, 0.4140157192400338, 0.06540389183171239, 0.08578378213481852, 0.07038340579000889, 0.06540389183171239, 0.06540389183171239]
Timestep: 306, Trans probs: [0.15348183844354948, 0.06606070879195641, 0.4285877726152524, 0.06606070879195641, 0.08339216836697426, 0.07029538540639824, 0.06606070879195641, 0.06606070879195641]
Timestep: 307, Trans probs: [0.1407342421260493, 0.0668079038399253, 0.44018126233464366, 0.0668079038399253, 0.08146398697041485, 0.07038889320919112, 0.0668079038399253, 0.0668079038399253]
Timestep: 308, Trans probs: [0.12978569942459992, 0.0675991214589862, 0.4492786100321789, 0.0675991214589862, 0.07992776747871984, 0.07061143722855653, 0.0675991214589862, 0.0675991214589862]
Timestep: 309, Trans probs: [0.2004696668707408, 0.06568932180243651, 0.39139052803376234, 0.06568932180243651, 0.07753121235309073, 0.06785130553266004, 0.06568932180243651, 0.06568932180243651]
Timestep: 310, Trans probs: [0.18885320644039022, 0.06839631391953598, 0.38792595625430304, 0.06839631391953598, 0.0787174550106743, 0.07091812661648841, 0.06839631391953598, 0.06839631391953598]
Timestep: 311, Trans probs: [0.17089210033122368, 0.0682292113428307, 0.40878685083132277, 0.0682292113428307, 0.07702570392950134, 0.07037849953662936, 0.0682292113428307, 0.0682292113428307]
Timestep: 312, Trans probs: [0.1553417947021534, 0.06835227861288885, 0.4252698270279505, 0.06835227861288885, 0.07580582527358914, 0.0701734385447514, 0.06835227861288885, 0.06835227861288885]
Timestep: 313, Trans probs: [0.14198478059334177, 0.06867747092929072, 0.4381344659031562, 0.06867747092929072, 0.07495868132929709, 0.07021218845704215, 0.06867747092929072, 0.06867747092929072]
Timestep: 314, Trans probs: [0.13060039040617907, 0.06913171142434024, 0.4480556321893008, 0.06913171142434024, 0.07439854917169132, 0.07041858253546787, 0.06913171142434024, 0.06913171142434024]
Timestep: 315, Trans probs: [0.18106142255917046, 0.06617040707637163, 0.4099787910322774, 0.06617040707637163, 0.07626480793215912, 0.0680133501709066, 0.06617040707637163, 0.06617040707637163]
Timestep: 316, Trans probs: [0.1906248672936774, 0.06965711064211257, 0.38596179597021396, 0.06965711064211257, 0.07405357485315242, 0.070731319314506, 0.06965711064211257, 0.06965711064211257]
Timestep: 317, Trans probs: [0.16420197216132232, 0.0667602223937168, 0.4251123536643459, 0.0667602223937168, 0.07532151918537769, 0.06832326541408683, 0.0667602223937168, 0.0667602223937168]
Timestep: 318, Trans probs: [0.2414278648345599, 0.06926967702474877, 0.3383010199923306, 0.06926967702474877, 0.07300906732109569, 0.0701833397530187, 0.06926967702474877, 0.06926967702474877]
Timestep: 319, Trans probs: [0.21622323561209053, 0.06864621124920199, 0.367910818060098, 0.06864621124920199, 0.07185168233301696, 0.06942941899798656, 0.06864621124920199, 0.06864621124920199]
Timestep: 320, Trans probs: [0.19429156692891647, 0.06836908237130583, 0.3920905340729488, 0.06836908237130583, 0.07110420245381281, 0.06903736705909852, 0.06836908237130583, 0.06836908237130583]
Timestep: 321, Trans probs: [0.17528129828741718, 0.06837400249842233, 0.41158522022409666, 0.06837400249842233, 0.07069610003887561, 0.06894137145592114, 0.06837400249842233, 0.06837400249842233]
Timestep: 322, Trans probs: [0.25734330757503976, 0.07769636109943326, 0.2532243319364008, 0.06074952641050775, 0.16873789374709522, 0.06074952641050775, 0.06074952641050775, 0.06074952641050775]
Timestep: 323, Trans probs: [0.15889965673420908, 0.06859266686085846, 0.3585108781001274, 0.06859266686085846, 0.13914686158118633, 0.06907193614104329, 0.06859266686085846, 0.06859266686085846]
Timestep: 324, Trans probs: [0.14965433831450842, 0.0674238151431856, 0.43725889962647546, 0.0674238151431856, 0.07464864347274919, 0.06874285801352456, 0.0674238151431856, 0.0674238151431856]
Timestep: 325, Trans probs: [0.21358437198582414, 0.06768255675360946, 0.31879476339877, 0.06768255675360946, 0.12879296250756894, 0.06809767509339917, 0.06768255675360946, 0.06768255675360946]
Timestep: 326, Trans probs: [0.23461739412578933, 0.07554678292120043, 0.29151119468315856, 0.06054099849326108, 0.15616063429680718, 0.06054099849326108, 0.06054099849326108, 0.06054099849326108]
Timestep: 327, Trans probs: [0.1939304696904944, 0.06667279793051063, 0.2856964935391947, 0.06667279793051063, 0.1866469749026695, 0.06703487014559878, 0.06667279793051063, 0.06667279793051063]
Timestep: 328, Trans probs: [0.17749617880557597, 0.06547036140004034, 0.3237488120288474, 0.06547036140004034, 0.17108446746518657, 0.06578909610022866, 0.06547036140004034, 0.06547036140004034]
Timestep: 329, Trans probs: [0.1371909591658261, 0.06812678266880523, 0.4468724762294755, 0.06812678266880523, 0.07419480704308856, 0.06923462688638886, 0.06812678266880523, 0.06812678266880523]
Timestep: 330, Trans probs: [0.22764311187842412, 0.06481062725430475, 0.29080258192655534, 0.06481062725430475, 0.1572222791459577, 0.06508951803184373, 0.06481062725430475, 0.06481062725430475]
Timestep: 331, Trans probs: [0.1265890591395874, 0.0688386612645469, 0.4543786227687392, 0.0688386612645469, 0.07391264954189097, 0.0697650234915949, 0.0688386612645469, 0.0688386612645469]
Timestep: 332, Trans probs: [0.2712445231529695, 0.06413252633085709, 0.26257087902756443, 0.06413252633085709, 0.14527707856925978, 0.06437741392677793, 0.06413252633085709, 0.06413252633085709]
Timestep: 333, Trans probs: [0.24531344761199989, 0.0636563384873212, 0.30136216731540955, 0.0636563384873212, 0.13482790269905176, 0.06387112842425413, 0.0636563384873212, 0.0636563384873212]
Timestep: 334, Trans probs: [0.2222632052724162, 0.06343632093360073, 0.33470417878783415, 0.06343632093360073, 0.12566321561301977, 0.06362411659232704, 0.06343632093360073, 0.06343632093360073]
Timestep: 335, Trans probs: [0.20169292838366612, 0.06349572989647843, 0.3630249131414714, 0.06349572989647843, 0.1176401057120239, 0.06365913317692477, 0.06349572989647843, 0.06349572989647843]
Timestep: 336, Trans probs: [0.11763161164492074, 0.06953460035588907, 0.46016343665044207, 0.06953460035588907, 0.07376043568232078, 0.07030611459876009, 0.06953460035588907, 0.06953460035588907]
Timestep: 337, Trans probs: [0.24718739854026298, 0.06381263668759823, 0.32295208444599954, 0.06381263668759823, 0.1106559642594145, 0.06395400600393006, 0.06381263668759823, 0.06381263668759823]
Timestep: 338, Trans probs: [0.2231206234257031, 0.06388071733127944, 0.3527942631145129, 0.06388071733127944, 0.10455876379919883, 0.06400348033546756, 0.06388071733127944, 0.06388071733127944]
Timestep: 339, Trans probs: [0.2017776767700627, 0.06415964544293376, 0.37800364683401033, 0.06415964544293376, 0.09931435515388462, 0.06426573947030749, 0.06415964544293376, 0.06415964544293376]
Timestep: 340, Trans probs: [0.18291168411648287, 0.06462914110791088, 0.3990068481161709, 0.06462914110791088, 0.09484457453069446, 0.06472032880500819, 0.06462914110791088, 0.06462914110791088]
Timestep: 341, Trans probs: [0.16633401834500092, 0.0652515261371731, 0.4162572396922165, 0.0652515261371731, 0.09107318363479149, 0.06532945377929877, 0.0652515261371731, 0.0652515261371731]
Timestep: 342, Trans probs: [0.15187445393482393, 0.06598274785207957, 0.4302216914462251, 0.06598274785207957, 0.08792389876666871, 0.06604896444396392, 0.06598274785207957, 0.06598274785207957]
Timestep: 343, Trans probs: [0.1393632792978518, 0.06677916023232242, 0.4413640918935056, 0.06677916023232242, 0.08532087028853046, 0.0668351175908224, 0.06677916023232242, 0.06677916023232242]
Timestep: 344, Trans probs: [0.110110635565119, 0.07019587623326413, 0.464566905369122, 0.07019587623326413, 0.07370281347343809, 0.07083614065926427, 0.07019587623326413, 0.07019587623326413]
Timestep: 345, Trans probs: [0.19622705876162502, 0.06760155187870479, 0.3825279339749348, 0.06760155187870479, 0.0831902026020088, 0.06764859714661216, 0.06760155187870479, 0.06760155187870479]
Timestep: 346, Trans probs: [0.10383090560628894, 0.07080964677641614, 0.4678802568177533, 0.07080964677641614, 0.07371091648833156, 0.07133933398196163, 0.07080964677641614, 0.07080964677641614]
Timestep: 347, Trans probs: [0.24492508015325357, 0.06753878452647193, 0.3364891668529311, 0.06753878452647193, 0.0808516532168605, 0.06757896167106718, 0.06753878452647193, 0.06753878452647193]
Timestep: 348, Trans probs: [0.21968784823027043, 0.06720524917860764, 0.3656022776779916, 0.06720524917860764, 0.07864909162185368, 0.06723978575545372, 0.06720524917860764, 0.06720524917860764]
Timestep: 349, Trans probs: [0.09861302988459769, 0.07136825170946529, 0.4703466876997947, 0.07136825170946529, 0.07376199599809481, 0.07180527957965165, 0.07136825170946529, 0.07136825170946529]
Timestep: 350, Trans probs: [0.26478043885331437, 0.06715237856327859, 0.3224835177282438, 0.06715237856327859, 0.07694459848635474, 0.06718193067897263, 0.06715237856327859, 0.06715237856327859]
Timestep: 351, Trans probs: [0.23674959528842504, 0.06692511223338916, 0.35325974886785294, 0.06692511223338916, 0.07533970014138713, 0.0669505067687783, 0.06692511223338916, 0.06692511223338916]
Timestep: 352, Trans probs: [0.09429543862196245, 0.07186828952620536, 0.4721646107445279, 0.07186828952620536, 0.07383875372720267, 0.07222803880148546, 0.07186828952620536, 0.07186828952620536]
Timestep: 353, Trans probs: [0.27923283772791535, 0.06690867120587948, 0.3120882369748419, 0.06690867120587948, 0.07411382470619265, 0.06693041576753223, 0.06690867120587948, 0.06690867120587948]
Timestep: 354, Trans probs: [0.21416278670931158, 0.07379146927387277, 0.32491819271743483, 0.06054966606867284, 0.14492888702468945, 0.06054966606867284, 0.06054966606867284, 0.06054966606867284]
Timestep: 355, Trans probs: [0.24909721383983177, 0.06676942200807229, 0.27731092352992137, 0.06676942200807229, 0.13972608001965733, 0.06678809457830034, 0.06676942200807229, 0.06676942200807229]
Timestep: 356, Trans probs: [0.22557453140641587, 0.06573461609334504, 0.31604304529024546, 0.06573461609334504, 0.12969297329681959, 0.06575098563313897, 0.06573461609334504, 0.06573461609334504]
Timestep: 357, Trans probs: [0.20460552269835236, 0.06514865231545436, 0.3486859974545242, 0.06514865231545436, 0.12095093620028982, 0.06516293438501626, 0.06514865231545436, 0.06514865231545436]
Timestep: 358, Trans probs: [0.18592200517979324, 0.06496887987094453, 0.3758541347629497, 0.06496887987094453, 0.11336707364017858, 0.06498126693330042, 0.06496887987094453, 0.06496887987094453]
Timestep: 359, Trans probs: [0.16936058917026584, 0.0651257254881059, 0.39816583583990756, 0.0651257254881059, 0.10683427263905584, 0.0651364003983473, 0.0651257254881059, 0.0651257254881059]
Timestep: 360, Trans probs: [0.15478975352983923, 0.06554168375936002, 0.4162392736623655, 0.06554168375936002, 0.10125341392964086, 0.0655508238407144, 0.06554168375936002, 0.06554168375936002]
Timestep: 361, Trans probs: [0.09073521179014694, 0.07230963895010324, 0.47349251063780434, 0.07230963895010324, 0.07392852200604384, 0.07260519976559184, 0.07230963895010324, 0.07230963895010324]
Timestep: 362, Trans probs: [0.2082208266495739, 0.06614165923313622, 0.36453580009927744, 0.06614165923313622, 0.09652730016654454, 0.06614943615205927, 0.06614165923313622, 0.06614165923313622]
Timestep: 363, Trans probs: [0.1883449346920267, 0.06609405645888507, 0.3889389543242996, 0.06609405645888507, 0.09223913710183582, 0.06610074804629777, 0.06609405645888507, 0.06609405645888507]
Timestep: 364, Trans probs: [0.08780789525972293, 0.07269453686744634, 0.4744545835724995, 0.07269453686744634, 0.07402240656419962, 0.07293696713379252, 0.07269453686744634, 0.07269453686744634]
Timestep: 365, Trans probs: [0.23721589546628152, 0.06632405469811214, 0.3424707515702512, 0.06632405469811214, 0.08868735579638853, 0.0663297783746301, 0.06632405469811214, 0.06632405469811214]
Timestep: 366, Trans probs: [0.21338064830447737, 0.06618762204608986, 0.3702266700067088, 0.06618762204608986, 0.08544964152569946, 0.06619255197875494, 0.06618762204608986, 0.06618762204608986]
Timestep: 367, Trans probs: [0.08540655424472832, 0.07302677750681008, 0.4751465038691096, 0.07302677750681008, 0.07411447290555437, 0.07322535895336754, 0.07302677750681008, 0.07302677750681008]
Timestep: 368, Trans probs: [0.2587645096167254, 0.06630695498008819, 0.32688117642390324, 0.06630695498008819, 0.08281531389977863, 0.06631118013923994, 0.06630695498008819, 0.06630695498008819]
Timestep: 369, Trans probs: [0.2318827036094307, 0.0661968037732434, 0.3567208595244339, 0.0661968037732434, 0.08040878057816417, 0.06620044119499766, 0.0661968037732434, 0.0661968037732434]
Timestep: 370, Trans probs: [0.20836399298783748, 0.06629077984794086, 0.3817016485858544, 0.06629077984794086, 0.07847734015114766, 0.06629389888339701, 0.06629077984794086, 0.06629077984794086]
Timestep: 371, Trans probs: [0.18782482285273633, 0.06657331308490048, 0.40233209179306795, 0.06657331308490048, 0.07697385800807047, 0.06657597500652329, 0.06657331308490048, 0.06657331308490048]
Timestep: 372, Trans probs: [0.1699725881267926, 0.0670097331704044, 0.41913494654106936, 0.0670097331704044, 0.07584153906248921, 0.06701199358803119, 0.0670097331704044, 0.0670097331704044]
Timestep: 373, Trans probs: [0.08344032905767598, 0.07331106096753581, 0.4756408594201929, 0.07331106096753581, 0.07420102518317041, 0.07347354246881745, 0.07331106096753581, 0.07331106096753581]
Timestep: 374, Trans probs: [0.22211157872750242, 0.06755853210757665, 0.36507322318440716, 0.06755853210757665, 0.07502062769704586, 0.06756044196073797, 0.06755853210757665, 0.06755853210757665]
Timestep: 375, Trans probs: [0.19955840509664227, 0.06747535197969441, 0.38921064644509723, 0.06747535197969441, 0.07385255637432156, 0.06747698416516128, 0.06747535197969441, 0.06747535197969441]
Timestep: 376, Trans probs: [0.17995680462388602, 0.06762393587833362, 0.40887456156367596, 0.06762393587833362, 0.07304756629359158, 0.06762532400551187, 0.06762393587833362, 0.06762393587833362]
Timestep: 377, Trans probs: [0.08183272668272251, 0.07355249344834344, 0.4759919843265894, 0.07355249344834344, 0.07428000023463127, 0.07368531496268302, 0.07355249344834344, 0.07355249344834344]
Timestep: 378, Trans probs: [0.23096463874585146, 0.06795241342270615, 0.35673004948606174, 0.06795241342270615, 0.07254206997514182, 0.06795358810212038, 0.06795241342270615, 0.06795241342270615]
Timestep: 379, Trans probs: [0.2071135737624988, 0.06776254204505303, 0.38238670101841626, 0.06776254204505303, 0.07168601081889986, 0.06776354621997294, 0.06776254204505303, 0.06776254204505303]
Timestep: 380, Trans probs: [0.19568378732320393, 0.072437389755342, 0.3537383849162598, 0.06081105061313035, 0.13489623555267272, 0.06081105061313035, 0.06081105061313035, 0.06081105061313035]
Timestep: 381, Trans probs: [0.1863971350367226, 0.06781688384185182, 0.3355451621561748, 0.06781688384185182, 0.13897242909886517, 0.06781773834083026, 0.06781688384185182, 0.06781688384185182]
Timestep: 382, Trans probs: [0.17011370650912874, 0.06684494695639795, 0.36684817212619486, 0.06684494695639795, 0.12881264241956805, 0.06684569111951662, 0.06684494695639795, 0.06684494695639795]
Timestep: 383, Trans probs: [0.1556925500512342, 0.06642767247823902, 0.39217627882139405, 0.06642767247823902, 0.11999216548617557, 0.06642831572824, 0.06642767247823902, 0.06642767247823902]
Timestep: 384, Trans probs: [0.143032308287967, 0.06643561908317042, 0.4123906352389321, 0.06643561908317042, 0.11239840909524829, 0.066436171045171, 0.06643561908317042, 0.06643561908317042]
Timestep: 385, Trans probs: [0.0805198296202352, 0.07375622565005412, 0.4762400681696917, 0.07375622565005412, 0.0743504803828363, 0.07386471922702037, 0.07375622565005412, 0.07375622565005412]
Timestep: 386, Trans probs: [0.15337575653625216, 0.0739272078366451, 0.4024873210814378, 0.0739272078366451, 0.07441231650852834, 0.07401577452720143, 0.0739272078366451, 0.0739272078366451]
Timestep: 387, Trans probs: [0.212644009856556, 0.07279156603248887, 0.3501223664326871, 0.07279156603248887, 0.07320103623544752, 0.07286632334535383, 0.07279156603248887, 0.07279156603248887]
Timestep: 388, Trans probs: [0.26245752701589836, 0.07141466122397315, 0.3086403028795784, 0.07141466122397315, 0.07176491742160984, 0.07147860778702075, 0.07141466122397315, 0.07141466122397315]
Timestep: 389, Trans probs: [0.19877303920648584, 0.06675069808835822, 0.36155524582151183, 0.06675069808835822, 0.10591775417741865, 0.06675116844115078, 0.06675069808835822, 0.06675069808835822]
Timestep: 390, Trans probs: [0.18032699803034244, 0.06645046371761097, 0.3871860727459361, 0.06645046371761097, 0.10023420493049989, 0.06645086942277775, 0.06645046371761097, 0.06645046371761097]
Timestep: 391, Trans probs: [0.16409789118137244, 0.06651246802043684, 0.4078762943009946, 0.06651246802043684, 0.09546312675022856, 0.06651281568565703, 0.06651246802043684, 0.06651246802043684]
Timestep: 392, Trans probs: [0.23427535112459774, 0.07020442935808392, 0.3441423482225472, 0.07020442935808392, 0.07050523544661526, 0.070259347773904, 0.07020442935808392, 0.07020442935808392]
Timestep: 393, Trans probs: [0.17902489134571464, 0.07146166156308942, 0.37828173979648055, 0.06131478008530946, 0.12597258695347757, 0.06131478008530946, 0.06131478008530946, 0.06131478008530946]
Timestep: 394, Trans probs: [0.2167790674669376, 0.06684241472621422, 0.35751458800480646, 0.06684241472621422, 0.09149397485935855, 0.06684271076404058, 0.06684241472621422, 0.06684241472621422]
Timestep: 395, Trans probs: [0.19561634761763266, 0.0666434183660566, 0.3833180396060961, 0.0666434183660566, 0.08784826629934292, 0.06664367301270195, 0.0666434183660566, 0.0666434183660566]
Timestep: 396, Trans probs: [0.1770534876782034, 0.06674562783441322, 0.4043364627873951, 0.06674562783441322, 0.08488169256836395, 0.06674584562838463, 0.06674562783441322, 0.06674562783441322]
Timestep: 397, Trans probs: [0.2097986291549137, 0.06944472810462529, 0.3037839708190643, 0.06944472810462529, 0.13914677973453152, 0.06949170787298924, 0.06944472810462529, 0.06944472810462529]
Timestep: 398, Trans probs: [0.16409173810836641, 0.07082379081468629, 0.39889255404576895, 0.062025442078065623, 0.1180901487189159, 0.062025442078065623, 0.062025442078065623, 0.062025442078065623]
Timestep: 399, Trans probs: [0.19073061076576053, 0.06789087417238789, 0.27298792265569366, 0.06789087417238789, 0.1967859783530855, 0.06793199153590866, 0.06789087417238789, 0.06789087417238789]
Timestep: 400, Trans probs: [0.22795753947565162, 0.06707776800658163, 0.354153382690866, 0.06707776800658163, 0.08250005259608478, 0.06707795321107103, 0.06707776800658163, 0.06707776800658163]
Timestep: 401, Trans probs: [0.17465014606808088, 0.06636013517941308, 0.3135246438410879, 0.06636013517941308, 0.1799882869673645, 0.0663963824058144, 0.06636013517941308, 0.06636013517941308]
Timestep: 402, Trans probs: [0.21370488516408293, 0.07047392398824841, 0.3530526459690979, 0.0628955549992299, 0.11118632488165105, 0.0628955549992299, 0.0628955549992299, 0.0628955549992299]
Timestep: 403, Trans probs: [0.27192130701115086, 0.06692246126708146, 0.3133074640872501, 0.06692246126708146, 0.0801587636129184, 0.06692262022035478, 0.06692246126708146, 0.06692246126708146]
Timestep: 404, Trans probs: [0.24313481714440646, 0.06667307911124694, 0.3454328441994058, 0.06667307911124694, 0.07806680627395876, 0.06667321593724111, 0.06667307911124694, 0.06667307911124694]
Timestep: 405, Trans probs: [0.19409206607780147, 0.06977435449201583, 0.37823603111446286, 0.0631966880256791, 0.1051107962130034, 0.0631966880256791, 0.0631966880256791, 0.0631966880256791]
Timestep: 406, Trans probs: [0.2180231652962983, 0.06663049056119168, 0.3057882077842648, 0.06663049056119168, 0.14303605672568973, 0.06663060794898046, 0.06663049056119168, 0.06663049056119168]
Timestep: 407, Trans probs: [0.1766406256842749, 0.06939239323383478, 0.3992185258061875, 0.0637178751529871, 0.09987695466375433, 0.0637178751529871, 0.0637178751529871, 0.0637178751529871]
Timestep: 408, Trans probs: [0.19821157734428346, 0.06569676192117321, 0.2750327869982098, 0.06569676192117321, 0.19827172330148332, 0.06569686467133064, 0.06569676192117321, 0.06569676192117321]
Timestep: 409, Trans probs: [0.18144603206836904, 0.06465000960428839, 0.31380478578409565, 0.06465000960428839, 0.18149904356407093, 0.06465010016631088, 0.06465000960428839, 0.06465000960428839]
Timestep: 410, Trans probs: [0.1664797654681418, 0.06407792648544024, 0.34660427898626284, 0.06407792648544024, 0.16652624371742264, 0.06407800588641169, 0.06407792648544024, 0.06407792648544024]
Timestep: 411, Trans probs: [0.15314604877423307, 0.0639324857924148, 0.3740049119731401, 0.0639324857924148, 0.15318654111558838, 0.06393255496737921, 0.0639324857924148, 0.0639324857924148]
Timestep: 412, Trans probs: [0.14133759118622646, 0.06414006884136861, 0.3965893750740201, 0.06414006884136861, 0.14137262967501782, 0.06414012869926108, 0.06414006884136861, 0.06414006884136861]
Timestep: 413, Trans probs: [0.1603340683995188, 0.0654299569560953, 0.2820420699514713, 0.0654299569560953, 0.23044231021909198, 0.0654617236055367, 0.0654299569560953, 0.0654299569560953]
Timestep: 414, Trans probs: [0.1612213996573649, 0.06927507289268849, 0.4164526303890851, 0.06441018065369715, 0.09541017444607294, 0.06441018065369715, 0.06441018065369715, 0.06441018065369715]
Timestep: 415, Trans probs: [0.1955826558193067, 0.06461960007632701, 0.3503261245801474, 0.06461960007632701, 0.1309931677771117, 0.0646196515181261, 0.06461960007632701, 0.06461960007632701]
Timestep: 416, Trans probs: [0.1479848472124935, 0.06457073322518407, 0.25495771656678223, 0.06457073322518407, 0.27417584941911144, 0.0645986539008766, 0.06457073322518407, 0.06457073322518407]
Timestep: 417, Trans probs: [0.20114841768826394, 0.06397620834672119, 0.23104105092471516, 0.06397620834672119, 0.24790498922167664, 0.06400070877845959, 0.06397620834672119, 0.06397620834672119]
Timestep: 418, Trans probs: [0.24273515380117897, 0.06450004379041561, 0.31262231231628046, 0.06450004379041561, 0.12214227025575332, 0.06450008846512478, 0.06450004379041561, 0.06450004379041561]
Timestep: 419, Trans probs: [0.18432279373323127, 0.0632236878246349, 0.2739364564337139, 0.0632236878246349, 0.2256006811072652, 0.06324531742725004, 0.0632236878246349, 0.0632236878246349]
Timestep: 420, Trans probs: [0.14771007360003452, 0.06936646508546576, 0.43040319455399567, 0.06522129445768682, 0.09163508892975682, 0.06522129445768682, 0.06522129445768682, 0.06522129445768682]
Timestep: 421, Trans probs: [0.16942127340364885, 0.06273375433613071, 0.2483703232445627, 0.06273375433613071, 0.26852057613291186, 0.06275280987435383, 0.06273375433613071, 0.06273375433613071]
Timestep: 422, Trans probs: [0.2186953788543021, 0.062408135125453706, 0.22575803552277354, 0.062408135125453706, 0.24348914217728318, 0.06242490294382628, 0.062408135125453706, 0.062408135125453706]
Timestep: 423, Trans probs: [0.28381254962215785, 0.06424911657643267, 0.2804631977110517, 0.06424911657643267, 0.11447863085502485, 0.06424915550603481, 0.06424911657643267, 0.06424911657643267]
Timestep: 424, Trans probs: [0.2552730441808748, 0.06409049567934286, 0.31644712693429844, 0.06409049567934286, 0.10782731659057114, 0.06409052957688419, 0.06409049567934286, 0.06409049567934286]
Timestep: 425, Trans probs: [0.19999725007318764, 0.06197672892578342, 0.2682111582518014, 0.06197672892578342, 0.22189313903633523, 0.061991536935542046, 0.06197672892578342, 0.06197672892578342]
Timestep: 426, Trans probs: [0.29418971583257714, 0.0641087466041623, 0.28318831904232483, 0.0641087466041623, 0.10207820267665145, 0.06410877603179742, 0.0641087466041623, 0.0641087466041623]
Timestep: 427, Trans probs: [0.2637412359147724, 0.06416063241024046, 0.31835885649680895, 0.06416063241024046, 0.09709672001061521, 0.0641606579368418, 0.06416063241024046, 0.06416063241024046]
Timestep: 428, Trans probs: [0.23702232839574233, 0.06431280664092036, 0.3485991625246629, 0.06431280664092036, 0.09281445378523556, 0.06431282873067776, 0.06431280664092036, 0.06431280664092036]
Timestep: 429, Trans probs: [0.2134798117680865, 0.0646144284641177, 0.37426686587368163, 0.0646144284641177, 0.0891811609975803, 0.06461444750418086, 0.0646144284641177, 0.0646144284641177]
Timestep: 430, Trans probs: [0.19276293426391392, 0.06506867205772411, 0.3957520804482331, 0.06506867205772411, 0.08614160866698128, 0.06506868838997518, 0.06506867205772411, 0.06506867205772411]
Timestep: 431, Trans probs: [0.20207546423967274, 0.06961265418474523, 0.37543061165414165, 0.06610146678667748, 0.08847540277473044, 0.06610146678667748, 0.06610146678667748, 0.06610146678667748]
Timestep: 432, Trans probs: [0.17461521662065477, 0.06565398079714108, 0.34782541295108294, 0.06565398079714108, 0.14928945250628278, 0.06565399473341534, 0.06565398079714108, 0.06565398079714108]
Timestep: 433, Trans probs: [0.1834241279607396, 0.061708271090161256, 0.30528804993113284, 0.061708271090161256, 0.2027334079499542, 0.061721329797528354, 0.061708271090161256, 0.061708271090161256]
Timestep: 434, Trans probs: [0.22522982912149583, 0.06521927576582677, 0.3106954797669528, 0.06521927576582677, 0.13797830015849813, 0.06521928788974617, 0.06521927576582677, 0.06521927576582677]
Timestep: 435, Trans probs: [0.20453323089187117, 0.0646602366133443, 0.34390314266751965, 0.0646602366133443, 0.1282624327757811, 0.06466024721145094, 0.0646602366133443, 0.0646602366133443]
Timestep: 436, Trans probs: [0.16861244190899766, 0.061689229880912445, 0.3373549539376044, 0.061689229880912445, 0.18557498312161694, 0.061700701508131166, 0.061689229880912445, 0.061689229880912445]
Timestep: 437, Trans probs: [0.2505562817468179, 0.06449762412742657, 0.30718247140860305, 0.06449762412742657, 0.11977311699682763, 0.06449763333804513, 0.06449762412742657, 0.06449762412742657]
Timestep: 438, Trans probs: [0.15536797365868676, 0.06193522302675251, 0.36475552951690854, 0.06193522302675251, 0.17019035743430955, 0.06194524728308506, 0.06193522302675251, 0.06193522302675251]
Timestep: 439, Trans probs: [0.20599587795283728, 0.06242308527544547, 0.32543342266612085, 0.06242308527544547, 0.1564465665763273, 0.0624317917029327, 0.06242308527544547, 0.06242308527544547]
Timestep: 440, Trans probs: [0.2906166951164953, 0.06425378924836733, 0.2757001509126085, 0.06425378924836733, 0.11241419970403532, 0.06425379727339157, 0.06425378924836733, 0.06425378924836733]
Timestep: 441, Trans probs: [0.2611007192973788, 0.0641243459405206, 0.31224499339693, 0.0641243459405206, 0.10603255061987613, 0.06412435292373266, 0.0641243459405206, 0.0641243459405206]
Timestep: 442, Trans probs: [0.23510833015761226, 0.06414569357615652, 0.3436439157654544, 0.06414569357615652, 0.10051928013517852, 0.06414569963712881, 0.06414569357615652, 0.06414569357615652]
Timestep: 443, Trans probs: [0.2121212815650564, 0.0643590079383349, 0.37028713069106406, 0.0643590079383349, 0.09579654281373257, 0.06435901317680727, 0.0643590079383349, 0.0643590079383349]
Timestep: 444, Trans probs: [0.1918214210676955, 0.06475936672930145, 0.39258896649419234, 0.06475936672930145, 0.0917927742869973, 0.06475937123390904, 0.06475936672930145, 0.06475936672930145]
Timestep: 445, Trans probs: [0.1739806393526074, 0.06531777523986756, 0.41099386387922293, 0.06531777523986756, 0.08843661671651283, 0.06531777909218654, 0.06531777523986756, 0.06531777523986756]
Timestep: 446, Trans probs: [0.1584056691043632, 0.0659946365070751, 0.4259653664678595, 0.0659946365070751, 0.08565577861624321, 0.06599463978323368, 0.0659946365070751, 0.0659946365070751]
Timestep: 447, Trans probs: [0.1449119668333032, 0.06674806106570338, 0.43796970526258994, 0.06674806106570338, 0.08337801980452074, 0.06674806383677241, 0.06674806106570338, 0.06674806106570338]
Timestep: 448, Trans probs: [0.1333134710625867, 0.06753888928085156, 0.4474591540264322, 0.06753888928085156, 0.08153292617488088, 0.06753889161269393, 0.06753888928085156, 0.06753888928085156]
Timestep: 449, Trans probs: [0.12342100536069035, 0.06833351032576808, 0.4548576519091906, 0.06833351032576808, 0.08005378914831512, 0.06833351227873155, 0.06833351032576808, 0.06833351032576808]
Timestep: 450, Trans probs: [0.18804016646871632, 0.062456750708062884, 0.3549691821195079, 0.062456750708062884, 0.14469928234150947, 0.06246436623801483, 0.062456750708062884, 0.062456750708062884]
Timestep: 451, Trans probs: [0.18415021343032711, 0.06910515115112159, 0.39144481647706414, 0.06910515115112159, 0.07887921270833785, 0.06910515277978464, 0.06910515115112159, 0.06910515115112159]
Timestep: 452, Trans probs: [0.1719734940369937, 0.06276689776292312, 0.3799008774276343, 0.06276689776292312, 0.13428451730091034, 0.06277352018276922, 0.06276689776292312, 0.06276689776292312]
Timestep: 453, Trans probs: [0.2355563912270801, 0.0688503109096985, 0.34302805775235085, 0.0688503109096985, 0.07716399508675797, 0.06885031229501719, 0.0688503109096985, 0.0688503109096985]
Timestep: 454, Trans probs: [0.15767582840763408, 0.06331070888887093, 0.4006560174773483, 0.06331070888887093, 0.12510888725588581, 0.06331643130364807, 0.06331070888887093, 0.06331070888887093]
Timestep: 455, Trans probs: [0.27959489860545406, 0.0682981725698895, 0.3034846823620547, 0.0682981725698895, 0.07542955499473333, 0.06829817375819992, 0.0682981725698895, 0.0682981725698895]
Timestep: 456, Trans probs: [0.24942922931810976, 0.06778189992006316, 0.3377486713984473, 0.06778189992006316, 0.07391259866156193, 0.06778190094162849, 0.06778189992006316, 0.06778189992006316]
Timestep: 457, Trans probs: [0.14504847820814734, 0.06403436289051902, 0.41768560828192547, 0.06403436289051902, 0.11708918626356876, 0.06403927568428237, 0.06403436289051902, 0.06403436289051902]
Timestep: 458, Trans probs: [0.2907388861267989, 0.06751099820224356, 0.2989395918529033, 0.06751099820224356, 0.07276653013334469, 0.06751099907797885, 0.06751099820224356, 0.06751099820224356]
Timestep: 459, Trans probs: [0.13399247680794335, 0.06488192067583609, 0.4314524316669227, 0.06488192067583609, 0.11014129719839061, 0.06488611162339895, 0.06488192067583609, 0.06488192067583609]
Timestep: 460, Trans probs: [0.19020044403024738, 0.0658008365850498, 0.37661560324085674, 0.0658008365850498, 0.10417621630343404, 0.06580439008526263, 0.0658008365850498, 0.0658008365850498]
Timestep: 461, Trans probs: [0.32613148611063364, 0.06723676672682101, 0.2659356428294479, 0.06723676672682101, 0.07174903667392868, 0.0672367674787057, 0.06723676672682101, 0.06723676672682101]
Timestep: 462, Trans probs: [0.17283580886996772, 0.06585993344028468, 0.3990011103051136, 0.06585993344028468, 0.09886035783574879, 0.06586298922803123, 0.06585993344028468, 0.06585993344028468]
Timestep: 463, Trans probs: [0.3561342617929175, 0.0670936508212878, 0.23743552431036466, 0.0670936508212878, 0.07096195914569818, 0.06709365146586843, 0.0670936508212878, 0.0670936508212878]
Timestep: 464, Trans probs: [0.18285839890764255, 0.06920285888057676, 0.3977905155926922, 0.06619019517747293, 0.08538744590919684, 0.06619019517747293, 0.06619019517747293, 0.06619019517747293]
Timestep: 465, Trans probs: [0.15760187998974975, 0.06619089723445087, 0.41705123279930306, 0.06619089723445087, 0.09438978986528682, 0.06619350840785684, 0.06619089723445087, 0.06619089723445087]
Timestep: 466, Trans probs: [0.3141178167792236, 0.06712702679677188, 0.21268745084489132, 0.06712702679677188, 0.137559597841219, 0.06712702734757849, 0.06712702679677188, 0.06712702679677188]
Timestep: 467, Trans probs: [0.28197829102571753, 0.06616126403022624, 0.25951114901469974, 0.06616126403022624, 0.12770423932716454, 0.06616126451151319, 0.06616126403022624, 0.06616126403022624]
Timestep: 468, Trans probs: [0.14191098656710688, 0.07438510155148673, 0.3623142332696911, 0.07438510155148673, 0.07438510155148673, 0.12384927240576855, 0.07438510155148673, 0.07438510155148673]
Timestep: 469, Trans probs: [0.2540534198900642, 0.06539055124622652, 0.23441309993460652, 0.06539055124622652, 0.11919017227723896, 0.13078110291318432, 0.06539055124622652, 0.06539055124622652]
Timestep: 470, Trans probs: [0.2319266835572934, 0.0639286866799604, 0.27836631987845883, 0.0639286866799604, 0.11183545620455783, 0.1221567936398483, 0.0639286866799604, 0.0639286866799604]
Timestep: 471, Trans probs: [0.14434877943917626, 0.06671513065385888, 0.4314094235803319, 0.06671513065385888, 0.09066392609015222, 0.06671734827490405, 0.06671513065385888, 0.06671513065385888]
Timestep: 472, Trans probs: [0.2325581355277347, 0.0690910802355167, 0.3493692284915605, 0.06652134340342405, 0.08289618213149175, 0.06652134340342405, 0.06652134340342405, 0.06652134340342405]
Timestep: 473, Trans probs: [0.27491563440212263, 0.0629763400941847, 0.25311707944584216, 0.0629763400941847, 0.10545502464916881, 0.11460690112612767, 0.0629763400941847, 0.0629763400941847]
Timestep: 474, Trans probs: [0.13291789152362457, 0.06736327164828723, 0.3753147349320971, 0.06736327164828723, 0.1549491427217266, 0.06736514422940273, 0.06736327164828723, 0.06736327164828723]
Timestep: 475, Trans probs: [0.3121044712067831, 0.06237346234926214, 0.23046075608362948, 0.06237346234926214, 0.09992526293965417, 0.10801566037288483, 0.06237346234926214, 0.06237346234926214]
Timestep: 476, Trans probs: [0.12346269347955995, 0.06692695514049195, 0.399437989365799, 0.06692695514049195, 0.14246292649726025, 0.066928570095413, 0.06692695514049195, 0.06692695514049195]
Timestep: 477, Trans probs: [0.3439425074714027, 0.06215029781289471, 0.20998542137912762, 0.06215029781289471, 0.09517763115308331, 0.10229324874480757, 0.06215029781289471, 0.06215029781289471]
Timestep: 478, Trans probs: [0.11531842813849635, 0.06692545116806135, 0.41847084884102714, 0.06692545116806135, 0.1315820848248915, 0.0669268335233396, 0.06692545116806135, 0.06692545116806135]
Timestep: 479, Trans probs: [0.37086550083009073, 0.06228014459456023, 0.1914979162358587, 0.06228014459456023, 0.09114823977061301, 0.09736776478519653, 0.06228014459456023, 0.06228014459456023]
Timestep: 480, Trans probs: [0.33062070957963097, 0.06270837368216248, 0.23760300099025092, 0.06270837368216248, 0.08777151635968995, 0.0931712783417783, 0.06270837368216248, 0.06270837368216248]
Timestep: 481, Trans probs: [0.29634659912838274, 0.06285452715849087, 0.2781339464734816, 0.06285452715849087, 0.08469766138465253, 0.08940368437951968, 0.06285452715849087, 0.06285452715849087]
Timestep: 482, Trans probs: [0.2664277429900894, 0.0629782834771254, 0.31353673245788855, 0.0629782834771254, 0.08201093762631963, 0.08611145301720088, 0.0629782834771254, 0.0629782834771254]
Timestep: 483, Trans probs: [0.23999388022730814, 0.06320518968529482, 0.34413472332110473, 0.06320518968529482, 0.07974373450438614, 0.08330690320602173, 0.06320518968529482, 0.06320518968529482]
Timestep: 484, Trans probs: [0.21655288586491242, 0.06358293808772028, 0.37024576979074053, 0.06358293808772028, 0.0778932445305746, 0.08097634746289135, 0.06358293808772028, 0.06358293808772028]
Timestep: 485, Trans probs: [0.19579977342434024, 0.06411432109599441, 0.39222189244741407, 0.06411432109599441, 0.07643346746603381, 0.0790875822782343, 0.06411432109599441, 0.06411432109599441]
Timestep: 486, Trans probs: [0.2091821325416141, 0.06862473749985423, 0.37603747311442176, 0.06641514539326049, 0.08049507527106804, 0.06641514539326049, 0.06641514539326049, 0.06641514539326049]
Timestep: 487, Trans probs: [0.1775157195932767, 0.06477752654069775, 0.3456760925326138, 0.06477752654069775, 0.1401016873310584, 0.07759639438026007, 0.06477752654069775, 0.06477752654069775]
Timestep: 488, Trans probs: [0.10836650123407186, 0.06723108751029098, 0.43328581186365617, 0.06723108751029098, 0.12219107430931629, 0.06723226255179171, 0.06723108751029098, 0.06723108751029098]
Timestep: 489, Trans probs: [0.17022103246089193, 0.06773786299383903, 0.3769284710920059, 0.06773786299383903, 0.11416018897112604, 0.06773885550062007, 0.06773786299383903, 0.06773786299383903]
Timestep: 490, Trans probs: [0.18869862116598965, 0.06845040621485714, 0.3980050623583964, 0.06656007873326808, 0.07860559532768459, 0.06656007873326808, 0.06656007873326808, 0.06656007873326808]
Timestep: 491, Trans probs: [0.15549357745853468, 0.06731699940250194, 0.33334477675305596, 0.06731699940250194, 0.17457579482249347, 0.06731785335590817, 0.06731699940250194, 0.06731699940250194]
Timestep: 492, Trans probs: [0.22717946951623225, 0.06435882137123147, 0.30968638248263924, 0.06435882137123147, 0.1301444639365784, 0.07555439857962416, 0.06435882137123147, 0.06435882137123147]
Timestep: 493, Trans probs: [0.2065989278396095, 0.0638541385406541, 0.3427868400218509, 0.0638541385406541, 0.12152838191133535, 0.07366929606458801, 0.0638541385406541, 0.0638541385406541]
Timestep: 494, Trans probs: [0.1433033984377373, 0.06638225002329877, 0.3648347685360556, 0.06638225002329877, 0.1599498379604517, 0.06638299497256023, 0.06638225002329877, 0.06638225002329877]
Timestep: 495, Trans probs: [0.25188517475214384, 0.06374953368291231, 0.3068081639165707, 0.06374953368291231, 0.11400618168080015, 0.07230234491883612, 0.06374953368291231, 0.06374953368291231]
Timestep: 496, Trans probs: [0.22782997646677602, 0.06357797486853105, 0.3393585196207503, 0.06357797486853105, 0.10745458952993837, 0.07104501490841106, 0.06357797486853105, 0.06357797486853105]
Timestep: 497, Trans probs: [0.2063720709420743, 0.06368041210447772, 0.36694136522472276, 0.06368041210447772, 0.10179761536102007, 0.07016730005427192, 0.06368041210447772, 0.06368041210447772]
Timestep: 498, Trans probs: [0.1872819195693268, 0.06403085838974872, 0.3900057896908727, 0.06403085838974872, 0.0969548974599896, 0.06963395972081611, 0.06403085838974872, 0.06403085838974872]
Timestep: 499, Trans probs: [0.170397657900902, 0.06458351604636671, 0.4090247249320933, 0.06458351604636671, 0.09284963324860933, 0.06939391973292855, 0.06458351604636671, 0.06458351604636671]
