Timestep: 0, Trans probs: [0.1111111111111111, 0.1111111111111111, 0.2222222222222222, 0.1111111111111111, 0.1111111111111111, 0.1111111111111111, 0.1111111111111111, 0.1111111111111111]
Timestep: 1, Trans probs: [0.125, 0.125, 0.125, 0.125, 0.125, 0.125, 0.125, 0.125]
Timestep: 2, Trans probs: [0.125, 0.125, 0.125, 0.125, 0.125, 0.125, 0.125, 0.125]
Timestep: 3, Trans probs: [0.1111111111111111, 0.1111111111111111, 0.2222222222222222, 0.1111111111111111, 0.1111111111111111, 0.1111111111111111, 0.1111111111111111, 0.1111111111111111]
Timestep: 4, Trans probs: [0.10073272687952248, 0.10073272687952248, 0.2948709118433427, 0.10073272687952248, 0.10073272687952248, 0.10073272687952248, 0.10073272687952248, 0.10073272687952248]
Timestep: 5, Trans probs: [0.0945005576919956, 0.0945005576919956, 0.33849609615603093, 0.0945005576919956, 0.0945005576919956, 0.0945005576919956, 0.0945005576919956, 0.0945005576919956]
Timestep: 6, Trans probs: [0.09138849056282955, 0.09138849056282955, 0.3602805660601931, 0.09138849056282955, 0.09138849056282955, 0.09138849056282955, 0.09138849056282955, 0.09138849056282955]
Timestep: 7, Trans probs: [0.08997576971464231, 0.08997576971464231, 0.3701696119975038, 0.08997576971464231, 0.08997576971464231, 0.08997576971464231, 0.08997576971464231, 0.08997576971464231]
Timestep: 8, Trans probs: [0.08936052859318952, 0.08936052859318952, 0.37447629984767333, 0.08936052859318952, 0.08936052859318952, 0.08936052859318952, 0.08936052859318952, 0.08936052859318952]
Timestep: 9, Trans probs: [0.08909720744497757, 0.08909720744497757, 0.3763195478851571, 0.08909720744497757, 0.08909720744497757, 0.08909720744497757, 0.08909720744497757, 0.08909720744497757]
Timestep: 10, Trans probs: [0.0889853242773412, 0.0889853242773412, 0.37710273005861156, 0.0889853242773412, 0.0889853242773412, 0.0889853242773412, 0.0889853242773412, 0.0889853242773412]
Timestep: 11, Trans probs: [0.08893793126844732, 0.08893793126844732, 0.3774344811208688, 0.08893793126844732, 0.08893793126844732, 0.08893793126844732, 0.08893793126844732, 0.08893793126844732]
Timestep: 12, Trans probs: [0.08891788178380147, 0.08891788178380147, 0.37757482751338967, 0.08891788178380147, 0.08891788178380147, 0.08891788178380147, 0.08891788178380147, 0.08891788178380147]
Timestep: 13, Trans probs: [0.08890940452477833, 0.08890940452477833, 0.3776341683265516, 0.08890940452477833, 0.08890940452477833, 0.08890940452477833, 0.08890940452477833, 0.08890940452477833]
Timestep: 14, Trans probs: [0.08890582102238444, 0.08890582102238444, 0.3776592528433088, 0.08890582102238444, 0.08890582102238444, 0.08890582102238444, 0.08890582102238444, 0.08890582102238444]
Timestep: 15, Trans probs: [0.08890430635354706, 0.08890430635354706, 0.37766985552517063, 0.08890430635354706, 0.08890430635354706, 0.08890430635354706, 0.08890430635354706, 0.08890430635354706]
Timestep: 16, Trans probs: [0.1111111111111111, 0.1111111111111111, 0.2222222222222222, 0.1111111111111111, 0.1111111111111111, 0.1111111111111111, 0.1111111111111111, 0.1111111111111111]
Timestep: 17, Trans probs: [0.08890366616216351, 0.08890366616216351, 0.2887706707026919, 0.08890366616216351, 0.08890366616216351, 0.17780733232432702, 0.08890366616216351, 0.08890366616216351]
Timestep: 18, Trans probs: [0.08645505679821812, 0.08645505679821812, 0.32649699056643533, 0.08645505679821812, 0.08645505679821812, 0.15477266864425585, 0.08645505679821812, 0.08645505679821812]
Timestep: 19, Trans probs: [0.125, 0.125, 0.125, 0.125, 0.125, 0.125, 0.125, 0.125]
Timestep: 20, Trans probs: [0.08569282564660094, 0.08569282564660094, 0.26377419314367306, 0.08569282564660094, 0.17138565129320188, 0.1363760273301204, 0.08569282564660094, 0.08569282564660094]
Timestep: 21, Trans probs: [0.08326115482174662, 0.08326115482174662, 0.30846848563093593, 0.08326115482174662, 0.15156571178385353, 0.12366002847647743, 0.08326115482174662, 0.08326115482174662]
Timestep: 22, Trans probs: [0.125, 0.125, 0.125, 0.125, 0.125, 0.125, 0.125, 0.125]
Timestep: 23, Trans probs: [0.16540588483572544, 0.08270294241786272, 0.2551428792301678, 0.08270294241786272, 0.1350033424280102, 0.11363612383464555, 0.08270294241786272, 0.08270294241786272]
Timestep: 24, Trans probs: [0.147789642363302, 0.08053800865511268, 0.3012991717485575, 0.08053800865511268, 0.12306717680130592, 0.10569197446638387, 0.08053800865511268, 0.08053800865511268]
Timestep: 25, Trans probs: [0.13273778436819766, 0.08028786510636587, 0.33274857631251775, 0.08028786510636587, 0.11345659741136377, 0.09990558148245735, 0.08028786510636587, 0.08028786510636587]
Timestep: 26, Trans probs: [0.1206810711610262, 0.08117599022292764, 0.3525044338767366, 0.08117599022292764, 0.10615855402406213, 0.09595198004646448, 0.08117599022292764, 0.08117599022292764]
Timestep: 27, Trans probs: [0.1111111111111111, 0.1111111111111111, 0.2222222222222222, 0.1111111111111111, 0.1111111111111111, 0.1111111111111111, 0.1111111111111111, 0.1111111111111111]
Timestep: 28, Trans probs: [0.19404813698489035, 0.08253323812215846, 0.2815848212732997, 0.08253323812215846, 0.1008609106979651, 0.09337317855521106, 0.08253323812215846, 0.08253323812215846]
Timestep: 29, Trans probs: [0.16836351296590235, 0.08181363696430331, 0.3181168534856822, 0.08181363696430331, 0.09603826349413196, 0.09022682219707015, 0.08181363696430331, 0.08181363696430331]
Timestep: 30, Trans probs: [0.1474057198626309, 0.08218222345722903, 0.3424412126521965, 0.08218222345722903, 0.09290182145317905, 0.08852235220307739, 0.08218222345722903, 0.08218222345722903]
Timestep: 31, Trans probs: [0.1111111111111111, 0.1111111111111111, 0.2222222222222222, 0.1111111111111111, 0.1111111111111111, 0.1111111111111111, 0.1111111111111111, 0.1111111111111111]
Timestep: 32, Trans probs: [0.13108726581868954, 0.08312118567428742, 0.2745185228613965, 0.08312118567428742, 0.17412568219400396, 0.08778378642876036, 0.08312118567428742, 0.08312118567428742]
Timestep: 33, Trans probs: [0.10073272687952248, 0.10073272687952248, 0.2948709118433427, 0.10073272687952248, 0.10073272687952248, 0.10073272687952248, 0.10073272687952248, 0.10073272687952248]
Timestep: 34, Trans probs: [0.11959201657498483, 0.08171696182811003, 0.23284844062612944, 0.08171696182811003, 0.23529304321569688, 0.08539865227074865, 0.08171696182811003, 0.08171696182811003]
Timestep: 35, Trans probs: [0.10073272687952248, 0.10073272687952248, 0.2948709118433427, 0.10073272687952248, 0.10073272687952248, 0.10073272687952248, 0.10073272687952248, 0.10073272687952248]
Timestep: 36, Trans probs: [0.19140288210029274, 0.08076405359240421, 0.19997230139322555, 0.08076405359240421, 0.2019005349656711, 0.08366806717119368, 0.08076405359240421, 0.08076405359240421]
Timestep: 37, Trans probs: [0.0945005576919956, 0.0945005576919956, 0.33849609615603093, 0.0945005576919956, 0.0945005576919956, 0.0945005576919956, 0.0945005576919956, 0.0945005576919956]
Timestep: 38, Trans probs: [0.24814513266155014, 0.07925481224062098, 0.17583294864188329, 0.07925481224062098, 0.1773951325377853, 0.08160753719629736, 0.07925481224062098, 0.07925481224062098]
Timestep: 39, Trans probs: [0.0945005576919956, 0.0945005576919956, 0.33849609615603093, 0.0945005576919956, 0.0945005576919956, 0.0945005576919956, 0.0945005576919956, 0.0945005576919956]
Timestep: 40, Trans probs: [0.2133915163066693, 0.07867694803022733, 0.1557120434567329, 0.07867694803022733, 0.23563506011055182, 0.08055358800513664, 0.07867694803022733, 0.07867694803022733]
Timestep: 41, Trans probs: [0.18550216385248086, 0.07836386050195362, 0.21799362214613038, 0.07836386050195362, 0.20319242240537008, 0.07985634958820427, 0.07836386050195362, 0.07836386050195362]
Timestep: 42, Trans probs: [0.16374974414827265, 0.07788990742852159, 0.2676780637658708, 0.07788990742852159, 0.17792658532814348, 0.0790859770436268, 0.07788990742852159, 0.07788990742852159]
Timestep: 43, Trans probs: [0.14571746582536635, 0.07816375242379274, 0.3056510443515575, 0.07816375242379274, 0.15687167136072716, 0.07910480876717804, 0.07816375242379274, 0.07816375242379274]
Timestep: 44, Trans probs: [0.09138849056282955, 0.09138849056282955, 0.3602805660601931, 0.09138849056282955, 0.09138849056282955, 0.09138849056282955, 0.09138849056282955, 0.09138849056282955]
Timestep: 45, Trans probs: [0.13099115037798778, 0.0791820027432057, 0.2536494316832081, 0.0791820027432057, 0.21872767739871085, 0.07990372956727045, 0.0791820027432057, 0.0791820027432057]
Timestep: 46, Trans probs: [0.11979588896716095, 0.07919407014490681, 0.2951148625694683, 0.07919407014490681, 0.18855329449910752, 0.07975967338463595, 0.07919407014490681, 0.07919407014490681]
Timestep: 47, Trans probs: [0.11102323160105977, 0.07987827642388026, 0.32538566989111123, 0.07987827642388026, 0.16376585189515086, 0.08031214091715701, 0.07987827642388026, 0.07987827642388026]
Timestep: 48, Trans probs: [0.09138849056282955, 0.09138849056282955, 0.3602805660601931, 0.09138849056282955, 0.09138849056282955, 0.09138849056282955, 0.09138849056282955, 0.09138849056282955]
Timestep: 49, Trans probs: [0.1854547411509521, 0.08105946867093616, 0.2650094000494754, 0.08105946867093616, 0.14391343625831932, 0.0813845478575086, 0.08105946867093616, 0.08105946867093616]
Timestep: 50, Trans probs: [0.08997576971464231, 0.08997576971464231, 0.3701696119975038, 0.08997576971464231, 0.08997576971464231, 0.08997576971464231, 0.08997576971464231, 0.08997576971464231]
Timestep: 51, Trans probs: [0.17872105718637904, 0.08936052859318952, 0.2851157712544838, 0.08936052859318952, 0.08936052859318952, 0.08936052859318952, 0.08936052859318952, 0.08936052859318952]
Timestep: 52, Trans probs: [0.24297761908034562, 0.08026227729495786, 0.22554889032495176, 0.08026227729495786, 0.12990535135230047, 0.08051903006257081, 0.08026227729495786, 0.08026227729495786]
Timestep: 53, Trans probs: [0.08997576971464231, 0.08997576971464231, 0.3701696119975038, 0.08997576971464231, 0.08997576971464231, 0.08997576971464231, 0.08997576971464231, 0.08997576971464231]
Timestep: 54, Trans probs: [0.20784930771018517, 0.07982178685684024, 0.19413605295685332, 0.07982178685684024, 0.19870368709551117, 0.08002380481008942, 0.07982178685684024, 0.07982178685684024]
Timestep: 55, Trans probs: [0.15559943734395687, 0.08667725404337837, 0.32433703839577294, 0.08667725404337837, 0.08667725404337837, 0.08667725404337837, 0.08667725404337837, 0.08667725404337837]
Timestep: 56, Trans probs: [0.2606345293133039, 0.07877921652401311, 0.17081464936283985, 0.07877921652401311, 0.17449209225201506, 0.07894186297578873, 0.07877921652401311, 0.07877921652401311]
Timestep: 57, Trans probs: [0.22240126203867122, 0.07863000047802347, 0.23002141817595456, 0.07863000047802347, 0.1542987322843713, 0.07875858558890907, 0.07863000047802347, 0.07863000047802347]
Timestep: 58, Trans probs: [0.1924729529046172, 0.07841057142715949, 0.27692905211538005, 0.07841057142715949, 0.1384431235486434, 0.07851258572272138, 0.07841057142715949, 0.07841057142715949]
Timestep: 59, Trans probs: [0.1676850689099805, 0.07886194727805064, 0.3123150132751206, 0.07886194727805064, 0.12561074043748122, 0.07894138826521502, 0.07886194727805064, 0.07886194727805064]
Timestep: 60, Trans probs: [0.14744689341802764, 0.0799431272837731, 0.33730583722636953, 0.0799431272837731, 0.11547125940200334, 0.08000350081850702, 0.0799431272837731, 0.0799431272837731]
Timestep: 61, Trans probs: [0.13149512078335543, 0.08137357612462473, 0.35383895791568987, 0.08137357612462473, 0.10775321332980786, 0.08141840347264784, 0.08137357612462473, 0.08137357612462473]
Timestep: 62, Trans probs: [0.11937024424017657, 0.08287383994959263, 0.36414553049900455, 0.08287383994959263, 0.10208238412025974, 0.08290648134218868, 0.08287383994959263, 0.08287383994959263]
Timestep: 63, Trans probs: [0.08936052859318952, 0.08936052859318952, 0.37447629984767333, 0.08936052859318952, 0.08936052859318952, 0.08936052859318952, 0.08936052859318952, 0.08936052859318952]
Timestep: 64, Trans probs: [0.08909720744497757, 0.08909720744497757, 0.2872223404401795, 0.08909720744497757, 0.17819441488995513, 0.08909720744497757, 0.08909720744497757, 0.08909720744497757]
Timestep: 65, Trans probs: [0.08654887475001509, 0.08654887475001509, 0.23903550599253653, 0.08654887475001509, 0.24167124550737287, 0.08654887475001509, 0.08654887475001509, 0.08654887475001509]
Timestep: 66, Trans probs: [0.11043039663091898, 0.08425361663600588, 0.2859936867998173, 0.08425361663600588, 0.18228442158828242, 0.08427702843695788, 0.08425361663600588, 0.08425361663600588]
Timestep: 67, Trans probs: [0.10332877409336165, 0.08304278423880392, 0.32242630318203397, 0.08304278423880392, 0.15901285829231468, 0.08306092747707391, 0.08304278423880392, 0.08304278423880392]
Timestep: 68, Trans probs: [0.1370310585059047, 0.0857807299168682, 0.34828456199288604, 0.0857807299168682, 0.0857807299168682, 0.0857807299168682, 0.0857807299168682, 0.0857807299168682]
Timestep: 69, Trans probs: [0.18147246970134273, 0.08312501201208165, 0.26275650346265333, 0.08312501201208165, 0.1401323522336899, 0.08313862655398734, 0.08312501201208165, 0.08312501201208165]
Timestep: 70, Trans probs: [0.15961915139694952, 0.08157214560940665, 0.30569703617297783, 0.08157214560940665, 0.12681228009530413, 0.08158294989714192, 0.08157214560940665, 0.08157214560940665]
Timestep: 71, Trans probs: [0.14135460513831968, 0.08151315613267189, 0.33487093428794834, 0.08151315613267189, 0.11620039587401486, 0.08152144016902957, 0.08151315613267189, 0.08151315613267189]
Timestep: 72, Trans probs: [0.12688784053352323, 0.08232628537239522, 0.3533180658884933, 0.08232628537239522, 0.1081564979224831, 0.08233245416591949, 0.08232628537239522, 0.08232628537239522]
Timestep: 73, Trans probs: [0.10073272687952248, 0.10073272687952248, 0.2948709118433427, 0.10073272687952248, 0.10073272687952248, 0.10073272687952248, 0.10073272687952248, 0.10073272687952248]
Timestep: 74, Trans probs: [0.0945005576919956, 0.0945005576919956, 0.24399553846403535, 0.0945005576919956, 0.0945005576919956, 0.1890011153839912, 0.0945005576919956, 0.0945005576919956]
Timestep: 75, Trans probs: [0.0847091460285069, 0.0847091460285069, 0.2872091245329606, 0.0847091460285069, 0.204535999295998, 0.0847091460285069, 0.0847091460285069, 0.0847091460285069]
Timestep: 76, Trans probs: [0.11593848732421988, 0.08348961605394235, 0.28082064208017987, 0.08348961605394235, 0.10229868227461265, 0.16698372410521822, 0.08348961605394235, 0.08348961605394235]
Timestep: 77, Trans probs: [0.10759399913492178, 0.08194330061886514, 0.3198759610617663, 0.08194330061886514, 0.0968117896635638, 0.14794504766428765, 0.08194330061886514, 0.08194330061886514]
Timestep: 78, Trans probs: [0.1015147608984244, 0.0820127339001157, 0.34492382286187834, 0.0820127339001157, 0.09331713072160029, 0.13219334991763423, 0.0820127339001157, 0.0820127339001157]
Timestep: 79, Trans probs: [0.12299295515052462, 0.08583647776659438, 0.36198817824990914, 0.08583647776659438, 0.08583647776659438, 0.08583647776659438, 0.08583647776659438, 0.08583647776659438]
Timestep: 80, Trans probs: [0.18021183912758035, 0.08290905729608773, 0.2769540041186476, 0.08290905729608773, 0.0912524143174613, 0.11994551325195979, 0.08290905729608773, 0.08290905729608773]
Timestep: 81, Trans probs: [0.11278291021350592, 0.0862871591345501, 0.3694941349791935, 0.0862871591345501, 0.0862871591345501, 0.0862871591345501, 0.0862871591345501, 0.0862871591345501]
Timestep: 82, Trans probs: [0.1923581741033951, 0.08683199248613681, 0.28664987097978406, 0.08683199248613681, 0.08683199248613681, 0.08683199248613681, 0.08683199248613681, 0.08683199248613681]
Timestep: 83, Trans probs: [0.08395463910187569, 0.08395463910187569, 0.3214573545803411, 0.08395463910187569, 0.17481481080840486, 0.08395463910187569, 0.08395463910187569, 0.08395463910187569]
Timestep: 84, Trans probs: [0.23990595782750274, 0.08167223142381144, 0.23435410693025377, 0.08167223142381144, 0.08823709909443432, 0.11081391045256345, 0.08167223142381144, 0.08167223142381144]
Timestep: 85, Trans probs: [0.20512166797504822, 0.08086823031139727, 0.28163029319429667, 0.08086823031139727, 0.08602330941129027, 0.10375180817377574, 0.08086823031139727, 0.08086823031139727]
Timestep: 86, Trans probs: [0.17660386882460097, 0.080894591044697, 0.3164311171973758, 0.080894591044697, 0.08486541798378436, 0.09852123181545093, 0.080894591044697, 0.080894591044697]
Timestep: 87, Trans probs: [0.08405455817350883, 0.08405455817350883, 0.3442375565715176, 0.08405455817350883, 0.15143509438742941, 0.08405455817350883, 0.08405455817350883, 0.08405455817350883]
Timestep: 88, Trans probs: [0.08463840888096678, 0.08463840888096678, 0.27388329369657916, 0.08463840888096678, 0.21828625301762009, 0.08463840888096678, 0.08463840888096678, 0.08463840888096678]
Timestep: 89, Trans probs: [0.15361093031276596, 0.08162322713546037, 0.25878195119442404, 0.08162322713546037, 0.1662331105041526, 0.09488109944681594, 0.08162322713546037, 0.08162322713546037]
Timestep: 90, Trans probs: [0.08936664879858751, 0.08936664879858751, 0.20927126657131723, 0.08936664879858751, 0.17873329759717502, 0.1651621918385702, 0.08936664879858751, 0.08936664879858751]
Timestep: 91, Trans probs: [0.08378589270687127, 0.08378589270687127, 0.3117076426572997, 0.08378589270687127, 0.1855770011014726, 0.08378589270687127, 0.08378589270687127, 0.08378589270687127]
Timestep: 92, Trans probs: [0.125, 0.125, 0.125, 0.125, 0.125, 0.125, 0.125, 0.125]
Timestep: 93, Trans probs: [0.1379877212511078, 0.08011298766615123, 0.22254028433805928, 0.08011298766615123, 0.1481353615229274, 0.1708846822233006, 0.08011298766615123, 0.08011298766615123]
Timestep: 94, Trans probs: [0.12606727011276542, 0.07791285160317549, 0.2743317113776148, 0.07791285160317549, 0.13451056974051498, 0.15343904235640274, 0.07791285160317549, 0.07791285160317549]
Timestep: 95, Trans probs: [0.11616708053316833, 0.07751642412574135, 0.31268645712163345, 0.07751642412574135, 0.12294400948294092, 0.13813675635929185, 0.07751642412574135, 0.07751642412574135]
Timestep: 96, Trans probs: [0.10835716140870137, 0.07843223494097833, 0.3389427733040371, 0.07843223494097833, 0.11360413828695066, 0.12536698723639741, 0.07843223494097833, 0.07843223494097833]
Timestep: 97, Trans probs: [0.1025001398209204, 0.0800316843548847, 0.3556618252659349, 0.0800316843548847, 0.10643971395646326, 0.11527158353714262, 0.0800316843548847, 0.0800316843548847]
Timestep: 98, Trans probs: [0.09828155248145017, 0.08181271298865957, 0.3656557149262482, 0.08181271298865957, 0.10116916592716654, 0.10764271471049691, 0.08181271298865957, 0.08181271298865957]
Timestep: 99, Trans probs: [0.09532754289932661, 0.08346902506939735, 0.3713214434465637, 0.08346902506939735, 0.09740679174663983, 0.10206812162988056, 0.08346902506939735, 0.08346902506939735]
Timestep: 100, Trans probs: [0.09329378795280782, 0.08486183603988273, 0.3743999886806184, 0.08486183603988273, 0.09477222957148139, 0.09808664963556127, 0.08486183603988273, 0.08486183603988273]
Timestep: 101, Trans probs: [0.1658345947288107, 0.08518046376264508, 0.2379021589326737, 0.08518046376264508, 0.17036092752529017, 0.08518046376264508, 0.08518046376264508, 0.08518046376264508]
Timestep: 102, Trans probs: [0.17786634796521733, 0.08596131953258232, 0.2900576560068921, 0.08596131953258232, 0.09294718648783555, 0.09528353140972574, 0.08596131953258232, 0.08596131953258232]
Timestep: 103, Trans probs: [0.15529009251016487, 0.08431127943667428, 0.32624740228670623, 0.08431127943667428, 0.0897065070235592, 0.09151088043287263, 0.08431127943667428, 0.08431127943667428]
Timestep: 104, Trans probs: [0.13709394375354522, 0.08411565053835339, 0.3488114249289432, 0.08411565053835339, 0.08814262614817002, 0.0894894030159281, 0.08411565053835339, 0.08411565053835339]
Timestep: 105, Trans probs: [0.1232237479912199, 0.08465186860443905, 0.3620206569955023, 0.08465186860443905, 0.0875837867182301, 0.08856433387729139, 0.08465186860443905, 0.08465186860443905]
Timestep: 106, Trans probs: [0.11304850650644704, 0.0854413885745442, 0.3694044196896739, 0.0854413885745442, 0.0875398553959937, 0.08824166410970843, 0.0854413885745442, 0.0854413885745442]
Timestep: 107, Trans probs: [0.1111111111111111, 0.1111111111111111, 0.2222222222222222, 0.1111111111111111, 0.1111111111111111, 0.1111111111111111, 0.1111111111111111, 0.1111111111111111]
Timestep: 108, Trans probs: [0.10576437561030277, 0.1724588317054525, 0.28716333438621955, 0.08622941585272625, 0.08771430337379028, 0.08821090736605602, 0.08622941585272625, 0.08622941585272625]
Timestep: 109, Trans probs: [0.0995009802746917, 0.15137281070095646, 0.3248922129148575, 0.08430760170536553, 0.08546247781058217, 0.08584871318281559, 0.08430760170536553, 0.08430760170536553]
Timestep: 110, Trans probs: [0.08377292852987119, 0.16754585705974237, 0.253856370258252, 0.08377292852987119, 0.1597331300326498, 0.08377292852987119, 0.08377292852987119, 0.08377292852987119]
Timestep: 111, Trans probs: [0.08173967712379426, 0.14888238994720865, 0.21805893782523422, 0.08173967712379426, 0.22436028660858592, 0.08173967712379426, 0.08173967712379426, 0.08173967712379426]
Timestep: 112, Trans probs: [0.14780413874053, 0.08241504344652849, 0.2886468506385335, 0.08241504344652849, 0.1514737933882941, 0.08241504344652849, 0.08241504344652849, 0.08241504344652849]
Timestep: 113, Trans probs: [0.08487829832967647, 0.08487829832967647, 0.18418455760817276, 0.08487829832967647, 0.24377099044412046, 0.1476529602993244, 0.08487829832967647, 0.08487829832967647]
Timestep: 114, Trans probs: [0.16064241894466372, 0.13408253299962708, 0.1894723529009022, 0.08032120947233186, 0.19451785726547952, 0.08032120947233186, 0.08032120947233186, 0.08032120947233186]
Timestep: 115, Trans probs: [0.1326048829847838, 0.08156375588184032, 0.2425432561521628, 0.08156375588184032, 0.13546932557201155, 0.16312751176368065, 0.08156375588184032, 0.08156375588184032]
Timestep: 116, Trans probs: [0.20066578452193476, 0.07931851703649379, 0.2118737255179193, 0.07931851703649379, 0.12370593292852815, 0.14648048888564258, 0.07931851703649379, 0.07931851703649379]
Timestep: 117, Trans probs: [0.09538920140778608, 0.1342650783429212, 0.26431097938192144, 0.08400236753984199, 0.16887026885731982, 0.08515736939052541, 0.08400236753984199, 0.08400236753984199]
Timestep: 118, Trans probs: [0.09101987977422946, 0.12219323679664694, 0.3083621333002528, 0.08188913172415611, 0.14994206315840458, 0.08281529179799786, 0.08188913172415611, 0.08188913172415611]
Timestep: 119, Trans probs: [0.0886383495936132, 0.11263803606349368, 0.33757418807336503, 0.08160878616611172, 0.1340012511997534, 0.08232181657143955, 0.08160878616611172, 0.08160878616611172]
Timestep: 120, Trans probs: [0.08760556048529225, 0.10549137569941824, 0.35549226506603204, 0.08236676402609434, 0.12141235528330958, 0.08289815138766475, 0.08236676402609434, 0.08236676402609434]
Timestep: 121, Trans probs: [0.0873448476797456, 0.10036115709221566, 0.3658303505502003, 0.08353234068213239, 0.11194756754835629, 0.08391905508308481, 0.08353234068213239, 0.08353234068213239]
Timestep: 122, Trans probs: [0.17785490575385324, 0.07754494600724006, 0.26466473372709653, 0.07754494600724006, 0.11423715996187524, 0.13306341652821474, 0.07754494600724006, 0.07754494600724006]
Timestep: 123, Trans probs: [0.1721829196644394, 0.09677288442730125, 0.28679313691997343, 0.08472698222018522, 0.10506632372125846, 0.08500378860647186, 0.08472698222018522, 0.08472698222018522]
Timestep: 124, Trans probs: [0.1577819491515848, 0.07724288209133505, 0.30472461553439795, 0.07724288209133505, 0.10670313397206786, 0.12181877297660927, 0.07724288209133505, 0.07724288209133505]
Timestep: 125, Trans probs: [0.2346072121035759, 0.0925624081303208, 0.24095325485052624, 0.0831555075259146, 0.09903893083202804, 0.0833716715058052, 0.0831555075259146, 0.0831555075259146]
Timestep: 126, Trans probs: [0.20060185624184074, 0.08934617970209514, 0.28755063876925735, 0.08197828547709832, 0.0944188743353964, 0.08214759452011534, 0.08197828547709832, 0.08197828547709832]
Timestep: 127, Trans probs: [0.17270427739369643, 0.08745402982553875, 0.32113758163002476, 0.08180834210629155, 0.0913410087804697, 0.08193807605139569, 0.08180834210629155, 0.08180834210629155]
Timestep: 128, Trans probs: [0.14070214259606062, 0.07813084523320983, 0.33299365058751956, 0.07813084523320983, 0.10101869641026445, 0.11276212947331603, 0.07813084523320983, 0.07813084523320983]
Timestep: 129, Trans probs: [0.23277458511743798, 0.08662221029519686, 0.26137627353715975, 0.08240023206388705, 0.08952898469529884, 0.08249725016324531, 0.08240023206388705, 0.08240023206388705]
Timestep: 130, Trans probs: [0.19733648471393678, 0.08532618193979136, 0.3013471302012502, 0.08209048316602845, 0.08755391639191748, 0.08216483725501886, 0.08209048316602845, 0.08209048316602845]
Timestep: 131, Trans probs: [0.12687964740675658, 0.07969332687632959, 0.3515840115122933, 0.07969332687632959, 0.096953532871905, 0.10580950070372686, 0.07969332687632959, 0.07969332687632959]
Timestep: 132, Trans probs: [0.2515726281108629, 0.08481633451877564, 0.24754501390297873, 0.08237888114873382, 0.08649448790311504, 0.08243489211806619, 0.08237888114873382, 0.08237888114873382]
Timestep: 133, Trans probs: [0.21121000074371332, 0.08408841884084915, 0.2903699722083858, 0.08223030049616985, 0.08536770796570048, 0.08227299875284173, 0.08223030049616985, 0.08223030049616985]
Timestep: 134, Trans probs: [0.22296973006470439, 0.1228792731702712, 0.16928374813468253, 0.0778391196524845, 0.17351077002040394, 0.0778391196524845, 0.0778391196524845, 0.0778391196524845]
Timestep: 135, Trans probs: [0.1963534904180077, 0.11368744139188915, 0.15201351883686753, 0.0764881753042913, 0.2319928481360704, 0.0764881753042913, 0.0764881753042913, 0.0764881753042913]
Timestep: 136, Trans probs: [0.11619980297342675, 0.08146935844447338, 0.3630578241755484, 0.08146935844447338, 0.09417335019778451, 0.10069158887534688, 0.08146935844447338, 0.08146935844447338]
Timestep: 137, Trans probs: [0.19140104965770802, 0.08315365182972739, 0.28660942473821105, 0.08315365182972739, 0.09233265159622134, 0.09704226668895014, 0.08315365182972739, 0.08315365182972739]
Timestep: 138, Trans probs: [0.17973489967641162, 0.0838317051830683, 0.23945484672100506, 0.0824299016314291, 0.16722672943110853, 0.08246211409411902, 0.0824299016314291, 0.0824299016314291]
Timestep: 139, Trans probs: [0.1659454361176099, 0.08240399767466595, 0.32182782464172854, 0.08240399767466595, 0.0894880187167139, 0.09312272982528395, 0.08240399767466595, 0.08240399767466595]
Timestep: 140, Trans probs: [0.23964586445859512, 0.08175190584789542, 0.20714122907388496, 0.08062243887467552, 0.1489452907618457, 0.08064839323375228, 0.08062243887467552, 0.08062243887467552]
Timestep: 141, Trans probs: [0.2064477065028351, 0.08056137689305841, 0.2601931511536802, 0.07966087092737618, 0.13413358874525358, 0.07968156392304428, 0.07966087092737618, 0.07966087092737618]
Timestep: 142, Trans probs: [0.17902959822042194, 0.08016886230983757, 0.3006985149345718, 0.07946167922859931, 0.12224005704943246, 0.07947792979993841, 0.07946167922859931, 0.07946167922859931]
Timestep: 143, Trans probs: [0.14535511699459167, 0.08272599272249821, 0.3449426058161238, 0.08272599272249821, 0.08803672285185259, 0.09076158344743906, 0.08272599272249821, 0.08272599272249821]
Timestep: 144, Trans probs: [0.23647994713049084, 0.08064248949298372, 0.2495892033513308, 0.08010071991120901, 0.1128730308952511, 0.08011316939631628, 0.08010071991120901, 0.08010071991120901]
Timestep: 145, Trans probs: [0.20146583770479978, 0.08056945864193049, 0.2917849653391375, 0.08014916186786915, 0.10557343271749442, 0.08015881999303034, 0.08014916186786915, 0.08014916186786915]
Timestep: 146, Trans probs: [0.10073272687952248, 0.10073272687952248, 0.2948709118433427, 0.10073272687952248, 0.10073272687952248, 0.10073272687952248, 0.10073272687952248, 0.10073272687952248]
Timestep: 147, Trans probs: [0.17324390022148875, 0.1617178971866252, 0.24214297951388453, 0.08069863891406265, 0.100093299813707, 0.08070600652210677, 0.08069863891406265, 0.08069863891406265]
Timestep: 148, Trans probs: [0.1543457085096409, 0.14497280974550641, 0.28946243803022664, 0.07908827861732397, 0.09485993793645028, 0.07909426992620379, 0.07908827861732397, 0.07908827861732397]
Timestep: 149, Trans probs: [0.13816311554941002, 0.1308023695093561, 0.323335071563968, 0.07906178062576755, 0.09144761576596588, 0.07906648573399733, 0.07906178062576755, 0.07906178062576755]
Timestep: 150, Trans probs: [0.12499633256634658, 0.11940134911871092, 0.34582032097063997, 0.08007276247826248, 0.08948737102710544, 0.0800763388824098, 0.08007276247826248, 0.08007276247826248]
Timestep: 151, Trans probs: [0.11480272229996676, 0.11066208932979825, 0.3597826074750646, 0.08155650858274792, 0.08852389980444006, 0.08155915534248646, 0.08155650858274792, 0.08155650858274792]
Timestep: 152, Trans probs: [0.2496312906300129, 0.10628314391062016, 0.1375269680023358, 0.07595790836700438, 0.20272696398901358, 0.07595790836700438, 0.07595790836700438, 0.07595790836700438]
Timestep: 153, Trans probs: [0.21547290560767324, 0.10046658291631004, 0.12553308986346912, 0.0761370474152497, 0.25397923195154887, 0.0761370474152497, 0.0761370474152497, 0.0761370474152497]
Timestep: 154, Trans probs: [0.10721683007413117, 0.10421420091660569, 0.2848669023054944, 0.08310794348508796, 0.17126837343416906, 0.08310986281433572, 0.08310794348508796, 0.08310794348508796]
Timestep: 155, Trans probs: [0.10080032706654624, 0.09844213931231426, 0.32218795438110975, 0.08186582728659245, 0.1511047627018075, 0.08186733467844502, 0.08186582728659245, 0.08186582728659245]
Timestep: 156, Trans probs: [0.08237643167457194, 0.08237643167457194, 0.16238862167560308, 0.08237643167457194, 0.29277452445695656, 0.13295469549458064, 0.08237643167457194, 0.08237643167457194]
Timestep: 157, Trans probs: [0.09641891220997922, 0.09463362923972841, 0.2640220049491521, 0.08208441320891115, 0.1345022463747599, 0.16416996759964678, 0.08208441320891115, 0.08208441320891115]
Timestep: 158, Trans probs: [0.09186536803558376, 0.09042247777691702, 0.30760452221566603, 0.08028002872738225, 0.12264484266205884, 0.1466227031276277, 0.08028002872738225, 0.08028002872738225]
Timestep: 159, Trans probs: [0.08926960080327347, 0.08815069196420042, 0.3368530488437599, 0.08028559215968815, 0.11313796224983984, 0.1317319196598619, 0.08028559215968815, 0.08028559215968815]
Timestep: 160, Trans probs: [0.08804654901566619, 0.08720762332988836, 0.35498809942222204, 0.08131059756979356, 0.10594236035945935, 0.11988357516338331, 0.08131059756979356, 0.08131059756979356]
Timestep: 161, Trans probs: [0.08169342603803885, 0.08169342603803885, 0.22551199052464768, 0.08169342603803885, 0.24505616668108673, 0.1209647126040714, 0.08169342603803885, 0.08169342603803885]
Timestep: 162, Trans probs: [0.18713539102216278, 0.09596668031694434, 0.1925175783968346, 0.07667998084007212, 0.21766042690376974, 0.07667998084007212, 0.07667998084007212, 0.07667998084007212]
Timestep: 163, Trans probs: [0.08764161895452711, 0.08702823177536312, 0.28281805398491827, 0.08271657454783611, 0.10072628357394786, 0.19363608806773536, 0.08271657454783611, 0.08271657454783611]
Timestep: 164, Trans probs: [0.08579829793552239, 0.08532290144998057, 0.31904806786825507, 0.08198121652004627, 0.09593936997919271, 0.1679477132069104, 0.08198121652004627, 0.08198121652004627]
Timestep: 165, Trans probs: [0.16589535464140098, 0.091905843181037, 0.24651675550030214, 0.07625339552725055, 0.19066846456825776, 0.07625339552725055, 0.07625339552725055, 0.07625339552725055]
Timestep: 166, Trans probs: [0.08520597583506964, 0.08484820265218515, 0.26074474217828436, 0.08233332235765131, 0.17517125116938168, 0.1470298610921253, 0.08233332235765131, 0.08233332235765131]
Timestep: 167, Trans probs: [0.08312107249431215, 0.08283539068150726, 0.3041160005296732, 0.0808272592845777, 0.1549583263091035, 0.13248743213167086, 0.0808272592845777, 0.0808272592845777]
Timestep: 168, Trans probs: [0.08261821543303283, 0.08239804459180741, 0.3337862169211633, 0.08085040676841145, 0.13798214794395228, 0.12066415480480977, 0.08085040676841145, 0.08085040676841145]
Timestep: 169, Trans probs: [0.08309132676949255, 0.08292671223350037, 0.35265101960188944, 0.08176959405761342, 0.12448512810241169, 0.11153703111986561, 0.08176959405761342, 0.08176959405761342]
Timestep: 170, Trans probs: [0.08401046127616865, 0.08389023151050805, 0.3639342839829468, 0.08304510537210238, 0.11424331406806819, 0.10478639304600104, 0.08304510537210238, 0.08304510537210238]
Timestep: 171, Trans probs: [0.0850263201693711, 0.0849399906621941, 0.37035534266549847, 0.08433315821408865, 0.10673464894917936, 0.09994422291149099, 0.08433315821408865, 0.08433315821408865]
Timestep: 172, Trans probs: [0.0859544839689567, 0.08589323025201107, 0.3738677767424067, 0.08546266202308019, 0.10135728041623447, 0.09653924255115047, 0.08546266202308019, 0.08546266202308019]
Timestep: 173, Trans probs: [0.08672293591604123, 0.08667982597280396, 0.3757311193305332, 0.08637679502489505, 0.09756331775158966, 0.09417241595434674, 0.08637679502489505, 0.08637679502489505]
Timestep: 174, Trans probs: [0.08087505386326518, 0.08087505386326518, 0.19383872647004188, 0.08087505386326518, 0.2900649411836904, 0.11172106302994181, 0.08087505386326518, 0.08087505386326518]
Timestep: 175, Trans probs: [0.0873225795856707, 0.08729240438386834, 0.2896165192706554, 0.08708029508102881, 0.09491040468907806, 0.17961720682764104, 0.08708029508102881, 0.08708029508102881]
Timestep: 176, Trans probs: [0.0853588877352703, 0.0853356664899396, 0.3262060828941839, 0.08517243834682992, 0.09119807812102777, 0.15638396971908866, 0.08517243834682992, 0.08517243834682992]
Timestep: 177, Trans probs: [0.08490856138124099, 0.0848912834730843, 0.34888220747810367, 0.08476983258511196, 0.08925324633494561, 0.13775520357728957, 0.08476983258511196, 0.08476983258511196]
Timestep: 178, Trans probs: [0.08524124510845667, 0.08522869711995411, 0.36209118953642305, 0.08514049406133825, 0.08839654934737011, 0.12362083670378123, 0.08514049406133825, 0.08514049406133825]
Timestep: 179, Trans probs: [0.0858718555963134, 0.08586289146959135, 0.36944988849623583, 0.08579988030293755, 0.08812596565056376, 0.11328975787848296, 0.08579988030293755, 0.08579988030293755]
Timestep: 180, Trans probs: [0.08653915900897431, 0.08653282453161745, 0.37341715281221893, 0.08648829785090725, 0.08813202014774153, 0.10591394994672595, 0.08648829785090725, 0.08648829785090725]
Timestep: 181, Trans probs: [0.08712797068650184, 0.08712352619193087, 0.37550405736272696, 0.08709228468935208, 0.08824557870445286, 0.1007220129863311, 0.08709228468935208, 0.08709228468935208]
Timestep: 182, Trans probs: [0.08760311868226935, 0.08760001467289474, 0.3765815101852856, 0.0875781957876802, 0.08838364967616232, 0.09709711942034747, 0.0875781957876802, 0.0875781957876802]
Timestep: 183, Trans probs: [0.14821047607670707, 0.08893890524501032, 0.28919475688580687, 0.07640003126828698, 0.1680557367193279, 0.07640003126828698, 0.07640003126828698, 0.07640003126828698]
Timestep: 184, Trans probs: [0.12945637703024168, 0.08359427258502185, 0.3592047331136162, 0.08359427258502185, 0.08748321822658423, 0.08947858128947052, 0.08359427258502185, 0.08359427258502185]
Timestep: 185, Trans probs: [0.08796718576704228, 0.08796502447546545, 0.289180032789226, 0.08794983219762752, 0.17646049411405731, 0.09457776626132633, 0.08794983219762752, 0.08794983219762752]
Timestep: 186, Trans probs: [0.08574572714081162, 0.08574406163540399, 0.3265340158380364, 0.08573235436685911, 0.15393924863210473, 0.09083988365306601, 0.08573235436685911, 0.08573235436685911]
Timestep: 187, Trans probs: [0.11762816661943286, 0.08462767662585724, 0.3675733405054948, 0.08462767662585724, 0.08742600246114968, 0.08886178391049382, 0.08462767662585724, 0.08462767662585724]
Timestep: 188, Trans probs: [0.170310487243755, 0.08515897798363907, 0.26425039554820234, 0.08515027051356851, 0.1358802497690967, 0.08894907791460134, 0.08515027051356851, 0.08515027051356851]
Timestep: 189, Trans probs: [0.1508270864969025, 0.08283361531213719, 0.30866475579207425, 0.08282666239820202, 0.12333454549605471, 0.08586000970822534, 0.08282666239820202, 0.08282666239820202]
Timestep: 190, Trans probs: [0.13451108172874718, 0.0823679114269482, 0.33791699547739074, 0.08236257934183625, 0.11342746557476564, 0.0846888077666396, 0.08236257934183625, 0.08236257934183625]
Timestep: 191, Trans probs: [0.0945005576919956, 0.0945005576919956, 0.33849609615603093, 0.0945005576919956, 0.0945005576919956, 0.0945005576919956, 0.0945005576919956, 0.0945005576919956]
Timestep: 192, Trans probs: [0.12169522047098218, 0.165920614609038, 0.2727889790324315, 0.08295832691770111, 0.10603391176041774, 0.08468629337402722, 0.08295832691770111, 0.08295832691770111]
Timestep: 193, Trans probs: [0.11220324027818401, 0.1475484470288463, 0.31420277747964837, 0.08124447692052843, 0.09968662612132974, 0.0826254783304062, 0.08124447692052843, 0.08124447692052843]
Timestep: 194, Trans probs: [0.10906020373686391, 0.08560889156095773, 0.3722889518758387, 0.08560889156095773, 0.08759748060148778, 0.08861779754197867, 0.08560889156095773, 0.08560889156095773]
Timestep: 195, Trans probs: [0.1894066865435895, 0.08644216285183016, 0.2884194068800563, 0.08644216285183016, 0.08784320111542561, 0.088562054053608, 0.08644216285183016, 0.08644216285183016]
Timestep: 196, Trans probs: [0.08099438399025566, 0.08099438399025566, 0.24872786797660393, 0.08099438399025566, 0.2416207352387648, 0.10467947683335295, 0.08099438399025566, 0.08099438399025566]
Timestep: 197, Trans probs: [0.16367963434835403, 0.084881806813791, 0.23945318217884093, 0.084881806813791, 0.08595400884518788, 0.17138594737245316, 0.084881806813791, 0.084881806813791]
Timestep: 198, Trans probs: [0.1862847359296644, 0.13214628551097318, 0.2600405186856938, 0.08126314679801751, 0.09541606153926728, 0.08232295794034881, 0.08126314679801751, 0.08126314679801751]
Timestep: 199, Trans probs: [0.16399930532985743, 0.12071090186520879, 0.30299887700335515, 0.08002540346029607, 0.09134189070331615, 0.08087281471737426, 0.08002540346029607, 0.08002540346029607]
Timestep: 200, Trans probs: [0.14509604930162193, 0.11165806460250355, 0.3326964960330393, 0.08023068534490453, 0.08897206864837734, 0.08088526537974415, 0.08023068534490453, 0.08023068534490453]
Timestep: 201, Trans probs: [0.1299017454230424, 0.10483950064043124, 0.35179517980677366, 0.08128423321276627, 0.08783602423909694, 0.08177485025235698, 0.08128423321276627, 0.08128423321276627]
Timestep: 202, Trans probs: [0.14606517717696116, 0.08221532731241671, 0.2896797816529306, 0.08221532731241671, 0.08308413221314982, 0.15230959970729152, 0.08221532731241671, 0.08221532731241671]
Timestep: 203, Trans probs: [0.200921801122959, 0.09990935576927737, 0.2806779894874663, 0.0826671788566442, 0.08746301232860551, 0.0830263047217592, 0.0826671788566442, 0.0826671788566442]
Timestep: 204, Trans probs: [0.17334051335387368, 0.09537574843329295, 0.3169666549938906, 0.08206766283051714, 0.08576924660992706, 0.08234484811746427, 0.08206766283051714, 0.08206766283051714]
Timestep: 205, Trans probs: [0.1510238118861587, 0.09243335734758036, 0.34139107752659065, 0.08243234233394926, 0.08521407939644382, 0.08264064684137876, 0.08243234233394926, 0.08243234233394926]
Timestep: 206, Trans probs: [0.133698124311011, 0.09066623693393111, 0.35683474818294014, 0.0833209696013541, 0.08536402246599943, 0.08347395930205598, 0.0833209696013541, 0.0833209696013541]
Timestep: 207, Trans probs: [0.12072791000547031, 0.08968094154534839, 0.3660996159771227, 0.0843814230462563, 0.08585546013171287, 0.08449180320157676, 0.0843814230462563, 0.0843814230462563]
Timestep: 208, Trans probs: [0.1112827983488777, 0.08917290625553674, 0.3714215161762728, 0.08539888940387243, 0.08644861511035772, 0.08547749589733784, 0.08539888940387243, 0.08539888940387243]
Timestep: 209, Trans probs: [0.131255237464155, 0.08143928936895321, 0.3247433052948502, 0.08143928936895321, 0.0821171349697118, 0.13612716479547018, 0.08143928936895321, 0.08143928936895321]
Timestep: 210, Trans probs: [0.16184156576523973, 0.08092078288261986, 0.2103797149482856, 0.08092078288261986, 0.204894335449673, 0.09920125230632229, 0.08092078288261986, 0.08092078288261986]
Timestep: 211, Trans probs: [0.19080859482416498, 0.0889350545658197, 0.2881003277290081, 0.08627196581794142, 0.08701269190030289, 0.08632743352688013, 0.08627196581794142, 0.08627196581794142]
Timestep: 212, Trans probs: [0.1647419975625765, 0.08681538172638469, 0.3239421219966283, 0.08477829247565948, 0.085344899631096, 0.08482072165633603, 0.08477829247565948, 0.08477829247565948]
Timestep: 213, Trans probs: [0.11948066611050986, 0.0819028899094025, 0.2654349556209983, 0.0819028899094025, 0.08241421070641983, 0.2050586079244621, 0.0819028899094025, 0.0819028899094025]
Timestep: 214, Trans probs: [0.14529473056590864, 0.07902222175089053, 0.26406872936354553, 0.07902222175089053, 0.18055409110078255, 0.09399356196620118, 0.07902222175089053, 0.07902222175089053]
Timestep: 215, Trans probs: [0.11053946569490562, 0.08114406343394426, 0.2247129343140303, 0.08114406343394426, 0.08154404666957481, 0.2586272995857121, 0.08114406343394426, 0.08114406343394426]
Timestep: 216, Trans probs: [0.22850719091544644, 0.08605910043155116, 0.2622538666906975, 0.08454546066249137, 0.08496647271368021, 0.08457698726115061, 0.08454546066249137, 0.08454546066249137]
Timestep: 217, Trans probs: [0.10366984071044927, 0.08085516969773249, 0.2731385324073491, 0.08085516969773249, 0.0811656089239251, 0.21860533916734662, 0.08085516969773249, 0.08085516969773249]
Timestep: 218, Trans probs: [0.2773470984713724, 0.08475406526230993, 0.21957320745665726, 0.08359587186310449, 0.0839180181152314, 0.08361999510511552, 0.08359587186310449, 0.08359587186310449]
Timestep: 219, Trans probs: [0.23020899449025092, 0.08406194368670938, 0.26955099067267757, 0.08318306169013027, 0.08342751873975086, 0.08320136734022048, 0.08318306169013027, 0.08318306169013027]
Timestep: 220, Trans probs: [0.19444146307506813, 0.08358215216944373, 0.3071996698448834, 0.08291547944514024, 0.08310091144611431, 0.08292936512906968, 0.08291547944514024, 0.08291547944514024]
Timestep: 221, Trans probs: [0.20989373144078682, 0.07853239199477598, 0.22604170470225232, 0.07853239199477598, 0.1594682413600499, 0.09046675451780715, 0.07853239199477598, 0.07853239199477598]
Timestep: 222, Trans probs: [0.18367461940799573, 0.0778298664193159, 0.19668589234671366, 0.0778298664193159, 0.14304414498958945, 0.16527587757843754, 0.0778298664193159, 0.0778298664193159]
Timestep: 223, Trans probs: [0.16647357938887894, 0.08366663971279245, 0.2506989092208548, 0.08316866504910282, 0.0833071744480269, 0.1663477020821384, 0.08316866504910282, 0.08316866504910282]
Timestep: 224, Trans probs: [0.14812058614475426, 0.08167346275417663, 0.29697974519197334, 0.08127387083527468, 0.08138501551900607, 0.1480195778842657, 0.08127387083527468, 0.08127387083527468]
Timestep: 225, Trans probs: [0.13278321255947037, 0.08131437929095085, 0.32909189585858317, 0.08100486205679577, 0.08109095287463342, 0.13270497324597486, 0.08100486205679577, 0.08100486205679577]
Timestep: 226, Trans probs: [0.16456335374023298, 0.07604620689668384, 0.2514907873847479, 0.07604620689668384, 0.13058440278739944, 0.14917662850088423, 0.07604620689668384, 0.07604620689668384]
Timestep: 227, Trans probs: [0.21082419061218036, 0.08715715954917126, 0.24360683836802938, 0.07736117710803264, 0.14896710303848837, 0.07736117710803264, 0.07736117710803264, 0.07736117710803264]
Timestep: 228, Trans probs: [0.12062475610165198, 0.08198261885435683, 0.26801078763075403, 0.08175023730064597, 0.08181487317807606, 0.20231625233322312, 0.08175023730064597, 0.08175023730064597]
Timestep: 229, Trans probs: [0.11144743022884174, 0.08124400521268958, 0.3077095102555981, 0.08106237139705133, 0.08111289202081548, 0.175299048090901, 0.08106237139705133, 0.08106237139705133]
Timestep: 230, Trans probs: [0.1836216426575984, 0.08520835572533708, 0.2871226125888984, 0.0774127870723468, 0.13439624073877887, 0.0774127870723468, 0.0774127870723468, 0.0774127870723468]
Timestep: 231, Trans probs: [0.10451835928707352, 0.08155300142402547, 0.2537474252075863, 0.08141489504787996, 0.1628682037592298, 0.15306832517844493, 0.08141489504787996, 0.08141489504787996]
Timestep: 232, Trans probs: [0.09849450783699783, 0.08096997017546656, 0.3096377541661011, 0.08096997017546656, 0.08120842655767767, 0.18677943073735725, 0.08096997017546656, 0.08096997017546656]
Timestep: 233, Trans probs: [0.1764813516587264, 0.08164336324883889, 0.25381256704970057, 0.08164336324883889, 0.08182290251208814, 0.16130972578412944, 0.08164336324883889, 0.08164336324883889]
Timestep: 234, Trans probs: [0.17811271290884775, 0.07979856628960601, 0.21946845548801333, 0.07968654580816416, 0.14575473984479365, 0.13780588804424687, 0.07968654580816416, 0.07968654580816416]
Timestep: 235, Trans probs: [0.15947514877247249, 0.07770266114007704, 0.27148214831271616, 0.07760948845081234, 0.13256150467161543, 0.12595007175068174, 0.07760948845081234, 0.07760948845081234]
Timestep: 236, Trans probs: [0.1560289349386811, 0.08036267909700556, 0.2980901340742151, 0.08036267909700556, 0.08050592405669334, 0.14392429054238817, 0.08036267909700556, 0.08036267909700556]
Timestep: 237, Trans probs: [0.2203060564584032, 0.07732961203149544, 0.2330729544548275, 0.07725472780994867, 0.12142044836170296, 0.11610674526372483, 0.07725472780994867, 0.07725472780994867]
Timestep: 238, Trans probs: [0.1921370169240331, 0.07699268940132388, 0.2793510640942889, 0.07693238231111316, 0.11250070416211158, 0.10822137848490317, 0.07693238231111316, 0.07693238231111316]
Timestep: 239, Trans probs: [0.16082155445771276, 0.0842727171108846, 0.3195368333815046, 0.07820908753966088, 0.12253254489125445, 0.07820908753966088, 0.07820908753966088, 0.07820908753966088]
Timestep: 240, Trans probs: [0.1680727335891245, 0.07757878946419201, 0.23661578109598322, 0.07753139306552191, 0.18301655336779335, 0.10212196328634107, 0.07753139306552191, 0.07753139306552191]
Timestep: 241, Trans probs: [0.15037828285688146, 0.07687962653546437, 0.2828896797720547, 0.07684113145548513, 0.1625155665686538, 0.09681344990049036, 0.07684113145548513, 0.07684113145548513]
Timestep: 242, Trans probs: [0.13892204912122688, 0.08044943913059997, 0.32915211634625546, 0.08044943913059997, 0.08056013453329668, 0.12956794347682118, 0.08044943913059997, 0.08044943913059997]
Timestep: 243, Trans probs: [0.21269080787324712, 0.07736115198664271, 0.23992674363062388, 0.07733077494749394, 0.14493774370518359, 0.09309122796182089, 0.07733077494749394, 0.07733077494749394]
Timestep: 244, Trans probs: [0.14221143667223898, 0.08417481676825748, 0.34212133261682254, 0.07957758738031519, 0.11318206442142022, 0.07957758738031519, 0.07957758738031519, 0.07957758738031519]
Timestep: 245, Trans probs: [0.12527500753890572, 0.08139014630326681, 0.3494366173420035, 0.08139014630326681, 0.08147322541308503, 0.11825456449293849, 0.08139014630326681, 0.08139014630326681]
Timestep: 246, Trans probs: [0.18547169778257788, 0.07725065001275794, 0.2072518573887221, 0.07722635796100262, 0.20851697070463251, 0.08982975022830174, 0.07722635796100262, 0.07722635796100262]
Timestep: 247, Trans probs: [0.1148647477326669, 0.08269478084044556, 0.3618820617389783, 0.08269478084044556, 0.08275568230252235, 0.10971838486405014, 0.08269478084044556, 0.08269478084044556]
Timestep: 248, Trans probs: [0.2410692712134962, 0.07680226955092247, 0.18189341301329057, 0.07678263219871981, 0.18291611278402417, 0.08697103684210712, 0.07678263219871981, 0.07678263219871981]
Timestep: 249, Trans probs: [0.20835111390316197, 0.07680412905839458, 0.23775078024233878, 0.07678840323125675, 0.16178136725184747, 0.084947399850487, 0.07678840323125675, 0.07678840323125675]
Timestep: 250, Trans probs: [0.10719704058050473, 0.08402811501774289, 0.36912791129892075, 0.08402811501774289, 0.08407197646920936, 0.10349061158039362, 0.08402811501774289, 0.08402811501774289]
Timestep: 251, Trans probs: [0.14778542507047815, 0.07564957044656395, 0.218625764369865, 0.07564957044656395, 0.1957443078524369, 0.13524622092096414, 0.07564957044656395, 0.07564957044656395]
Timestep: 252, Trans probs: [0.2587847838939505, 0.07695200378242671, 0.20528811072623657, 0.07693946427682971, 0.14471140013122444, 0.0834453086356726, 0.07693946427682971, 0.07693946427682971]
Timestep: 253, Trans probs: [0.10168810812755232, 0.08521171875319938, 0.28795807578009974, 0.08521171875319938, 0.0852429104608566, 0.18426403061869387, 0.08521171875319938, 0.08521171875319938]
Timestep: 254, Trans probs: [0.2981811813579589, 0.07746066029073931, 0.1785792857644225, 0.07745078015957216, 0.13084966502903073, 0.08257686707913209, 0.07745078015957216, 0.07745078015957216]
Timestep: 255, Trans probs: [0.09654540213820355, 0.08384143455350354, 0.3240085718483524, 0.08384143455350354, 0.08386548463110156, 0.16021480316832826, 0.08384143455350354, 0.08384143455350354]
Timestep: 256, Trans probs: [0.17705094118620363, 0.08378026873363723, 0.26319532767102466, 0.08378026873363723, 0.08379823516375876, 0.14083442104446417, 0.08378026873363723, 0.08378026873363723]
Timestep: 257, Trans probs: [0.1344095460198249, 0.07495699943212354, 0.2677513610813337, 0.07495699943212354, 0.17393604401106472, 0.12407505115928244, 0.07495699943212354, 0.07495699943212354]
Timestep: 258, Trans probs: [0.20880312479373955, 0.0846106430028869, 0.2756681627021609, 0.08120553694258827, 0.10609592173085965, 0.08120553694258827, 0.08120553694258827, 0.08120553694258827]
Timestep: 259, Trans probs: [0.32712849734692573, 0.07856353683584047, 0.15644972400699123, 0.07855592670722414, 0.1196861885377293, 0.0825042731508409, 0.07855592670722414, 0.07855592670722414]
Timestep: 260, Trans probs: [0.26695913601131266, 0.08007817507637494, 0.21870854223979722, 0.08007245348091861, 0.11099580984854952, 0.08304097638120984, 0.08007245348091861, 0.08007245348091861]
Timestep: 261, Trans probs: [0.22495703647695914, 0.0801766434606356, 0.26774855376210277, 0.08017221082697028, 0.10412914932884434, 0.08247198449054723, 0.08017221082697028, 0.08017221082697028]
Timestep: 262, Trans probs: [0.15612564038178298, 0.08198705922820396, 0.22459971074487756, 0.08198705922820396, 0.082001340305016, 0.20932507165550765, 0.08198705922820396, 0.08198705922820396]
Timestep: 263, Trans probs: [0.2723157971018268, 0.08044860050942713, 0.2248026690657845, 0.08044518918465586, 0.09888228638829251, 0.08221507938070134, 0.08044518918465586, 0.08044518918465586]
Timestep: 264, Trans probs: [0.1399768547950452, 0.08037307085859688, 0.2753997206681509, 0.08037307085859688, 0.08038455214409547, 0.1827465889583209, 0.08037307085859688, 0.08037307085859688]
Timestep: 265, Trans probs: [0.30842772588028294, 0.08080975988879867, 0.19126500718219466, 0.08080714964909447, 0.09491464347567134, 0.08216141462576908, 0.08080714964909447, 0.08080714964909447]
Timestep: 266, Trans probs: [0.17962710959348013, 0.08366172168422392, 0.31232526962472007, 0.08103054530996465, 0.1002637178577174, 0.08103054530996465, 0.08103054530996465, 0.08103054530996465]
Timestep: 267, Trans probs: [0.2527244580427077, 0.08157612527234832, 0.16462858265486327, 0.08157416260577428, 0.17375589758602933, 0.08259244862672846, 0.08157416260577428, 0.08157416260577428]
Timestep: 268, Trans probs: [0.12672788533349955, 0.08003613493670267, 0.312850081150295, 0.08003613493670267, 0.08004512901864393, 0.1602323647507508, 0.08003613493670267, 0.08003613493670267]
Timestep: 269, Trans probs: [0.19692352281199274, 0.08069554475032262, 0.2578670139603016, 0.08069554475032262, 0.08070238924884877, 0.14172489497756643, 0.08069554475032262, 0.08069554475032262]
Timestep: 270, Trans probs: [0.29728822864206117, 0.0802703107397235, 0.1466300285014659, 0.0802687425501236, 0.15392284152402472, 0.08108236294235384, 0.0802687425501236, 0.0802687425501236]
Timestep: 271, Trans probs: [0.2482646600074391, 0.08034718513729253, 0.21203894597097567, 0.0803459717515948, 0.13733578362094967, 0.08097551000855864, 0.0803459717515948, 0.0803459717515948]
Timestep: 272, Trans probs: [0.21245899667379456, 0.07973979775002621, 0.26356562928924, 0.0797388387100102, 0.12478264480563031, 0.08023641535127828, 0.0797388387100102, 0.0797388387100102]
Timestep: 273, Trans probs: [0.09138849056282955, 0.09138849056282955, 0.3602805660601931, 0.09138849056282955, 0.09138849056282955, 0.09138849056282955, 0.09138849056282955, 0.09138849056282955]
Timestep: 274, Trans probs: [0.12312880353713385, 0.07540080259819944, 0.23017448349075634, 0.07540080259819944, 0.2302611440006758, 0.11483235857863618, 0.07540080259819944, 0.07540080259819944]
Timestep: 275, Trans probs: [0.171844750854184, 0.079986669808553, 0.2999966924197204, 0.079986669808553, 0.07999207919888068, 0.1282197982930029, 0.079986669808553, 0.079986669808553]
Timestep: 276, Trans probs: [0.183263493825153, 0.15945062051878572, 0.22313314971350315, 0.07972493617296353, 0.11486481835708526, 0.08011310906658212, 0.07972493617296353, 0.07972493617296353]
Timestep: 277, Trans probs: [0.16332569975084954, 0.14368121094232447, 0.2741275813106204, 0.07791131019436504, 0.10690004302881428, 0.07823153438429613, 0.07791131019436504, 0.07791131019436504]
Timestep: 278, Trans probs: [0.1458868235416836, 0.1302030318016889, 0.31204254495397676, 0.0776935755289723, 0.10083763659431005, 0.07794923652142369, 0.0776935755289723, 0.0776935755289723]
Timestep: 279, Trans probs: [0.1312894742872725, 0.11918404947819153, 0.33819059756285497, 0.0786549934174591, 0.09651857485540798, 0.07885232356389577, 0.0786549934174591, 0.0786549934174591]
Timestep: 280, Trans probs: [0.11968516698565061, 0.11061153122548815, 0.35500108177315803, 0.08023292839261406, 0.0936225973960807, 0.0803808374417804, 0.08023292839261406, 0.08023292839261406]
Timestep: 281, Trans probs: [0.15600813018991216, 0.08361069633886799, 0.33774291116662114, 0.08162570548272732, 0.09613544037368943, 0.08162570548272732, 0.08162570548272732, 0.08162570548272732]
Timestep: 282, Trans probs: [0.15095404868976842, 0.08036269327276194, 0.3297993049712043, 0.08036269327276194, 0.08036685029619269, 0.11742902295178681, 0.08036269327276194, 0.08036269327276194]
Timestep: 283, Trans probs: [0.21566453388688797, 0.08142174175129983, 0.26806646271433454, 0.08142174175129983, 0.08142485230701572, 0.10915718408656248, 0.08142174175129983, 0.08142174175129983]
Timestep: 284, Trans probs: [0.11086159496305163, 0.10421666990312434, 0.28319126087673274, 0.0819694093137121, 0.17374451828928436, 0.08207772802667065, 0.0819694093137121, 0.0819694093137121]
Timestep: 285, Trans probs: [0.22021008755421678, 0.08413202106286863, 0.2716154119919136, 0.08266761476190186, 0.09337202034339358, 0.08266761476190186, 0.08266761476190186, 0.08266761476190186]
Timestep: 286, Trans probs: [0.10374763514971658, 0.09851854974038936, 0.23935887733779945, 0.08101153127194202, 0.2342435735286731, 0.08109677042759547, 0.08101153127194202, 0.08101153127194202]
Timestep: 287, Trans probs: [0.09821828900328029, 0.09409860258886019, 0.28536420825588127, 0.08030586055163574, 0.20102830306766334, 0.08037301542940765, 0.08030586055163574, 0.08030586055163574]
Timestep: 288, Trans probs: [0.09429151776501886, 0.0911152976808981, 0.31905966853452516, 0.08048128822804616, 0.17355658764437212, 0.08053306369104724, 0.08048128822804616, 0.08048128822804616]
Timestep: 289, Trans probs: [0.09173325210659324, 0.0893441346616519, 0.3421467078567962, 0.08134535094370547, 0.15135555667232958, 0.08138429587151264, 0.08134535094370547, 0.08134535094370547]
Timestep: 290, Trans probs: [0.18502880358290527, 0.08113104873283264, 0.30671653821575995, 0.08113104873283264, 0.08113345616007751, 0.10259700710992684, 0.08113104873283264, 0.08113104873283264]
Timestep: 291, Trans probs: [0.2418239624404258, 0.08160873790323232, 0.25228117244663295, 0.08160873790323232, 0.08161055930349087, 0.0978493541965212, 0.08160873790323232, 0.08160873790323232]
Timestep: 292, Trans probs: [0.28601735528018674, 0.08149241770783687, 0.2125552411938224, 0.08149241770783687, 0.08149381639803087, 0.09396391629661259, 0.08149241770783687, 0.08149241770783687]
Timestep: 293, Trans probs: [0.17276302664446042, 0.0884452449470722, 0.27445155610852695, 0.08255992410421417, 0.13407182110212829, 0.08258857888516956, 0.08255992410421417, 0.08255992410421417]
Timestep: 294, Trans probs: [0.1525894590036069, 0.08594585747791218, 0.3142568396490645, 0.08129418176720683, 0.12200846846040093, 0.08131683010739504, 0.08129418176720683, 0.08129418176720683]
Timestep: 295, Trans probs: [0.23703046666001615, 0.08174912458576847, 0.2630049957253393, 0.08174912458576847, 0.08175018651246087, 0.09121785275910976, 0.08174912458576847, 0.08174912458576847]
Timestep: 296, Trans probs: [0.2173375784556581, 0.08502648805467673, 0.2591716506920804, 0.08147840282691497, 0.11253339637311695, 0.08149567794372291, 0.08147840282691497, 0.08147840282691497]
Timestep: 297, Trans probs: [0.1870241548656291, 0.08366102519176638, 0.30059468671987444, 0.08088921526729512, 0.10514977660957574, 0.08090271081126908, 0.08088921526729512, 0.08088921526729512]
Timestep: 298, Trans probs: [0.16213205096828012, 0.08333255611614128, 0.32993266978605373, 0.08121945038333653, 0.09971463318820134, 0.0812297387913139, 0.08121945038333653, 0.08121945038333653]
Timestep: 299, Trans probs: [0.14236294932485286, 0.08372411626853968, 0.3493838257761323, 0.08215164357022119, 0.09591487820612223, 0.08215929971368928, 0.08215164357022119, 0.08215164357022119]
Timestep: 300, Trans probs: [0.1876614036552959, 0.08340325620064828, 0.30932760510032514, 0.08228128047012587, 0.09048261316322724, 0.08228128047012587, 0.08228128047012587, 0.08228128047012587]
Timestep: 301, Trans probs: [0.12724402402745405, 0.08448410666412486, 0.27820534280130443, 0.08333744669270937, 0.1767111568137524, 0.08334302961523621, 0.08333744669270937, 0.08333744669270937]
Timestep: 302, Trans probs: [0.11650393402850531, 0.08295380078666567, 0.3170047759306662, 0.08205411254598946, 0.1553166586175238, 0.08205849299867048, 0.08205411254598946, 0.08205411254598946]
Timestep: 303, Trans probs: [0.20012213594695094, 0.08182180675955833, 0.301732510333945, 0.08182180675955833, 0.08182261578320281, 0.08903551089766794, 0.08182180675955833, 0.08182180675955833]
Timestep: 304, Trans probs: [0.1904607018994358, 0.0828548520506496, 0.2602795447381294, 0.08217283434267678, 0.13771024329492274, 0.08217615498883209, 0.08217283434267678, 0.08217283434267678]
Timestep: 305, Trans probs: [0.1667431572358769, 0.0814911587119733, 0.30300877776636886, 0.08095082217157998, 0.12495098677853894, 0.08095345299250216, 0.08095082217157998, 0.08095082217157998]
Timestep: 306, Trans probs: [0.1897965516486014, 0.07576755188036746, 0.1998428328346352, 0.07576755188036746, 0.19991230476974642, 0.10737810322554713, 0.07576755188036746, 0.07576755188036746]
Timestep: 307, Trans probs: [0.14690734552873125, 0.08147288081835631, 0.2514968928968173, 0.08105814998627876, 0.11483011155991242, 0.16211831923734632, 0.08105814998627876, 0.08105814998627876]
Timestep: 308, Trans probs: [0.13296405367539182, 0.07958787976758679, 0.29752937077437985, 0.07924957570846625, 0.10679802593482172, 0.1453719427224211, 0.07924957570846625, 0.07924957570846625]
Timestep: 309, Trans probs: [0.12134100917539577, 0.07949118554205742, 0.32959510573875833, 0.07922593675833808, 0.10082542017834005, 0.13106946909043427, 0.07922593675833808, 0.07922593675833808]
Timestep: 310, Trans probs: [0.11219206604051359, 0.08049111332543789, 0.3502332968166995, 0.08029018920150156, 0.09665164889525474, 0.11956130731758953, 0.08029018920150156, 0.08029018920150156]
Timestep: 311, Trans probs: [0.17114611313018055, 0.08227992183189804, 0.3297548755510279, 0.08227992183189804, 0.08228052956351171, 0.08769879442768772, 0.08227992183189804, 0.08227992183189804]
Timestep: 312, Trans probs: [0.1871388842590646, 0.08195663919926903, 0.2808429868608116, 0.08180849379372074, 0.0938721277377513, 0.1107638805619412, 0.08180849379372074, 0.08180849379372074]
Timestep: 313, Trans probs: [0.14865509425044973, 0.08309785348484676, 0.34875979447475797, 0.08309785348484676, 0.08309830181291322, 0.08709539552249204, 0.08309785348484676, 0.08309785348484676]
Timestep: 314, Trans probs: [0.24453584972748293, 0.08121605063689766, 0.23668284392621058, 0.08110024735823151, 0.09053022838380793, 0.10373428525090626, 0.08110024735823151, 0.08110024735823151]
Timestep: 315, Trans probs: [0.20825631512106416, 0.08073219236567553, 0.282766265033694, 0.08064177031270751, 0.08800493181904513, 0.09831498472239852, 0.08064177031270751, 0.08064177031270751]
Timestep: 316, Trans probs: [0.17881125173591705, 0.08091024444350575, 0.3168537985412416, 0.08084082690997765, 0.0864935686246561, 0.09440865592474651, 0.08084082690997765, 0.08084082690997765]
Timestep: 317, Trans probs: [0.08997576971464231, 0.08997576971464231, 0.28019384228286154, 0.08997576971464231, 0.08997576971464231, 0.17995153942928463, 0.08997576971464231, 0.08997576971464231]
Timestep: 318, Trans probs: [0.1686288667964617, 0.07528905423750876, 0.25214142562249486, 0.07528905423750876, 0.17690923847506473, 0.10116425215594371, 0.07528905423750876, 0.07528905423750876]
Timestep: 319, Trans probs: [0.1316489662028882, 0.08409111155602343, 0.3609040617259628, 0.08409111155602343, 0.0840914367912037, 0.08699108905585158, 0.08409111155602343, 0.08409111155602343]
Timestep: 320, Trans probs: [0.1551950552057423, 0.163334509507117, 0.258834107880665, 0.08164119623906287, 0.08588513993528779, 0.0918275987539992, 0.08164119623906287, 0.08164119623906287]
Timestep: 321, Trans probs: [0.13930411858202787, 0.1458581888331572, 0.3028335065472082, 0.08007690984545983, 0.08349422802147047, 0.08827922847975668, 0.08007690984545983, 0.08007690984545983]
Timestep: 322, Trans probs: [0.12607630204995326, 0.13115948421370077, 0.3330469120306952, 0.08014107714045568, 0.08279146844456997, 0.08650260183971371, 0.08014107714045568, 0.08014107714045568]
Timestep: 323, Trans probs: [0.11566338235179097, 0.11948147323454764, 0.3522840146575043, 0.08116041594717374, 0.08315118364897807, 0.08593869826565785, 0.08116041594717374, 0.08116041594717374]
Timestep: 324, Trans probs: [0.10783895871005453, 0.1106366807255006, 0.3637804799221834, 0.08255676620270934, 0.08401550953753423, 0.08605807249659925, 0.08255676620270934, 0.08255676620270934]
Timestep: 325, Trans probs: [0.1021548964054342, 0.10416829492018599, 0.3703052517106031, 0.08396040511468954, 0.0850101990711746, 0.08648014254853359, 0.08396040511468954, 0.08396040511468954]
Timestep: 326, Trans probs: [0.11912217236965328, 0.08508828521315885, 0.3682725690682814, 0.08508828521315885, 0.08508851796161875, 0.08716359974781124, 0.08508828521315885, 0.08508828521315885]
Timestep: 327, Trans probs: [0.18330482042814897, 0.09954794701374974, 0.288672367327184, 0.08518765112958228, 0.08593366429462024, 0.08697824754755026, 0.08518765112958228, 0.08518765112958228]
Timestep: 328, Trans probs: [0.15949284480515796, 0.09489209312157082, 0.32457782580029426, 0.08381615546179118, 0.08439154717906389, 0.08519722270853948, 0.08381615546179118, 0.08381615546179118]
Timestep: 329, Trans probs: [0.14029592979802977, 0.09203849941064549, 0.3473807791983126, 0.08376465929792089, 0.08419448286836118, 0.08479633083088829, 0.08376465929792089, 0.08376465929792089]
Timestep: 330, Trans probs: [0.12560548359256177, 0.090417132717646, 0.3609916189373271, 0.08438401436400862, 0.0846974330953739, 0.08513628856506532, 0.08438401436400862, 0.08438401436400862]
Timestep: 331, Trans probs: [0.11478004170889884, 0.08955646567268784, 0.36874043991523814, 0.08523182937275506, 0.08545649296184642, 0.08577107162306352, 0.08523182937275506, 0.08523182937275506]
Timestep: 332, Trans probs: [0.10700099785924136, 0.08913047873397723, 0.37299460857315386, 0.08606653983820718, 0.08622571056641178, 0.08644858475259418, 0.08606653983820718, 0.08606653983820718]
Timestep: 333, Trans probs: [0.22621456237547544, 0.07557863537700069, 0.2177908345348714, 0.07557863537700069, 0.15729441767652882, 0.09638564390512148, 0.07557863537700069, 0.07557863537700069]
Timestep: 334, Trans probs: [0.10149950407014252, 0.08893725532821922, 0.2884822032367564, 0.0867834307935809, 0.08689532134729809, 0.1738354236368412, 0.0867834307935809, 0.0867834307935809]
Timestep: 335, Trans probs: [0.0961923035994234, 0.0864586522892373, 0.3258625619220498, 0.08478979686102647, 0.08487649341171266, 0.15224059819449748, 0.08478979686102647, 0.08478979686102647]
Timestep: 336, Trans probs: [0.11008885050947081, 0.08598153409292862, 0.3725517668465871, 0.08598153409292862, 0.08598169895628208, 0.08745154731594558, 0.08598153409292862, 0.08598153409292862]
Timestep: 337, Trans probs: [0.1773316797582084, 0.08565303020819379, 0.2645238720127694, 0.0844061434060858, 0.08447091881024098, 0.13480206899233, 0.0844061434060858, 0.0844061434060858]
Timestep: 338, Trans probs: [0.15629731482086165, 0.08341806630982358, 0.30803695114911483, 0.08242686308462352, 0.08247835580184829, 0.12248872266448124, 0.08242686308462352, 0.08242686308462352]
Timestep: 339, Trans probs: [0.16171247069064387, 0.08344862011314629, 0.3356504722058931, 0.08260638242651004, 0.08876290728427663, 0.08260638242651004, 0.08260638242651004, 0.08260638242651004]
Timestep: 340, Trans probs: [0.14157669745182752, 0.0840154047413859, 0.26950416517556836, 0.08339595796417643, 0.1713199007745125, 0.08339595796417643, 0.08339595796417643, 0.08339595796417643]
Timestep: 341, Trans probs: [0.1386975754795909, 0.08289376795062278, 0.2548849626052276, 0.08213480137054371, 0.1643090308326205, 0.11281025902030706, 0.08213480137054371, 0.08213480137054371]
Timestep: 342, Trans probs: [0.12613088786777205, 0.08072765438004921, 0.30077370254272534, 0.08011014209243657, 0.14696894424502466, 0.1050683846871191, 0.08011014209243657, 0.08011014209243657]
Timestep: 343, Trans probs: [0.11588875882316226, 0.08043638621739799, 0.3322099574016684, 0.07995421184285699, 0.13215981447971686, 0.09944244754948355, 0.07995421184285699, 0.07995421184285699]
Timestep: 344, Trans probs: [0.10801415761534752, 0.08127518000565899, 0.35207998917103783, 0.0809115132364927, 0.12028615412527562, 0.09560997937320181, 0.0809115132364927, 0.0809115132364927]
Timestep: 345, Trans probs: [0.1022327824723873, 0.0825922561430107, 0.36383108940327447, 0.08232513273765127, 0.11124690687480748, 0.0931215668935662, 0.08232513273765127, 0.08232513273765127]
Timestep: 346, Trans probs: [0.09812073273823843, 0.08396651011981149, 0.37041925019457184, 0.0837740038660257, 0.10461688876595217, 0.09155460658334903, 0.0837740038660257, 0.0837740038660257]
Timestep: 347, Trans probs: [0.09525208645083878, 0.08518543853402818, 0.37396248814728716, 0.08504852584508099, 0.09987222824926761, 0.09058218108333516, 0.08504852584508099, 0.08504852584508099]
Timestep: 348, Trans probs: [0.12790203427936161, 0.08231071252919385, 0.3110468433176065, 0.08182008078697556, 0.15146008672593575, 0.08182008078697556, 0.08182008078697556, 0.08182008078697556]
Timestep: 349, Trans probs: [0.09327123348916723, 0.08617538797264872, 0.2897304690388899, 0.08607888004885433, 0.18260678971632657, 0.08997947963640457, 0.08607888004885433, 0.08607888004885433]
Timestep: 350, Trans probs: [0.09002811314412619, 0.08456903353037488, 0.3256657911070601, 0.08449478664349933, 0.15875704934313425, 0.08749565294480653, 0.08449478664349933, 0.08449478664349933]
Timestep: 351, Trans probs: [0.0884120844835832, 0.08434544595381524, 0.3482360712898122, 0.08429013713396896, 0.13961041091077178, 0.08652557596011065, 0.08429013713396896, 0.08429013713396896]
Timestep: 352, Trans probs: [0.08778777293776834, 0.08482975714185509, 0.3615696208893909, 0.08478952628249523, 0.12502871707070715, 0.08641555311279285, 0.08478952628249523, 0.08478952628249523]
Timestep: 353, Trans probs: [0.0876849777845701, 0.08556874174090423, 0.3690950931727649, 0.08553995961108508, 0.11432804993555613, 0.08670325853294943, 0.08553995961108508, 0.08553995961108508]
Timestep: 354, Trans probs: [0.08781381991007027, 0.08631665291770628, 0.3731984575560081, 0.08629629051301889, 0.1066629120607408, 0.08711928601641789, 0.08629629051301889, 0.08629629051301889]
Timestep: 355, Trans probs: [0.08801742139999218, 0.08696605139560178, 0.37537757769068203, 0.0869517521079373, 0.10125400101888568, 0.08752969217102648, 0.0869517521079373, 0.0869517521079373]
Timestep: 356, Trans probs: [0.11699384069116793, 0.08216159703001862, 0.3387051275539572, 0.08178674927968378, 0.13499243760612104, 0.08178674927968378, 0.08178674927968378, 0.08178674927968378]
Timestep: 357, Trans probs: [0.10367480406912649, 0.08672383955959732, 0.3749484086471612, 0.08672383955959732, 0.08672395548261443, 0.08775747356270852, 0.08672383955959732, 0.08672383955959732]
Timestep: 358, Trans probs: [0.19692064383045374, 0.07578387840088303, 0.2659304201708096, 0.07578387840088303, 0.14149718962451982, 0.09251623277068466, 0.07578387840088303, 0.07578387840088303]
Timestep: 359, Trans probs: [0.19134538706474738, 0.08289006864294347, 0.2732294504688572, 0.08261195487047043, 0.12208727434157016, 0.08261195487047043, 0.08261195487047043, 0.08261195487047043]
Timestep: 360, Trans probs: [0.08822116790055937, 0.087486446392412, 0.28903504553612464, 0.08747645372174954, 0.18494764749302497, 0.08788033151263046, 0.08747645372174954, 0.08747645372174954]
Timestep: 361, Trans probs: [0.1667161455207581, 0.08184319785350921, 0.3124210109550581, 0.08162555674563063, 0.11251741868815213, 0.08162555674563063, 0.08162555674563063, 0.08162555674563063]
Timestep: 362, Trans probs: [0.09916788599093258, 0.08730953573756708, 0.2889421856050291, 0.08730953573756708, 0.08730961683358604, 0.17534216862018395, 0.08730953573756708, 0.08730953573756708]
Timestep: 363, Trans probs: [0.08613803368845309, 0.08557536853150836, 0.23992551741328239, 0.08556771593451176, 0.24578091853674833, 0.0858770140264725, 0.08556771593451176, 0.08556771593451176]
Timestep: 364, Trans probs: [0.08458468772780049, 0.0841518213170222, 0.2870415484253477, 0.08414593406391231, 0.20740025879640403, 0.08438388154168865, 0.08414593406391231, 0.08414593406391231]
Timestep: 365, Trans probs: [0.0839433400533129, 0.0836155436197107, 0.32086878580902334, 0.0836110853838091, 0.17694779866843585, 0.08379127569808983, 0.0836110853838091, 0.0836110853838091]
Timestep: 366, Trans probs: [0.0840717127745342, 0.08382859892623187, 0.3436153809178619, 0.08382529242629601, 0.15304949753785527, 0.08395893256462882, 0.08382529242629601, 0.08382529242629601]
Timestep: 367, Trans probs: [0.08465236622292642, 0.08447542262214822, 0.3580269669755987, 0.08447301607884057, 0.13485591363478724, 0.08457028230801769, 0.08447301607884057, 0.08447301607884057]
Timestep: 368, Trans probs: [0.08540966439328052, 0.0852827916700416, 0.36670674866617686, 0.08528106612189129, 0.12140678860904204, 0.08535080829578516, 0.08528106612189129, 0.08528106612189129]
Timestep: 369, Trans probs: [0.0861657746177652, 0.08607580469677051, 0.3717180353607763, 0.08607458104974226, 0.111692604491424, 0.0861240376840372, 0.08607458104974226, 0.08607458104974226]
Timestep: 370, Trans probs: [0.2282781477448953, 0.08201901099011918, 0.25699147655900695, 0.08185385545870692, 0.10529594287115089, 0.08185385545870692, 0.08185385545870692, 0.08185385545870692]
Timestep: 371, Trans probs: [0.19479530933780467, 0.0815415522026016, 0.21702908180638475, 0.08141366628135854, 0.18097939152777476, 0.08141366628135854, 0.08141366628135854, 0.08141366628135854]
Timestep: 372, Trans probs: [0.172283897754715, 0.07653044752319321, 0.22683318475987765, 0.07653044752319321, 0.2050044668718976, 0.08975666052073689, 0.07653044752319321, 0.07653044752319321]
Timestep: 373, Trans probs: [0.08683029129190363, 0.08676698803419813, 0.2877461990792449, 0.0867661270704192, 0.19155721539350062, 0.08680092498989501, 0.0867661270704192, 0.0867661270704192]
Timestep: 374, Trans probs: [0.08520275028721166, 0.08515440090370209, 0.32381084384145215, 0.08515374332193704, 0.16519045393309922, 0.08518032106872377, 0.08515374332193704, 0.08515374332193704]
Timestep: 375, Trans probs: [0.1714071549947522, 0.07991579695064205, 0.18936857269117086, 0.07981248508792582, 0.1602460499238058, 0.15962497017585164, 0.07981248508792582, 0.07981248508792582]
Timestep: 376, Trans probs: [0.08486301331225025, 0.08482713309255861, 0.26193478125394926, 0.0848266450991969, 0.22904876852040212, 0.08484636852324902, 0.0848266450991969, 0.0848266450991969]
Timestep: 377, Trans probs: [0.09439074009445203, 0.08523007624626426, 0.3262228755349639, 0.08523007624626426, 0.08523013889354261, 0.1532359404919844, 0.08523007624626426, 0.08523007624626426]
Timestep: 378, Trans probs: [0.1676561749160514, 0.08381456031706402, 0.2191979690768762, 0.08381418728853901, 0.1940594696918633, 0.08382926413252803, 0.08381418728853901, 0.08381418728853901]
Timestep: 379, Trans probs: [0.14947855335156593, 0.08137297502739269, 0.27271926089645043, 0.08137267201171784, 0.17092627557126672, 0.08138491911817071, 0.08137267201171784, 0.08137267201171784]
Timestep: 380, Trans probs: [0.08698056772982557, 0.08698056772982557, 0.23441631696518356, 0.08698056772982557, 0.08698056772982557, 0.24370027665586305, 0.08698056772982557, 0.08698056772982557]
Timestep: 381, Trans probs: [0.13422247217901653, 0.16109895273129166, 0.23134642924414478, 0.08054935696483266, 0.15112506624479916, 0.0805590087062499, 0.08054935696483266, 0.08054935696483266]
Timestep: 382, Trans probs: [0.09158916016628875, 0.08476092652633385, 0.3491545921598373, 0.08476092652633385, 0.08476097322275898, 0.13545156834577954, 0.08476092652633385, 0.08476092652633385]
Timestep: 383, Trans probs: [0.20120153061228904, 0.1451401762582728, 0.20339011578827712, 0.07834761209115948, 0.13686972565196506, 0.07835561541571748, 0.07834761209115948, 0.07834761209115948]
Timestep: 384, Trans probs: [0.09007890743190596, 0.085116445924787, 0.36238264208000304, 0.085116445924787, 0.08511647986170603, 0.12195618692723698, 0.085116445924787, 0.085116445924787]
Timestep: 385, Trans probs: [0.2553695310960108, 0.132140468727667, 0.18051235694891307, 0.07667461805089854, 0.12527252490668522, 0.0766812641680283, 0.07667461805089854, 0.07667461805089854]
Timestep: 386, Trans probs: [0.0893251723744531, 0.08577930984970884, 0.36967558502293313, 0.08577930984970884, 0.08577933409889431, 0.11210266910488421, 0.08577930984970884, 0.08577930984970884]
Timestep: 387, Trans probs: [0.15446614141314902, 0.07733672994800572, 0.2468576833377312, 0.07724963556730118, 0.1450570618691807, 0.14453347673002984, 0.07724963556730118, 0.07724963556730118]
Timestep: 388, Trans probs: [0.29730753326681236, 0.12123486938421255, 0.16038011648154632, 0.07634878967868089, 0.11567694374167263, 0.0763541680897136, 0.07634878967868089, 0.07634878967868089]
Timestep: 389, Trans probs: [0.1396228536967938, 0.0763791366426334, 0.29168876471529265, 0.0763077219609231, 0.13190770129105106, 0.1314783777714598, 0.0763077219609231, 0.0763077219609231]
Timestep: 390, Trans probs: [0.15347073531137595, 0.07646055688579603, 0.27380282178799636, 0.07646055688579603, 0.1797864122902012, 0.08709780306724234, 0.07646055688579603, 0.07646055688579603]
Timestep: 391, Trans probs: [0.2503720211631518, 0.11239669804474549, 0.14307197720338743, 0.07722274648223207, 0.1852641029907761, 0.07722696115124279, 0.07722274648223207, 0.07722274648223207]
Timestep: 392, Trans probs: [0.12697021222770513, 0.07690366423036521, 0.2473523717115784, 0.0768471291822038, 0.12086255337681694, 0.1973698109069229, 0.0768471291822038, 0.0768471291822038]
Timestep: 393, Trans probs: [0.21685875431753535, 0.10520817500629048, 0.1300308216302623, 0.07674517176874714, 0.24091815143180645, 0.07674858230786397, 0.07674517176874714, 0.07674517176874714]
Timestep: 394, Trans probs: [0.08898069851742635, 0.08647498379649446, 0.28709276605825584, 0.08647498379649446, 0.1729499847288876, 0.10507661550945244, 0.08647498379649446, 0.08647498379649446]
Timestep: 395, Trans probs: [0.26574201328026803, 0.09955155972075129, 0.11943618421932449, 0.07675076252720604, 0.2082644605975482, 0.07675349460048989, 0.07675076252720604, 0.07675076252720604]
Timestep: 396, Trans probs: [0.084947976035715, 0.084947976035715, 0.28403637555599015, 0.084947976035715, 0.084947976035715, 0.20627576822971985, 0.084947976035715, 0.084947976035715]
Timestep: 397, Trans probs: [0.08644593250349948, 0.08449866260255676, 0.32490372816822616, 0.08449866260255676, 0.15170111190493324, 0.09895457701311407, 0.08449866260255676, 0.08449866260255676]
Timestep: 398, Trans probs: [0.117026439156578, 0.07657035105103648, 0.2908254640076155, 0.07652466811540468, 0.11209116811286132, 0.17391257332569468, 0.07652466811540468, 0.07652466811540468]
Timestep: 399, Trans probs: [0.22620355362577038, 0.17261327148147182, 0.11095136408039886, 0.07732598945752656, 0.1809257007957679, 0.07732814164401142, 0.07732598945752656, 0.07732598945752656]
Timestep: 400, Trans probs: [0.19837858752470858, 0.15446629229968345, 0.18032719448773776, 0.0763871501119449, 0.1612775617216967, 0.07638891363033894, 0.0763871501119449, 0.0763871501119449]
Timestep: 401, Trans probs: [0.17693022095102656, 0.14024238619880558, 0.23685748873268325, 0.07500884166418882, 0.14593306407676965, 0.07501031504814862, 0.07500884166418882, 0.07500884166418882]
Timestep: 402, Trans probs: [0.08560746021748543, 0.0841491114177531, 0.26419320219712417, 0.0841491114177531, 0.21862746134104036, 0.09497543057333777, 0.0841491114177531, 0.0841491114177531]
Timestep: 403, Trans probs: [0.23292884375627235, 0.1281759185716942, 0.20745280203325586, 0.07464896499792927, 0.13284536667159608, 0.07465017397339388, 0.07464896499792927, 0.07464896499792927]
Timestep: 404, Trans probs: [0.20334192246135802, 0.11823658727347867, 0.25739341529731274, 0.07474921622914268, 0.12203022783276937, 0.07475019844765322, 0.07474921622914268, 0.07474921622914268]
Timestep: 405, Trans probs: [0.178155386566291, 0.11016846701117207, 0.29676306713360157, 0.07542831364325542, 0.11319904006462578, 0.07542909829454332, 0.07542831364325542, 0.07542831364325542]
Timestep: 406, Trans probs: [0.13778322273965624, 0.07712814168140147, 0.30968782914775106, 0.07712814168140147, 0.15851008706962258, 0.08550629431736426, 0.07712814168140147, 0.07712814168140147]
Timestep: 407, Trans probs: [0.08418325502565706, 0.08305653467248444, 0.3052151425847909, 0.08305653467248444, 0.18695451432415994, 0.09142094937545439, 0.08305653467248444, 0.08305653467248444]
Timestep: 408, Trans probs: [0.15678885285396468, 0.10385139083662127, 0.24914175876709124, 0.07680125293620063, 0.10621112189897547, 0.1536031168347455, 0.07680125293620063, 0.07680125293620063]
Timestep: 409, Trans probs: [0.08383891150276748, 0.08298904325200221, 0.33354898993824267, 0.08298904325200221, 0.16135772983512933, 0.0892981957158517, 0.08298904325200221, 0.08298904325200221]
Timestep: 410, Trans probs: [0.21751915717651824, 0.09807801561848037, 0.21797671252065476, 0.07575529504531306, 0.10002534828372112, 0.13913488126468626, 0.07575529504531306, 0.07575529504531306]
Timestep: 411, Trans probs: [0.19153324616468023, 0.09350656923526462, 0.2670948304478963, 0.07518606350945314, 0.09510476687101727, 0.12720239675278222, 0.07518606350945314, 0.07518606350945314]
Timestep: 412, Trans probs: [0.16879398871278592, 0.09033405137048856, 0.3049434403161451, 0.07567043350286064, 0.09161323873345559, 0.11730398035854296, 0.07567043350286064, 0.07567043350286064]
Timestep: 413, Trans probs: [0.14939546123404132, 0.08843585569673702, 0.3322199788869015, 0.07704292841130476, 0.0894297228816492, 0.10939019606675657, 0.07704292841130476, 0.07704292841130476]
Timestep: 414, Trans probs: [0.08420406813475571, 0.08357744622213649, 0.35189688377872347, 0.08357744622213649, 0.14135997455162308, 0.08822928864635192, 0.08357744622213649, 0.08357744622213649]
Timestep: 415, Trans probs: [0.21247339832678547, 0.08751387218856993, 0.27168308096648325, 0.07890696876776909, 0.08826469931660577, 0.10334404289824838, 0.07890696876776909, 0.07890696876776909]
Timestep: 416, Trans probs: [0.08491274472874985, 0.08445916869812095, 0.3631395463526763, 0.08445916869812095, 0.12628466077170777, 0.08782637335438223, 0.08445916869812095, 0.08445916869812095]
Timestep: 417, Trans probs: [0.26244161933802307, 0.08589596895300003, 0.22938117552073156, 0.07919037835272033, 0.08648093419381175, 0.0982291669362726, 0.07919037835272033, 0.07919037835272033]
Timestep: 418, Trans probs: [0.10908112750026384, 0.07734085241620363, 0.3227421019901171, 0.07730501135960376, 0.1052091055654365, 0.15371177844916759, 0.07730501135960376, 0.07730501135960376]
Timestep: 419, Trans probs: [0.2214653968395113, 0.08477590307317281, 0.19586853099081625, 0.07958413662320592, 0.1648129458000583, 0.09432481342682358, 0.07958413662320592, 0.07958413662320592]
Timestep: 420, Trans probs: [0.16811107292826657, 0.08405553646413329, 0.2353526954240087, 0.08405553646413329, 0.08405553646413329, 0.1762585493270583, 0.08405553646413329, 0.08405553646413329]
Timestep: 421, Trans probs: [0.1940702736053821, 0.1604818800025973, 0.17315153651432616, 0.07811948501444604, 0.14777172534312855, 0.09016612949122778, 0.07811948501444604, 0.07811948501444604]
Timestep: 422, Trans probs: [0.10302134951386563, 0.07884196559550131, 0.34460053468968604, 0.07881466228243068, 0.10007168683279029, 0.13702047652086477, 0.07881466228243068, 0.07881466228243068]
Timestep: 423, Trans probs: [0.08570880153520098, 0.0853849960688136, 0.36971840114927645, 0.0853849960688136, 0.1152439878435559, 0.0877888251967122, 0.0853849960688136, 0.0853849960688136]
Timestep: 424, Trans probs: [0.17405606753749187, 0.1455929256268122, 0.15632931973715772, 0.07579820533221501, 0.2106204183117528, 0.08600665279014036, 0.07579820533221501, 0.07579820533221501]
Timestep: 425, Trans probs: [0.08644899415276412, 0.08622010806653117, 0.3734249647855114, 0.08622010806653117, 0.10732632298758082, 0.0879192858080189, 0.08622010806653117, 0.08622010806653117]
Timestep: 426, Trans probs: [0.23127190819473145, 0.1329717731155681, 0.14197816447455217, 0.07442338533253612, 0.1875210977952301, 0.08298690042230986, 0.07442338533253612, 0.07442338533253612]
Timestep: 427, Trans probs: [0.20343396250689116, 0.1223255122328059, 0.20377341478376557, 0.07401663661118424, 0.1673347198468363, 0.08108248079614835, 0.07401663661118424, 0.07401663661118424]
Timestep: 428, Trans probs: [0.08707201004893864, 0.08691132448630366, 0.37544990711190745, 0.08691132448630366, 0.10172858173204018, 0.08810420316189904, 0.08691132448630366, 0.08691132448630366]
Timestep: 429, Trans probs: [0.1792252266714252, 0.0806449405980612, 0.27799736864029, 0.08062466514599788, 0.09641014074614676, 0.12384832790608331, 0.08062466514599788, 0.08062466514599788]
Timestep: 430, Trans probs: [0.20346249669112818, 0.07846229188901499, 0.2568948698953285, 0.07846229188901499, 0.14090299464791625, 0.08489047120956701, 0.07846229188901499, 0.07846229188901499]
Timestep: 431, Trans probs: [0.17722632954696743, 0.0784091049116835, 0.21946657094556815, 0.0784091049116835, 0.1277707596440046, 0.16189992021672578, 0.0784091049116835, 0.0784091049116835]
Timestep: 432, Trans probs: [0.2543087570110123, 0.11358529258372276, 0.18097479989125126, 0.07361481790286928, 0.15082564169540197, 0.0794610551100039, 0.07361481790286928, 0.07361481790286928]
Timestep: 433, Trans probs: [0.22049520342470527, 0.10648904758064731, 0.23519143761595798, 0.07410723986882216, 0.1366590626651388, 0.07884352910708418, 0.07410723986882216, 0.07410723986882216]
Timestep: 434, Trans probs: [0.1577717636639064, 0.08001406338835451, 0.2356807951417978, 0.07999807061142833, 0.09244926475292174, 0.19408990121873457, 0.07999807061142833, 0.07999807061142833]
Timestep: 435, Trans probs: [0.19254867317376723, 0.10076036310141868, 0.20438086320645013, 0.07468921470639901, 0.19973997404967178, 0.07850248234949517, 0.07468921470639901, 0.07468921470639901]
Timestep: 436, Trans probs: [0.15869310218238614, 0.07678253193217774, 0.2704889860199203, 0.07678253193217774, 0.11769889345256222, 0.14598889061642042, 0.07678253193217774, 0.07678253193217774]
Timestep: 437, Trans probs: [0.1707923701148063, 0.09589307082621303, 0.18044744211470362, 0.07461900286596014, 0.1766604746278336, 0.15234963371856308, 0.07461900286596014, 0.07461900286596014]
Timestep: 438, Trans probs: [0.15480268017910048, 0.09112392097973276, 0.2360482277571399, 0.07303688593802787, 0.15979169366508778, 0.13912281960485556, 0.07303688593802787, 0.07303688593802787]
Timestep: 439, Trans probs: [0.14070554210777858, 0.08773394325557725, 0.28097831357296177, 0.07268812300560584, 0.14485568611766006, 0.12766214592920486, 0.07268812300560584, 0.07268812300560584]
Timestep: 440, Trans probs: [0.12844809731760826, 0.08576898978514454, 0.3151121824497664, 0.07364660355786976, 0.13179185975466715, 0.11793906001920434, 0.07364660355786976, 0.07364660355786976]
Timestep: 441, Trans probs: [0.11824738971812912, 0.08497570571168135, 0.3392919260044548, 0.0755253627388062, 0.12085411262379973, 0.11005477772551643, 0.0755253627388062, 0.0755253627388062]
Timestep: 442, Trans probs: [0.11016107262045532, 0.08498290924413535, 0.3552667206984368, 0.07783141431868472, 0.11213369580307066, 0.10396135867784798, 0.07783141431868472, 0.07783141431868472]
Timestep: 443, Trans probs: [0.10402438105780144, 0.08543390998938777, 0.36515338578755696, 0.08015355424936045, 0.10548088102792166, 0.09944677938925081, 0.08015355424936045, 0.08015355424936045]
Timestep: 444, Trans probs: [0.09952542944605591, 0.08605781346641057, 0.37092934526912696, 0.08223253098266381, 0.10058057120119263, 0.09620924766922244, 0.08223253098266381, 0.08223253098266381]
Timestep: 445, Trans probs: [0.1416410798387788, 0.07879183865771214, 0.2833915497097952, 0.07877891217080954, 0.08884284282742448, 0.1709959524538607, 0.07877891217080954, 0.07877891217080954]
Timestep: 446, Trans probs: [0.09630735585548952, 0.0866864102926252, 0.29019187881994285, 0.08395371917681604, 0.18101484328665868, 0.09393835421483554, 0.08395371917681604, 0.08395371917681604]
Timestep: 447, Trans probs: [0.12820024766052915, 0.0788798047287213, 0.3183074640238833, 0.07886966077077356, 0.08676725043600529, 0.15123625083854023, 0.07886966077077356, 0.07886966077077356]
Timestep: 448, Trans probs: [0.09243936305480528, 0.08499529411962185, 0.24245473784119476, 0.08288091347878696, 0.24086148260773563, 0.09060638194028156, 0.08288091347878696, 0.08288091347878696]
Timestep: 449, Trans probs: [0.08945195559163596, 0.0836690296086891, 0.2880178929795549, 0.08202647271511533, 0.2047536997157367, 0.08802800395903748, 0.08202647271511533, 0.08202647271511533]
Timestep: 450, Trans probs: [0.08764021071767031, 0.08322954025597956, 0.32106433069401724, 0.0819767527927652, 0.1755815052265869, 0.0865541547274503, 0.0819767527927652, 0.0819767527927652]
Timestep: 451, Trans probs: [0.0868093589017259, 0.08351933738713598, 0.3435106843048986, 0.0825848541281886, 0.15240681250162927, 0.08599924452004447, 0.0825848541281886, 0.0825848541281886]
Timestep: 452, Trans probs: [0.14247393616485646, 0.07668885284608219, 0.30894975436208616, 0.07668885284608219, 0.10955013367342126, 0.13227076441530727, 0.07668885284608219, 0.07668885284608219]
Timestep: 453, Trans probs: [0.08663443528505688, 0.08422900013856406, 0.27431660925802576, 0.08354577090589403, 0.13459473576026684, 0.16958790684040437, 0.08354577090589403, 0.08354577090589403]
Timestep: 454, Trans probs: [0.08441608860578778, 0.08251401450234398, 0.31479767321512114, 0.08197375772923071, 0.12234022289819957, 0.1500107275908553, 0.08197375772923071, 0.08197375772923071]
Timestep: 455, Trans probs: [0.08382995608617622, 0.08238062327027099, 0.3413439131635473, 0.08196896114371638, 0.11272719633842115, 0.13381142771043525, 0.08196896114371638, 0.08196896114371638]
Timestep: 456, Trans probs: [0.08418422212893986, 0.0831117491372859, 0.3575457637231673, 0.08280712861978184, 0.1055675161272283, 0.1211693630240332, 0.08280712861978184, 0.08280712861978184]
Timestep: 457, Trans probs: [0.08494332653086907, 0.08416651934598268, 0.36688879213100023, 0.08394587844546357, 0.10043154538922146, 0.11173218126653586, 0.08394587844546357, 0.08394587844546357]
Timestep: 458, Trans probs: [0.08756530572326511, 0.08745302294363608, 0.2890760782832125, 0.08745302294363608, 0.18525994951587052, 0.08828657470310754, 0.08745302294363608, 0.08745302294363608]
Timestep: 459, Trans probs: [0.17085334159770937, 0.08522823650678879, 0.2869729147739369, 0.08507079179240773, 0.096834617616335, 0.10489851412800665, 0.08507079179240773, 0.08507079179240773]
Timestep: 460, Trans probs: [0.15038642170675304, 0.08351511672140459, 0.32446538475439773, 0.08339215589697668, 0.09257944254183445, 0.09887716658468017, 0.08339215589697668, 0.08339215589697668]
Timestep: 461, Trans probs: [0.133687130584038, 0.08338015765968002, 0.3479335827745383, 0.08328765480114292, 0.09019920797918303, 0.09493695659913194, 0.08328765480114292, 0.08328765480114292]
Timestep: 462, Trans probs: [0.1208621569481064, 0.08403948375132467, 0.36165368582661594, 0.0839717753933839, 0.0890307532877569, 0.09249859400604456, 0.0839717753933839, 0.0839717753933839]
Timestep: 463, Trans probs: [0.11141339173708521, 0.08496496950333791, 0.3692817572764625, 0.08491633698744204, 0.08855002166607817, 0.09104084885471012, 0.08491633698744204, 0.08491633698744204]
Timestep: 464, Trans probs: [0.10463355328933988, 0.08587480350111819, 0.37336901363835673, 0.08584031050984635, 0.08841752971382805, 0.09018416832781793, 0.08584031050984635, 0.08584031050984635]
Timestep: 465, Trans probs: [0.0998459507962974, 0.08665110594776591, 0.375500461286615, 0.08662684368757631, 0.08843965146640524, 0.08968229944018746, 0.08662684368757631, 0.08662684368757631]
Timestep: 466, Trans probs: [0.09649641344759437, 0.08726542745867721, 0.37659009987721664, 0.08724845381583102, 0.08851667662550146, 0.08938602114351726, 0.08724845381583102, 0.08724845381583102]
Timestep: 467, Trans probs: [0.08564555205445543, 0.08555958986626337, 0.3254790832210288, 0.08555958986626337, 0.16043925936025918, 0.08619774589920307, 0.08555958986626337, 0.08555958986626337]
Timestep: 468, Trans probs: [0.1818834218591053, 0.08773012860768495, 0.289420764200499, 0.08771829614007907, 0.088602384809108, 0.08920841210336547, 0.08771829614007907, 0.08771829614007907]
Timestep: 469, Trans probs: [0.1579250512288915, 0.08569848115751803, 0.3261081540620527, 0.08568940427320373, 0.08636760351613847, 0.08683249721578813, 0.08568940427320373, 0.08568940427320373]
Timestep: 470, Trans probs: [0.13879429548781408, 0.08517921825827232, 0.34881210680595653, 0.08517248032439241, 0.08567591977542864, 0.08602101869935114, 0.08517248032439241, 0.08517248032439241]
Timestep: 471, Trans probs: [0.12432086398270084, 0.08544828310021817, 0.36203363793491744, 0.08544339789080949, 0.0858084069850994, 0.08605861432463566, 0.08544339789080949, 0.08544339789080949]
Timestep: 472, Trans probs: [0.11376270786345637, 0.08602502100023268, 0.36940515156065407, 0.0860215351393569, 0.08628198885068238, 0.08646052530690375, 0.0860215351393569, 0.0860215351393569]
Timestep: 473, Trans probs: [0.1062346867805416, 0.08664971066049654, 0.37338549363070384, 0.08664724937011041, 0.08683115005879583, 0.08695721075913089, 0.08664724937011041, 0.08664724937011041]
Timestep: 474, Trans probs: [0.10094031279740426, 0.0872064280904973, 0.37548342973909327, 0.08720470212064235, 0.0873336617292957, 0.08742206128178236, 0.08720470212064235, 0.08720470212064235]
Timestep: 475, Trans probs: [0.09724617843214134, 0.08765819370601577, 0.37656890984928243, 0.08765698876124157, 0.08774701884263826, 0.0878087328861974, 0.08765698876124157, 0.08765698876124157]
Timestep: 476, Trans probs: [0.08516324889780912, 0.08509946863003601, 0.3482089420305974, 0.08509946863003601, 0.14065698143343158, 0.08557295311801781, 0.08509946863003601, 0.08509946863003601]
Timestep: 477, Trans probs: [0.12884789424197338, 0.0777655083946903, 0.3358825553135001, 0.0777655083946903, 0.10328242715458487, 0.1209250897111805, 0.0777655083946903, 0.0777655083946903]
Timestep: 478, Trans probs: [0.18268458045698877, 0.08800558744278177, 0.28911778848711933, 0.08800474867467059, 0.0880674190666574, 0.08811037852244087, 0.08800474867467059, 0.08800474867467059]
Timestep: 479, Trans probs: [0.11745067450508744, 0.07989650093488919, 0.3420932082801464, 0.07988877699863044, 0.08590225610473637, 0.13499102917924924, 0.07988877699863044, 0.07988877699863044]
Timestep: 480, Trans probs: [0.1584660730392914, 0.08591152630946952, 0.2400281273005593, 0.08591088354344319, 0.17186979275487482, 0.08599182996547539, 0.08591088354344319, 0.08591088354344319]
Timestep: 481, Trans probs: [0.1417762641265593, 0.08293106480154448, 0.29085752533880405, 0.08293054348762764, 0.15264732037196954, 0.08299619489823973, 0.08293054348762764, 0.08293054348762764]
Timestep: 482, Trans probs: [0.127829691440186, 0.08196589359686883, 0.32598873240434584, 0.08196548728613544, 0.13630256487254566, 0.0820166558276474, 0.08196548728613544, 0.08196548728613544]
Timestep: 483, Trans probs: [0.11684186973895815, 0.08230976375010934, 0.3483506814578951, 0.08230945782766136, 0.12322132755001636, 0.08234798402003693, 0.08230945782766136, 0.08230945782766136]
Timestep: 484, Trans probs: [0.10860681698825793, 0.0832817163959868, 0.3616718706401814, 0.0832814920390718, 0.11328537354201608, 0.08330974631634246, 0.0832814920390718, 0.0832814920390718]
Timestep: 485, Trans probs: [0.11796580342184873, 0.0794711407630037, 0.3534541173150035, 0.0794711407630037, 0.09870017956890238, 0.11199533664223058, 0.0794711407630037, 0.0794711407630037]
Timestep: 486, Trans probs: [0.10264886893296418, 0.0844220528923877, 0.28478319698455445, 0.08442189141969374, 0.10601608910767132, 0.16886411782334124, 0.08442189141969374, 0.08442189141969374]
Timestep: 487, Trans probs: [0.10922883240918083, 0.08136587227206693, 0.35726035477862006, 0.08136014157138524, 0.08582178491724658, 0.12224273090872993, 0.08136014157138524, 0.08136014157138524]
Timestep: 488, Trans probs: [0.09710177778122882, 0.0827906541392592, 0.2401079332386975, 0.08279052735597008, 0.18253614068931565, 0.14909191208358863, 0.08279052735597008, 0.08279052735597008]
Timestep: 489, Trans probs: [0.10965812972666993, 0.08134434360900904, 0.36421001153051874, 0.08134434360900904, 0.09548778205977612, 0.10526670224699916, 0.08134434360900904, 0.08134434360900904]
Timestep: 490, Trans probs: [0.09223940033372253, 0.0806023735140027, 0.20852422241178462, 0.08060227042073255, 0.16170997422852343, 0.21511721824976904, 0.08060227042073255, 0.08060227042073255]
Timestep: 491, Trans probs: [0.08850037507561374, 0.07904492396540998, 0.26203029871132255, 0.0790448401988783, 0.14494740619759794, 0.18834247545342092, 0.0790448401988783, 0.0790448401988783]
Timestep: 492, Trans probs: [0.08618366131696452, 0.07867572775014567, 0.3026476864644214, 0.07867566123681408, 0.13100442711318044, 0.1654615136448457, 0.07867566123681408, 0.07867566123681408]
Timestep: 493, Trans probs: [0.08514989853994043, 0.07936077620897378, 0.3314189625787995, 0.07936072492271641, 0.11970972700041521, 0.14627846090372185, 0.07936072492271641, 0.07936072492271641]
Timestep: 494, Trans probs: [0.08543861878686991, 0.08539236898194505, 0.27618432147024097, 0.08539236898194505, 0.1256795019618202, 0.17112808185328873, 0.08539236898194505, 0.08539236898194505]
Timestep: 495, Trans probs: [0.16679390001779815, 0.08337873452748937, 0.23366552035564722, 0.08337873452748937, 0.11511290175421468, 0.1509127397623825, 0.08337873452748937, 0.08337873452748937]
Timestep: 496, Trans probs: [0.1656956545812626, 0.08067630787941853, 0.26977374345412697, 0.08067626940377967, 0.11094663249247011, 0.13087885338138283, 0.08067626940377967, 0.08067626940377967]
Timestep: 497, Trans probs: [0.10353511920875443, 0.08308901580752423, 0.37044250797109957, 0.08308901580752423, 0.093302351594254, 0.10036395799579509, 0.08308901580752423, 0.08308901580752423]
Timestep: 498, Trans probs: [0.103171176440675, 0.0829162671275011, 0.3663891736376653, 0.08291210120894696, 0.08615548170094905, 0.11263159746636868, 0.08291210120894696, 0.08291210120894696]
Timestep: 499, Trans probs: [0.14946260034728592, 0.08054402584856223, 0.28525673234878574, 0.08054402584856223, 0.1067631618451709, 0.1363414020645085, 0.08054402584856223, 0.08054402584856223]
