0.0,0.5,1
3517.475860572843,0.5594405594405594,0
2398.408415191866,0.39574756269009637,1
2072.0,0.3611111111111111,1
2155.0172840065143,0.38146120353145857,1
5183.320529975287,0.3828404341679765,0
3712.6809615234783,0.3777905232205972,0
390.0,0.36863564495015666,1
2561.2805354009615,0.5521488638539976,1
3891.677102400462,0.3788584881587178,0
4601.861116203251,0.3982209375449886,0
1364.0,0.37393674712011526,1
781.0,0.5747503768483075,1
2029.6911644311958,0.5606432893833612,1
2766.3350942593256,0.3794131641854366,0
410.0,0.3760752346652295,1
1968.0,0.5840541455536923,1
2847.3023172255052,0.570528385049945,0
451.0,0.3816820166110343,1
2812.0,0.5880456756381657,0
2816.5402637375137,0.37648498545534204,0
1164.0,0.37056011999207095,1
1105.0,0.5839101360294352,1
4397.59481138197,0.5602922323926974,0
3815.311212729162,0.35214585330660403,0
2176.0,0.38630691312873905,1
4458.150314662743,0.3560690455924861,0
2312.6376022048544,0.3494920243130881,1
2784.0,0.38399623303205854,0
2615.7455533822354,0.36581870931530963,1
3527.949416439773,0.372833330499547,0
4200.312288923101,0.40337996063596476,0
850.0,0.36715638729581196,1
406.0,0.5825629541364973,1
1008.0,0.5877165455075702,1
1410.0,0.5883917487018725,1
1577.0,0.5770363600009707,1
726.0,0.589754211107048,1
1904.0,0.5936363942875152,1
2672.0,0.5845961397221516,1
1608.0,0.3941681261941199,1
1884.1612622136458,0.5404726314423713,1
1320.0,0.5876558276227495,1
592.0,0.589815335201211,1
374.0,0.5917754635288517,1
1548.0,0.594013289433136,1
759.0,0.5853036251755597,1
504.0,0.5918044775645331,1
1886.0851700825938,0.5513959328177513,1
2622.506398613399,0.5608761404220263,1
748.0,0.3945827150384386,1
3425.491312151365,0.5628373519239848,0
2916.6487468257196,0.37207450956769295,0
2624.0,0.3912995655042486,1
3774.1833560261075,0.36697962810690976,0
1804.0,0.38907879749621277,1
1919.0,0.5858622302002827,1
670.0,0.5942358539726049,1
684.0,0.6010564170262545,1
1320.0,0.5977745855630007,1
1661.0,0.5972253273629249,1
1595.0,0.5871837795732852,1
2540.0,0.5888584696460912,1
1856.0,0.3945525973853727,1
3108.927728807977,0.5457276662240055,0
1848.0,0.3930794735429871,1
2947.5544901660464,0.5465647130580842,0
1584.0,0.39280902089733977,1
3438.2154220690554,0.5492901283128557,0
385.0,0.3899797361512502,1
2646.0,0.5903243753970653,1
759.0,0.39234998727704395,1
5413.239728584496,0.5485662512065042,0
1068.0,0.3922706136117022,1
1375.0,0.5937481231530162,1
585.0,0.5841208509772,1
1020.0,0.5938198030198463,1
1199.0,0.5964783117273889,1
2071.0,0.5908684012207944,1
792.0,0.3998884867818908,1
3191.2009196839294,0.5459416142268159,0
2589.8891766888905,0.3809886041794586,1
464.0,0.39711709490153374,1
5081.635009693972,0.5561869951105729,0
3507.729164473766,0.35960066019378933,0
870.0,0.39191692943419326,1
1771.0,0.594274562993754,1
1862.0,0.5875881054411196,1
1128.0,0.5881761714843212,1
2278.0,0.5913035243213521,1
1160.0,0.39348036616608656,1
3551.5122995400297,0.550357573051438,0
390.0,0.3915756915716907,1
2784.0,0.5959841526844921,0
1463.0,0.3680967796823632,1
3508.384981559563,0.5431891583462402,0
2565.0,0.3773869000096028,1
3078.0,0.38633273098642296,0
5216.311888136223,0.35304382128023015,0
1700.0,0.3752195998474827,1
1062.0,0.5713687604920021,1
2329.0,0.5822945189833495,1
1782.0,0.38165560972045226,1
2864.056188269633,0.5289604775551973,0
580.0,0.39259968474879015,1
2828.947348286113,0.5388332416250663,0
697.0,0.38820815628312544,1
1296.0,0.5879194936637366,1
2254.0,0.5913784374711375,1
960.0,0.38968701939732875,1
1826.4593821396904,0.5389787018070167,1
3659.4388680921993,0.546365269604687,0
2470.0,0.39546514775655944,1
4482.435758389003,0.35701609633224596,0
3306.0,0.3916543893831634,0
715.0,0.3746725093717876,1
3647.0827831841425,0.5462146888918855,0
3340.0,0.38754982761158685,0
1364.0,0.3731226740284888,1
3251.0149243767114,0.5343126188690406,0
700.0,0.3827776850611109,1
2482.0,0.5935385339834129,1
2720.0,0.39300246587521426,0
3516.4960936083667,0.34707395098238697,0
1510.0,0.37925483885116934,1
1080.0,0.5753367855083513,1
2440.0,0.5846645806345921,1
464.0,0.3908593495453162,1
4214.442743314246,0.538046460105746,0
1890.0,0.39218717293616195,1
1908.0,0.5827616342594426,1
2060.0,0.5887770320840784,1
2475.0,0.39803904563283143,1
2942.0891673445926,0.34099376533515535,0
1320.0,0.3933197763773565,1
2256.067359774793,0.536811564591095,1
3971.544031070842,0.3602551279109101,0
2015.0,0.3912958994512604,1
1881.0,0.3936398628021281,1
3407.608679572189,0.5349804733619828,0
3268.0,0.3975625902447682,0
2408.9102580393414,0.35145173143268976,1
1995.0,0.3709381300890824,1
2441.696122066959,0.5529195606516457,1
730.0,0.38600655448734206,1
1854.0,0.5735235496282273,1
3358.6884788649486,0.5639148149482497,0
880.0,0.3864589446125695,1
3918.4831377176756,0.5540384784564596,0
2888.283090394865,0.3599160246363639,0
627.0,0.3869648084748735,1
4260.016641952359,0.5440003397795202,0
1545.0,0.38948926890145363,1
912.0,0.5864752852644581,1
600.0,0.6016719413382137,1
2945.0,0.5994305147147547,0
2686.0,0.36703980822055104,1
3033.077903202493,0.3519543019838744,0
1776.0,0.38324303893849604,1
3794.9727133286556,0.5347335337904717,0
1290.0,0.37429938212454394,1
1792.0,0.5910819435780599,1
1133.0,0.5837695851694382,1
300.0,0.5897989668807715,1
1615.0,0.6008478146007298,1
1242.0,0.6003329852663943,1
1053.0,0.5995657527148635,1
1220.0,0.5993006844712921,1
684.0,0.5992303307239519,1
2096.0,0.5992139393447151,1
726.0,0.39206422260132356,1
4947.645968433445,0.5402836789404796,0
558.0,0.390130603636714,1
1008.0,0.5945045957329379,1
1040.0,0.5981542615472507,1
2862.0,0.5940985500948538,0
1157.0,0.37424473167975686,1
3063.8206312426387,0.5399261596859724,0
2911.54939751107,0.34555263010909937,0
350.0,0.38396708726716655,1
5012.8683485667825,0.5377332799112811,0
2667.530547133706,0.3326758960202619,1
1360.0,0.3914506719349642,1
3240.1008645901466,0.5485626611427202,0
3685.2022460819676,0.35192586441741186,0
2176.0,0.37210776715523824,1
1716.0,0.38373889476166495,1
3559.5950420479985,0.5286085191162272,0
2320.0,0.37576727379681285,1
774.0,0.3878226003456473,1
3746.639878086172,0.5402292619208897,0
2868.41825910101,0.3345642964294254,0
1830.0,0.3912712067504097,1
3559.874309694323,0.5248543667839781,0
1620.0,0.3827842492883179,1
3734.3865936837274,0.5366580500702803,0
1954.4621533946258,0.34141782896373457,1
1040.0,0.5775691769388436,1
732.0,0.5747109922528273,1
1275.0,0.5932739712504224,1
2071.0,0.5952061090137499,1
832.0,0.3942483460417757,1
3036.5756820734136,0.5448165838948569,0
960.0,0.39081188012609147,1
2056.422191949626,0.546719518888378,1
4353.623507795673,0.3699359441577311,0
495.0,0.3823841628579412,1
2907.0,0.5959467588211976,0
3082.4501698287045,0.3725401112054602,0
1444.0,0.3793530168842193,1
1904.0,0.5863732214346828,1
2520.0,0.5830688348453551,1
1209.0,0.38913574336846424,1
2502.6810369831805,0.5465101005654533,1
3694.5961586504554,0.39642790619458546,0
1177.0,0.39488378323360723,1
3443.6381869126,0.5467955212473973,0
564.0,0.39039910318605797,1
3627.1717228763455,0.5483508146226302,0
1666.0,0.385139012500675,1
2200.0,0.5820469987105676,1
1330.0,0.3885733830919482,1
4319.5302918113875,0.5406835447753678,0
2171.0,0.37748619990522103,1
852.0,0.3914011439005166,1
3009.5393813834903,0.5390154398055595,0
1854.0,0.38572726047607175,1
2042.4057916433717,0.5319156467333156,1
385.0,0.39178347110922374,1
3789.193417312774,0.5469559213295473,0
1926.0,0.38628119180744375,1
2952.527311487454,0.5343399448061342,0
2608.0,0.3906080510928576,1
3569.2855968881363,0.34721505117161894,0
2016.0,0.38109948194965015,1
1463.0,0.3905564171348507,1
3260.77330613911,0.5340822542547902,0
2034.0,0.3895095617256594,1
3130.265884738663,0.3511544266229391,0
3101.1988237928067,0.36998189196970027,0
1460.0,0.3886951972640674,1
2646.0,0.5840182220620356,1
1440.0,0.39070578447513377,1
3250.110238714332,0.5381369000637675,0
1183.0,0.3860913638433866,1
3821.148016383213,0.5368390671087379,0
828.0,0.38596400105935674,1
884.0,0.5923207981775936,1
1140.0,0.5957457463673768,1
819.0,0.5909829151482502,1
2520.0,0.5975639432106719,1
1196.0,0.39282202595700805,1
3457.3478541546124,0.5366593224878741,0
1305.0,0.39152589215117334,1
3789.6741671540317,0.5366636953759671,0
3173.0,0.39045561512958843,0
784.0,0.3740633961288308,1
2363.940990681647,0.5364865628233595,1
3479.515877559822,0.3601649179110508,0
912.0,0.38320839105688936,1
2304.0,0.5930096998264762,1
1824.0,0.39279640966299056,1
3079.364920326259,0.5441605745863471,0
462.0,0.3916658069474139,1
2891.8009891315514,0.5385516428327581,0
608.0,0.39188153225571776,1
1734.1387181165924,0.536907352824473,1
4473.698064510696,0.5437443153327332,0
2340.0,0.3894433489042078,1
874.0,0.39196243192602903,1
2442.6035365026173,0.5443856381182877,1
3433.617173602185,0.39351858603488804,0
3002.0,0.39503788154082964,0
3497.1854855387405,0.3553962558795267,0
1750.0,0.3649342303189559,1
400.0,0.5801002234261505,1
1508.0,0.5896562397297243,1
836.0,0.5873357898008744,1
1308.0,0.5909936258674217,1
3736.5660012332255,0.5537400669443058,0
1956.0,0.3917814242113653,1
4605.020783472866,0.5378993214310726,0
2337.0,0.3910482962253176,1
665.0,0.39609275141629957,1
3049.7047708788177,0.5463243903200736,0
1380.0,0.38525137417555255,1
884.0,0.5869844511409612,1
1320.0,0.5914744869146285,1
1160.0,0.5842403465542433,1
2282.0,0.5908240856825617,1
1368.0,0.3922914654497682,1
4971.0732611717185,0.5382633531234118,0
1540.0,0.3928535416917541,1
1680.0,0.5858261859964815,1
1390.0,0.5879445214355664,1
1653.0,0.587579105737464,1
714.0,0.5861908909864575,1
1485.0,0.5898001477796246,1
660.0,0.5879053331440085,1
1152.0,0.5927889592530396,1
340.0,0.5947705793654947,1
1989.0,0.5964763061014475,1
1386.0,0.5855526736553259,1
578.0,0.5921309910773382,1
1596.0,0.5951852793497945,1
1749.0,0.5897858178860999,1
812.0,0.5889764011782027,1
1320.0,0.5891314241962996,1
3006.0,0.5851493085981894,0
1397.0,0.3820204625329607,1
3336.19032257636,0.5284082974281544,0
2890.0,0.38227505890106783,0
780.0,0.36305660285073793,1
2780.156966454561,0.5362067174969486,0
2004.0,0.37891679484456314,1
2970.5659091276566,0.341032220420607,0
1264.0,0.38455906992289135,1
740.0,0.5847238744172675,1
1358.0,0.5863000116101086,1
2006.0,0.5896819578341362,1
1980.0,0.38306826912338826,1
3274.123702718792,0.5363006909167496,0
992.0,0.3887175774941742,1
5171.538668945027,0.5363448902123142,0
300.0,0.37999590676516426,1
630.0,0.5951614358917758,1
2660.0,0.5963254639446149,1
1564.0,0.3923375311899412,1
3096.286478366157,0.5362260800971752,0
2380.0,0.39021572944609034,1
3966.359194334547,0.3461071334142897,0
1740.0,0.38292453798036563,1
1183.0,0.594273652105504,1
876.0,0.5958871454374906,1
1390.0,0.597875510300856,1
1054.0,0.5853286361111347,1
1530.0,0.5930833200643251,1
1005.0,0.5955580934884053,1
1200.0,0.5977150439900629,1
1819.0,0.5973599258984688,1
2698.0,0.5874075939584529,1
1605.0,0.39766449910759966,1
2221.452814776409,0.5275117021109258,1
1104.0,0.3938636631745822,1
3116.450063273352,0.5426230160642725,0
1380.0,0.3896344818371791,1
3084.8959806638177,0.5427215658727264,0
2679.0,0.3898080180015265,1
2366.629753749872,0.35015837952039064,1
2160.0,0.38989213597796535,1
3848.273247489513,0.3592944491739076,0
855.0,0.3934479358925971,1
1368.0,0.5881149419923946,1
348.0,0.5840120076354662,1
351.0,0.5897521743401961,1
984.0,0.5922873433237001,1
1749.0,0.5954466914328764,1
1560.0,0.5868756454654717,1
2128.0,0.5884014733370964,1
2299.0,0.3962316512100805,1
4143.5040076091655,0.35577229213363204,0
2533.0,0.391435184016504,1
2272.0,0.3911268306620639,1
2353.28574214298,0.3457993749647261,1
1500.0,0.39162337356259763,1
3671.3222451538863,0.5378670308444841,0
1513.0,0.39788675603137247,1
1812.0,0.5827497551537852,1
564.0,0.5862678564608614,1
504.0,0.5898356433097394,1
2023.0,0.5916657234659168,1
1064.0,0.39143680618055765,1
3933.5417678232207,0.5393893828630614,0
2475.0,0.3851304077232624,1
1521.0,0.3933025671313304,1
3790.1967597670427,0.5323927733528173,0
1470.0,0.39481213289633377,1
1891.6355078515378,0.5380619705240496,1
3735.0129122766475,0.5459117980094583,0
2720.0,0.39494041254990797,0
2857.4520632724143,0.3529318131600401,0
1680.0,0.36044964992715967,1
2656.0,0.5780691080661438,1
960.0,0.3907354845324935,1
2498.5595532428624,0.543285936985787,1
2760.610632549969,0.3613153486326827,0
2680.0,0.387904909844467,1
1414.0,0.3916284525998278,1
3126.166064653645,0.5400209720875355,0
1260.0,0.395164388825444,1
2594.4078632475535,0.5382778327137543,1
1848.4760922007235,0.3886308070014256,1
1938.0,0.5917747019522177,1
1800.0,0.5924544844686195,1
1740.0,0.5910900327517865,1
1570.0,0.5897720952746313,1
2160.0,0.5896775947911712,1
2964.0,0.3967288437120236,0
2839.885585665865,0.3630323650534182,0
1156.0,0.38215967289029157,1
2047.7157026583454,0.5506183703374338,1
2288.8357951759176,0.3745239965794232,1
1808.0,0.38153411610052623,1
3932.095996072211,0.5504072218626481,0
840.0,0.38953509347169685,1
1496.0,0.5819656582727927,1
4179.585825438605,0.5641749633042434,0
900.0,0.38808844607617654,1
510.0,0.5860591307583405,1
3990.1189111729936,0.5623603657241234,0
1802.0,0.38920554656001144,1
2394.0,0.5809404387527782,1
1092.0,0.3898368046297659,1
2410.1752216650157,0.546256810799418,1
4124.187879710638,0.37091390832901067,0
847.0,0.39226792673784444,1
2551.0212217466965,0.5454608817340343,1
5017.026510842133,0.36663015479639616,0
1344.0,0.38961771681114526,1
1313.0,0.5920620519971971,1
1620.0,0.5913317427797675,1
1680.0,0.5878350090709886,1
1196.0,0.590765449414364,1
570.0,0.5950726512884963,1
3176.1045631898323,0.5561570146856347,0
700.0,0.38940003762838343,1
585.0,0.5954638439799748,1
627.0,0.5986462712030467,1
1320.0,0.5983511299050469,1
1428.0,0.5981755816478453,1
960.0,0.5891136902613812,1
1100.0,0.5960843730915701,1
520.0,0.5901793280450582,1
2072.0,0.5950734297437243,1
867.0,0.39249663145251007,1
2192.261639350886,0.5384739370021763,1
3357.120963286174,0.3605465251516124,0
1782.0,0.38889630471848813,1
2669.0,0.5930472204002142,1
850.0,0.39423973621704467,1
4154.862330397384,0.5440810585906657,0
1782.0,0.3925979836197288,1
4760.842827784382,0.5258585638285633,0
1106.0,0.39640857828141995,1
2010.0,0.5930996233448645,1
2805.0,0.3914748954677467,0
2211.1966382547907,0.34372292600241056,1
1755.0,0.3848571188007397,1
3811.7665942514227,0.5452461841296834,0
1764.0,0.3743754245710649,1
2352.0,0.5857220618978828,1
2198.0,0.3819011746571516,1
3235.259960680774,0.3591548899339328,0
1995.0,0.3851364168516123,1
3347.825725425412,0.545066561107683,0
3360.0,0.38196140992563293,0
1952.262820200895,0.35909535075155763,1
4656.978196965861,0.5515460932851671,0
2147.0,0.3706273846592423,1
1230.0,0.3817255660797103,1
3053.440962848574,0.5494228266550296,0
1896.0,0.38560422803777994,1
1344.0,0.5805328931181655,1
2200.0,0.5871246667751978,1
2006.0,0.3916887463500043,1
3551.5157969518123,0.35668348313549514,0
2242.0,0.3888283774483503,1
4198.2075894833915,0.36209142527499044,0
2381.5770753723664,0.38942608063797896,1
1615.0,0.3979091256776704,1
2680.0,0.5837952164110523,1
2003.1313688950936,0.3492727168428611,1
1050.0,0.38898152268438313,1
2449.418524797168,0.5560215917815877,1
3864.5555854166596,0.3827557596945114,0
610.0,0.3945383299326268,1
2200.0632999113377,0.5623152352409452,1
2746.995812529044,0.3842292556261844,0
1656.0,0.38214269551885643,1
2040.0,0.5942997304173199,1
2251.1855982881034,0.38960359028811076,1
352.0,0.3901611813976691,1
4186.824611406074,0.5660439475309851,0
2652.0,0.38932274659345173,1
3300.760479141971,0.374059493180689,0
348.0,0.3815463181398566,1
1694.0,0.5921981088040207,1
600.0,0.58461207775506,1
2958.0,0.5901713043573099,0
3446.839798255531,0.3567910713002,0
1365.0,0.3733926007296741,1
1802.0,0.5897470393612642,1
976.0,0.5817864841740241,1
1548.0,0.5920420087390683,1
1400.0,0.5963183440754172,1
444.0,0.5938267595199483,1
2310.0,0.6032112039504085,1
1030.0,0.39189297632447734,1
3112.6546624886346,0.5368715952825769,0
1424.0,0.3846002519870913,1
