Timestep: 0, Trans probs: [0.125, 0.125, 0.125, 0.125, 0.125, 0.125, 0.125, 0.125]
Timestep: 1, Trans probs: [0.1111111111111111, 0.1111111111111111, 0.1111111111111111, 0.1111111111111111, 0.1111111111111111, 0.2222222222222222, 0.1111111111111111, 0.1111111111111111]
Timestep: 2, Trans probs: [0.10021969922071987, 0.10021969922071987, 0.10021969922071987, 0.10021969922071987, 0.10021969922071987, 0.2984621054549608, 0.10021969922071987, 0.10021969922071987]
Timestep: 3, Trans probs: [0.125, 0.125, 0.125, 0.125, 0.125, 0.125, 0.125, 0.125]
Timestep: 4, Trans probs: [0.125, 0.125, 0.125, 0.125, 0.125, 0.125, 0.125, 0.125]
Timestep: 5, Trans probs: [0.10021969922071987, 0.10021969922071987, 0.10021969922071987, 0.10021969922071987, 0.10021969922071987, 0.2984621054549608, 0.10021969922071987, 0.10021969922071987]
Timestep: 6, Trans probs: [0.09210010683622472, 0.09210010683622472, 0.09210010683622472, 0.09210010683622472, 0.09210010683622472, 0.35529925214642694, 0.09210010683622472, 0.09210010683622472]
Timestep: 7, Trans probs: [0.125, 0.125, 0.125, 0.125, 0.125, 0.125, 0.125, 0.125]
Timestep: 8, Trans probs: [0.1111111111111111, 0.1111111111111111, 0.1111111111111111, 0.1111111111111111, 0.1111111111111111, 0.2222222222222222, 0.1111111111111111, 0.1111111111111111]
Timestep: 9, Trans probs: [0.10021969922071987, 0.10021969922071987, 0.10021969922071987, 0.10021969922071987, 0.20043939844143974, 0.19824240623424094, 0.10021969922071987, 0.10021969922071987]
Timestep: 10, Trans probs: [0.125, 0.125, 0.125, 0.125, 0.125, 0.125, 0.125, 0.125]
Timestep: 11, Trans probs: [0.09210010683622472, 0.09210010683622472, 0.09210010683622472, 0.09210010683622472, 0.09210010683622472, 0.35529925214642694, 0.09210010683622472, 0.09210010683622472]
Timestep: 12, Trans probs: [0.125, 0.125, 0.125, 0.125, 0.125, 0.125, 0.125, 0.125]
Timestep: 13, Trans probs: [0.09210010683622472, 0.09210010683622472, 0.09210010683622472, 0.09210010683622472, 0.09210010683622472, 0.35529925214642694, 0.09210010683622472, 0.09210010683622472]
Timestep: 14, Trans probs: [0.08635718939631323, 0.08635718939631323, 0.08635718939631323, 0.08635718939631323, 0.08635718939631323, 0.3954996742258074, 0.08635718939631323, 0.08635718939631323]
Timestep: 15, Trans probs: [0.125, 0.125, 0.125, 0.125, 0.125, 0.125, 0.125, 0.125]
Timestep: 16, Trans probs: [0.125, 0.125, 0.125, 0.125, 0.125, 0.125, 0.125, 0.125]
Timestep: 17, Trans probs: [0.08635718939631323, 0.08635718939631323, 0.08635718939631323, 0.08635718939631323, 0.08635718939631323, 0.3954996742258074, 0.08635718939631323, 0.08635718939631323]
Timestep: 18, Trans probs: [0.125, 0.125, 0.125, 0.125, 0.125, 0.125, 0.125, 0.125]
Timestep: 19, Trans probs: [0.10021969922071987, 0.10021969922071987, 0.10021969922071987, 0.10021969922071987, 0.20043939844143974, 0.19824240623424094, 0.10021969922071987, 0.10021969922071987]
Timestep: 20, Trans probs: [0.2222222222222222, 0.1111111111111111, 0.1111111111111111, 0.1111111111111111, 0.1111111111111111, 0.1111111111111111, 0.1111111111111111, 0.1111111111111111]
Timestep: 21, Trans probs: [0.19824240623424094, 0.10021969922071987, 0.20043939844143974, 0.10021969922071987, 0.10021969922071987, 0.10021969922071987, 0.10021969922071987, 0.10021969922071987]
Timestep: 22, Trans probs: [0.08635718939631323, 0.08635718939631323, 0.08635718939631323, 0.08635718939631323, 0.08635718939631323, 0.3954996742258074, 0.08635718939631323, 0.08635718939631323]
Timestep: 23, Trans probs: [0.19824240623424094, 0.10021969922071987, 0.20043939844143974, 0.10021969922071987, 0.10021969922071987, 0.10021969922071987, 0.10021969922071987, 0.10021969922071987]
Timestep: 24, Trans probs: [0.17837024902335422, 0.09161644008928718, 0.2719311104409227, 0.09161644008928718, 0.09161644008928718, 0.09161644008928718, 0.09161644008928718, 0.09161644008928718]
Timestep: 25, Trans probs: [0.16097846016555187, 0.08518627670087951, 0.327903879629171, 0.08518627670087951, 0.08518627670087951, 0.08518627670087951, 0.08518627670087951, 0.08518627670087951]
Timestep: 26, Trans probs: [0.14589610865578312, 0.0806414827698221, 0.3702549947252843, 0.0806414827698221, 0.0806414827698221, 0.0806414827698221, 0.0806414827698221, 0.0806414827698221]
Timestep: 27, Trans probs: [0.1330707306704947, 0.07758279119529866, 0.40143252215771336, 0.07758279119529866, 0.07758279119529866, 0.07758279119529866, 0.07758279119529866, 0.07758279119529866]
Timestep: 28, Trans probs: [0.12234397105102941, 0.07561829488986944, 0.4239462596097539, 0.07561829488986944, 0.07561829488986944, 0.07561829488986944, 0.07561829488986944, 0.07561829488986944]
Timestep: 29, Trans probs: [0.1134771830412388, 0.07442276397184483, 0.43998623312769214, 0.07442276397184483, 0.07442276397184483, 0.07442276397184483, 0.07442276397184483, 0.07442276397184483]
Timestep: 30, Trans probs: [0.10620528386253573, 0.07374887076979955, 0.4513014915186669, 0.07374887076979955, 0.07374887076979955, 0.07374887076979955, 0.07374887076979955, 0.07374887076979955]
Timestep: 31, Trans probs: [0.10027204510632597, 0.07341759647634395, 0.45922237603561034, 0.07341759647634395, 0.07341759647634395, 0.07341759647634395, 0.07341759647634395, 0.07341759647634395]
Timestep: 32, Trans probs: [0.09544699232934768, 0.07330346198374772, 0.46473223576816597, 0.07330346198374772, 0.07330346198374772, 0.07330346198374772, 0.07330346198374772, 0.07330346198374772]
Timestep: 33, Trans probs: [0.09153110650296516, 0.0733207081186624, 0.4685446447850604, 0.0733207081186624, 0.0733207081186624, 0.0733207081186624, 0.0733207081186624, 0.0733207081186624]
Timestep: 34, Trans probs: [0.125, 0.125, 0.125, 0.125, 0.125, 0.125, 0.125, 0.125]
Timestep: 35, Trans probs: [0.1493791836183413, 0.07864721564697226, 0.3787375224998252, 0.07864721564697226, 0.07864721564697226, 0.07864721564697226, 0.07864721564697226, 0.07864721564697226]
Timestep: 36, Trans probs: [0.1617688483378852, 0.07341210701216673, 0.39775850958911435, 0.07341210701216673, 0.07341210701216673, 0.07341210701216673, 0.07341210701216673, 0.07341210701216673]
Timestep: 37, Trans probs: [0.14704436612854474, 0.07234124063882455, 0.418908190038508, 0.07234124063882455, 0.07234124063882455, 0.07234124063882455, 0.07234124063882455, 0.07234124063882455]
Timestep: 38, Trans probs: [0.19824240623424094, 0.10021969922071987, 0.20043939844143974, 0.10021969922071987, 0.10021969922071987, 0.10021969922071987, 0.10021969922071987, 0.10021969922071987]
Timestep: 39, Trans probs: [0.13454610063876507, 0.07178769720073892, 0.36294001895606254, 0.07178769720073892, 0.14357539440147785, 0.07178769720073892, 0.07178769720073892, 0.07178769720073892]
Timestep: 40, Trans probs: [0.12445230171463997, 0.07029002476827916, 0.39185273686774785, 0.07029002476827916, 0.13224483757621638, 0.07029002476827916, 0.07029002476827916, 0.07029002476827916]
Timestep: 41, Trans probs: [0.11584276671910447, 0.06950963750066047, 0.41410015290261565, 0.06950963750066047, 0.12250889287497757, 0.06950963750066047, 0.06950963750066047, 0.06950963750066047]
Timestep: 42, Trans probs: [0.10857175976844458, 0.0692434334086491, 0.43098099529121664, 0.0692434334086491, 0.1142300778970933, 0.0692434334086491, 0.0692434334086491, 0.0692434334086491]
Timestep: 43, Trans probs: [0.17837024902335422, 0.09161644008928718, 0.2719311104409227, 0.09161644008928718, 0.09161644008928718, 0.09161644008928718, 0.09161644008928718, 0.09161644008928718]
Timestep: 44, Trans probs: [0.10248383947105764, 0.06932699780155448, 0.37429993144547596, 0.06932699780155448, 0.17658124007569395, 0.06932699780155448, 0.06932699780155448, 0.06932699780155448]
Timestep: 45, Trans probs: [0.1111111111111111, 0.1111111111111111, 0.1111111111111111, 0.1111111111111111, 0.1111111111111111, 0.2222222222222222, 0.1111111111111111, 0.1111111111111111]
Timestep: 46, Trans probs: [0.16570469037877392, 0.06861641899580792, 0.33049734346198895, 0.06861641899580792, 0.16071587118019762, 0.06861641899580792, 0.06861641899580792, 0.06861641899580792]
Timestep: 47, Trans probs: [0.1520967390030061, 0.06737748518542692, 0.3632723411490221, 0.06737748518542692, 0.147743493920837, 0.06737748518542692, 0.06737748518542692, 0.06737748518542692]
Timestep: 48, Trans probs: [0.16097846016555187, 0.08518627670087951, 0.327903879629171, 0.08518627670087951, 0.08518627670087951, 0.08518627670087951, 0.08518627670087951, 0.08518627670087951]
Timestep: 49, Trans probs: [0.14011295703228052, 0.06676757074388714, 0.3229374675908203, 0.06676757074388714, 0.20311172165746352, 0.06676757074388714, 0.06676757074388714, 0.06676757074388714]
Timestep: 50, Trans probs: [0.12995378810184952, 0.06592149924075065, 0.3554854886570075, 0.06592149924075065, 0.18495322703738967, 0.06592149924075065, 0.06592149924075065, 0.06592149924075065]
Timestep: 51, Trans probs: [0.12109828990781792, 0.06557664941560346, 0.3822308099714968, 0.06557664941560346, 0.16878765304266805, 0.06557664941560346, 0.06557664941560346, 0.06557664941560346]
Timestep: 52, Trans probs: [0.11343667701297747, 0.06563039803179183, 0.4039122704415952, 0.06563039803179183, 0.15449906238646813, 0.06563039803179183, 0.06563039803179183, 0.06563039803179183]
Timestep: 53, Trans probs: [0.10686377086406665, 0.06598159347222932, 0.42124944412718573, 0.06598159347222932, 0.14197881764760106, 0.06598159347222932, 0.06598159347222932, 0.06598159347222932]
Timestep: 54, Trans probs: [0.10127356855655671, 0.06653887066730005, 0.43492373510325244, 0.06653887066730005, 0.1311083430036906, 0.06653887066730005, 0.06653887066730005, 0.06653887066730005]
Timestep: 55, Trans probs: [0.14589610865578312, 0.0806414827698221, 0.3702549947252843, 0.0806414827698221, 0.0806414827698221, 0.0806414827698221, 0.0806414827698221, 0.0806414827698221]
Timestep: 56, Trans probs: [0.10021969922071987, 0.10021969922071987, 0.20043939844143974, 0.10021969922071987, 0.10021969922071987, 0.19824240623424094, 0.10021969922071987, 0.10021969922071987]
Timestep: 57, Trans probs: [0.09655911359524347, 0.06722439366285525, 0.37833885505858444, 0.06722439366285525, 0.18898006303189574, 0.06722439366285525, 0.06722439366285525, 0.06722439366285525]
Timestep: 58, Trans probs: [0.0922227210586261, 0.06706145649219475, 0.40097506946187006, 0.06706145649219475, 0.17149492701853009, 0.06706145649219475, 0.06706145649219475, 0.06706145649219475]
Timestep: 59, Trans probs: [0.08866242245456521, 0.06721805566288527, 0.41902299980871166, 0.06721805566288527, 0.1562242994222968, 0.06721805566288527, 0.06721805566288527, 0.06721805566288527]
Timestep: 60, Trans probs: [0.2106535218657934, 0.07758279119529866, 0.3238497309624147, 0.07758279119529866, 0.07758279119529866, 0.07758279119529866, 0.07758279119529866, 0.07758279119529866]
Timestep: 61, Trans probs: [0.09161644008928718, 0.09161644008928718, 0.2719311104409227, 0.09161644008928718, 0.09161644008928718, 0.17837024902335422, 0.09161644008928718, 0.09161644008928718]
Timestep: 62, Trans probs: [0.17037255340175902, 0.08518627670087951, 0.24271760292829153, 0.08518627670087951, 0.08518627670087951, 0.1609784601655519, 0.08518627670087951, 0.08518627670087951]
Timestep: 63, Trans probs: [0.2349889942938563, 0.0797487902787171, 0.2193518224248334, 0.0797487902787171, 0.0797487902787171, 0.14691523188772473, 0.0797487902787171, 0.0797487902787171]
Timestep: 64, Trans probs: [0.28833400069940646, 0.07555682013520384, 0.1989551273559482, 0.07555682013520384, 0.07555682013520384, 0.13492677126862618, 0.07555682013520384, 0.07555682013520384]
Timestep: 65, Trans probs: [0.08576719551948142, 0.06760101392825517, 0.36562578482164765, 0.06760101392825517, 0.21060195001759507, 0.06760101392825517, 0.06760101392825517, 0.06760101392825517]
Timestep: 66, Trans probs: [0.08293924239988146, 0.06736252311884605, 0.39026846749487815, 0.06736252311884605, 0.18997967451101014, 0.06736252311884605, 0.06736252311884605, 0.06736252311884605]
Timestep: 67, Trans probs: [0.0807113416781949, 0.06743108610259277, 0.4101623423389457, 0.06743108610259277, 0.17197088546989547, 0.06743108610259277, 0.06743108610259277, 0.06743108610259277]
Timestep: 68, Trans probs: [0.0789872311261986, 0.06772859944770618, 0.4260152349742594, 0.06772859944770618, 0.15635453666101115, 0.06772859944770618, 0.06772859944770618, 0.06772859944770618]
Timestep: 69, Trans probs: [0.2591886349540881, 0.07256333360335507, 0.2533584156027417, 0.07256333360335507, 0.07256333360335507, 0.12463628142639484, 0.07256333360335507, 0.07256333360335507]
Timestep: 70, Trans probs: [0.14586144571978957, 0.06818390020096952, 0.3703028731764268, 0.06818390020096952, 0.14291618009893597, 0.06818390020096952, 0.06818390020096952, 0.06818390020096952]
Timestep: 71, Trans probs: [0.13457422712941033, 0.06750518771937682, 0.39586863466503713, 0.06750518771937682, 0.13203119960866835, 0.06750518771937682, 0.06750518771937682, 0.06750518771937682]
Timestep: 72, Trans probs: [0.12478636337462615, 0.06732770982086914, 0.4159673588574, 0.06732770982086914, 0.12260772866362828, 0.06732770982086914, 0.06732770982086914, 0.06732770982086914]
Timestep: 73, Trans probs: [0.2337871433466562, 0.07027278609260576, 0.29895170154633594, 0.07027278609260576, 0.07027278609260576, 0.11589722464397911, 0.07027278609260576, 0.07027278609260576]
Timestep: 74, Trans probs: [0.2641854766422755, 0.07484767393103867, 0.28672847977149246, 0.07484767393103867, 0.07484767393103867, 0.07484767393103867, 0.07484767393103867, 0.07484767393103867]
Timestep: 75, Trans probs: [0.18388751568855796, 0.0675076878364399, 0.36404728089859084, 0.0675076878364399, 0.1145267642306517, 0.0675076878364399, 0.0675076878364399, 0.0675076878364399]
Timestep: 76, Trans probs: [0.16745695234837046, 0.06699790963078606, 0.38996873309625735, 0.06699790963078606, 0.10758476640144181, 0.06699790963078606, 0.06699790963078606, 0.06699790963078606]
Timestep: 77, Trans probs: [0.23585834065296307, 0.07269379499617472, 0.32797888936998865, 0.07269379499617472, 0.07269379499617472, 0.07269379499617472, 0.07269379499617472, 0.07269379499617472]
Timestep: 78, Trans probs: [0.15302331024350274, 0.06692271432670908, 0.3437318458081812, 0.06692271432670908, 0.16863127231477054, 0.06692271432670908, 0.06692271432670908, 0.06692271432670908]
Timestep: 79, Trans probs: [0.14111968874012754, 0.06617680710844645, 0.3732912494828782, 0.06617680710844645, 0.15470502623476204, 0.06617680710844645, 0.06617680710844645, 0.06617680710844645]
Timestep: 80, Trans probs: [0.21126723579291623, 0.06869513382129327, 0.2680857818374432, 0.06869513382129327, 0.13739026764258655, 0.10847617944188093, 0.06869513382129327, 0.06869513382129327]
Timestep: 81, Trans probs: [0.19662307677451374, 0.0659395382174679, 0.3312591673598558, 0.0659395382174679, 0.14242006477829097, 0.0659395382174679, 0.0659395382174679, 0.0659395382174679]
Timestep: 82, Trans probs: [0.19331937330822735, 0.0666420857193613, 0.3104455242698642, 0.0666420857193613, 0.12767866372231199, 0.10198809582215122, 0.0666420857193613, 0.0666420857193613]
Timestep: 83, Trans probs: [0.24462657391827192, 0.06532217302303998, 0.29673404602395376, 0.06532217302303998, 0.13202851494257445, 0.06532217302303998, 0.06532217302303998, 0.06532217302303998]
Timestep: 84, Trans probs: [0.17708928155018347, 0.06535753020582016, 0.34575428087107635, 0.06535753020582016, 0.1191929405318613, 0.09653337622359823, 0.06535753020582016, 0.06535753020582016]
Timestep: 85, Trans probs: [0.13617116099764695, 0.07614484606966604, 0.40695976258435673, 0.07614484606966604, 0.07614484606966604, 0.07614484606966604, 0.07614484606966604, 0.07614484606966604]
Timestep: 86, Trans probs: [0.28622571710041034, 0.06473536859552069, 0.26704475599445704, 0.06473536859552069, 0.12305268392752924, 0.06473536859552069, 0.06473536859552069, 0.06473536859552069]
Timestep: 87, Trans probs: [0.25767014493959545, 0.06435746044777761, 0.30528681687196224, 0.06435746044777761, 0.11525573594955435, 0.06435746044777761, 0.06435746044777761, 0.06435746044777761]
Timestep: 88, Trans probs: [0.23245364990836012, 0.06419201899155673, 0.33809177937752255, 0.06419201899155673, 0.10849447575633371, 0.06419201899155673, 0.06419201899155673, 0.06419201899155673]
Timestep: 89, Trans probs: [0.21008208814638105, 0.06427169886829688, 0.3658965629677013, 0.06427169886829688, 0.1026628545444334, 0.06427169886829688, 0.06427169886829688, 0.06427169886829688]
Timestep: 90, Trans probs: [0.19026429414481608, 0.06458208783032274, 0.38915167440481213, 0.06458208783032274, 0.09767359229875809, 0.06458208783032274, 0.06458208783032274, 0.06458208783032274]
Timestep: 91, Trans probs: [0.1727969589721731, 0.06508517801614624, 0.40833199274496773, 0.06508517801614624, 0.09344515820212794, 0.06508517801614624, 0.06508517801614624, 0.06508517801614624]
Timestep: 92, Trans probs: [0.15750836254350553, 0.0657333640236065, 0.4239275492693416, 0.0657333640236065, 0.08989726806912032, 0.0657333640236065, 0.0657333640236065, 0.0657333640236065]
Timestep: 93, Trans probs: [0.1442322665622636, 0.0664778944406256, 0.43642802446363604, 0.0664778944406256, 0.0869502367709723, 0.0664778944406256, 0.0664778944406256, 0.0664778944406256]
Timestep: 94, Trans probs: [0.2112044299083932, 0.07122276265738403, 0.3614589941473027, 0.07122276265738403, 0.07122276265738403, 0.07122276265738403, 0.07122276265738403, 0.07122276265738403]
Timestep: 95, Trans probs: [0.13279789474777545, 0.06727388415959255, 0.3790327676189773, 0.06727388415959255, 0.1517999168352843, 0.06727388415959255, 0.06727388415959255, 0.06727388415959255]
Timestep: 96, Trans probs: [0.12335525193195387, 0.066903631621717, 0.4024003172920299, 0.066903631621717, 0.1397262726674313, 0.066903631621717, 0.066903631621717, 0.066903631621717]
Timestep: 97, Trans probs: [0.16248398333074604, 0.06472597495141302, 0.3100548771771518, 0.06472597495141302, 0.11182845415213365, 0.15672878553431635, 0.06472597495141302, 0.06472597495141302]
Timestep: 98, Trans probs: [0.18217516550688584, 0.06695046953460135, 0.3538482217006973, 0.06695046953460135, 0.12922426511941013, 0.06695046953460135, 0.06695046953460135, 0.06695046953460135]
Timestep: 99, Trans probs: [0.16627311911494821, 0.06637505578483381, 0.3814861101619309, 0.06637505578483381, 0.12036549179895181, 0.06637505578483381, 0.06637505578483381, 0.06637505578483381]
Timestep: 100, Trans probs: [0.152241526255109, 0.06625896485544862, 0.40373495512166846, 0.06625896485544862, 0.11272869434597946, 0.06625896485544862, 0.06625896485544862, 0.06625896485544862]
Timestep: 101, Trans probs: [0.18976438981393595, 0.07032356222047911, 0.3882942368631893, 0.07032356222047911, 0.07032356222047911, 0.07032356222047911, 0.07032356222047911, 0.07032356222047911]
Timestep: 102, Trans probs: [0.13997223379888488, 0.06648459390490927, 0.35491882570536754, 0.06648459390490927, 0.17268597097120125, 0.06648459390490927, 0.06648459390490927, 0.06648459390490927]
Timestep: 103, Trans probs: [0.12974565827867862, 0.06597494198087983, 0.38224581934977914, 0.06597494198087983, 0.15813381246714323, 0.06597494198087983, 0.06597494198087983, 0.06597494198087983]
Timestep: 104, Trans probs: [0.12084866324287524, 0.06591494234061647, 0.4042736820154544, 0.06591494234061647, 0.14530294303858815, 0.06591494234061647, 0.06591494234061647, 0.06591494234061647]
Timestep: 105, Trans probs: [0.11317560679564166, 0.06618888275796636, 0.4217877757194017, 0.06618888275796636, 0.13409220369512487, 0.06618888275796636, 0.06618888275796636, 0.06618888275796636]
Timestep: 106, Trans probs: [0.10661660201771353, 0.06669424663723661, 0.43552373824978924, 0.06669424663723661, 0.12438842654631424, 0.06669424663723661, 0.06669424663723661, 0.06669424663723661]
Timestep: 107, Trans probs: [0.10105782246547582, 0.06734496194015403, 0.4461519378285136, 0.06734496194015403, 0.11606543000524043, 0.06734496194015403, 0.06734496194015403, 0.06734496194015403]
Timestep: 108, Trans probs: [0.09638424737926211, 0.0680720358086512, 0.4542678700330163, 0.0680720358086512, 0.10898770354446559, 0.0680720358086512, 0.0680720358086512, 0.0680720358086512]
Timestep: 109, Trans probs: [0.09248310520055393, 0.06882271803871207, 0.4603875480897573, 0.06882271803871207, 0.10301575651612839, 0.06882271803871207, 0.06882271803871207, 0.06882271803871207]
Timestep: 110, Trans probs: [0.08924712785938194, 0.06955880020635817, 0.46494729283121555, 0.06955880020635817, 0.09801157827761164, 0.06955880020635817, 0.06955880020635817, 0.06955880020635817]
Timestep: 111, Trans probs: [0.08657713024520283, 0.07025444187585685, 0.46830732675201675, 0.07025444187585685, 0.09384333362349617, 0.07025444187585685, 0.07025444187585685, 0.07025444187585685]
Timestep: 112, Trans probs: [0.15026364829599623, 0.06363216337163684, 0.3446706287641714, 0.06363216337163684, 0.10537357959344941, 0.1451634898598357, 0.06363216337163684, 0.06363216337163684]
Timestep: 113, Trans probs: [0.15527752536147896, 0.07089382224459541, 0.3998645087115557, 0.07089382224459541, 0.09038885470398833, 0.07089382224459541, 0.07089382224459541, 0.07089382224459541]
Timestep: 114, Trans probs: [0.13931099215378873, 0.06316315324232183, 0.37335510680270356, 0.06316315324232183, 0.09985326240032989, 0.13482802567389054, 0.06316315324232183, 0.06316315324232183]
Timestep: 115, Trans probs: [0.19277154889280249, 0.06319575820810573, 0.33359807356803217, 0.06319575820810573, 0.09517947136784309, 0.1256678733388993, 0.06319575820810573, 0.06319575820810573]
Timestep: 116, Trans probs: [0.21219025358416405, 0.07024038085338971, 0.34980053166146885, 0.07024038085338971, 0.08680731048741852, 0.07024038085338971, 0.07024038085338971, 0.07024038085338971]
Timestep: 117, Trans probs: [0.1712171427323727, 0.06987383656990097, 0.4095398378482215, 0.06987383656990097, 0.06987383656990097, 0.06987383656990097, 0.06987383656990097, 0.06987383656990097]
Timestep: 118, Trans probs: [0.19129006358263048, 0.06926986407405387, 0.3095799448090132, 0.06926986407405387, 0.15278067123808695, 0.06926986407405387, 0.06926986407405387, 0.06926986407405387]
Timestep: 119, Trans probs: [0.1766871405078383, 0.06284449113379642, 0.3632589466474034, 0.06284449113379642, 0.0909447297947667, 0.11773121851480597, 0.06284449113379642, 0.06284449113379642]
Timestep: 120, Trans probs: [0.1552825382389747, 0.06975934079640808, 0.42616141698257687, 0.06975934079640808, 0.06975934079640808, 0.06975934079640808, 0.06975934079640808, 0.06975934079640808]
Timestep: 121, Trans probs: [0.14169155560339203, 0.0698818510609815, 0.36913548696973736, 0.0698818510609815, 0.139763702121963, 0.0698818510609815, 0.0698818510609815, 0.0698818510609815]
Timestep: 122, Trans probs: [0.24231583418492392, 0.06772818491329707, 0.2781802789982586, 0.06772818491329707, 0.1408629622503321, 0.06772818491329707, 0.06772818491329707, 0.06772818491329707]
Timestep: 123, Trans probs: [0.21958480649367046, 0.0664617140330653, 0.3175016361784533, 0.0664617140330653, 0.13060498716254967, 0.0664617140330653, 0.0664617140330653, 0.0664617140330653]
Timestep: 124, Trans probs: [0.16220773342926584, 0.06293061388320673, 0.3249087211863654, 0.06293061388320673, 0.15036619816333432, 0.11079489168820753, 0.06293061388320673, 0.06293061388320673]
Timestep: 125, Trans probs: [0.21243552527729448, 0.062327490024448776, 0.2939677833984482, 0.062327490024448776, 0.13963778363054205, 0.10464894759592011, 0.062327490024448776, 0.062327490024448776]
Timestep: 126, Trans probs: [0.2565424653274992, 0.06169443840694739, 0.2671713554496504, 0.06169443840694739, 0.1302726661170895, 0.09923575947797134, 0.06169443840694739, 0.06169443840694739]
Timestep: 127, Trans probs: [0.2650216352005165, 0.06571258438605447, 0.28473929023523853, 0.06571258438605447, 0.12167615263397251, 0.06571258438605447, 0.06571258438605447, 0.06571258438605447]
Timestep: 128, Trans probs: [0.2338701697098856, 0.06126244222806426, 0.30454830168669217, 0.06126244222806426, 0.1220130293746563, 0.09451873031650875, 0.06126244222806426, 0.06126244222806426]
Timestep: 129, Trans probs: [0.27450843894889543, 0.06115358142687739, 0.27567710714449595, 0.06115358142687739, 0.11472196461652431, 0.09047816358257466, 0.06115358142687739, 0.06115358142687739]
Timestep: 130, Trans probs: [0.3041814913734157, 0.06511724365027435, 0.25627283412007834, 0.06511724365027435, 0.11395945625513419, 0.06511724365027435, 0.06511724365027435, 0.06511724365027435]
Timestep: 131, Trans probs: [0.24896231774012448, 0.061154158350193354, 0.3111452102157204, 0.061154158350193354, 0.1083083669076614, 0.08696747173572039, 0.061154158350193354, 0.061154158350193354]
Timestep: 132, Trans probs: [0.3376268905455712, 0.06478675244026827, 0.2311460812182777, 0.06478675244026827, 0.10729326603480968, 0.06478675244026827, 0.06478675244026827, 0.06478675244026827]
Timestep: 133, Trans probs: [0.3011115548743634, 0.06474279232177854, 0.2736071532492741, 0.06474279232177854, 0.10156733026746984, 0.06474279232177854, 0.06474279232177854, 0.06474279232177854]
Timestep: 134, Trans probs: [0.2696579930972827, 0.06465724768522184, 0.31046089228752677, 0.06465724768522184, 0.09659487618908136, 0.06465724768522184, 0.06465724768522184, 0.06465724768522184]
Timestep: 135, Trans probs: [0.2260167817614083, 0.06135302668581667, 0.3418896366046076, 0.06135302668581667, 0.10269622004819495, 0.0839852548425226, 0.06135302668581667, 0.06135302668581667]
Timestep: 136, Trans probs: [0.3068151362954797, 0.06468075131785302, 0.27745436740309665, 0.06468075131785302, 0.09232673971215861, 0.06468075131785302, 0.06468075131785302, 0.06468075131785302]
Timestep: 137, Trans probs: [0.20538154375893397, 0.061768676981821244, 0.36820969711453805, 0.061768676981821244, 0.09782648774756005, 0.08150756345168302, 0.061768676981821244, 0.061768676981821244]
Timestep: 138, Trans probs: [0.13079208373831422, 0.06884881732051915, 0.39583471811340065, 0.06884881732051915, 0.1291291115456894, 0.06884881732051915, 0.06884881732051915, 0.06884881732051915]
Timestep: 139, Trans probs: [0.1868890831242411, 0.062383481380946, 0.3280534346844169, 0.062383481380946, 0.15602738898750118, 0.07949616768005682, 0.062383481380946, 0.062383481380946]
Timestep: 140, Trans probs: [0.23381374722283357, 0.06218738155816651, 0.29570819821265915, 0.06218738155816651, 0.1444992934137814, 0.0772292349180598, 0.06218738155816651, 0.06218738155816651]
Timestep: 141, Trans probs: [0.18981412324381394, 0.06841013153626317, 0.3481539375494125, 0.06841013153626317, 0.11998128152545776, 0.06841013153626317, 0.06841013153626317, 0.06841013153626317]
Timestep: 142, Trans probs: [0.1727249350266208, 0.0675214791724548, 0.30993537951005234, 0.0675214791724548, 0.17973228960105286, 0.0675214791724548, 0.0675214791724548, 0.0675214791724548]
Timestep: 143, Trans probs: [0.3388466230274215, 0.06475784449303103, 0.248705695594795, 0.06475784449303103, 0.08865845891262826, 0.06475784449303103, 0.06475784449303103, 0.06475784449303103]
Timestep: 144, Trans probs: [0.2131088914350364, 0.06192946460057897, 0.26762946342662536, 0.06192946460057897, 0.19636450028744284, 0.07517928644857946, 0.06192946460057897, 0.06192946460057897]
Timestep: 145, Trans probs: [0.3661219773043655, 0.0649673091291829, 0.22347856736539393, 0.0649673091291829, 0.08556290968432609, 0.0649673091291829, 0.0649673091291829, 0.0649673091291829]
Timestep: 146, Trans probs: [0.3237040629568641, 0.06532893993826577, 0.2666523377900644, 0.06532893993826577, 0.08299889956174258, 0.06532893993826577, 0.06532893993826577, 0.06532893993826577]
Timestep: 147, Trans probs: [0.28791964608677556, 0.06543877704633813, 0.30423249627500776, 0.06543877704633813, 0.08065397240652605, 0.06543877704633813, 0.06543877704633813, 0.06543877704633813]
Timestep: 148, Trans probs: [0.1953777420499102, 0.06144356306275039, 0.305122639497264, 0.06144356306275039, 0.18054340692937476, 0.07318195927244948, 0.06144356306275039, 0.06144356306275039]
Timestep: 149, Trans probs: [0.3226065044456614, 0.06552845089388011, 0.2711229464239222, 0.06552845089388011, 0.07862829466101594, 0.06552845089388011, 0.06552845089388011, 0.06552845089388011]
Timestep: 150, Trans probs: [0.28668016527390583, 0.06566275074970641, 0.30808101685616934, 0.06566275074970641, 0.0769250641213927, 0.06566275074970641, 0.06566275074970641, 0.06566275074970641]
Timestep: 151, Trans probs: [0.17940005422813418, 0.061292170596361634, 0.33746914670442535, 0.061292170596361634, 0.16631861422961908, 0.07164350245237498, 0.061292170596361634, 0.061292170596361634]
Timestep: 152, Trans probs: [0.32153539531115904, 0.06577013784036434, 0.2741622573873785, 0.06577013784036434, 0.07545165809964076, 0.06577013784036434, 0.06577013784036434, 0.06577013784036434]
Timestep: 153, Trans probs: [0.2855298548768331, 0.06590093817039132, 0.31075087011291874, 0.06590093817039132, 0.07421458415829157, 0.06590093817039132, 0.06590093817039132, 0.06590093817039132]
Timestep: 154, Trans probs: [0.1650057440841251, 0.061467757127237274, 0.3650430456976766, 0.061467757127237274, 0.15353804250235525, 0.07054213920689392, 0.061467757127237274, 0.061467757127237274]
Timestep: 155, Trans probs: [0.32059161349075793, 0.0660045009060956, 0.2762429354777981, 0.0660045009060956, 0.07314294650096605, 0.0660045009060956, 0.0660045009060956, 0.0660045009060956]
Timestep: 156, Trans probs: [0.15854999871397418, 0.06631931398336864, 0.34516016383097975, 0.06631931398336864, 0.1646932675382028, 0.06631931398336864, 0.06631931398336864, 0.06631931398336864]
Timestep: 157, Trans probs: [0.28454396006702487, 0.06611954341293529, 0.24649476729361033, 0.06611954341293529, 0.1383635555746884, 0.06611954341293529, 0.06611954341293529, 0.06611954341293529]
Timestep: 158, Trans probs: [0.15209927010409005, 0.06192946037478366, 0.38823846697653586, 0.06192946037478366, 0.14211220641807096, 0.0698322150021686, 0.06192946037478366, 0.06192946037478366]
Timestep: 159, Trans probs: [0.32186775281386587, 0.0652618318807545, 0.22327407899926582, 0.0652618318807545, 0.12854900878309566, 0.0652618318807545, 0.0652618318807545, 0.0652618318807545]
Timestep: 160, Trans probs: [0.14599085576008017, 0.06570693472481545, 0.37413609184188296, 0.06570693472481545, 0.15133837877395964, 0.06570693472481545, 0.06570693472481545, 0.06570693472481545]
Timestep: 161, Trans probs: [0.28851242094297236, 0.06482183188478707, 0.20256554608988847, 0.06482183188478707, 0.1848128735432039, 0.06482183188478707, 0.06482183188478707, 0.06482183188478707]
Timestep: 162, Trans probs: [0.1406114283446544, 0.06262070557907337, 0.40747640029906446, 0.06262070557907337, 0.13197330082151998, 0.06945604821846758, 0.06262070557907337, 0.06262070557907337]
Timestep: 163, Trans probs: [0.19395543582463054, 0.06347986862888368, 0.35971828460010913, 0.06347986862888368, 0.1230552309403501, 0.06935157411937543, 0.06347986862888368, 0.06347986862888368]
Timestep: 164, Trans probs: [0.24054378112499034, 0.06364189396348337, 0.3207931882556763, 0.06364189396348337, 0.1153565963800936, 0.06873885838530631, 0.06364189396348337, 0.06364189396348337]
Timestep: 165, Trans probs: [0.12507584491937138, 0.07457727977935227, 0.427460476404515, 0.07457727977935227, 0.07457727977935227, 0.07457727977935227, 0.07457727977935227, 0.07457727977935227]
Timestep: 166, Trans probs: [0.2177178004444509, 0.06359295003953472, 0.2876346796115348, 0.06359295003953472, 0.10864911592666246, 0.13162660385921304, 0.06359295003953472, 0.06359295003953472]
Timestep: 167, Trans probs: [0.32491779224212364, 0.06404150340634203, 0.18524800808751463, 0.06404150340634203, 0.16962668263865172, 0.06404150340634203, 0.06404150340634203, 0.06404150340634203]
Timestep: 168, Trans probs: [0.291981087701615, 0.06369491306555083, 0.23345454139577979, 0.06369491306555083, 0.15608980557485103, 0.06369491306555083, 0.06369491306555083, 0.06369491306555083]
Timestep: 169, Trans probs: [0.19940714620845526, 0.06269323210447397, 0.32411899625646534, 0.06269323210447397, 0.10265956314560394, 0.12304136597157955, 0.06269323210447397, 0.06269323210447397]
Timestep: 170, Trans probs: [0.32692898731736875, 0.06328328488849562, 0.21227806999637688, 0.06328328488849562, 0.14437651824377626, 0.06328328488849562, 0.06328328488849562, 0.06328328488849562]
Timestep: 171, Trans probs: [0.2934510353300166, 0.06320070591794447, 0.25652338247952466, 0.06320070591794447, 0.13402205260073632, 0.06320070591794447, 0.06320070591794447, 0.06320070591794447]
Timestep: 172, Trans probs: [0.26441130051594647, 0.0630771825170032, 0.29519842535785673, 0.0630771825170032, 0.12500436154118091, 0.0630771825170032, 0.0630771825170032, 0.0630771825170032]
Timestep: 173, Trans probs: [0.23877229263581212, 0.06307834301136472, 0.32871697909068875, 0.06307834301136472, 0.11711901321667549, 0.06307834301136472, 0.06307834301136472, 0.06307834301136472]
Timestep: 174, Trans probs: [0.18277897901676066, 0.06230707160555341, 0.3549817737499332, 0.06230707160555341, 0.09752528742732143, 0.11548567338377114, 0.06230707160555341, 0.06230707160555341]
Timestep: 175, Trans probs: [0.23011096384463559, 0.062361341762623916, 0.31839184891400163, 0.062361341762623916, 0.0931700778499875, 0.10888174234087969, 0.062361341762623916, 0.062361341762623916]
Timestep: 176, Trans probs: [0.27171129455921406, 0.06224793619680547, 0.2869377967744725, 0.06224793619680547, 0.0892853806524031, 0.10307378322668848, 0.06224793619680547, 0.06224793619680547]
Timestep: 177, Trans probs: [0.27925096523711024, 0.06326934941006669, 0.2941610690754285, 0.06326934941006669, 0.11024121863712778, 0.06326934941006669, 0.06326934941006669, 0.06326934941006669]
Timestep: 178, Trans probs: [0.2511805250394619, 0.06340551314791258, 0.32754892354603604, 0.06340551314791258, 0.10424298567493913, 0.06340551314791258, 0.06340551314791258, 0.06340551314791258]
Timestep: 179, Trans probs: [0.2263854961700474, 0.06366605495097977, 0.35622980884874816, 0.06366605495097977, 0.09905442022630552, 0.06366605495097977, 0.06366605495097977, 0.06366605495097977]
Timestep: 180, Trans probs: [0.20445005555805706, 0.06408029871142111, 0.3805404156492368, 0.06408029871142111, 0.09460803523560062, 0.06408029871142111, 0.06408029871142111, 0.06408029871142111]
Timestep: 181, Trans probs: [0.185101028725678, 0.06464083509453084, 0.40085617326748846, 0.06464083509453084, 0.09083862253417929, 0.06464083509453084, 0.06464083509453084, 0.06464083509453084]
Timestep: 182, Trans probs: [0.24586347698910815, 0.062202655193270506, 0.32141697278664344, 0.062202655193270506, 0.08590951880319507, 0.09799941064797116, 0.062202655193270506, 0.062202655193270506]
Timestep: 183, Trans probs: [0.2851046183737803, 0.062374188307661116, 0.2886970010492007, 0.062374188307661116, 0.08307290627699349, 0.09362872106938086, 0.062374188307661116, 0.062374188307661116]
Timestep: 184, Trans probs: [0.319385911467841, 0.0625558163170116, 0.2599635132174816, 0.0625558163170116, 0.08061005571790038, 0.08981725432873067, 0.0625558163170116, 0.0625558163170116]
Timestep: 185, Trans probs: [0.23344947143442793, 0.06532088076302672, 0.3522665340256486, 0.06532088076302672, 0.08767959072478977, 0.06532088076302672, 0.06532088076302672, 0.06532088076302672]
Timestep: 186, Trans probs: [0.2100930542406913, 0.06548387357780977, 0.3777727411627535, 0.06548387357780977, 0.08471483670750635, 0.06548387357780977, 0.06548387357780977, 0.06548387357780977]
Timestep: 187, Trans probs: [0.18960371244381027, 0.0658303926258289, 0.3989538416537675, 0.0658303926258289, 0.0822904827732777, 0.0658303926258289, 0.0658303926258289, 0.0658303926258289]
Timestep: 188, Trans probs: [0.28614946329646046, 0.06285227946904058, 0.2973378044806041, 0.06285227946904058, 0.07854927483867179, 0.08655433950810133, 0.06285227946904058, 0.06285227946904058]
Timestep: 189, Trans probs: [0.23804479259339512, 0.06632848533780662, 0.3499692148134447, 0.06632848533780662, 0.08034356590412718, 0.06632848533780662, 0.06632848533780662, 0.06632848533780662]
Timestep: 190, Trans probs: [0.21372036605495148, 0.06635406443530177, 0.37612755687699045, 0.06635406443530177, 0.07838175489154917, 0.06635406443530177, 0.06635406443530177, 0.06635406443530177]
Timestep: 191, Trans probs: [0.1924693146511939, 0.0665780087956863, 0.3977876806940956, 0.0665780087956863, 0.076852960676279, 0.0665780087956863, 0.0665780087956863, 0.0665780087956863]
Timestep: 192, Trans probs: [0.173980554870604, 0.06696801923772366, 0.4154772185841332, 0.06696801923772366, 0.07570213035664453, 0.06696801923772366, 0.06696801923772366, 0.06696801923772366]
Timestep: 193, Trans probs: [0.18951727906208932, 0.07366160783863988, 0.36851307390607135, 0.07366160783863988, 0.07366160783863988, 0.07366160783863988, 0.07366160783863988, 0.07366160783863988]
Timestep: 194, Trans probs: [0.15799110744345288, 0.06748274973578203, 0.3622425654182263, 0.06748274973578203, 0.07486982872362863, 0.13496549947156405, 0.06748274973578203, 0.06748274973578203]
Timestep: 195, Trans probs: [0.14526401550902682, 0.0667730776570244, 0.38916867416169304, 0.0667730776570244, 0.07317932314007285, 0.1252956765611097, 0.0667730776570244, 0.0667730776570244]
Timestep: 196, Trans probs: [0.257053783973416, 0.06313730836275551, 0.32990730842618526, 0.06313730836275551, 0.07676894476578461, 0.08372072938359212, 0.06313730836275551, 0.06313730836275551]
Timestep: 197, Trans probs: [0.2006953172101733, 0.06658617769282787, 0.34393164139748855, 0.06658617769282787, 0.07209724280464999, 0.11693108781637655, 0.06658617769282787, 0.06658617769282787]
Timestep: 198, Trans probs: [0.125, 0.125, 0.125, 0.125, 0.125, 0.125, 0.125, 0.125]
Timestep: 199, Trans probs: [0.1825129830537752, 0.1320015172553047, 0.3069547832901183, 0.06600075862765235, 0.07078869819274473, 0.10973974232509989, 0.06600075862765235, 0.06600075862765235]
Timestep: 200, Trans probs: [0.16786803588764188, 0.12312096815794847, 0.34276071974854466, 0.06465225477105378, 0.0688937918679906, 0.10339972002471316, 0.06465225477105378, 0.06465225477105378]
Timestep: 201, Trans probs: [0.23137398321134514, 0.06350969182399843, 0.3579495141747103, 0.06350969182399843, 0.07530995262204813, 0.0813277826959027, 0.06350969182399843, 0.06350969182399843]
Timestep: 202, Trans probs: [0.13494170134900982, 0.06556953339664925, 0.39764821349443974, 0.06556953339664925, 0.13956241817330406, 0.06556953339664925, 0.06556953339664925, 0.06556953339664925]
Timestep: 203, Trans probs: [0.21864766547666842, 0.11535081777153743, 0.30829640587426843, 0.06398816502608869, 0.06771420215598617, 0.09802641364327358, 0.06398816502608869, 0.06398816502608869]
Timestep: 204, Trans probs: [0.19964858273775443, 0.10858080476659993, 0.3419828757002684, 0.0632988551219769, 0.0665837755198036, 0.09330739590964293, 0.0632988551219769, 0.0632988551219769]
Timestep: 205, Trans probs: [0.18246957559112456, 0.10273808228086861, 0.3701787468168242, 0.0630929130937035, 0.06596892055275233, 0.08936593547731977, 0.0630929130937035, 0.0630929130937035]
Timestep: 206, Trans probs: [0.20867607209111563, 0.06400495602798388, 0.3177631398612289, 0.06400495602798388, 0.13817977537460893, 0.07936118856111092, 0.06400495602798388, 0.06400495602798388]
Timestep: 207, Trans probs: [0.23032211112247358, 0.09774109622394363, 0.33017974472907824, 0.06328459514692376, 0.06578419739713474, 0.08611906508659851, 0.06328459514692376, 0.06328459514692376]
Timestep: 208, Trans probs: [0.20902873037449668, 0.09330320638035752, 0.35941839319500823, 0.06322728151890922, 0.06540910054031272, 0.08315872495309717, 0.06322728151890922, 0.06322728151890922]
Timestep: 209, Trans probs: [0.19054368260076024, 0.06349913175607236, 0.3498388371218073, 0.06349913175607236, 0.12863657497428602, 0.07698437827885692, 0.06349913175607236, 0.06349913175607236]
Timestep: 210, Trans probs: [0.2376698242977529, 0.06342639161328704, 0.3131916800798146, 0.06342639161328704, 0.12024377317268026, 0.07518915599660393, 0.06342639161328704, 0.06342639161328704]
Timestep: 211, Trans probs: [0.25343915051421134, 0.08956735905843964, 0.32043286349517236, 0.0634752985200996, 0.06536811326320109, 0.08076661810867665, 0.0634752985200996, 0.0634752985200996]
Timestep: 212, Trans probs: [0.21567285942694947, 0.0632254137545256, 0.3449731537611372, 0.0632254137545256, 0.11293554948291325, 0.07351678231089755, 0.0632254137545256, 0.0632254137545256]
Timestep: 213, Trans probs: [0.2923133598528105, 0.08623891758750436, 0.2870368772725961, 0.0635450442309746, 0.06519134188555036, 0.07858437070861486, 0.0635450442309746, 0.0635450442309746]
Timestep: 214, Trans probs: [0.1959688403986071, 0.06333831502023723, 0.3717994696946176, 0.06333831502023723, 0.1065865399360762, 0.07229188988975012, 0.06333831502023723, 0.06333831502023723]
Timestep: 215, Trans probs: [0.3260672015586563, 0.083365183919432, 0.25783574698946404, 0.06364679201463756, 0.06507723722048112, 0.07671425426805385, 0.06364679201463756, 0.06364679201463756]
Timestep: 216, Trans probs: [0.2911641477733212, 0.08095466530899512, 0.29594354313628785, 0.06387613832494214, 0.06511507794867831, 0.07519415085789116, 0.06387613832494214, 0.06387613832494214]
Timestep: 217, Trans probs: [0.2608380706997319, 0.0788606691038834, 0.3290514369890505, 0.06407586526340975, 0.06514840971201666, 0.0738738177050882, 0.06407586526340975, 0.06407586526340975]
Timestep: 218, Trans probs: [0.17839504749242283, 0.06372159692488591, 0.3941412625760125, 0.06372159692488591, 0.10111437032958952, 0.07146293190243154, 0.06372159692488591, 0.06372159692488591]
Timestep: 219, Trans probs: [0.2271481833313419, 0.06431787213286809, 0.34817125770238877, 0.06431787213286809, 0.0964408552060545, 0.07096821522874242, 0.06431787213286809, 0.06431787213286809]
Timestep: 220, Trans probs: [0.2985861394542189, 0.07712177688002401, 0.29311927221288303, 0.06435759447024104, 0.06528355555381943, 0.07281647248833152, 0.06435759447024104, 0.06435759447024104]
Timestep: 221, Trans probs: [0.26677564770803125, 0.07559692442178484, 0.32663465043462064, 0.06457826630211765, 0.06537760058648569, 0.07188037794272464, 0.06457826630211765, 0.06457826630211765]
Timestep: 222, Trans probs: [0.23902644611798082, 0.07433638939398948, 0.35543613208739505, 0.06484441560340601, 0.06553299855014375, 0.0711347870402729, 0.06484441560340601, 0.06484441560340601]
Timestep: 223, Trans probs: [0.21472198418877458, 0.07336150014689345, 0.3798555065627289, 0.06521413511320187, 0.06580517515891006, 0.07061342860308742, 0.06521413511320187, 0.06521413511320187]
Timestep: 224, Trans probs: [0.19345670257862585, 0.07266149878451175, 0.40026583814650935, 0.06569942146636792, 0.06620447634967358, 0.07031321974157563, 0.06569942146636792, 0.06569942146636792]
Timestep: 225, Trans probs: [0.17492751304416518, 0.07220717300622685, 0.417078170015069, 0.06628684730596923, 0.06671632966720108, 0.07021027234943011, 0.06628684730596923, 0.06628684730596923]
Timestep: 226, Trans probs: [0.12530467082146177, 0.06579225869524218, 0.4164653831849958, 0.06579225869524218, 0.12926865251733147, 0.06579225869524218, 0.06579225869524218, 0.06579225869524218]
Timestep: 227, Trans probs: [0.15887771349812949, 0.0719601293104953, 0.3637753034553473, 0.06695060142847793, 0.13426461256992692, 0.07027043688066718, 0.06695060142847793, 0.06695060142847793]
Timestep: 228, Trans probs: [0.11697575776755297, 0.06627059811794807, 0.4313181425369002, 0.06627059811794807, 0.1203531091058065, 0.06627059811794807, 0.06627059811794807, 0.06627059811794807]
Timestep: 229, Trans probs: [0.146090629990516, 0.07069978703566195, 0.32381533518878125, 0.06635460724999477, 0.19109624964434968, 0.06923417639070686, 0.06635460724999477, 0.06635460724999477]
Timestep: 230, Trans probs: [0.13528526296282273, 0.0692685318241033, 0.35637527688623594, 0.06546363252311573, 0.17469487527074967, 0.06798515548674115, 0.06546363252311573, 0.06546363252311573]
Timestep: 231, Trans probs: [0.12580177286364783, 0.0684168226931377, 0.38309337412164474, 0.06510941935727456, 0.16005852262269654, 0.06730124962704956, 0.06510941935727456, 0.06510941935727456]
Timestep: 232, Trans probs: [0.20530622383737349, 0.06445096539420454, 0.3744473804659508, 0.06445096539420454, 0.0922387344492183, 0.07020379967063932, 0.06445096539420454, 0.06445096539420454]
Timestep: 233, Trans probs: [0.18272257828901717, 0.06803173857914617, 0.33954044960602076, 0.06517805020456068, 0.14710188127403045, 0.06706920163810337, 0.06517805020456068, 0.06517805020456068]
Timestep: 234, Trans probs: [0.18597899587160902, 0.06481315196795846, 0.3962899532339603, 0.06481315196795846, 0.08871661517525468, 0.06976182784734215, 0.06481315196795846, 0.06481315196795846]
Timestep: 235, Trans probs: [0.2319925980130301, 0.06719102705055809, 0.3041615922315603, 0.06470035135761856, 0.13620279589024945, 0.0663509327417463, 0.06470035135761856, 0.06470035135761856]
Timestep: 236, Trans probs: [0.2106865804007773, 0.06634825328020495, 0.3380612660979908, 0.06416684226076369, 0.12679090080946293, 0.0656124726292728, 0.06416684226076369, 0.06416684226076369]
Timestep: 237, Trans probs: [0.1916219459915369, 0.06591805583275712, 0.36657051341922586, 0.06401827040050713, 0.11855740726141013, 0.06527726629354853, 0.06401827040050713, 0.06401827040050713]
Timestep: 238, Trans probs: [0.17462993653542994, 0.06584499999383521, 0.3902324400098307, 0.06420091374138182, 0.11139942553725794, 0.06529045669950062, 0.06420091374138182, 0.06420091374138182]
Timestep: 239, Trans probs: [0.1595890908212242, 0.06606000653780429, 0.40960227574643454, 0.0646464847160939, 0.10522594110177275, 0.0655832316444826, 0.0646464847160939, 0.0646464847160939]
Timestep: 240, Trans probs: [0.1689792930812929, 0.06535852005838519, 0.4141952983432128, 0.06535852005838519, 0.08580071115503006, 0.06959061718692347, 0.06535852005838519, 0.06535852005838519]
Timestep: 241, Trans probs: [0.10984225707983013, 0.0669149432015965, 0.4428814824940239, 0.0669149432015965, 0.1127015444181634, 0.0669149432015965, 0.0669149432015965, 0.0669149432015965]
Timestep: 242, Trans probs: [0.15413846025183772, 0.06603593806086934, 0.3626309074216038, 0.06603593806086934, 0.14945264391745872, 0.06963423616562242, 0.06603593806086934, 0.06603593806086934]
Timestep: 243, Trans probs: [0.21167046678930587, 0.06649184724900864, 0.3599518401887335, 0.06528439145390423, 0.09994809386196887, 0.06608457754927032, 0.06528439145390423, 0.06528439145390423]
Timestep: 244, Trans probs: [0.19160209059952293, 0.06636226037911605, 0.3848391795790228, 0.06532063621120233, 0.09522363582742142, 0.06601092498130987, 0.06532063621120233, 0.06532063621120233]
Timestep: 245, Trans probs: [0.1739113375875244, 0.06651336631264616, 0.4052397070239391, 0.06562013352665515, 0.09126310579964135, 0.06621208269628359, 0.06562013352665515, 0.06562013352665515]
Timestep: 246, Trans probs: [0.15842779849367072, 0.066880355211303, 0.4217340950179256, 0.06611895183614827, 0.0879773586746176, 0.06662353709403834, 0.06611895183614827, 0.06611895183614827]
Timestep: 247, Trans probs: [0.17143697421366338, 0.067652075033175, 0.38411102907025546, 0.067652075033175, 0.10619162155020603, 0.067652075033175, 0.067652075033175, 0.067652075033175]
Timestep: 248, Trans probs: [0.14498510823182081, 0.06740023990117146, 0.368132621848947, 0.06675496376357702, 0.15203454772052913, 0.0671825910068004, 0.06675496376357702, 0.06675496376357702]
Timestep: 249, Trans probs: [0.13399990525798103, 0.06687820139589339, 0.3933734941449578, 0.06631994777313413, 0.1400986510564303, 0.066689904825335, 0.06631994777313413, 0.06631994777313413]
Timestep: 250, Trans probs: [0.12443692706970047, 0.06680441429437044, 0.41346719764915624, 0.0663250826148342, 0.12967347538296742, 0.06664273775930282, 0.0663250826148342, 0.0663250826148342]
Timestep: 251, Trans probs: [0.14207229899795842, 0.06564313091954281, 0.38858317231059897, 0.06564313091954281, 0.13800734109098092, 0.06876466392229047, 0.06564313091954281, 0.06564313091954281]
Timestep: 252, Trans probs: [0.18283568580697526, 0.06705519423256329, 0.3625986245799237, 0.06664654543711611, 0.12065350033577653, 0.06691735873341292, 0.06664654543711611, 0.06664654543711611]
Timestep: 253, Trans probs: [0.1314881222700972, 0.06568490808761543, 0.40941147547933837, 0.06568490808761543, 0.12798831581503842, 0.06837245408506427, 0.06568490808761543, 0.06568490808761543]
Timestep: 254, Trans probs: [0.2329877955183976, 0.06661127157003202, 0.3221759241503989, 0.06625790155157789, 0.11295922273938945, 0.0664920813670483, 0.06625790155157789, 0.06625790155157789]
Timestep: 255, Trans probs: [0.21064231819546214, 0.06603505875993604, 0.35388869668286366, 0.06572792486434394, 0.10631868796433262, 0.06593146380437374, 0.06572792486434394, 0.06572792486434394]
Timestep: 256, Trans probs: [0.15641442675235015, 0.0673803021805732, 0.4062417751102017, 0.0673803021805732, 0.10044228723458214, 0.0673803021805732, 0.0673803021805732, 0.0673803021805732]
Timestep: 257, Trans probs: [0.1908145036307478, 0.06584512206585351, 0.31460781387574815, 0.0655796974036368, 0.16623787275958107, 0.06575559545715905, 0.0655796974036368, 0.0655796974036368]
Timestep: 258, Trans probs: [0.1745693404267777, 0.06505966710946998, 0.3478755094101793, 0.06482707759285615, 0.15303303461939124, 0.06498121565561331, 0.06482707759285615, 0.06482707759285615]
Timestep: 259, Trans probs: [0.14332947395564, 0.06747568057047358, 0.42364884963116495, 0.06747568057047358, 0.09564327356082719, 0.06747568057047358, 0.06747568057047358, 0.06747568057047358]
Timestep: 260, Trans probs: [0.12229051106589126, 0.06604324471082897, 0.4258970582455216, 0.06604324471082897, 0.11929894677356122, 0.0683405050717101, 0.06604324471082897, 0.06604324471082897]
Timestep: 261, Trans probs: [0.160081874649931, 0.06475254785938539, 0.31094672446064714, 0.06455007622956792, 0.20588436930079476, 0.064684255040538, 0.06455007622956792, 0.06455007622956792]
Timestep: 262, Trans probs: [0.11437254783899428, 0.06661560835464439, 0.43876636374567685, 0.06661560835464439, 0.11183254964654007, 0.06856610535021122, 0.06661560835464439, 0.06661560835464439]
Timestep: 263, Trans probs: [0.1749344934830048, 0.06731720607847066, 0.3813596440937746, 0.06731720607847066, 0.10547388929675752, 0.06896314881258045, 0.06731720607847066, 0.06731720607847066]
Timestep: 264, Trans probs: [0.2265772788503012, 0.06706868851596477, 0.33682137265315726, 0.06706868851596477, 0.09984409231474643, 0.06848250211793594, 0.06706868851596477, 0.06706868851596477]
Timestep: 265, Trans probs: [0.19986379782003807, 0.06782541472686421, 0.3693388317512389, 0.06782541472686421, 0.09167029679440188, 0.06782541472686421, 0.06782541472686421, 0.06782541472686421]
Timestep: 266, Trans probs: [0.21176130852048264, 0.06419082989169789, 0.27998251071038716, 0.06401336146446057, 0.1878942959374044, 0.06413097054664607, 0.06401336146446057, 0.06401336146446057]
Timestep: 267, Trans probs: [0.19350728466319497, 0.06351418511359845, 0.3169603948173964, 0.06335785526264769, 0.1724831138975227, 0.06346145572034448, 0.06335785526264769, 0.06335785526264769]
Timestep: 268, Trans probs: [0.17095052193158247, 0.07222391145525686, 0.3957060093368764, 0.07222391145525686, 0.07222391145525686, 0.07222391145525686, 0.07222391145525686, 0.07222391145525686]
Timestep: 269, Trans probs: [0.17716303810151787, 0.06322058106033517, 0.28537301808571425, 0.06308355373051588, 0.15873478550507814, 0.12625791605580694, 0.06308355373051588, 0.06308355373051588]
Timestep: 270, Trans probs: [0.16379648298910215, 0.06212249970817919, 0.32235544603710214, 0.06200022645900712, 0.14735244715696427, 0.1183724447316309, 0.06200022645900712, 0.06200022645900712]
Timestep: 271, Trans probs: [0.15168231050646633, 0.061609068060644694, 0.3536508482372729, 0.06150074587573645, 0.13711449700590245, 0.11144103856250412, 0.06150074587573645, 0.06150074587573645]
Timestep: 272, Trans probs: [0.2045586235392953, 0.06656106408284268, 0.2999354045477315, 0.06656106408284268, 0.16147750216122617, 0.06778421342037626, 0.06656106408284268, 0.06656106408284268]
Timestep: 273, Trans probs: [0.25216830743394825, 0.06550137652166367, 0.2704102999428566, 0.06550137652166367, 0.14884055212628428, 0.06657533441025622, 0.06550137652166367, 0.06550137652166367]
Timestep: 274, Trans probs: [0.20226397531253004, 0.06159305015906838, 0.31829358764602317, 0.061497836511655024, 0.12796123960685302, 0.10539463774056029, 0.061497836511655024, 0.061497836511655024]
Timestep: 275, Trans probs: [0.22861327785635502, 0.06465835745969213, 0.3092941006507347, 0.06465835745969213, 0.1378575461719112, 0.06560164548223052, 0.06465835745969213, 0.06465835745969213]
Timestep: 276, Trans probs: [0.24684998627493274, 0.06132160794503141, 0.28813137739758066, 0.06123748118148827, 0.11996174128873396, 0.10002284354925639, 0.06123748118148827, 0.06123748118148827]
Timestep: 277, Trans probs: [0.18080875532709922, 0.06749728656075589, 0.39374454669307657, 0.06749728656075589, 0.08796026517604474, 0.06749728656075589, 0.06749728656075589, 0.06749728656075589]
Timestep: 278, Trans probs: [0.2250472794113251, 0.0611007948576749, 0.2615265448097852, 0.061026454278277145, 0.1739459725140126, 0.0953000455723708, 0.061026454278277145, 0.061026454278277145]
Timestep: 279, Trans probs: [0.20759046689095192, 0.06420245453950361, 0.3423529435839657, 0.06420245453950361, 0.12821935717219396, 0.06502741419487398, 0.06420245453950361, 0.06420245453950361]
Timestep: 280, Trans probs: [0.25292338089356975, 0.06411405170284269, 0.30600353636755984, 0.06411405170284269, 0.11978541018525606, 0.06483146574224356, 0.06411405170284269, 0.06411405170284269]
Timestep: 281, Trans probs: [0.29244239271350514, 0.06394112250651869, 0.27476422904595355, 0.06394112250651869, 0.11246249067099798, 0.06456639754346849, 0.06394112250651869, 0.06394112250651869]
Timestep: 282, Trans probs: [0.32662185412895356, 0.06387357820297948, 0.24736219315935642, 0.06387357820297948, 0.10610385735230699, 0.0644177825474651, 0.06387357820297948, 0.06387357820297948]
Timestep: 283, Trans probs: [0.26701066022059167, 0.06053290919616295, 0.23903246174774376, 0.0604667013353362, 0.1610330381669805, 0.0909908266625123, 0.0604667013353362, 0.0604667013353362]
Timestep: 284, Trans probs: [0.16415703734825893, 0.06751860748594221, 0.4132793321143547, 0.06751860748594221, 0.08497059310767527, 0.06751860748594221, 0.06751860748594221, 0.06751860748594221]
Timestep: 285, Trans probs: [0.2436336714180404, 0.060212489714635734, 0.21877968981294724, 0.060153675028740305, 0.2096438342535936, 0.08726928971456215, 0.060153675028740305, 0.060153675028740305]
Timestep: 286, Trans probs: [0.29185971019773704, 0.06398895303041377, 0.2871100239570948, 0.06398895303041377, 0.10061353468078339, 0.06446091904272977, 0.06398895303041377, 0.06398895303041377]
Timestep: 287, Trans probs: [0.2829796618361043, 0.059810847620540744, 0.2010787413440809, 0.05975844947772617, 0.19293958601162745, 0.08391581475446812, 0.05975844947772617, 0.05975844947772617]
Timestep: 288, Trans probs: [0.25778506921535765, 0.059677544621170045, 0.24471244422123298, 0.05963103065638147, 0.17785626465294993, 0.08107558532014496, 0.05963103065638147, 0.05963103065638147]
Timestep: 289, Trans probs: [0.14972191784877384, 0.06779456601299945, 0.42871538188315034, 0.06779456601299945, 0.08258987020307855, 0.06779456601299945, 0.06779456601299945, 0.06779456601299945]
Timestep: 290, Trans probs: [0.26169254859674185, 0.06408047750491531, 0.3216540450322238, 0.06408047750491531, 0.0958417246380297, 0.06448977171334344, 0.06408047750491531, 0.06408047750491531]
Timestep: 291, Trans probs: [0.23541236809826502, 0.05958005574493735, 0.2238096292020349, 0.05953877181086038, 0.22400953100944157, 0.07857210051274001, 0.05953877181086038, 0.05953877181086038]
Timestep: 292, Trans probs: [0.2352054327770405, 0.06427068254684482, 0.3513429034203733, 0.06427068254684482, 0.09174421093861815, 0.0646247226765888, 0.06427068254684482, 0.06427068254684482]
Timestep: 293, Trans probs: [0.2055541245886319, 0.06824265685364947, 0.37251676087255453, 0.06824265685364947, 0.08071583027056622, 0.06824265685364947, 0.06824265685364947, 0.06824265685364947]
Timestep: 294, Trans probs: [0.2751190366406121, 0.05941594222671126, 0.20542437377938694, 0.05937923871262416, 0.2056020966386113, 0.07630083457680598, 0.05937923871262416, 0.05937923871262416]
Timestep: 295, Trans probs: [0.25068898812949264, 0.05942200670665709, 0.2482792070570483, 0.05938946118214283, 0.18904733524517411, 0.07439407931519923, 0.05938946118214283, 0.05938946118214283]
Timestep: 296, Trans probs: [0.2289987731576367, 0.05943809720100688, 0.28627171594669804, 0.05940924516865425, 0.17435264316490856, 0.07271103502378706, 0.05940924516865425, 0.05940924516865425]
Timestep: 297, Trans probs: [0.20947451243356563, 0.059604181222914596, 0.31967527681562546, 0.05957867965174903, 0.16117420014013475, 0.0713357904325125, 0.05957867965174903, 0.05957867965174903]
Timestep: 298, Trans probs: [0.19181994261578456, 0.05997569231970169, 0.34871925423448674, 0.05995325802263612, 0.149329087941931, 0.07029624882018756, 0.05995325802263612, 0.05995325802263612]
Timestep: 299, Trans probs: [0.211867899749574, 0.06460518172415589, 0.3119219821904023, 0.06460518172415589, 0.15287919883299847, 0.0649101923304016, 0.06460518172415589, 0.06460518172415589]
Timestep: 300, Trans probs: [0.23641629774268463, 0.06055825054266285, 0.313111848917794, 0.0605386280706903, 0.13871244882775086, 0.06958526975703686, 0.0605386280706903, 0.0605386280706903]
Timestep: 301, Trans probs: [0.21511472105002838, 0.06087221373233053, 0.3432382643768081, 0.060855003150699444, 0.12942011184008914, 0.06878967954864554, 0.060855003150699444, 0.060855003150699444]
Timestep: 302, Trans probs: [0.19306849918072058, 0.06409361608133231, 0.3447909717673024, 0.06409361608133231, 0.14140531581079985, 0.064360748915848, 0.06409361608133231, 0.06409361608133231]
Timestep: 303, Trans probs: [0.2573192458530517, 0.06137608220274562, 0.30775054955182013, 0.06136106535538578, 0.1211865723294841, 0.068284353996741, 0.06136106535538578, 0.06136106535538578]
Timestep: 304, Trans probs: [0.17625918387549017, 0.0639806136087587, 0.3723211910857256, 0.0639806136087587, 0.13128400557094638, 0.06421316503280308, 0.0639806136087587, 0.0639806136087587]
Timestep: 305, Trans probs: [0.22550837149684988, 0.06420194254428722, 0.33087129310337277, 0.06420194254428722, 0.12240949982344836, 0.06440306539918017, 0.06420194254428722, 0.06420194254428722]
Timestep: 306, Trans probs: [0.18536922204348988, 0.06797995227049228, 0.39608759431669055, 0.06797995227049228, 0.0786434222873581, 0.06797995227049228, 0.06797995227049228, 0.06797995227049228]
Timestep: 307, Trans probs: [0.29458994095735175, 0.06169680677371086, 0.2769716647560098, 0.061683685488386465, 0.11395747690899094, 0.06773305413877721, 0.061683685488386465, 0.061683685488386465]
Timestep: 308, Trans probs: [0.2651901353223969, 0.062025638890250964, 0.31183501168252953, 0.06201419252737378, 0.10761527281594904, 0.0672913637067523, 0.06201419252737378, 0.06201419252737378]
Timestep: 309, Trans probs: [0.23918185724398783, 0.06240569384479352, 0.3421639263208239, 0.06239573421036014, 0.10207384806311828, 0.06698747189619594, 0.06239573421036014, 0.06239573421036014]
Timestep: 310, Trans probs: [0.21608170048749337, 0.06289842683508037, 0.3682093792532313, 0.06288979643278207, 0.0972723922276309, 0.06686871189821801, 0.06288979643278207, 0.06288979643278207]
Timestep: 311, Trans probs: [0.19559067438544928, 0.06351798877191439, 0.3902637871555783, 0.06351054774795477, 0.09315478798853265, 0.06694111845466112, 0.06351054774795477, 0.06351054774795477]
Timestep: 312, Trans probs: [0.20442439986649757, 0.06409704019777024, 0.296084110468451, 0.06409704019777024, 0.17883132330513948, 0.06427200556883095, 0.06409704019777024, 0.06409704019777024]
Timestep: 313, Trans probs: [0.24174267041770509, 0.06425128104955151, 0.34442135695864423, 0.06424490070049142, 0.08966352606478112, 0.06718646340784368, 0.06424490070049142, 0.06424490070049142]
Timestep: 314, Trans probs: [0.1111111111111111, 0.1111111111111111, 0.2222222222222222, 0.1111111111111111, 0.1111111111111111, 0.1111111111111111, 0.1111111111111111, 0.1111111111111111]
Timestep: 315, Trans probs: [0.1868807695415973, 0.06352093691331907, 0.3309784848202065, 0.06352093691331907, 0.1643822514443069, 0.06367474654061303, 0.06352093691331907, 0.06352093691331907]
Timestep: 316, Trans probs: [0.21763189714030154, 0.12906302430959418, 0.30619880706919533, 0.06452876042598385, 0.08645394450260076, 0.0670660457003566, 0.06452876042598385, 0.06452876042598385]
Timestep: 317, Trans probs: [0.17117696686205472, 0.06333935467942765, 0.360482393361972, 0.06333935467942765, 0.15150941043329172, 0.06347381062497083, 0.06333935467942765, 0.06333935467942765]
Timestep: 318, Trans probs: [0.22067497707020622, 0.06350370962690999, 0.32160162363114675, 0.06350370962690999, 0.14008806296934756, 0.06362049782165963, 0.06350370962690999, 0.06350370962690999]
Timestep: 319, Trans probs: [0.2623814657064679, 0.12060697186837076, 0.27661223833397797, 0.06377099623160319, 0.08308072648989971, 0.06600560890647407, 0.06377099623160319, 0.06377099623160319]
Timestep: 320, Trans probs: [0.20064615022978832, 0.0633656496747444, 0.35216570223421, 0.0633656496747444, 0.1302578910656667, 0.06346765777135743, 0.0633656496747444, 0.0633656496747444]
Timestep: 321, Trans probs: [0.3011966800693192, 0.11323172298767853, 0.2504931015183281, 0.06322453705875342, 0.08021422115312403, 0.06519066309528987, 0.06322453705875342, 0.06322453705875342]
Timestep: 322, Trans probs: [0.2715774985506703, 0.10681209153492288, 0.2901090384442934, 0.062977035941487, 0.07786977051467713, 0.06470049313097517, 0.062977035941487, 0.062977035941487]
Timestep: 323, Trans probs: [0.24534433130845845, 0.10123053665573419, 0.32444288206009886, 0.06288974464846898, 0.07591583144041991, 0.06439718458988171, 0.06288974464846898, 0.06288974464846898]
Timestep: 324, Trans probs: [0.18275366898249878, 0.06353194181995725, 0.3778732916152789, 0.06353194181995725, 0.12162474101689599, 0.06362053110549742, 0.06353194181995725, 0.06353194181995725]
Timestep: 325, Trans probs: [0.23080537204711324, 0.06395575293682704, 0.3352468803881872, 0.06395575293682704, 0.11409252622867964, 0.06403220958871185, 0.06395575293682704, 0.06395575293682704]
Timestep: 326, Trans probs: [0.15496734479322444, 0.07140435287193059, 0.4166065379751921, 0.07140435287193059, 0.07140435287193059, 0.07140435287193059, 0.07140435287193059, 0.07140435287193059]
Timestep: 327, Trans probs: [0.2849682556140427, 0.09641824646868075, 0.29084353760116427, 0.0630221561459957, 0.0743683059848591, 0.06433518589326598, 0.0630221561459957, 0.0630221561459957]
Timestep: 328, Trans probs: [0.2563541573576495, 0.09222584370487939, 0.3246237897478171, 0.06315533868553386, 0.0730318931760119, 0.06429829995704062, 0.06315533868553386, 0.06315533868553386]
Timestep: 329, Trans probs: [0.16781768866717572, 0.06802358933879982, 0.4149756248982376, 0.06802358933879982, 0.07708873974058762, 0.06802358933879982, 0.06802358933879982, 0.06802358933879982]
Timestep: 330, Trans probs: [0.23103507784207375, 0.08863821442181297, 0.29026545255841096, 0.06341679685728854, 0.13540244054876027, 0.06440842405707639, 0.06341679685728854, 0.06341679685728854]
Timestep: 331, Trans probs: [0.21080586829287673, 0.08503943028302419, 0.32588237452461616, 0.06276360360777143, 0.12634209668316498, 0.06363941939300352, 0.06276360360777143, 0.06276360360777143]
Timestep: 332, Trans probs: [0.1925150122034202, 0.08209907523659739, 0.3560879221651819, 0.06254213848161118, 0.11836051892511458, 0.0633110560248524, 0.06254213848161118, 0.06254213848161118]
Timestep: 333, Trans probs: [0.2088374426982176, 0.06401213609402742, 0.2994925700419732, 0.06401213609402742, 0.10753080639640204, 0.12809063648729743, 0.06401213609402742, 0.06401213609402742]
Timestep: 334, Trans probs: [0.23873561365002005, 0.07975181832007543, 0.3186789248278806, 0.06269753905504045, 0.11137296609822338, 0.06336805993867921, 0.06269753905504045, 0.06269753905504045]
Timestep: 335, Trans probs: [0.21664081947405148, 0.07759079083140519, 0.3492354657024075, 0.06267481769488926, 0.1052472038333702, 0.0632612670740978, 0.06267481769488926, 0.06267481769488926]
Timestep: 336, Trans probs: [0.19683148579598075, 0.0759029715377038, 0.37507681019615047, 0.06293090322730553, 0.09995509843539786, 0.06344092435285044, 0.06293090322730553, 0.06293090322730553]
Timestep: 337, Trans probs: [0.1913204726453568, 0.06312436847691237, 0.33469072094026114, 0.06312436847691237, 0.10164611665869036, 0.11984521584804218, 0.06312436847691237, 0.06312436847691237]
Timestep: 338, Trans probs: [0.23821408149273007, 0.06277024091742674, 0.3014542374123606, 0.06277024091742674, 0.0966276195086833, 0.11262309791651903, 0.06277024091742674, 0.06277024091742674]
Timestep: 339, Trans probs: [0.24258085164771884, 0.07463798248618962, 0.33320875023571095, 0.06342644849190796, 0.09542581923633349, 0.06386725091832324, 0.06342644849190796, 0.06342644849190796]
Timestep: 340, Trans probs: [0.21910504112338303, 0.07333694251523934, 0.3613724033878645, 0.06360575237310157, 0.09138000354172734, 0.06398835231248103, 0.06360575237310157, 0.06360575237310157]
Timestep: 341, Trans probs: [0.19825618510442117, 0.07239274876502355, 0.38508726586299996, 0.06399035453297651, 0.087972026292544, 0.06432071037608177, 0.06399035453297651, 0.06399035453297651]
Timestep: 342, Trans probs: [0.17982459044743265, 0.07176548014345827, 0.4047786826256991, 0.06455166752602821, 0.08514095214521544, 0.06483529206010984, 0.06455166752602821, 0.06455166752602821]
Timestep: 343, Trans probs: [0.16363921290409497, 0.07140585107591958, 0.4208962886736907, 0.06524853414602429, 0.08282242433189357, 0.06549062057632814, 0.06524853414602429, 0.06524853414602429]
Timestep: 344, Trans probs: [0.14953729036770183, 0.07126185907149342, 0.43389928513811216, 0.06603634599507675, 0.08095073062320927, 0.06624179681425317, 0.06603634599507675, 0.06603634599507675]
Timestep: 345, Trans probs: [0.2168657158688011, 0.0624144895101308, 0.33495340316616395, 0.0624144895101308, 0.09222068633962201, 0.10630223658488964, 0.0624144895101308, 0.0624144895101308]
Timestep: 346, Trans probs: [0.204224265791782, 0.07128324075042533, 0.37736736428030215, 0.06687264637979609, 0.07946113289208116, 0.06704605714602119, 0.06687264637979609, 0.06687264637979609]
Timestep: 347, Trans probs: [0.18441925192902173, 0.07067819202989192, 0.3994608099840576, 0.0669045963445537, 0.0776749947071944, 0.06705296231617328, 0.0669045963445537, 0.0669045963445537]
Timestep: 348, Trans probs: [0.1975949461332154, 0.06242412911688346, 0.363365675648637, 0.06242412911688346, 0.08850956768916036, 0.10083329406145346, 0.06242412911688346, 0.06242412911688346]
Timestep: 349, Trans probs: [0.2430231635805906, 0.06275085279345809, 0.32439822683433317, 0.06275085279345809, 0.08543029530247255, 0.09614490310877138, 0.06275085279345809, 0.06275085279345809]
Timestep: 350, Trans probs: [0.23433238049066069, 0.07038632516628832, 0.3501128173281609, 0.06717577014830987, 0.07633916744684789, 0.06730199912311265, 0.06717577014830987, 0.06717577014830987]
Timestep: 351, Trans probs: [0.21043290290974082, 0.06976430846322519, 0.37678414675992833, 0.06700959587877976, 0.07487195167495925, 0.06711790255580716, 0.06700959587877976, 0.06700959587877976]
Timestep: 352, Trans probs: [0.18956284178296667, 0.06944811197541167, 0.3987034930046506, 0.06709590564904547, 0.07380944925005183, 0.06718838703978294, 0.06709590564904547, 0.06709590564904547]
Timestep: 353, Trans probs: [0.17142380632098045, 0.06938455340728035, 0.41647822521529015, 0.06738631908060087, 0.07308957441446212, 0.06746488340018425, 0.06738631908060087, 0.06738631908060087]
Timestep: 354, Trans probs: [0.15266450816411217, 0.06829179711555043, 0.42992041515517193, 0.06829179711555043, 0.07595609110296371, 0.06829179711555043, 0.06829179711555043, 0.06829179711555043]
Timestep: 355, Trans probs: [0.15575796451600146, 0.06951653687406595, 0.362872798581713, 0.06782767130346334, 0.14047561390599886, 0.06789407221183061, 0.06782767130346334, 0.06782767130346334]
Timestep: 356, Trans probs: [0.1432434157145226, 0.068570751821369, 0.38968348996929936, 0.06710843731008875, 0.13001109962467217, 0.06716593093987065, 0.06710843731008875, 0.06710843731008875]
Timestep: 357, Trans probs: [0.13230940690117346, 0.06816022128207304, 0.41092313235745337, 0.06690398800838342, 0.12094189626524648, 0.06695337916890333, 0.06690398800838342, 0.06690398800838342]
Timestep: 358, Trans probs: [0.1228493062898395, 0.06814375192232291, 0.42751976110634526, 0.0670724532458258, 0.11315524758721639, 0.06711457335679868, 0.0670724532458258, 0.0670724532458258]
Timestep: 359, Trans probs: [0.22007370378645785, 0.06285439886698964, 0.3538970208787102, 0.06285439886698964, 0.08263362159764319, 0.09197805826923021, 0.06285439886698964, 0.06285439886698964]
Timestep: 360, Trans probs: [0.18223540860633897, 0.06840144080608705, 0.37282181595528824, 0.06749396469009207, 0.10652979675128607, 0.06752964381072343, 0.06749396469009207, 0.06749396469009207]
Timestep: 361, Trans probs: [0.16586846761304497, 0.06789989734171055, 0.3970111479533656, 0.06711889902146036, 0.10071418459648035, 0.06714960543101753, 0.06711889902146036, 0.06711889902146036]
Timestep: 362, Trans probs: [0.13968019022916492, 0.0687124034023842, 0.44159877913010886, 0.0687124034023842, 0.0751590136288052, 0.0687124034023842, 0.0687124034023842, 0.0687124034023842]
Timestep: 363, Trans probs: [0.12863642788055388, 0.06922536915582606, 0.3813891741238965, 0.06922536915582606, 0.14384755221641937, 0.06922536915582606, 0.06922536915582606, 0.06922536915582606]
Timestep: 364, Trans probs: [0.15153642427181, 0.06780629395849817, 0.34908556367704313, 0.06713880344651138, 0.16299026066880634, 0.06716504708430823, 0.06713880344651138, 0.06713880344651138]
Timestep: 365, Trans probs: [0.1995633415440859, 0.0631977224226624, 0.378833956526063, 0.0631977224226624, 0.08035341430660554, 0.08845839793259604, 0.0631977224226624, 0.0631977224226624]
Timestep: 366, Trans probs: [0.20616819010454923, 0.0669788834631609, 0.31150873642979987, 0.06639860125140716, 0.1497269701164823, 0.06642141613178634, 0.06639860125140716, 0.06639860125140716]
Timestep: 367, Trans probs: [0.18788296029485185, 0.06600925272512048, 0.3456199620947686, 0.06550115949375321, 0.13846321027463623, 0.06552113612936314, 0.06550115949375321, 0.06550115949375321]
Timestep: 368, Trans probs: [0.17156083560295918, 0.06554825705890718, 0.37387560573017525, 0.06510628910148532, 0.12857276840521759, 0.06512366589828482, 0.06510628910148532, 0.06510628910148532]
Timestep: 369, Trans probs: [0.1570805850522718, 0.06550341580336165, 0.3969683996217952, 0.06512162927392072, 0.11994607177547931, 0.06513663992532989, 0.06512162927392072, 0.06512162927392072]
Timestep: 370, Trans probs: [0.11956269320717955, 0.06850133456839598, 0.4052946057167347, 0.06850133456839598, 0.1326360282341058, 0.06850133456839598, 0.06850133456839598, 0.06850133456839598]
Timestep: 371, Trans probs: [0.14133380038148965, 0.07102955663617667, 0.4324888598014503, 0.07102955663617667, 0.07102955663617667, 0.07102955663617667, 0.07102955663617667, 0.07102955663617667]
Timestep: 372, Trans probs: [0.20043939844143974, 0.10021969922071987, 0.19824240623424094, 0.10021969922071987, 0.10021969922071987, 0.10021969922071987, 0.10021969922071987, 0.10021969922071987]
Timestep: 373, Trans probs: [0.18131737458422026, 0.06374780726584588, 0.3996259045023252, 0.06374780726584588, 0.07853883219454558, 0.08552665965552549, 0.06374780726584588, 0.06374780726584588]
Timestep: 374, Trans probs: [0.1443397795589221, 0.06577810175183635, 0.35013331251725954, 0.06545057699252106, 0.17793362095345963, 0.06546345424095923, 0.06545057699252106, 0.06545057699252106]
Timestep: 375, Trans probs: [0.11182769622843056, 0.06828512658351835, 0.35548556260512637, 0.06828512658351835, 0.12297598166533306, 0.1365702531670367, 0.06828512658351835, 0.06828512658351835]
Timestep: 376, Trans probs: [0.133678533167234, 0.06537415497486647, 0.3126029107657724, 0.06508939304446867, 0.2279756329664067, 0.06510058899231436, 0.06508939304446867, 0.06508939304446867]
Timestep: 377, Trans probs: [0.1245059884044952, 0.06484424608361511, 0.34538636277665685, 0.06459551542587685, 0.20687156172074875, 0.06460529473685347, 0.06459551542587685, 0.06459551542587685]
Timestep: 378, Trans probs: [0.11651091222820104, 0.06469644093063973, 0.37281945709456316, 0.0644804256581241, 0.18804299406967628, 0.06448891870254748, 0.0644804256581241, 0.0644804256581241]
Timestep: 379, Trans probs: [0.10958815658686409, 0.06487148927478872, 0.3954713470366262, 0.06468506484868705, 0.17132141808201604, 0.06469239447364387, 0.06468506484868705, 0.06468506484868705]
Timestep: 380, Trans probs: [0.10364236795248102, 0.06529905569766274, 0.41391854221279617, 0.06513920188002345, 0.15657694166517264, 0.06514548683181712, 0.06513920188002345, 0.06513920188002345]
Timestep: 381, Trans probs: [0.0985801018065533, 0.06590865612514031, 0.4287316707747108, 0.06577244840043306, 0.14368442243043544, 0.06577780366186099, 0.06577244840043306, 0.06577244840043306]
Timestep: 382, Trans probs: [0.09430782123037604, 0.06663575426904107, 0.44046004574221637, 0.0665203890257793, 0.1325102868549584, 0.0665249248260703, 0.0665203890257793, 0.0665203890257793]
Timestep: 383, Trans probs: [0.0907326072405201, 0.0674249702217637, 0.4496176090606398, 0.0673278003494053, 0.12290979166419959, 0.06733162076466087, 0.0673278003494053, 0.0673278003494053]
Timestep: 384, Trans probs: [0.08776402198098172, 0.06823143859387469, 0.45667172561877284, 0.06815000697414302, 0.1147295842733782, 0.06815320861056343, 0.06815000697414302, 0.06815000697414302]
Timestep: 385, Trans probs: [0.16519857772639754, 0.06445839520989462, 0.41671593428557185, 0.06445839520989462, 0.07713217282862436, 0.08311973431982779, 0.06445839520989462, 0.06445839520989462]
Timestep: 386, Trans probs: [0.15426921840972724, 0.06902091146472764, 0.39308265512947915, 0.06895297599675182, 0.10781263999908457, 0.06895564700672589, 0.06895297599675182, 0.06895297599675182]
Timestep: 387, Trans probs: [0.1414655774175485, 0.06856670585178348, 0.4141920872157763, 0.06850861180707801, 0.10173889821056653, 0.0685108958830911, 0.06850861180707801, 0.06850861180707801]
Timestep: 388, Trans probs: [0.15107533540842333, 0.06527955525495459, 0.4305606553253339, 0.06527955525495459, 0.07607322875373311, 0.08117255949269132, 0.06527955525495459, 0.06527955525495459]
Timestep: 389, Trans probs: [0.1297998821887021, 0.14192224193663047, 0.3734722710330912, 0.07096112096831524, 0.07096112096831524, 0.07096112096831524, 0.07096112096831524, 0.07096112096831524]
Timestep: 390, Trans probs: [0.13880781229841818, 0.06616361257713793, 0.37545100573861573, 0.06616361257713793, 0.07530273074785668, 0.1457840009065577, 0.06616361257713793, 0.06616361257713793]
Timestep: 391, Trans probs: [0.1945748715915042, 0.06586052795800687, 0.3334647258858668, 0.06586052795800687, 0.07376795141566539, 0.1347503392749361, 0.06586052795800687, 0.06586052795800687]
Timestep: 392, Trans probs: [0.2428154070807759, 0.06519653245847531, 0.29892876349548686, 0.06519653245847531, 0.07210307481029285, 0.12536662477954313, 0.06519653245847531, 0.06519653245847531]
Timestep: 393, Trans probs: [0.2846359499996164, 0.06457879211063035, 0.2691758845572514, 0.06457879211063035, 0.07062442166617744, 0.11724857533443334, 0.06457879211063035, 0.06457879211063035]
Timestep: 394, Trans probs: [0.32064614346085474, 0.06418242061855228, 0.242955043805277, 0.06418242061855228, 0.06946496418520791, 0.11020416607445116, 0.06418242061855228, 0.06418242061855228]
Timestep: 395, Trans probs: [0.19889812650408795, 0.06852785586786393, 0.3619666262407501, 0.06847853354964445, 0.09669131798953852, 0.06848047274882617, 0.06847853354964445, 0.06847853354964445]
Timestep: 396, Trans probs: [0.28725604888865114, 0.06406449086511642, 0.28370864757456715, 0.06406449086511642, 0.06866170686082292, 0.10411563321549308, 0.06406449086511642, 0.06406449086511642]
Timestep: 397, Trans probs: [0.3221318085393611, 0.06399715199781383, 0.2550490396623515, 0.06399715199781383, 0.06799592349776852, 0.09883462030926346, 0.06399715199781383, 0.06399715199781383]
Timestep: 398, Trans probs: [0.24797745424505438, 0.06793020691886098, 0.32037992355762157, 0.06788777419859485, 0.09215965016233012, 0.06788944252034834, 0.06788777419859485, 0.06788777419859485]
Timestep: 399, Trans probs: [0.22287710195393168, 0.06727354351180327, 0.35268689275623505, 0.06723687156948899, 0.08821353367407937, 0.06723831339548371, 0.06723687156948899, 0.06723687156948899]
Timestep: 400, Trans probs: [0.20080108057637208, 0.06698787778695103, 0.3793889554616275, 0.06695634129702295, 0.08499548107087761, 0.06695758121310295, 0.06695634129702295, 0.06695634129702295]
Timestep: 401, Trans probs: [0.18145383510394525, 0.06701320091392081, 0.4011731978811806, 0.06698623006327031, 0.08241378543843861, 0.06698729047270362, 0.06698623006327031, 0.06698623006327031]
Timestep: 402, Trans probs: [0.16460219322454306, 0.0672799055227559, 0.41871229524438025, 0.06725696904651957, 0.08037682803178425, 0.06725787083697783, 0.06725696904651957, 0.06725696904651957]
Timestep: 403, Trans probs: [0.15003148056136956, 0.06771994266048356, 0.4326488105588212, 0.06770054384981417, 0.07879682811954844, 0.06770130655033463, 0.06770054384981417, 0.06770054384981417]
Timestep: 404, Trans probs: [0.13752945931218705, 0.06827253665114336, 0.4435798769687983, 0.068256214493102, 0.07759262735929472, 0.06825685622927054, 0.068256214493102, 0.068256214493102]
Timestep: 405, Trans probs: [0.28791253796616545, 0.06409518050024403, 0.29384316101136326, 0.06409518050024403, 0.06756234171842725, 0.094301237303068, 0.06409518050024403, 0.06409518050024403]
Timestep: 406, Trans probs: [0.19575623587227173, 0.06888675251864454, 0.38317265321773264, 0.06887308418981025, 0.0766914842361999, 0.06887362158572041, 0.06887308418981025, 0.06887308418981025]
Timestep: 407, Trans probs: [0.2581511588648002, 0.06419686058419531, 0.3274873430659016, 0.06419686058419531, 0.06720141228077607, 0.090372643451741, 0.06419686058419531, 0.06419686058419531]
Timestep: 408, Trans probs: [0.29641477005269207, 0.06440822159663391, 0.291920809526515, 0.06440822159663391, 0.06700449217054535, 0.08702704186371191, 0.06440822159663391, 0.06440822159663391]
Timestep: 409, Trans probs: [0.24530729999924145, 0.06862664439316395, 0.3363309844075554, 0.06861500190159323, 0.07527460584733683, 0.06861545964792273, 0.06861500190159323, 0.06861500190159323]
Timestep: 410, Trans probs: [0.21968941891899532, 0.06812634674416787, 0.36588919498391825, 0.06811635939278425, 0.07382920911038392, 0.0681167520641819, 0.06811635939278425, 0.06811635939278425]
Timestep: 411, Trans probs: [0.19737646166499526, 0.0679371545947445, 0.39016398172343025, 0.06792862510385984, 0.07280756624850494, 0.06792896045674554, 0.06792862510385984, 0.06792862510385984]
Timestep: 412, Trans probs: [0.17800747299429917, 0.06800659748599067, 0.4098426494646427, 0.06799934890373084, 0.07214559944857649, 0.06799963389529844, 0.06799934890373084, 0.06799934890373084]
Timestep: 413, Trans probs: [0.1612879256606459, 0.0682745821743346, 0.42558904477600196, 0.06826845299701301, 0.07177439442089653, 0.06826869397708198, 0.06826845299701301, 0.06826845299701301]
Timestep: 414, Trans probs: [0.26503324737156475, 0.06457572912628498, 0.3257261198277919, 0.06457572912628498, 0.06681895010173992, 0.08411876619376349, 0.06457572912628498, 0.06457572912628498]
Timestep: 415, Trans probs: [0.21562800008209668, 0.06868291137079803, 0.36934999452366335, 0.06867775389171366, 0.07162787568065168, 0.0686779566676492, 0.06867775389171366, 0.06867775389171366]
Timestep: 416, Trans probs: [0.23762415402412257, 0.06480644013259147, 0.3547549148367763, 0.06480644013259147, 0.06674035772333659, 0.0816548128853985, 0.06480644013259147, 0.06480644013259147]
Timestep: 417, Trans probs: [0.10511479516790075, 0.06711330184218356, 0.3848789088106326, 0.06711330184218356, 0.11484438848493508, 0.1267087001677974, 0.06711330184218356, 0.06711330184218356]
Timestep: 418, Trans probs: [0.26214856845718204, 0.06842426346421131, 0.3248120110931937, 0.06841986552868734, 0.07093552195760362, 0.06842003844174734, 0.06841986552868734, 0.06841986552868734]
Timestep: 419, Trans probs: [0.2135909452432744, 0.06515422416724509, 0.3141969866070875, 0.06515422416724509, 0.13196953028921177, 0.07962564119144602, 0.06515422416724509, 0.06515422416724509]
Timestep: 420, Trans probs: [0.30206006814554304, 0.0680051163849721, 0.28777160261133716, 0.06800134663058371, 0.07015767812086901, 0.06800149484552755, 0.06800134663058371, 0.06800134663058371]
Timestep: 421, Trans probs: [0.19468097657451428, 0.06443344584710814, 0.347392365836879, 0.06443344584710814, 0.12306131484136101, 0.07713155935881316, 0.06443344584710814, 0.06443344584710814]
Timestep: 422, Trans probs: [0.3360545980372322, 0.06766171741180338, 0.25614178419661526, 0.06765848432758254, 0.06950783592926642, 0.06765861144233508, 0.06765848432758254, 0.06765848432758254]
Timestep: 423, Trans probs: [0.29719481605265957, 0.06749105600339125, 0.29628980870246213, 0.06748828897171608, 0.0690710545635977, 0.0674883977627412, 0.06748828897171608, 0.06748828897171608]
Timestep: 424, Trans probs: [0.1777059699801266, 0.06419008813018996, 0.3749900824179781, 0.06419008813018996, 0.11528659808087587, 0.07525699700025955, 0.06419008813018996, 0.06419008813018996]
Timestep: 425, Trans probs: [0.33147471625066494, 0.06729580712665417, 0.2634055738836005, 0.06729343542693977, 0.06865006778351157, 0.06729352867474953, 0.06729343542693977, 0.06729343542693977]
Timestep: 426, Trans probs: [0.29330849921253344, 0.0672129299727344, 0.30226292636618524, 0.06721090017104141, 0.06837196395893162, 0.06721097997649104, 0.06721090017104141, 0.06721090017104141]
Timestep: 427, Trans probs: [0.26081332773235816, 0.06710244383857009, 0.3355858767828401, 0.0671007047745035, 0.06809546417366155, 0.06710077314905961, 0.0671007047745035, 0.0671007047745035]
Timestep: 428, Trans probs: [0.23278350181962096, 0.06709047853054351, 0.3638301262898795, 0.06708899100037953, 0.06793987087340772, 0.06708904948540985, 0.06708899100037953, 0.06708899100037953]
Timestep: 429, Trans probs: [0.20849643661006906, 0.06722219998352433, 0.3874511725648485, 0.06722093167611945, 0.0679464142712027, 0.06722098154199702, 0.06722093167611945, 0.06722093167611945]
Timestep: 430, Trans probs: [0.09947947246866834, 0.0666237409755841, 0.4079846184843485, 0.0666237409755841, 0.1078915867722147, 0.11814935837243194, 0.0666237409755841, 0.0666237409755841]
Timestep: 431, Trans probs: [0.18746701941661115, 0.06749857445201513, 0.33943330785105075, 0.06749749742006128, 0.13561106625455244, 0.06749753976558677, 0.06749749742006128, 0.06749749742006128]
Timestep: 432, Trans probs: [0.09479505802680997, 0.06663134724123337, 0.4258749295712248, 0.06663134724123337, 0.1020058655046517, 0.11079875793238013, 0.06663134724123337, 0.06663134724123337]
Timestep: 433, Trans probs: [0.1625681822929755, 0.06433513875602755, 0.3976267342879974, 0.06433513875602755, 0.10855243773457239, 0.07391209066034461, 0.06433513875602755, 0.06433513875602755]
Timestep: 434, Trans probs: [0.1710156404603721, 0.0666437080132898, 0.3032255327815896, 0.06664277100100824, 0.1925439979003253, 0.06664280784139845, 0.06664277100100824, 0.06664277100100824]
Timestep: 435, Trans probs: [0.14918421863325645, 0.06477561861962329, 0.4159383424558557, 0.06477561861962329, 0.10277016881147805, 0.07300479562091665, 0.06477561861962329, 0.06477561861962329]
Timestep: 436, Trans probs: [0.22277228534574922, 0.06558109313513756, 0.2732372941341922, 0.06558027068645256, 0.17608821230300264, 0.06558030302256071, 0.06558027068645256, 0.06558027068645256]
Timestep: 437, Trans probs: [0.2030411316811486, 0.06459167659765346, 0.31208020384668034, 0.06459095220864239, 0.16192315055923928, 0.06459098068935108, 0.06459095220864239, 0.06459095220864239]
Timestep: 438, Trans probs: [0.1579155713098185, 0.06697995993320632, 0.37254743671560064, 0.06697995993320632, 0.09706902156108067, 0.10454813068067506, 0.06697995993320632, 0.06697995993320632]
Timestep: 439, Trans probs: [0.1853879689412766, 0.06405231842467814, 0.28094866829507514, 0.0640516835777455, 0.21340428506779377, 0.06405170853793993, 0.0640516835777455, 0.0640516835777455]
Timestep: 440, Trans probs: [0.17025403694910587, 0.06340256372112392, 0.3178093919631961, 0.06340200465765214, 0.19492596675533963, 0.06340202663827807, 0.06340200465765214, 0.06340200465765214]
Timestep: 441, Trans probs: [0.15676227873842205, 0.06313353486870937, 0.3491908975160937, 0.06313304498860735, 0.1783810896617931, 0.06313306424915971, 0.06313304498860735, 0.06313304498860735]
Timestep: 442, Trans probs: [0.13746172404337775, 0.06542416861633768, 0.43054415232944476, 0.06542416861633768, 0.09785018344100158, 0.07244726572082523, 0.06542416861633768, 0.06542416861633768]
Timestep: 443, Trans probs: [0.2079764482580327, 0.06321514080655023, 0.312358752595379, 0.0632147141421329, 0.16359078499639704, 0.06321473091724239, 0.0632147141421329, 0.0632147141421329]
Timestep: 444, Trans probs: [0.1898661123490423, 0.06296841492680695, 0.3443356345986297, 0.06296804091296937, 0.1509576597685901, 0.06296805561802286, 0.06296804091296937, 0.06296804091296937]
Timestep: 445, Trans probs: [0.12729208623161417, 0.06620399040671406, 0.44203098815218106, 0.06620399040671406, 0.09370136297975903, 0.07215960100958958, 0.06620399040671406, 0.06620399040671406]
Timestep: 446, Trans probs: [0.18560204528272758, 0.06705110908354885, 0.38388903221600434, 0.06705110908354885, 0.0902325475376946, 0.07207193862937802, 0.06705110908354885, 0.06705110908354885]
Timestep: 447, Trans probs: [0.1452216796702283, 0.06641861320435508, 0.39763617390756945, 0.06641861320435508, 0.09249322014285274, 0.09897447346192921, 0.06641861320435508, 0.06641861320435508]
Timestep: 448, Trans probs: [0.1685567403202776, 0.06697334614890789, 0.33846400380113595, 0.06697334614890789, 0.15381029924555362, 0.0712755720374012, 0.06697334614890789, 0.06697334614890789]
Timestep: 449, Trans probs: [0.200443817746561, 0.06636051847826202, 0.35100647533361595, 0.06636051847826202, 0.08876884557866714, 0.09433878742810772, 0.06636051847826202, 0.06636051847826202]
Timestep: 450, Trans probs: [0.23670664413121995, 0.06305424525319413, 0.3082816003338503, 0.06305391927910141, 0.1397418203490488, 0.06305393209538249, 0.06305391927910141, 0.06305391927910141]
Timestep: 451, Trans probs: [0.2148191166833448, 0.06295796899352825, 0.3403699756237299, 0.06295768392519543, 0.13002219179062066, 0.06295769513319006, 0.06295768392519543, 0.06295768392519543]
Timestep: 452, Trans probs: [0.19525914249590232, 0.06312741988175555, 0.3676259159139106, 0.06312717184879618, 0.12147882456136717, 0.06312718160067583, 0.06312717184879618, 0.06312717184879618]
Timestep: 453, Trans probs: [0.17783225258704646, 0.06353776957501006, 0.39046777490229023, 0.06353755502548099, 0.11401197439831329, 0.06353756346089696, 0.06353755502548099, 0.06353755502548099]
Timestep: 454, Trans probs: [0.16240024886228782, 0.06414469011997974, 0.4093411722060771, 0.06414450567814754, 0.10753585884738966, 0.06414451292982311, 0.06414450567814754, 0.06414450567814754]
Timestep: 455, Trans probs: [0.1488407147902454, 0.06489646926538152, 0.42471002143822406, 0.06489631168823631, 0.10196754155776357, 0.06489631788367646, 0.06489631168823631, 0.06489631168823631]
Timestep: 456, Trans probs: [0.13702823923781504, 0.06574147604931777, 0.4370421014151353, 0.06574134223234718, 0.09722280910707874, 0.06574134749361163, 0.06574134223234718, 0.06574134223234718]
Timestep: 457, Trans probs: [0.1268276363855365, 0.06663270631541415, 0.44679356462007913, 0.06663259331963729, 0.09321571495778061, 0.06663259776227758, 0.06663259331963729, 0.06663259331963729]
Timestep: 458, Trans probs: [0.18225318760847498, 0.06586660906204149, 0.3788107378171188, 0.06586660906204149, 0.08531741715221863, 0.09015222117402162, 0.06586660906204149, 0.06586660906204149]
Timestep: 459, Trans probs: [0.11809392810199236, 0.06753034757091586, 0.38686445347084175, 0.067530252654765, 0.15739025650538402, 0.067530256386571, 0.067530252654765, 0.067530252654765]
Timestep: 460, Trans probs: [0.11066419615591529, 0.06725268377086473, 0.4086705320175704, 0.06725260228032125, 0.14440217573041145, 0.06725260548427436, 0.06725260228032125, 0.06725260228032125]
Timestep: 461, Trans probs: [0.15474217656494996, 0.06610569243836611, 0.3029945812552916, 0.06610569243836611, 0.20798087729758155, 0.06985959512871243, 0.06610569243836611, 0.06610569243836611]
Timestep: 462, Trans probs: [0.1717177917564691, 0.06735718220357531, 0.35837800973764666, 0.06735711274193024, 0.1331185626035735, 0.06735711547294469, 0.06735711274193024, 0.06735711274193024]
Timestep: 463, Trans probs: [0.15712987807883214, 0.06672484409377677, 0.38555382629686136, 0.06672478392085893, 0.12369231348128323, 0.06672478628666971, 0.06672478392085893, 0.06672478392085893]
Timestep: 464, Trans probs: [0.14430322978444318, 0.06657386241323486, 0.4072737255218058, 0.06657381067714639, 0.11555393753782961, 0.06657381271124745, 0.06657381067714639, 0.06657381067714639]
Timestep: 465, Trans probs: [0.166113206748367, 0.06581317201426501, 0.4013164352399053, 0.06581317201426501, 0.08257555777571932, 0.08674211217894845, 0.06581317201426501, 0.06581317201426501]
Timestep: 466, Trans probs: [0.14296956632414834, 0.0651483032070133, 0.3382808549749269, 0.0651483032070133, 0.1897122025935616, 0.06844416327930992, 0.0651483032070133, 0.0651483032070133]
Timestep: 467, Trans probs: [0.1972902178702145, 0.06470317326537461, 0.302958044237141, 0.06470317326537461, 0.17336087658189522, 0.0675781682492507, 0.06470317326537461, 0.06470317326537461]
Timestep: 468, Trans probs: [0.13313155910677435, 0.06677631218683115, 0.35762164268072105, 0.06677626802127261, 0.17536541220413146, 0.06677626975772412, 0.06677626802127261, 0.06677626802127261]
Timestep: 469, Trans probs: [0.18053598711795857, 0.06400408649281351, 0.33741244042583474, 0.06400408649281351, 0.1595042820268126, 0.06653094445814, 0.06400408649281351, 0.06400408649281351]
Timestep: 470, Trans probs: [0.1900227754324686, 0.06625774353313484, 0.3183212682666094, 0.06625770525668617, 0.16036739023613233, 0.06625770676159633, 0.06625770525668617, 0.06625770525668617]
Timestep: 471, Trans probs: [0.17373628450946127, 0.06540868983497077, 0.3514405296349893, 0.06540865633281306, 0.14777986937212642, 0.06540865765001304, 0.06540865633281306, 0.06540865633281306]
Timestep: 472, Trans probs: [0.1592327023902661, 0.06506493821281487, 0.37877359240255376, 0.06506490908982644, 0.13666912949003482, 0.06506491023485118, 0.06506490908982644, 0.06506490908982644]
Timestep: 473, Trans probs: [0.14640659247156196, 0.06512703144240471, 0.4010271831686989, 0.0651270063053131, 0.12693116670777033, 0.06512700729362488, 0.0651270063053131, 0.0651270063053131]
Timestep: 474, Trans probs: [0.1351611456679471, 0.06549487146624879, 0.4188961984675368, 0.06549484992076433, 0.11846838386810896, 0.06549485076786536, 0.06549484992076433, 0.06549484992076433]
Timestep: 475, Trans probs: [0.16554071772890588, 0.06375210428743598, 0.3663217091979743, 0.06375210428743598, 0.14716988460893432, 0.06595927131444161, 0.06375210428743598, 0.06375210428743598]
Timestep: 476, Trans probs: [0.2160654078287344, 0.0638777997820688, 0.32638126547382623, 0.0638777997820688, 0.1362494328850749, 0.0657926946840893, 0.0638777997820688, 0.0638777997820688]
Timestep: 477, Trans probs: [0.19146846996909686, 0.06607669279516312, 0.36696885695524, 0.06607667445095515, 0.11117928175544253, 0.066076675172192, 0.06607667445095515, 0.06607667445095515]
Timestep: 478, Trans probs: [0.1740999843169222, 0.06592725264832516, 0.3914275497505929, 0.0659272368231799, 0.10483626536924498, 0.06592723744537508, 0.0659272368231799, 0.0659272368231799]
Timestep: 479, Trans probs: [0.15881432195957282, 0.06611129269329306, 0.4111733120249822, 0.06611127913129013, 0.0994559562637759, 0.06611127966450565, 0.06611127913129013, 0.06611127913129013]
Timestep: 480, Trans probs: [0.1454758617648007, 0.06653847847315707, 0.42690006094204147, 0.06653846692500127, 0.09493173066595825, 0.06653846737903862, 0.06653846692500127, 0.06653846692500127]
Timestep: 481, Trans probs: [0.13393920229466907, 0.06712853448550679, 0.4392582762826496, 0.06712852471143056, 0.09115988770716625, 0.06712852509571668, 0.06712852471143056, 0.06712852471143056]
Timestep: 482, Trans probs: [0.19654231083566534, 0.06367903715102877, 0.35652962284676665, 0.06367903715102877, 0.12686113337676333, 0.06535078433668959, 0.06367903715102877, 0.06367903715102877]
Timestep: 483, Trans probs: [0.19186124801326668, 0.06781408278686557, 0.381027618832153, 0.06781407456023751, 0.0880407518033195, 0.06781407488368278, 0.06781407456023751, 0.06781407456023751]
Timestep: 484, Trans probs: [0.17373111485946044, 0.06763525312052487, 0.4031577979946561, 0.06763524608440122, 0.08493484941111532, 0.06763524636103958, 0.06763524608440122, 0.06763524608440122]
Timestep: 485, Trans probs: [0.15795635331430388, 0.0677632951895503, 0.4207573549102551, 0.0677632892080775, 0.0824698395184078, 0.0677632894432503, 0.0677632892080775, 0.0677632892080775]
Timestep: 486, Trans probs: [0.17910568405802557, 0.06381125548486281, 0.38174872658028053, 0.06381125548486281, 0.11863862409005914, 0.06526194333218359, 0.06381125548486281, 0.06381125548486281]
Timestep: 487, Trans probs: [0.2124504671601876, 0.06810838928411414, 0.36646883484050097, 0.06810838422840616, 0.080538771602798, 0.06810838442718078, 0.06810838422840616, 0.06810838422840616]
Timestep: 488, Trans probs: [0.16362295465894397, 0.06421602067472768, 0.4025579431074494, 0.06421602067472768, 0.1114882148207482, 0.06546680471394785, 0.06421602067472768, 0.06421602067472768]
Timestep: 489, Trans probs: [0.21480943712168557, 0.0648274678384474, 0.35465974178429827, 0.0648274678384474, 0.10532202856340535, 0.06589892117682122, 0.0648274678384474, 0.0648274678384474]
Timestep: 490, Trans probs: [0.2591964718164588, 0.06783014747431049, 0.32318403045817945, 0.06783014314734731, 0.07846877749153934, 0.06783014331746996, 0.06783014314734731, 0.06783014314734731]
Timestep: 491, Trans probs: [0.2319603648304828, 0.06741611019285239, 0.3543954783249924, 0.06741610647236011, 0.07656362061595398, 0.06741610661863821, 0.06741610647236011, 0.06741610647236011]
Timestep: 492, Trans probs: [0.20819730134134923, 0.06727302829280268, 0.3803301369760758, 0.06727302510637924, 0.07510743283897503, 0.06727302523165943, 0.06727302510637924, 0.06727302510637924]
Timestep: 493, Trans probs: [0.1874979347902477, 0.06737084787163819, 0.40159876237191455, 0.06737084515545767, 0.07404907423757723, 0.06737084526224936, 0.06737084515545767, 0.06737084515545767]
Timestep: 494, Trans probs: [0.16955140189254467, 0.06766254484494919, 0.4188090298953159, 0.0676625425411513, 0.07332685311200694, 0.06766254263172941, 0.0676625425411513, 0.0676625425411513]
Timestep: 495, Trans probs: [0.15408794788313157, 0.06809680540359984, 0.4325507209369302, 0.06809680345926347, 0.07287731186283929, 0.06809680353570868, 0.06809680345926347, 0.06809680345926347]
Timestep: 496, Trans probs: [0.21801104667594845, 0.06608927949608533, 0.3531986487502819, 0.06608927949608533, 0.0804338136055195, 0.08399937298390886, 0.06608927949608533, 0.06608927949608533]
Timestep: 497, Trans probs: [0.14085481362595784, 0.06862501921178082, 0.37475458829711106, 0.06862501757860079, 0.14126550848653566, 0.0686250176428123, 0.06862501757860079, 0.06862501757860079]
Timestep: 498, Trans probs: [0.13017563379898126, 0.0679194198541338, 0.3996976531067997, 0.06791941844646532, 0.13052961939887886, 0.06791941850181041, 0.06791941844646532, 0.06791941844646532]
Timestep: 499, Trans probs: [0.19450804364651192, 0.06488474033174753, 0.3802597024923771, 0.06488474033174753, 0.09988253875068052, 0.0658107537834403, 0.06488474033174753, 0.06488474033174753]
