0.0,0.5,1
462.0,0.5533333333333332,1
2859.6536457749376,0.5594405594405594,0
2135.0396139483696,0.36457802101904724,1
782.0,0.3657003442756721,1
1064.0,0.5674060095472686,1
1833.0,0.5891534451198601,1
1620.0,0.5899959270769046,1
2520.0,0.5943794308654012,1
836.0,0.40325465956205986,1
544.0,0.5900776115199501,1
2100.0,0.6182829566235339,1
2640.0,0.42491756262861513,1
1305.0,0.4088181551380312,1
2646.0,0.6063035955313707,1
3080.0,0.4402112528943337,0
432.0,0.40708841149693753,1
3040.0,0.6106933406451175,0
1800.0,0.4156207492687841,1
1736.0,0.6027968555717613,1
924.0,0.6256624600754658,1
2180.0,0.6411620501718658,1
1976.0,0.43552948283944776,1
1417.0,0.6141927068211948,1
714.0,0.6388708162710148,1
300.0,0.6531655858147531,1
1512.0,0.658325351536533,1
1207.0,0.6607405947389734,1
476.0,0.6703006721389377,1
1620.0,0.6734676616854135,1
1118.0,0.6737126093985042,1
1376.0,0.6824042806233065,1
1488.0,0.6851413194057692,1
946.0,0.6686614386601275,1
2346.0,0.6825361642700382,1
1995.0,0.48238391785323953,1
1742.0,0.6536662079810479,1
672.0,0.6678535974403645,1
1495.0,0.6846931858451673,1
682.0,0.6901125790517383,1
1007.0,0.6990351693188365,1
1045.0,0.7003876690665731,1
2048.0,0.7047111253268664,1
384.0,0.5208569165105102,1
1600.0,0.677982157962855,1
1640.0,0.7007801848096387,1
1390.0,0.7121047210355328,1
1380.0,0.6976927049387318,1
400.0,0.7107102986237106,1
1353.0,0.7184199143052754,1
960.0,0.7166873272882892,1
2034.0,0.7244968945284375,1
854.0,0.5211878710347998,1
2380.0,0.6818243175246655,1
1500.0,0.5047031017875718,1
665.0,0.661993424510994,1
1696.0,0.6994342683426484,1
920.0,0.7113028645561723,1
1090.0,0.7223862082233273,1
880.0,0.7202687651501521,1
1469.0,0.7259330726656565,1
2000.0,0.7081514116835226,1
1419.0,0.5338706244939337,1
1596.0,0.6748196318598774,1
1027.0,0.7058155843265177,1
1328.0,0.7169512712436776,1
1870.0,0.7238830347946099,1
1140.0,0.7246207495017833,1
1190.0,0.7322318689657146,1
779.0,0.7316168166598824,1
2120.0,0.7338305129410236,1
1976.0,0.5532297708642677,1
1260.0,0.6837532598884669,1
539.0,0.716214839940982,1
1596.0,0.7287671491851144,1
240.0,0.7162631541523102,1
2322.0,0.7293004050756278,1
1494.0,0.5365855066766586,1
1037.0,0.6931694368164782,1
1010.0,0.7208552823823114,1
1313.0,0.7290154909542299,1
1573.0,0.7367906365794293,1
1582.0,0.7270121985511776,1
2041.0,0.7315404055826127,1
2718.0,0.546353209731271,0
1380.0,0.4900367052519672,1
660.0,0.6835679890571357,1
585.0,0.7199069372040136,1
816.0,0.7347480385751269,1
1440.0,0.7421593330828116,1
1008.0,0.7242851283812379,1
784.0,0.7364096982684998,1
1422.0,0.7435753143845367,1
1428.0,0.7472423977034409,1
980.0,0.7500484109465893,1
689.0,0.7522604333983649,1
1080.0,0.7540110865084575,1
1805.0,0.7553661417912796,1
714.0,0.7563694840853679,1
1410.0,0.7570589003011694,1
385.0,0.7574709112384146,1
1479.0,0.757641778085115,1
2869.0,0.7576072022106924,0
2780.0,0.5188115180592201,0
2128.0,0.47155983824724657,1
2058.0,0.46435282082244367,1
1694.0,0.46290542863317174,1
1500.0,0.6647060425138561,1
516.0,0.6886138438343551,1
1216.0,0.7202785150075184,1
1380.0,0.7307084419190446,1
1788.0,0.7178141511441724,1
1313.0,0.7059903911152566,1
1480.0,0.7145284499353479,1
1736.0,0.7074998574520099,1
1349.0,0.7150308877734954,1
620.0,0.7317849291359843,1
754.0,0.7335710868232874,1
750.0,0.7369850832223693,1
720.0,0.7405473115401573,1
1428.0,0.7437281947441884,1
2000.0,0.7464020266845736,1
1898.0,0.537619725912818,1
737.0,0.6806077307331574,1
2808.0,0.7231784533531407,0
980.0,0.5091101509695596,1
1335.0,0.6912652053930272,1
406.0,0.7177409283851539,1
1133.0,0.7293864480789714,1
1989.0,0.7077804560915286,1
583.0,0.7064030105425434,1
494.0,0.731371724163269,1
675.0,0.7381258210284867,1
1552.0,0.7427197310563393,1
440.0,0.746219970548451,1
800.0,0.7489854452891989,1
504.0,0.7511872304380142,1
860.0,0.7529203655257594,1
583.0,0.7542532154121218,1
714.0,0.755243589352081,1
1070.0,0.7559436259880529,1
1960.0,0.7380983825264225,1
1026.0,0.7255298678981604,1
440.0,0.7437131404294189,1
1422.0,0.7489655974497412,1
528.0,0.7518315617796404,1
1190.0,0.753708696177053,1
1510.0,0.7385568979440134,1
1860.0,0.7272006273185626,1
1105.0,0.7439110214509775,1
2006.0,0.7486394474832537,1
2360.0,0.5444588670249566,1
425.0,0.5025073310360852,1
2040.0,0.6976261763361675,1
1375.0,0.5267762617377925,1
629.0,0.6950936019414504,1
1482.0,0.735601155561213,1
1199.0,0.7337354972833239,1
1320.0,0.7404407457692148,1
1364.0,0.7303170311841134,1
1539.0,0.7356720997268396,1
2592.0,0.7463084568798982,1
846.0,0.5630379712504958,1
540.0,0.7138781800502488,1
1596.0,0.7341506858342219,1
375.0,0.7367022723205898,1
1635.0,0.749136140673101,1
3080.0,0.7423812051482325,0
1292.0,0.5449523498859504,1
564.0,0.7079672487938969,1
946.0,0.7304800987901382,1
2580.0,0.7397162962834316,1
1134.0,0.5613194300611507,1
1800.0,0.7166445541016364,1
920.0,0.7171576824030573,1
975.0,0.7379676749154793,1
2055.0,0.7433665013042348,1
1460.0,0.5482020946553199,1
930.0,0.7123834448500943,1
858.0,0.7369034841022891,1
1632.0,0.7468054831866621,1
1044.0,0.7299915489765765,1
338.0,0.747642090802796,1
1152.0,0.7519525133088726,1
512.0,0.7547618385183997,1
890.0,0.7573531863214337,1
2091.0,0.7596080919099104,1
798.0,0.5783013054948252,1
1616.0,0.7286242572918632,1
1792.0,0.7408304966400836,1
2720.0,0.7496563270641429,0
1350.0,0.5708515646252427,1
1700.0,0.703702910426861,1
500.0,0.7313785074459762,1
555.0,0.7534554814445189,1
2603.0,0.7561516675525561,1
2820.0,0.5539359775944964,0
784.0,0.5050956056271504,1
1372.0,0.7068827539818411,1
804.0,0.7369552129751601,1
792.0,0.747757763828547,1
2384.0,0.7528589613197558,1
390.0,0.5479922326626131,1
969.0,0.7187422806170483,1
890.0,0.742957050306052,1
1404.0,0.751666927392136,1
2546.0,0.7558374961774355,1
782.0,0.5696978212301613,1
860.0,0.7270758798645962,1
1180.0,0.7467712698582624,1
242.0,0.7404693991698269,1
1853.0,0.7546370171298269,1
1908.0,0.7432371631818295,1
1710.0,0.7435562701184137,1
2208.0,0.7548382513717875,1
432.0,0.5492160649998897,1
1331.0,0.717806374555769,1
2286.0,0.7163874517304651,1
754.0,0.5571917991400377,1
1140.0,0.7212503456795408,1
2964.0,0.7395077501923543,0
2023.0,0.519944324042727,1
890.0,0.5154528689327953,1
680.0,0.7072904904255237,1
1410.0,0.7275994997516838,1
410.0,0.7373418353291782,1
2679.0,0.7432709171662915,1
1800.0,0.5372717166109502,1
830.0,0.6940200133965341,1
1854.0,0.7361752088964855,1
2394.0,0.7343529826591257,1
1148.0,0.5498087324761853,1
1612.0,0.7212044222546536,1
980.0,0.7310245317162357,1
2400.0,0.7513580809775885,1
1040.0,0.5502390643643607,1
576.0,0.7208441377179744,1
1595.0,0.7411419716215434,1
1568.0,0.7288054397775865,1
1632.0,0.7299152321655342,1
828.0,0.7307627136815535,1
374.0,0.7497988341596626,1
1500.0,0.7515448944664304,1
1470.0,0.754638166530341,1
960.0,0.7485913610295402,1
1020.0,0.761279989653249,1
1742.0,0.7597406188281018,1
520.0,0.7519852559741252,1
1485.0,0.7637645451527353,1
1278.0,0.74175586398159,1
1020.0,0.757459764173983,1
1536.0,0.7529167554410083,1
1045.0,0.76710068753022,1
666.0,0.7661630755612566,1
2774.0,0.7672143085299438,0
2028.0,0.5465335382386549,1
430.0,0.5189138285035797,1
1846.0,0.7169929865957374,1
793.0,0.7151867307131372,1
1054.0,0.7488029231892157,1
1220.0,0.7522857354670959,1
1562.0,0.7563233609417339,1
1938.0,0.7313451102356459,1
2000.0,0.7314366143160447,1
1444.0,0.5723294539811146,1
350.0,0.7324253084875595,1
1782.0,0.7498135407234032,1
2499.0,0.7576107732975104,1
1444.0,0.559316572352391,1
730.0,0.7300602976713815,1
2124.0,0.7512841519333862,1
1620.0,0.5760628305982436,1
396.0,0.7355832096243007,1
1496.0,0.7539582529614908,1
517.0,0.7508650034749879,1
1700.0,0.7665454838665499,1
374.0,0.7563967829311733,1
1377.0,0.7713766193080872,1
1152.0,0.7696557070069223,1
816.0,0.7702241387605955,1
1078.0,0.7713456381298973,1
1610.0,0.772414661494522,1
680.0,0.7593106666936028,1
1417.0,0.7730037690140447,1
1573.0,0.7586437858643438,1
1008.0,0.7467060384377531,1
1819.0,0.7636321103471353,1
779.0,0.740129108065963,1
350.0,0.7604054727850498,1
896.0,0.7622008280510846,1
855.0,0.7642293540827271,1
527.0,0.7662284000279533,1
1764.0,0.7679744367231216,1
693.0,0.7423839912281913,1
594.0,0.7635118379289444,1
504.0,0.765842098423873,1
340.0,0.767544652982935,1
720.0,0.7689958155832968,1
1539.0,0.7701522988121192,1
368.0,0.7710200942136861,1
1311.0,0.7716209119958224,1
1696.0,0.7719828229776668,1
663.0,0.7568064783809062,1
480.0,0.7711482519132459,1
300.0,0.7688978198027618,1
1950.0,0.7688310736064389,1
1260.0,0.7409830856105707,1
1656.0,0.7620949048801802,1
969.0,0.7386166273713413,1
1600.0,0.75995715081371,1
559.0,0.7624026362183441,1
2356.0,0.7648617724280959,1
779.0,0.5836952411965721,1
850.0,0.7384437165161858,1
858.0,0.7569577228987684,1
1476.0,0.764207410707996,1
1311.0,0.7677612187192088,1
1510.0,0.7698426493394893,1
1288.0,0.7426820865354197,1
1938.0,0.7643927104692273,1
1524.0,0.7562920040574883,1
1815.0,0.7457369528274973,1
1494.0,0.7400287479440665,1
513.0,0.7613454768982787,1
455.0,0.7636135511810758,1
1819.0,0.7654834326237369,1
1742.0,0.7547465723583054,1
670.0,0.758786714793554,1
374.0,0.7689189436798721,1
2120.0,0.7656149855119521,1
806.0,0.5837775409045943,1
2380.0,0.7370773054727255,1
600.0,0.5549802649388508,1
2160.0,0.7267866148771709,1
1258.0,0.5523820242358862,1
2601.0,0.7253283236693,1
750.0,0.5519743762290996,1
1053.0,0.7251339987197696,1
832.0,0.7480726567485698,1
660.0,0.7576646248303992,1
2470.0,0.762901434242819,1
1260.0,0.5869315482169938,1
1344.0,0.7392342738803255,1
1380.0,0.7574881743531473,1
748.0,0.7649128714199911,1
1344.0,0.7687587722425488,1
1377.0,0.7711661395313066,1
1411.0,0.772844109450826,1
2060.0,0.774043389657278,1
528.0,0.595143132909572,1
910.0,0.7479449578717257,1
297.0,0.7667972443120448,1
1550.0,0.7727717781230115,1
506.0,0.7445254198244737,1
1220.0,0.7668369031525649,1
1989.0,0.7414807570330963,1
2641.0,0.7386161736347618,1
3080.0,0.5620816451132786,0
2180.0,0.5206705844973324,1
2052.0,0.5130418052813797,1
2114.0,0.5267468105247914,1
3000.0,0.5172008900917076,0
1634.0,0.507679819480603,1
1391.0,0.714380107867439,1
1360.0,0.7328414798304775,1
1998.0,0.730382240947653,1
779.0,0.7431680765079834,1
754.0,0.7570712420659378,1
2100.0,0.7559225139934802,1
1278.0,0.5552657065627862,1
590.0,0.7253260663868991,1
2295.0,0.7463091871937224,1
1408.0,0.5539163434929543,1
1722.0,0.7186102027056188,1
2556.0,0.730627205251067,1
940.0,0.5715982540559368,1
1860.0,0.7305394259448441,1
952.0,0.7474504804992251,1
1764.0,0.7549123019218776,1
1650.0,0.7371302418930468,1
418.0,0.7348154165545276,1
1968.0,0.7545311771067443,1
1620.0,0.7376215090734459,1
1518.0,0.74877310091306,1
1572.0,0.743141545788572,1
1274.0,0.7382678977803885,1
1650.0,0.7538324193623681,1
1652.0,0.7391015465528245,1
540.0,0.7495092739237705,1
840.0,0.7592366363680124,1
1548.0,0.7564720774410124,1
624.0,0.7576738925226324,1
920.0,0.7602232062967053,1
544.0,0.762873686736001,1
901.0,0.7652467148388756,1
612.0,0.7672344503207055,1
1586.0,0.7688217894282409,1
1155.0,0.7592911636513444,1
2002.0,0.770132498960813,1
1020.0,0.5738532398644751,1
1494.0,0.7336106058642521,1
504.0,0.7544442112961331,1
780.0,0.7625719617872595,1
2040.0,0.7665892739763439,1
646.0,0.5890255271342016,1
2232.0,0.7410891333253762,1
900.0,0.5779471645868829,1
630.0,0.7373104435585788,1
896.0,0.756165713130876,1
585.0,0.763777988285968,1
957.0,0.7675899262988854,1
792.0,0.7698856881826268,1
1365.0,0.7714256748602343,1
2380.0,0.7724836133235449,1
806.0,0.5918371864609869,1
2400.0,0.7438460794096832,1
1848.0,0.5787552419821531,1
994.0,0.7189157019643072,1
690.0,0.7551400696788879,1
1848.0,0.7625095397167014,1
1640.0,0.7427716093241653,1
1955.0,0.7613100675811514,1
1261.0,0.7554699295063236,1
1276.0,0.7671170024356296,1
1380.0,0.7439524609189815,1
492.0,0.7605666234780291,1
1890.0,0.7615488088153773,1
448.0,0.7563968239091372,1
1100.0,0.7679798492488484,1
370.0,0.7598331020953613,1
1397.0,0.7722401569835889,1
1788.0,0.7612763862022452,1
820.0,0.7509436225507266,1
779.0,0.7643666203950573,1
780.0,0.764339886103783,1
1060.0,0.7656334924571169,1
836.0,0.7674133910010719,1
286.0,0.7691215726882625,1
670.0,0.7705818404491648,1
2500.0,0.7717495680664064,1
1751.0,0.5918801969093329,1
1800.0,0.736594471033122,1
2700.0,0.7574754805649966,1
528.0,0.576229453710877,1
1190.0,0.7365775438636027,1
946.0,0.7563127295204636,1
1157.0,0.7637227465248946,1
806.0,0.7671718560923342,1
1005.0,0.7691401092963143,1
2224.0,0.7704272222167103,1
1242.0,0.5713448737197813,1
1254.0,0.736149320373142,1
1024.0,0.7578252987565451,1
396.0,0.7658184474884435,1
273.0,0.7693785927859345,1
1935.0,0.7712381917802968,1
1586.0,0.7445210280675845,1
2432.0,0.7557699459081847,1
2790.0,0.575592316689835,0
2718.0,0.5315841791246486,0
462.0,0.5148993910767656,1
1602.0,0.7198250285153951,1
828.0,0.7504778020232417,1
2204.0,0.7609788660392092,1
2142.0,0.5800056004396007,1
700.0,0.5495089024619031,1
1859.0,0.7300923707346847,1
920.0,0.7297072677003127,1
1880.0,0.7535421226486894,1
1056.0,0.7587606636818166,1
1168.0,0.7617933685937445,1
686.0,0.7643885326471119,1
1098.0,0.7664913653419592,1
1008.0,0.7681226322585165,1
705.0,0.7693262276658767,1
1092.0,0.7701540732318559,1
1209.0,0.7706592926079656,1
1940.0,0.7708932488075719,1
2983.0,0.7709040406736123,0
352.0,0.5337318958320134,1
564.0,0.7253651716693083,1
2430.0,0.7438160251204364,1
391.0,0.5544465590850748,1
1222.0,0.7297001353152991,1
2412.0,0.7461839812706001,1
1674.0,0.5402883267667633,1
1498.0,0.7266014783339169,1
1638.0,0.7319092458421398,1
1368.0,0.744174836712409,1
980.0,0.7471887410172403,1
948.0,0.7584135383075817,1
806.0,0.754650717993709,1
2470.0,0.7560037082955998,1
1316.0,0.5711981883222276,1
795.0,0.7349479415986695,1
2000.0,0.7509295268752134,1
1540.0,0.5736003460326887,1
1785.0,0.7144400737853482,1
1802.0,0.7412006532210489,1
1469.0,0.7515491521703083,1
