Timestep: 0 State: 2 Beliefs: [0.125, 0.125, 0.125, 0.125, 0.125, 0.125, 0.125, 0.125]
Timestep: 1 State: 5 Beliefs: [0.099626400996264, 0.07845579078455792, 0.199252801992528, 0.15691158156911583, 0.08685378548392246, 0.06839735606858895, 0.17370757096784492, 0.1367947121371779]
Timestep: 2 State: 0 Beliefs: [0.06327614076725267, 0.1054602346120878, 0.056948526690527405, 0.09491421115087903, 0.12655228153450535, 0.2491231295619349, 0.11389705338105481, 0.18982842230175806]
Timestep: 3 State: 0 Beliefs: [0.07295173961840629, 0.12906846240179573, 0.09118967452300786, 0.16133557800224466, 0.08754208754208755, 0.15488215488215487, 0.10942760942760943, 0.19360269360269358]
Timestep: 4 State: 4 Beliefs: [0.15100594647481907, 0.10417232030614783, 0.1587387737998443, 0.1250067843673774, 0.1153230407947587, 0.09838521175229537, 0.13838764895371042, 0.10898027355104697]
Timestep: 5 State: 5 Beliefs: [0.07924392155968081, 0.12098961856210354, 0.08711252536471453, 0.1451875422745242, 0.1035008928029318, 0.17359041488699659, 0.10889065670589317, 0.18148442784315527]
Timestep: 6 State: 5 Beliefs: [0.0840650355116384, 0.12054414911244456, 0.08679178736096009, 0.14465297893493348, 0.09710641097828807, 0.17753368023186847, 0.10848973420120012, 0.18081622366866681]
Timestep: 7 State: 5 Beliefs: [0.06713448991715142, 0.10057870593435306, 0.054312501204550646, 0.09052083534091776, 0.13030152924920724, 0.26748526526288313, 0.10862500240910129, 0.18104167068183552]
Timestep: 8 State: 5 Beliefs: [0.056532594173700726, 0.09434674058262994, 0.06665802323772767, 0.11793342572828742, 0.10665283718036427, 0.18869348116525989, 0.13331604647545534, 0.23586685145657485]
Timestep: 9 State: 5 Beliefs: [0.07569628326543056, 0.11699272974080675, 0.08423476541338086, 0.1403912756889681, 0.09246483337075688, 0.20943756114272072, 0.10529345676672609, 0.17548909461121012]
Timestep: 10 State: 5 Beliefs: [0.07276161000631604, 0.11573225710222897, 0.08332722511360485, 0.13887870852267475, 0.09309976077107535, 0.21844302143875044, 0.10415903139200608, 0.17359838565334346]
Timestep: 11 State: 5 Beliefs: [0.07105845249035742, 0.11552632197232178, 0.08317895182007169, 0.13863158636678613, 0.09268983761773834, 0.2216516769991524, 0.10397368977508961, 0.17328948295848265]
Timestep: 12 State: 2 Beliefs: [0.08951087745867685, 0.14865992694651364, 0.07325271762581832, 0.12960096195337087, 0.10083021132024404, 0.21472088920034912, 0.08790326115098197, 0.15552115434404504]
Timestep: 13 State: 2 Beliefs: [0.09983755000971231, 0.07437571413112168, 0.21847186892722817, 0.14875142826224336, 0.08292337082977297, 0.07591704074435644, 0.16584674165954594, 0.13387628543601904]
Timestep: 14 State: 4 Beliefs: [0.09650323623489696, 0.07567663588479744, 0.19219463081853316, 0.15135327176959487, 0.09168542836037978, 0.09308349723958385, 0.16755429353410584, 0.13194900615810834]
Timestep: 15 State: 5 Beliefs: [0.10531878085883406, 0.08250484434482765, 0.1257216675730707, 0.09900581321379318, 0.16544612888863733, 0.14109341413725723, 0.15715208446633835, 0.12375726651724145]
Timestep: 16 State: 2 Beliefs: [0.07685851169096851, 0.12377458442591908, 0.10843791234519305, 0.15471823053239886, 0.08395145726279729, 0.1616581055253481, 0.10493932157849661, 0.1856618766388786]
Timestep: 17 State: 4 Beliefs: [0.09593964260872746, 0.07486789419884449, 0.19014068367960504, 0.14973578839768897, 0.09700098308831728, 0.09601244262609884, 0.16576367295145053, 0.13053889244926734]
Timestep: 18 State: 4 Beliefs: [0.10360952120385117, 0.08114570772238854, 0.12365060224363969, 0.09737484926686625, 0.17636264385908182, 0.14157486131604013, 0.15456325280454958, 0.1217185615835828]
Timestep: 19 State: 2 Beliefs: [0.07663123182547084, 0.12353245682421546, 0.11474191077856415, 0.15441557103026932, 0.08378723158512004, 0.15685887323863698, 0.10473403948140006, 0.18529868523632317]
Timestep: 20 State: 5 Beliefs: [0.09535417155107283, 0.0744270706596392, 0.18902113183400432, 0.1488541413192784, 0.10817034852749656, 0.08961520566718532, 0.16478765339374735, 0.12977027704757604]
Timestep: 21 State: 4 Beliefs: [0.06902815852468132, 0.11445728505988864, 0.08240924524311981, 0.13734874207186637, 0.11495814071727044, 0.2071009442394407, 0.10301155655389978, 0.17168592758983292]
Timestep: 22 State: 2 Beliefs: [0.07320813066154164, 0.12147398052401358, 0.12747055352261144, 0.15184247565501696, 0.08239104765976574, 0.15841403161632323, 0.10298880957470717, 0.18221097078602036]
Timestep: 23 State: 4 Beliefs: [0.09470722073210572, 0.07425612642785066, 0.1885869877532715, 0.14851225285570133, 0.11363460004697387, 0.08642142293524874, 0.1644091688105444, 0.12947222043830373]
Timestep: 24 State: 4 Beliefs: [0.06938287261340065, 0.1153592589819682, 0.08305866646701711, 0.13843111077836184, 0.131490831037788, 0.18541503856474045, 0.10382333308377138, 0.1730388884729523]
Timestep: 25 State: 5 Beliefs: [0.10272777185143868, 0.08048067443537428, 0.12263721818723701, 0.09657680932244915, 0.19526440889122818, 0.12829558292516505, 0.15329652273404626, 0.12072101165306141]
Timestep: 26 State: 0 Beliefs: [0.07491258847837065, 0.12048624631398357, 0.13692593283725377, 0.15060780789247943, 0.08172110619557146, 0.15246556606690137, 0.10215138274446434, 0.18072936947097534]
Timestep: 27 State: 5 Beliefs: [0.0849233546452316, 0.1409409574024393, 0.10147748932975631, 0.16912914888292718, 0.10695634332794672, 0.16065922694423115, 0.08846755480030037, 0.14744592466716727]
Timestep: 28 State: 4 Beliefs: [0.057839137045163115, 0.09596672843962223, 0.051822033357396005, 0.08637005559566001, 0.1630645890693859, 0.26855327858666067, 0.10364406671479201, 0.17274011119132002]
Timestep: 29 State: 5 Beliefs: [0.06500521427469177, 0.08908484505335759, 0.09584414185538204, 0.11135605631669698, 0.10070460745162162, 0.18941226310032902, 0.12588075931452702, 0.22271211263339397]
Timestep: 30 State: 5 Beliefs: [0.06893731687908368, 0.11451111249720329, 0.08244800099798638, 0.13741333499664396, 0.13043939805708094, 0.19142416657871392, 0.10306000124748298, 0.17176666874580496]
Timestep: 31 State: 2 Beliefs: [0.06183237821503838, 0.08888696309193335, 0.08381443385172199, 0.1111087038649167, 0.10048091479957684, 0.20605805494750845, 0.12560114349947105, 0.2222174077298334]
Timestep: 32 State: 5 Beliefs: [0.0936375316546472, 0.07359109362991262, 0.186898015568032, 0.14718218725982524, 0.11349386453763959, 0.09394789975642677, 0.16293673152084842, 0.12831267607266816]
Timestep: 33 State: 4 Beliefs: [0.06753535796469669, 0.11245472755039918, 0.08096740383628741, 0.13494567306047903, 0.11528718995614186, 0.21891830151103783, 0.10120925479535926, 0.16868209132559875]
Timestep: 34 State: 0 Beliefs: [0.08050114784715431, 0.11978084796142101, 0.12430508470055848, 0.14972605995177626, 0.0812426620955725, 0.16321959788192025, 0.10155332761946564, 0.17967127194213148]
Timestep: 35 State: 5 Beliefs: [0.10212042030188498, 0.08034494003644409, 0.1224303848174386, 0.0964139280437329, 0.1816386001258897, 0.1434963355981453, 0.15303798102179825, 0.12051741005466611]
Timestep: 36 State: 2 Beliefs: [0.09035447288410359, 0.11934440283765453, 0.11890721518274434, 0.14918050354706816, 0.08094663844640916, 0.16106686478752696, 0.10118329805801146, 0.17901660425648178]
Timestep: 37 State: 4 Beliefs: [0.09335801759385963, 0.07345162818331698, 0.18654381760842403, 0.14690325636663396, 0.11420185952222489, 0.09484397161907965, 0.162627943556062, 0.12806950555039884]
Timestep: 38 State: 5 Beliefs: [0.06759173249537362, 0.11259110501823308, 0.08106559561312782, 0.1351093260218797, 0.12674019990431148, 0.20668338890331497, 0.10133199451640977, 0.1688866575273496]
Timestep: 39 State: 0 Beliefs: [0.08424937347434025, 0.12004922728369657, 0.12547005323855123, 0.1500615341046207, 0.08142469328807245, 0.1568904110750832, 0.10178086661009057, 0.18007384092554485]
Timestep: 40 State: 4 Beliefs: [0.12430189967631161, 0.09779979279046126, 0.14902825568070288, 0.11735975134855352, 0.1562184660466748, 0.12305613602153388, 0.12992206905497172, 0.10231362938079025]
Timestep: 41 State: 0 Beliefs: [0.09404678262942541, 0.12036808888718954, 0.11298258401554596, 0.15046011110898694, 0.08164096463652858, 0.15789812959587862, 0.10205120579566071, 0.18055213333078432]
Timestep: 42 State: 1 Beliefs: [0.1016169709563969, 0.07995102839504961, 0.12183013850674228, 0.09594123407405954, 0.18983320243362534, 0.1386132099081242, 0.15228767313342784, 0.11992654259257442]
Timestep: 43 State: 2 Beliefs: [0.1026163362012645, 0.1197767222119462, 0.11035109480401742, 0.14972090276493277, 0.08123986376114613, 0.1550801672373411, 0.10154982970143267, 0.1796650833179193]
Timestep: 44 State: 4 Beliefs: [0.12401853423424151, 0.10622027802286475, 0.14868989891371162, 0.11709329539454791, 0.15688316803942504, 0.1153863995880087, 0.12962709136067166, 0.10208133444652893]
Timestep: 45 State: 1 Beliefs: [0.09909044128982644, 0.11935076644866144, 0.11858891407255144, 0.14918845806082678, 0.08095095463474428, 0.15261562252696723, 0.10118869329343035, 0.17902614967299213]
Timestep: 46 State: 5 Beliefs: [0.068406879510538, 0.12365822542654371, 0.0820163869000817, 0.13669397816680284, 0.12757135093072255, 0.18826522273170576, 0.10252048362510213, 0.17086747270850353]
Timestep: 47 State: 0 Beliefs: [0.06882545661244599, 0.09873659216425373, 0.08737486506982275, 0.1113189651354599, 0.10067106412250286, 0.18459629647146636, 0.12583883015312858, 0.2226379302709198]
Timestep: 48 State: 1 Beliefs: [0.12304347613992732, 0.10260258122360533, 0.14749429156475652, 0.11615175460724575, 0.15855736401440473, 0.12230526142831492, 0.12858476700517232, 0.10126050401657322]
Timestep: 49 State: 4 Beliefs: [0.09636236677824518, 0.13493583541439463, 0.1127401677501446, 0.1484902217606769, 0.08057208554666294, 0.14799594970373484, 0.10071510693332869, 0.17818826611281227]
Timestep: 50 State: 4 Beliefs: [0.1003984186362472, 0.08996146601877925, 0.12037420842479535, 0.09479468913452634, 0.18332371087643648, 0.1421863849600635, 0.15046776053099417, 0.11849336141815792]
Timestep: 51 State: 0 Beliefs: [0.09772677768472512, 0.13652392765840132, 0.10757297836308242, 0.1472707609999038, 0.08659959014729375, 0.14769305752938286, 0.09988799441732606, 0.17672491319988454]
Timestep: 52 State: 4 Beliefs: [0.12226937384364359, 0.10974806515876703, 0.14659698134082008, 0.11544512280589582, 0.1612739640728071, 0.1162195301886217, 0.12780249655353546, 0.10064446603590917]
Timestep: 53 State: 2 Beliefs: [0.15134983879596142, 0.08761597337542225, 0.16173130308915276, 0.10016063147593034, 0.13128588753053866, 0.09876810206631606, 0.1488955058955621, 0.12019275777111639]
Timestep: 54 State: 2 Beliefs: [0.12090013405446602, 0.07259772716916714, 0.23973602425174392, 0.13913490125075825, 0.08380528587947148, 0.06347948457570103, 0.15512503169300956, 0.12522141112568244]
Timestep: 55 State: 5 Beliefs: [0.0913804982071212, 0.07915970226685808, 0.18269278598799307, 0.14387056896554457, 0.1361608329312714, 0.082039353476589, 0.15927063393825036, 0.12542562422637218]
Timestep: 56 State: 0 Beliefs: [0.08902289738319874, 0.12438890002186205, 0.12710434396963785, 0.14873947339413002, 0.08659998666034542, 0.14477286593489483, 0.10088416456297515, 0.17848736807295604]
Timestep: 57 State: 4 Beliefs: [0.12259470788703175, 0.10352122602501279, 0.14698978918316727, 0.1157544589817442, 0.16001376090679284, 0.12206696887248208, 0.12814494441609453, 0.10091414372767443]
Timestep: 58 State: 2 Beliefs: [0.14356476596954215, 0.08340256463136393, 0.1830111560508596, 0.0988889489735774, 0.12903126097224768, 0.09642950018981307, 0.14700506444430314, 0.11866673876829288]
Timestep: 59 State: 2 Beliefs: [0.11563727043015813, 0.0697047666779174, 0.26292862455095556, 0.13557274835388408, 0.08144859641888991, 0.06153902300439849, 0.1511534970453006, 0.12201547351849566]
Timestep: 60 State: 4 Beliefs: [0.09158516047696122, 0.07628640460891528, 0.18310400680322833, 0.14419440535754233, 0.12609106991476432, 0.09340187557022453, 0.1596291341361478, 0.1257079431322164]
Timestep: 61 State: 2 Beliefs: [0.13032041937115904, 0.08213400294522949, 0.1952195251896262, 0.09992168794598826, 0.12722328030968164, 0.0967347584132723, 0.14854030028985715, 0.1199060255351859]
Timestep: 62 State: 4 Beliefs: [0.11122333468864663, 0.06833863991845392, 0.27318170276429354, 0.13454040040528278, 0.0807489292752537, 0.06087812645981312, 0.15000250612350183, 0.1210863603647545]
Timestep: 63 State: 2 Beliefs: [0.08321184296433148, 0.12009618886192422, 0.11999967742515477, 0.14863529122843255, 0.10569582714126431, 0.1431853210280975, 0.100813501876676, 0.17836234947411905]
Timestep: 64 State: 5 Beliefs: [0.09207875752916608, 0.07545348035539008, 0.18400386230471436, 0.14490304156496256, 0.12875928311237647, 0.08806222304187726, 0.16041362354769967, 0.1263257285438135]
Timestep: 65 State: 2 Beliefs: [0.08490010147018828, 0.12021153937261636, 0.12242739705202574, 0.14903893505832172, 0.09992111544155546, 0.14356691184357503, 0.10108727769173124, 0.17884672206998606]
Timestep: 66 State: 4 Beliefs: [0.12241372502598612, 0.10039011004536835, 0.14677364009629176, 0.11558424157582975, 0.16320442816474318, 0.12291159927505962, 0.1279565067506133, 0.10076574906610798]
Timestep: 67 State: 2 Beliefs: [0.08358607396969936, 0.11898133814001252, 0.13393166712771407, 0.1471673816159162, 0.09811701275539074, 0.14179779222572014, 0.09981787622644753, 0.1766008579390994]
Timestep: 68 State: 5 Beliefs: [0.09200433777177046, 0.0754105342405144, 0.18385643080080785, 0.1447869392556362, 0.12883386204358666, 0.08859829122309211, 0.16028509351865297, 0.12622451114593924]
Timestep: 69 State: 2 Beliefs: [0.0706106067417595, 0.10661213183893548, 0.07950456423301719, 0.09256662088481794, 0.14820992514441078, 0.2127223814306725, 0.10464052795675072, 0.1851332417696359]
Timestep: 70 State: 2 Beliefs: [0.09863257427506088, 0.06700127725171723, 0.2849509768869303, 0.1333659122933033, 0.0871797289062256, 0.0601471697957784, 0.1486930395270113, 0.12002932106397296]
Timestep: 71 State: 0 Beliefs: [0.09452627728640238, 0.06727804581785005, 0.2815235193917243, 0.13418088556056046, 0.09168538755198047, 0.060441413485875485, 0.14960167390110246, 0.12076279700450443]
Timestep: 72 State: 4 Beliefs: [0.15534277275488262, 0.09097412885951747, 0.2135667709368458, 0.11338426446540963, 0.11655029576360504, 0.08172093583421278, 0.12641499336665815, 0.10204583801886864]
Timestep: 73 State: 0 Beliefs: [0.08922998475297497, 0.11727084974741124, 0.12953542409941665, 0.1460324905166926, 0.10326233620386147, 0.14038180205698572, 0.09904812400262626, 0.1752389886200311]
Timestep: 74 State: 5 Beliefs: [0.09979149660697254, 0.08201821109578457, 0.11965160996330187, 0.09422564284610023, 0.19200929028354793, 0.14495718319254014, 0.14956451245412733, 0.11778205355762528]
Timestep: 75 State: 2 Beliefs: [0.11417545841167001, 0.1411542524069297, 0.10689083580310224, 0.1226831105534903, 0.11554921226263033, 0.16911624465301323, 0.08321115324497602, 0.14721973266418834]
Timestep: 76 State: 0 Beliefs: [0.11072655793612682, 0.0672083772916599, 0.26169842548333444, 0.13417049865372896, 0.09542163737863439, 0.06043096119303184, 0.14959009327512765, 0.12075344878835606]
Timestep: 77 State: 2 Beliefs: [0.10428859985550004, 0.11807240217497302, 0.11412429133648744, 0.14736774815407247, 0.0978024606301719, 0.14154942305505896, 0.09995377700884915, 0.17684129778488694]
Timestep: 78 State: 4 Beliefs: [0.09229108690071657, 0.07466601675389636, 0.18442990675700757, 0.14523855157114351, 0.11842333537317996, 0.09754783128105239, 0.16078504691636558, 0.12661822444663792]
Timestep: 79 State: 2 Beliefs: [0.09665830647110707, 0.11830123955099564, 0.12507595717299833, 0.14760101935194794, 0.09333077602614531, 0.14179948247010357, 0.10011199573436468, 0.17712122322233748]
Timestep: 80 State: 5 Beliefs: [0.09219383245987567, 0.07443743801178643, 0.18423530615290776, 0.14508530359541486, 0.12364225889183286, 0.09330584213323466, 0.16061539510766315, 0.12648462364728474]
Timestep: 81 State: 2 Beliefs: [0.11261062326207674, 0.14161949367658003, 0.10919546037126944, 0.12331330957957222, 0.11181665798302169, 0.16982989104758794, 0.08363859258440548, 0.14797597149548664]
Timestep: 82 State: 2 Beliefs: [0.10629094496490521, 0.06591880749482658, 0.2812982149202935, 0.1316910865555851, 0.09016235794141857, 0.059290876406493685, 0.14682573381645084, 0.11852197790002657]
Timestep: 83 State: 0 Beliefs: [0.11004087914907613, 0.06615426981641877, 0.28010886032293253, 0.13219044222091603, 0.08564781946767892, 0.05950385290620656, 0.14738247811794666, 0.11897139799882443]
Timestep: 84 State: 2 Beliefs: [0.16475808324117985, 0.08905457338658321, 0.21657610080699685, 0.1112238189021136, 0.11417503456755236, 0.080104694292808, 0.12400625779086395, 0.10010143701190222]
Timestep: 85 State: 2 Beliefs: [0.11528199677848168, 0.06488845456071096, 0.2859577568282906, 0.12962751765089836, 0.08469876896089201, 0.058355730849513156, 0.1445250084854046, 0.11666476588580853]
Timestep: 86 State: 0 Beliefs: [0.10666508097974584, 0.06537787916829989, 0.2935553665136513, 0.13064567303676364, 0.08170704210460013, 0.058807676704952766, 0.14566017575889914, 0.11758110573308728]
Timestep: 87 State: 0 Beliefs: [0.14300950810214294, 0.0778809677895132, 0.19825546453600326, 0.09727223753206643, 0.12884556606676675, 0.0934078566336274, 0.14460171430140026, 0.11672668503847972]
Timestep: 88 State: 0 Beliefs: [0.09938245017053327, 0.11647943965319796, 0.13808441342084207, 0.1454118622214978, 0.08786199709170298, 0.13965842666097786, 0.09862717611545069, 0.17449423466579733]
Timestep: 89 State: 4 Beliefs: [0.12237638535874919, 0.09888361991314024, 0.1467319297098212, 0.1155513946464842, 0.1570018125314695, 0.1307976007091978, 0.1279201438495877, 0.10073711328155033]
Timestep: 90 State: 2 Beliefs: [0.098579215679815, 0.11627020385408171, 0.14018067698341644, 0.14510925775231281, 0.08792279386171972, 0.13938481122083188, 0.09842193134504697, 0.17413110930277537]
Timestep: 91 State: 4 Beliefs: [0.09202508339538026, 0.07364922288373497, 0.18390013152804505, 0.1448213535783355, 0.12260937581488823, 0.09641712783507916, 0.1603231915885521, 0.12625451337598478]
Timestep: 92 State: 0 Beliefs: [0.09575904069419999, 0.11791883905392828, 0.13403121973991716, 0.14729985979945745, 0.08687396694444603, 0.14144951101428754, 0.09990773099441463, 0.17675983175934895]
Timestep: 93 State: 5 Beliefs: [0.09963413641626415, 0.07969728928328886, 0.11946223741115043, 0.09407651196128097, 0.1986858180513111, 0.1415205701611652, 0.14932779676393804, 0.1175956399516012]
Timestep: 94 State: 5 Beliefs: [0.10230964248942455, 0.11682758160283227, 0.1340084293671802, 0.1459521238995522, 0.08660613749314718, 0.14015992199740038, 0.09899361447100063, 0.1751425486794626]
Timestep: 95 State: 4 Beliefs: [0.06691921288962197, 0.112568248331838, 0.08023732093742918, 0.13372886822904864, 0.1289350203245542, 0.21015359282941065, 0.10029665117178647, 0.16716108528631077]
Timestep: 96 State: 2 Beliefs: [0.0895302657782801, 0.11646492069105696, 0.12043456066488935, 0.14552864084703038, 0.08823578419599676, 0.1664650763187588, 0.09870638248755105, 0.17463436901643645]
Timestep: 97 State: 5 Beliefs: [0.09197206954490626, 0.07302927986610125, 0.18384351131703883, 0.1447767651621681, 0.1282525344612685, 0.09163636784613145, 0.1602738303789569, 0.1262156414234286]
Timestep: 98 State: 2 Beliefs: [0.09763600696009958, 0.11738206549877234, 0.1236919282351391, 0.1466960265757474, 0.08646948400998039, 0.15259108228233567, 0.09949817454702867, 0.17603523189089687]
Timestep: 99 State: 0 Beliefs: [0.09214542065569237, 0.07322781534923625, 0.18419850362859158, 0.1450563216075159, 0.12175991637090701, 0.09656935423350171, 0.16058331085569522, 0.12645935729886]
Timestep: 100 State: 0 Beliefs: [0.09732287428985698, 0.11736903810135212, 0.1279446955694798, 0.14668127842280212, 0.08649310789157022, 0.1486833001655887, 0.09948817145198754, 0.17601753410736254]
Timestep: 101 State: 4 Beliefs: [0.0748054839872812, 0.11311365834662651, 0.08066615795906787, 0.13444359659844646, 0.1237126593852695, 0.20437125052641567, 0.10083269744883486, 0.16805449574805806]
Timestep: 102 State: 2 Beliefs: [0.08716661108097379, 0.11635663154690483, 0.1338068768388274, 0.14541543988007702, 0.08796420540928353, 0.15616210468657127, 0.09862960270126964, 0.1744985278560924]
Timestep: 103 State: 4 Beliefs: [0.10255742035202499, 0.0725983712742695, 0.18345042620360716, 0.14446721063534065, 0.1221886085715233, 0.08886104879594657, 0.15993114079288828, 0.12594577337439955]
Timestep: 104 State: 2 Beliefs: [0.09742254028036716, 0.11746774123174028, 0.12824274130308658, 0.14681788492761905, 0.0861029395148486, 0.14818386453046253, 0.09958082629873291, 0.17618146191314282]
Timestep: 105 State: 5 Beliefs: [0.09851189058311786, 0.07254987370577723, 0.18321779967190155, 0.1442840172416225, 0.12915172635202887, 0.08677028795683879, 0.15972833817550391, 0.12578606631320935]
Timestep: 106 State: 0 Beliefs: [0.11483095940740684, 0.14112815144086266, 0.10870865764825795, 0.12302715645532158, 0.10340521666985523, 0.17782276451438728, 0.08344450611752245, 0.1476325877463859]
Timestep: 107 State: 5 Beliefs: [0.1473915060341688, 0.07773135695688758, 0.1854999966821302, 0.09715928813056343, 0.1324880193075066, 0.09870487970215512, 0.1444338074299122, 0.1165911457566761]
Timestep: 108 State: 5 Beliefs: [0.0977100844473589, 0.11546412311536809, 0.12485983306250707, 0.1443208104603567, 0.08494352038776071, 0.16162949757502224, 0.09788715839919844, 0.173184972552428]
Timestep: 109 State: 0 Beliefs: [0.06996686051662598, 0.11208506988485964, 0.08024510386645572, 0.1337418397774262, 0.13230591503928965, 0.2041715313604905, 0.10030637983306964, 0.16717729972178272]
Timestep: 110 State: 2 Beliefs: [0.1279819055765127, 0.07852586355617597, 0.18093125527516415, 0.0981510384495328, 0.1296625022439798, 0.12105807787003904, 0.1459081108891562, 0.11778124613943934]
Timestep: 111 State: 2 Beliefs: [0.11636614767285018, 0.06633019597905145, 0.26513998562460767, 0.1326519490950854, 0.08008756508740636, 0.07214037851358801, 0.14789702384183404, 0.11938675418557687]
Timestep: 112 State: 0 Beliefs: [0.10893401454838361, 0.0663210368158649, 0.2773419352157078, 0.13263691051321508, 0.07908633745274088, 0.06842628904686328, 0.14788025694533083, 0.11937321946189355]
Timestep: 113 State: 2 Beliefs: [0.16428071831330235, 0.08926969928825723, 0.21231987939200686, 0.11158283594485796, 0.10628826440679447, 0.09142751530320162, 0.12440653500120731, 0.10042455235037216]
Timestep: 114 State: 0 Beliefs: [0.1152943174442554, 0.06527491457183425, 0.27797704902945913, 0.13054295963503443, 0.0793888012480302, 0.06848763641870523, 0.14554565798115032, 0.11748866367153099]
Timestep: 115 State: 2 Beliefs: [0.17176842870139455, 0.08894876851274428, 0.208818355296444, 0.11118165656329407, 0.10565363246496606, 0.08960641762466895, 0.1239592499295234, 0.10006349090696465]
Timestep: 116 State: 2 Beliefs: [0.11851671746005461, 0.0654681410504999, 0.27482304960497295, 0.13092944800740602, 0.07944648287086051, 0.06700309412561166, 0.14597656367392878, 0.11783650320666542]
Timestep: 117 State: 0 Beliefs: [0.10770985418766203, 0.06607164253680783, 0.284140573169308, 0.13213819117454642, 0.07836480568966718, 0.06532633908434032, 0.14732422210057636, 0.11892437205709178]
Timestep: 118 State: 0 Beliefs: [0.0970432042568812, 0.11635448084859552, 0.13118501944863836, 0.14543756118990803, 0.08398041117390649, 0.15282964293406928, 0.09864460672011154, 0.17452507342788962]
Timestep: 119 State: 5 Beliefs: [0.09705231057594947, 0.1373278749682547, 0.0983223229262256, 0.16387053821037603, 0.10349195646943464, 0.17135660508964531, 0.08571689691004285, 0.1428614948500714]
Timestep: 120 State: 4 Beliefs: [0.07959690796977277, 0.11188660720086416, 0.08030124843954464, 0.13383541406590774, 0.11778471084042236, 0.2089242833516729, 0.10037656054943081, 0.16729426758238466]
Timestep: 121 State: 2 Beliefs: [0.13016594671468443, 0.078443976730316, 0.18459708156499033, 0.09804937492329605, 0.12901275085332373, 0.1163146380761762, 0.145756981229258, 0.11765924990795525]
Timestep: 122 State: 0 Beliefs: [0.12162910535695727, 0.06655801139956462, 0.2622474137902976, 0.13311186571224914, 0.07983115854045819, 0.06841196951161296, 0.14840979654783598, 0.11980067914102423]
Timestep: 123 State: 2 Beliefs: [0.17896304062636323, 0.08974884256648347, 0.19875967698030161, 0.11218390678997672, 0.10643908189496203, 0.08786325089345243, 0.12507668413748152, 0.10096551611097905]
Timestep: 124 State: 4 Beliefs: [0.1236523173496936, 0.06588173230351504, 0.2675892824444239, 0.13176004500477956, 0.07984481662095763, 0.06578514843117891, 0.14690261734114973, 0.1185840405043016]
Timestep: 125 State: 0 Beliefs: [0.08934155859107541, 0.11669728734685425, 0.11963259955066782, 0.14586881820555248, 0.10326185807137046, 0.15121818490926817, 0.09893711147854863, 0.1750425818466629]
Timestep: 126 State: 5 Beliefs: [0.07572178462121813, 0.1118996383683314, 0.08033101993061716, 0.13388503321769527, 0.12434100348204619, 0.20605145394470148, 0.10041377491327144, 0.16735629152211906]
Timestep: 127 State: 2 Beliefs: [0.08891545620846204, 0.11573150047130785, 0.11586610384340063, 0.14466227519150057, 0.09250793022526209, 0.17060324326559628, 0.09811876056466998, 0.1735947302298007]
Timestep: 128 State: 4 Beliefs: [0.1044083452989567, 0.07217469883336253, 0.18299339250163407, 0.14410729659503685, 0.11723858786310386, 0.09391297559285965, 0.1595327011552707, 0.1256320021597757]
Timestep: 129 State: 0 Beliefs: [0.09086329552672488, 0.11745039976645145, 0.11994908355988987, 0.14681100417241755, 0.09815768816076247, 0.15101916445512584, 0.09957615935172669, 0.17617320500690103]
Timestep: 130 State: 5 Beliefs: [0.13518918978812838, 0.09572657937509156, 0.14561959376822786, 0.11467543009247945, 0.1609060190810052, 0.12095932093957903, 0.12695041507999352, 0.0999734518754949]
Timestep: 131 State: 4 Beliefs: [0.09805289041648707, 0.11529390677764417, 0.12450160272172292, 0.14411567636037845, 0.09591570404147794, 0.15143338408366566, 0.09774802396616973, 0.17293881163245411]
Timestep: 132 State: 5 Beliefs: [0.11079262580126856, 0.07829435561503592, 0.11918984248004347, 0.09386200095303422, 0.1872786782933675, 0.14426769256590322, 0.14898730310005434, 0.11732750119129277]
Timestep: 133 State: 2 Beliefs: [0.08620857185502347, 0.10225640841832627, 0.07298249330843382, 0.08914538777331632, 0.1516074504149231, 0.21873586563524766, 0.10077304704809671, 0.17829077554663264]
Timestep: 134 State: 0 Beliefs: [0.11349983200482697, 0.06618751830607515, 0.2616270634852949, 0.1323735600732502, 0.09581076832474364, 0.06377841288209606, 0.14758664085778792, 0.11913620406592519]
Timestep: 135 State: 2 Beliefs: [0.17718376292930116, 0.08913129038176809, 0.1906697719215456, 0.11141333437089178, 0.12476189586141538, 0.08235039020566919, 0.12421755339560621, 0.10027200093380259]
Timestep: 136 State: 2 Beliefs: [0.12633266352069342, 0.06589946763917903, 0.25735725539736265, 0.13179771810913038, 0.09187322102035345, 0.061177107973988405, 0.1469446200410752, 0.11861794629821733]
Timestep: 137 State: 0 Beliefs: [0.11525504032551377, 0.06632926568348013, 0.26977289844196084, 0.13265764394785123, 0.08763222816374573, 0.06105767070670327, 0.14790337317767893, 0.11939187955306611]
Timestep: 138 State: 2 Beliefs: [0.10290089118294225, 0.11651080878715189, 0.12693519443488668, 0.14563757837936386, 0.09152287601572916, 0.14294728659172962, 0.09878027055295982, 0.1747650940552366]
Timestep: 139 State: 0 Beliefs: [0.10185261273268667, 0.0722659972658281, 0.18334578375545432, 0.14438480470742032, 0.11607011882867897, 0.09636683635768192, 0.1598399140432166, 0.12587393230903307]
Timestep: 140 State: 0 Beliefs: [0.096851783278184, 0.11715056189980877, 0.12715860179611294, 0.14643697256498958, 0.09255385030302135, 0.14480139473146825, 0.09932246834842771, 0.1757243670779875]
Timestep: 141 State: 5 Beliefs: [0.08118983465121848, 0.1119364466969889, 0.0805171053720615, 0.1341951756201025, 0.11622123600860301, 0.20754985041082055, 0.10064638171507688, 0.1677439695251281]
Timestep: 142 State: 2 Beliefs: [0.09218460182662129, 0.11623694261955089, 0.1268887252527781, 0.14529494790868064, 0.09842702857038396, 0.14806593861959366, 0.0985478777119747, 0.17435393749041675]
Timestep: 143 State: 4 Beliefs: [0.11098331195678862, 0.07216571125578206, 0.18319450170794827, 0.14426567009500926, 0.11039629784817173, 0.093516408641414, 0.15970802713000617, 0.1257700713648799]
Timestep: 144 State: 2 Beliefs: [0.10229807577985087, 0.11758884851072655, 0.12254040132403107, 0.14698488936401374, 0.09095149331393508, 0.14356032559764298, 0.09969409887298325, 0.17638186723681648]
Timestep: 145 State: 5 Beliefs: [0.10639796191690186, 0.07223045750656619, 0.18334975590623143, 0.14438793277615725, 0.1150833938877869, 0.09283046171914568, 0.15984337694389406, 0.1258766593433166]
Timestep: 146 State: 2 Beliefs: [0.08697754600073965, 0.10510628619002414, 0.08013804441911027, 0.09163070458389434, 0.13547084501700882, 0.21383262900485775, 0.10358253561657622, 0.18326140916778869]
Timestep: 147 State: 0 Beliefs: [0.10778352044757368, 0.06579300549720513, 0.28428889234397137, 0.13158530067109564, 0.0849625808893886, 0.0604521390970653, 0.14670779044971408, 0.11842677060398608]
Timestep: 148 State: 4 Beliefs: [0.11018691023067861, 0.11733533029085333, 0.12031776622009303, 0.1466686672237581, 0.08825985248834575, 0.14174945510860384, 0.09947961776915767, 0.17600240066850972]
Timestep: 149 State: 5 Beliefs: [0.11264677803504292, 0.07881282296217369, 0.12003044664387455, 0.09452397673205121, 0.17081015674603356, 0.15498278966091697, 0.15003805830484318, 0.118154970915064]
Timestep: 150 State: 5 Beliefs: [0.11220646748009766, 0.1394395856860873, 0.11299067433020958, 0.12156188295512853, 0.11558651403647385, 0.16988994752671832, 0.08245066843913064, 0.14587425954615424]
Timestep: 151 State: 2 Beliefs: [0.08869161153381004, 0.1152828382064752, 0.12139496235851857, 0.1441028815786462, 0.0988900301705328, 0.16097487249125556, 0.09773934576638613, 0.17292345789437544]
Timestep: 152 State: 0 Beliefs: [0.11230945861931911, 0.0675971966922767, 0.2544293516974757, 0.13519386506214429, 0.09136184253330969, 0.06670273638966151, 0.15073107044988324, 0.12167447855592986]
Timestep: 153 State: 0 Beliefs: [0.15563758114103873, 0.07875589126438157, 0.16571124778109927, 0.09844450828042048, 0.13864349105520196, 0.09832949703792249, 0.14634437350343105, 0.11813340993650458]
Timestep: 154 State: 2 Beliefs: [0.17720271447512573, 0.0884822716770167, 0.19932766548796255, 0.11060222373322658, 0.11710515572727086, 0.08442474197423964, 0.1233132255652541, 0.09954200135990392]
Timestep: 155 State: 2 Beliefs: [0.17352459784240812, 0.08754423295140071, 0.21200684456805938, 0.10942977284640451, 0.11412201061814835, 0.08287971528903258, 0.12200603032278234, 0.09848679556176407]
Timestep: 156 State: 0 Beliefs: [0.1540361006806779, 0.08731694004145132, 0.23402963801420157, 0.10914567223951817, 0.11296953450714672, 0.082581730153796, 0.1216892793476419, 0.09823110501556635]
Timestep: 157 State: 0 Beliefs: [0.1481026384736863, 0.07661002025543076, 0.19452727114210136, 0.09576208692466145, 0.13112254659377962, 0.09660415830527988, 0.1423567739954669, 0.11491450430959375]
Timestep: 158 State: 2 Beliefs: [0.11958572858067547, 0.1324358471763851, 0.14772398331515035, 0.1655439339767048, 0.07529458873002036, 0.12621489818431464, 0.08421147945771505, 0.1489895405790343]
Timestep: 159 State: 1 Beliefs: [0.10350267632617441, 0.07230755876316154, 0.18352947702127279, 0.14452946315425233, 0.10696902419792978, 0.10316169884572568, 0.1600000568903404, 0.12600004480114305]
Timestep: 160 State: 2 Beliefs: [0.09485905494338667, 0.11725126203487468, 0.1299019933147046, 0.1465634591273482, 0.08679646733611754, 0.14934335305654906, 0.0994082592342014, 0.1758761509528178]
Timestep: 161 State: 5 Beliefs: [0.10257301448826836, 0.08042273972349064, 0.18372804475737137, 0.14468583524642997, 0.10565816833482392, 0.09662266103604544, 0.16017316722437505, 0.12613636918919538]
Timestep: 162 State: 5 Beliefs: [0.07068775907046178, 0.08740007140345675, 0.09982477677461064, 0.1092496326696657, 0.10595443080789524, 0.18488447917756487, 0.1234995847570134, 0.2184992653393314]
Timestep: 163 State: 0 Beliefs: [0.08433842673588572, 0.1161648622446975, 0.12648129721663745, 0.14520547300329745, 0.08437326036002882, 0.17070292245065088, 0.09848719038484523, 0.1742465676039569]
Timestep: 164 State: 2 Beliefs: [0.14272566840786444, 0.07841913876979813, 0.18499788566712944, 0.09802359540992842, 0.12691324219060318, 0.10557349681158512, 0.14571865825117716, 0.11762831449191408]
Timestep: 165 State: 4 Beliefs: [0.12516391789377565, 0.06574536033963634, 0.27081491185088336, 0.13149004877940554, 0.07814285954111722, 0.06370026599488714, 0.14660159169882975, 0.11834104390146498]
Timestep: 166 State: 2 Beliefs: [0.09188965009453512, 0.11641590107865271, 0.12425336157299398, 0.14551942295747397, 0.1025066719902251, 0.14609155440338542, 0.09870013035376497, 0.17462330754896876]
Timestep: 167 State: 2 Beliefs: [0.10974410302695006, 0.06708219330526251, 0.2626909081170881, 0.13416406847802384, 0.08931943267951609, 0.06666870865385768, 0.1495829241090803, 0.12074766163022144]
Timestep: 168 State: 2 Beliefs: [0.10516873481829288, 0.065675673925938, 0.2826644465179723, 0.1313510738855592, 0.08852826487229333, 0.061949194419489234, 0.14644664506345179, 0.11821596649700328]
Timestep: 169 State: 2 Beliefs: [0.09955678774060728, 0.06464959947901486, 0.3016573259086637, 0.12929893042256835, 0.08351417004535482, 0.06079549077622803, 0.14415865824725155, 0.1163690373803115]
Timestep: 170 State: 5 Beliefs: [0.09557930947868057, 0.06444104686896271, 0.31091217619888206, 0.12888184200029953, 0.07995533524776083, 0.06054299662272122, 0.1436936357824235, 0.11599365780026957]
Timestep: 171 State: 0 Beliefs: [0.07517649854161045, 0.11406593945752114, 0.13528484845533248, 0.14258215911588137, 0.08369912837400613, 0.18138493589016688, 0.0967078992264239, 0.17109859093905766]
Timestep: 172 State: 2 Beliefs: [0.14956883938622223, 0.08916466312217652, 0.2194894415322651, 0.11145561200763064, 0.10870005732757299, 0.09704664601174245, 0.12426468980552252, 0.10031005080686757]
Timestep: 173 State: 0 Beliefs: [0.13592997104890903, 0.08736956144658395, 0.243282654512196, 0.1092116714946997, 0.10593787444227513, 0.09821489911825479, 0.12176286359185175, 0.09829050434522972]
Timestep: 174 State: 2 Beliefs: [0.15790239553520335, 0.08679443078928263, 0.2305161722499011, 0.10849276518818239, 0.10447267963182454, 0.09321673122643251, 0.12096133670980934, 0.09764348866936416]
Timestep: 175 State: 2 Beliefs: [0.11530263274321113, 0.06494968813242771, 0.2810664083838151, 0.1298990541937727, 0.07789985712946206, 0.06914545917612737, 0.14482775146678836, 0.11690914877439544]
Timestep: 176 State: 2 Beliefs: [0.10766516834727807, 0.06511849358950923, 0.29072726732119, 0.13023674895146312, 0.07675131101029012, 0.06708368080344072, 0.14520425592051184, 0.11721307405631681]
Timestep: 177 State: 4 Beliefs: [0.10105732076814934, 0.06454732156500216, 0.30540075418479373, 0.12909441072154026, 0.07572170624922957, 0.0640628828186291, 0.14393063404326953, 0.11618496964938627]
Timestep: 178 State: 0 Beliefs: [0.07891709264366055, 0.11560441487243553, 0.137495576768688, 0.1445052631979079, 0.10354723609663677, 0.148511835109818, 0.09801226547336363, 0.17340631583748947]
Timestep: 179 State: 4 Beliefs: [0.10401141906191669, 0.1337653944871375, 0.14682136449202957, 0.16720653012268272, 0.0815935477997213, 0.13105863203760262, 0.08505723488849513, 0.15048587711041445]
Timestep: 180 State: 4 Beliefs: [0.0724774083725964, 0.11950407553861031, 0.0790644979072244, 0.13177416317870733, 0.10543630097726336, 0.22819522766818348, 0.09883062238403051, 0.16471770397338414]
Timestep: 181 State: 0 Beliefs: [0.08561564142483094, 0.10233444625427304, 0.07358151410837024, 0.08921452899521733, 0.14077618190265756, 0.22919742263397044, 0.10085120669024568, 0.17842905799043465]
Timestep: 182 State: 2 Beliefs: [0.11886124415033182, 0.13258729648545034, 0.13367255459548605, 0.16573394943874534, 0.08196253853676724, 0.13371372280124763, 0.08430813949710089, 0.14916055449487078]
Timestep: 183 State: 4 Beliefs: [0.10074562693254915, 0.07797199887834037, 0.18328337200866404, 0.14433565545682295, 0.10703453621948626, 0.10101222245730265, 0.15978550380242507, 0.12583108424440975]
Timestep: 184 State: 0 Beliefs: [0.10712858810452386, 0.1395825047574546, 0.1029705283792656, 0.12168721780547553, 0.12055379349006506, 0.1795170279329308, 0.08253567816371384, 0.14602466136657064]
Timestep: 185 State: 2 Beliefs: [0.16394893039304895, 0.08776443505445351, 0.2083758061681713, 0.10970549178333627, 0.12220561683717344, 0.0869513407973926, 0.12231343636142121, 0.09873494260500265]
Timestep: 186 State: 2 Beliefs: [0.15065492790918983, 0.0871141902933804, 0.22341644050287257, 0.108892685314904, 0.1266226588758414, 0.08388846251408001, 0.12140721780631834, 0.0980034167834136]
Timestep: 187 State: 2 Beliefs: [0.11092598260551743, 0.06453635700501188, 0.2843881279852137, 0.12907264917156805, 0.08940648720234758, 0.061598640236883315, 0.14390637153904676, 0.11616538425441125]
Timestep: 188 State: 2 Beliefs: [0.1027617718585095, 0.0651574609811633, 0.29266169561612043, 0.13031487654543017, 0.08533340817201315, 0.061196035578508626, 0.14529136235736767, 0.11728338889088716]
Timestep: 189 State: 2 Beliefs: [0.10142067673129891, 0.06533188841009997, 0.2963026196804655, 0.13066373362462622, 0.08204863584284364, 0.06095477348194142, 0.1456803119665609, 0.11759736026216361]
Timestep: 190 State: 4 Beliefs: [0.10061729400859304, 0.06549772041098291, 0.2977315988652196, 0.1309953993600526, 0.08033359889910284, 0.06087843452161464, 0.146050094510387, 0.11789585942404736]
Timestep: 191 State: 1 Beliefs: [0.08146973895722363, 0.11687238916808328, 0.12884841098162672, 0.14609044130332985, 0.10776353817874268, 0.14455952209343506, 0.09908742975356287, 0.17530852956399584]
Timestep: 192 State: 4 Beliefs: [0.07333918669769988, 0.11678291897639106, 0.08028045888103054, 0.13380076480171757, 0.12274300728603448, 0.20545213375369112, 0.1003505736012882, 0.16725095600214696]
Timestep: 193 State: 0 Beliefs: [0.0923682294446771, 0.12874148921276052, 0.11741577663031648, 0.1446990835470116, 0.0923727275770464, 0.15262006709988785, 0.09814372623188614, 0.1736389002564139]
Timestep: 194 State: 4 Beliefs: [0.13253475810147422, 0.09896667237645192, 0.14449947995419915, 0.11379334046393182, 0.16555414575516061, 0.11947324708682187, 0.1259739056010967, 0.09920445066086364]
Timestep: 195 State: 4 Beliefs: [0.09251755645746, 0.12602091623838144, 0.12552487185989988, 0.14344249978171386, 0.09725477741208163, 0.1458169438778528, 0.09729143463455375, 0.17213099973805662]
Timestep: 196 State: 4 Beliefs: [0.07332996467563017, 0.11652265799313657, 0.08017459796649906, 0.1336243299441651, 0.13849667151311157, 0.19060311801912733, 0.10021824745812383, 0.16703041243020636]
Timestep: 197 State: 0 Beliefs: [0.10903082836692732, 0.1444799861245719, 0.09680410445268513, 0.12047106392422016, 0.12189094663523403, 0.1810469852126087, 0.08171080857468845, 0.1445652767090642]
Timestep: 198 State: 2 Beliefs: [0.15747936443409782, 0.09008539767593293, 0.20890836870072257, 0.10965207410876851, 0.12698207831329184, 0.08595197042862289, 0.12225387964067176, 0.09868686669789166]
Timestep: 199 State: 5 Beliefs: [0.10723769005791269, 0.06771835986254715, 0.26570623010757344, 0.1317471868312905, 0.10029297717799567, 0.061836806377244466, 0.14688828143727461, 0.11857246814816146]
Timestep: 200 State: 2 Beliefs: [0.0799576765585745, 0.11696612930817905, 0.11745741071686146, 0.14308300953000364, 0.09936580907721296, 0.17442274690933543, 0.09704760646382857, 0.17169961143600437]
Timestep: 201 State: 5 Beliefs: [0.10097027631387206, 0.07450670334339447, 0.1813316583091287, 0.14279868091843886, 0.13580868892790737, 0.08200882465553289, 0.15808400980795836, 0.1244911577237672]
Timestep: 202 State: 5 Beliefs: [0.08245819191872579, 0.11900181137962686, 0.12005394000244651, 0.14450751769880849, 0.09813721646439143, 0.164418506684326, 0.09801379461310487, 0.17340902123857013]
Timestep: 203 State: 4 Beliefs: [0.07363130403712322, 0.1143532357062345, 0.08006860574694327, 0.13344767624490544, 0.1385699151373043, 0.19303391063767839, 0.1000857571836791, 0.1668095953061318]
Timestep: 204 State: 0 Beliefs: [0.12526396882133356, 0.08015143564049926, 0.17646367922038914, 0.09724695580042302, 0.1405372936360635, 0.1190761886114984, 0.14456413130928558, 0.11669634696050762]
Timestep: 205 State: 2 Beliefs: [0.12494240522199494, 0.07851194159702736, 0.18115829041866646, 0.09641357513348889, 0.14079940767270233, 0.11915283482137365, 0.1433252549745596, 0.11569629016018666]
Timestep: 206 State: 2 Beliefs: [0.10832293891838637, 0.06808514137148951, 0.25162589459290313, 0.13377139538742594, 0.09090399324524652, 0.07775125771883955, 0.14914512291702564, 0.12039425584868337]
Timestep: 207 State: 2 Beliefs: [0.09852318287999959, 0.06715617068670275, 0.27243739882936735, 0.13278617730051748, 0.08772528641002125, 0.07381754604906542, 0.14804667827386053, 0.11950755957046574]
Timestep: 208 State: 2 Beliefs: [0.09675197107434792, 0.06634812259722657, 0.2875446046642222, 0.13123874360201226, 0.08401550272834223, 0.06966478091188363, 0.146321405180154, 0.11811486924181105]
Timestep: 209 State: 2 Beliefs: [0.0956999561790798, 0.0661237065188858, 0.2955800656237562, 0.13086091917885564, 0.08147074107268747, 0.06658962502157835, 0.1459001591441868, 0.11777482726097008]
Timestep: 210 State: 2 Beliefs: [0.09527073140687864, 0.06619367373045557, 0.29848427666411903, 0.1310472609919992, 0.0801249466939649, 0.06482865926004702, 0.1461079163597364, 0.11794253489279931]
Timestep: 211 State: 2 Beliefs: [0.09513911212547295, 0.06630793020669626, 0.29925816152614704, 0.1312997702020409, 0.07949465815147923, 0.06394112932136482, 0.146389445284962, 0.1181697931818368]
Timestep: 212 State: 2 Beliefs: [0.09511080783567978, 0.06638975401710376, 0.29938804629305393, 0.13147453827841923, 0.07920956348978406, 0.06351590698765182, 0.1465842986477301, 0.11832708445057731]
Timestep: 213 State: 2 Beliefs: [0.09510955830960627, 0.06643682609366064, 0.29937498946737584, 0.13157368856982085, 0.07907949721958282, 0.0633142768037476, 0.14669484382336742, 0.11841631971283878]
Timestep: 214 State: 0 Beliefs: [0.09511265314126972, 0.066461526135889, 0.29934782373732394, 0.13162536778140366, 0.0790190067670543, 0.06321832914617151, 0.14675246228762467, 0.1184628310032633]
Timestep: 215 State: 0 Beliefs: [0.09550820385187389, 0.11832799449444543, 0.1291190523097474, 0.14646744387885968, 0.08553847184538357, 0.14993476511678816, 0.09934313584827006, 0.17576093265463164]
Timestep: 216 State: 4 Beliefs: [0.07062323032753767, 0.1146717345763996, 0.08012965470250445, 0.13354942450417406, 0.1399945752335681, 0.19393253164746813, 0.10016206837813056, 0.16693678063021755]
Timestep: 217 State: 2 Beliefs: [0.1435621708270238, 0.07970037604367027, 0.17199479052714142, 0.0979009117927303, 0.13075016646275855, 0.11307420938113155, 0.14553628081426775, 0.11748109415127636]
Timestep: 218 State: 2 Beliefs: [0.12149298883498917, 0.06733362301359878, 0.2610413286714224, 0.13351829657577077, 0.0803551938549537, 0.06722916550107036, 0.14886293663000114, 0.12016646691819369]
Timestep: 219 State: 2 Beliefs: [0.11263801526310213, 0.06672470382483442, 0.27790919930184077, 0.13275172012142206, 0.07854525041141211, 0.06394630187750824, 0.1480082610906004, 0.11947654810927985]
Timestep: 220 State: 0 Beliefs: [0.1058304095525642, 0.06621879700567368, 0.28957133120598016, 0.13176025557286739, 0.07787416680726546, 0.06325795773121477, 0.14690285210885365, 0.11858423001558067]
Timestep: 221 State: 2 Beliefs: [0.1468863257013644, 0.07896153067342404, 0.1879211049635711, 0.09820241835507608, 0.12371317440529378, 0.10048805330554386, 0.14598449056963547, 0.1178429020260913]
Timestep: 222 State: 2 Beliefs: [0.11877668437955327, 0.06646699780988032, 0.2725143934466238, 0.13185364744858816, 0.0790873889442299, 0.06562562818665589, 0.14700697708073932, 0.11866828270372932]
Timestep: 223 State: 0 Beliefs: [0.10988235743640215, 0.06602512903068217, 0.28731083989888745, 0.13136690694205935, 0.07753858331356563, 0.06318166939067171, 0.1464642977398781, 0.11823021624785342]
Timestep: 224 State: 2 Beliefs: [0.10059647213603067, 0.11705745048617572, 0.13075169504748474, 0.14557953842962523, 0.08357266714588697, 0.1490058263130657, 0.09874090432618059, 0.17469544611555027]
Timestep: 225 State: 5 Beliefs: [0.09606864350632568, 0.07373428197300044, 0.18167226799936326, 0.14306691104949862, 0.13714880142566208, 0.08520314308047533, 0.1583809515891885, 0.12472499937648597]
Timestep: 226 State: 2 Beliefs: [0.09394869261459426, 0.11780980403881935, 0.1307535088445288, 0.1459557546425585, 0.08486414279706807, 0.15252511442945157, 0.09899607706190924, 0.17514690557107018]
Timestep: 227 State: 5 Beliefs: [0.09603673647137154, 0.07296560123202442, 0.1820305883754714, 0.14334908834568375, 0.13428744879365004, 0.08766620323002267, 0.15869333345553915, 0.12497100009623711]
Timestep: 228 State: 2 Beliefs: [0.0833434395340512, 0.10575228543420699, 0.08463264887013387, 0.09139283559044922, 0.12685915787070612, 0.22192032128687245, 0.10331364023268172, 0.18278567118089845]
Timestep: 229 State: 2 Beliefs: [0.10406255248617685, 0.06549056032636306, 0.29617807860359885, 0.12988864115760101, 0.07897297366651151, 0.06369127500935863, 0.14481614170854917, 0.11689977704184092]
Timestep: 230 State: 4 Beliefs: [0.10745726708213402, 0.06544697782300073, 0.2977134843010046, 0.13021636578237733, 0.07669213321116922, 0.060097512388061394, 0.14518153020811322, 0.1171947292041396]
Timestep: 231 State: 2 Beliefs: [0.118575321756854, 0.07774510673429898, 0.19995341350423917, 0.09669307073315613, 0.15219535583069116, 0.09506530260541565, 0.14374074395555747, 0.11603168487978734]
Timestep: 232 State: 0 Beliefs: [0.09845206869856613, 0.0650220180366822, 0.2965509674968381, 0.1291957232619622, 0.09007436787889012, 0.06038511372609278, 0.14404358996520258, 0.11627615093576596]
Timestep: 233 State: 0 Beliefs: [0.09420990674007257, 0.11615989156233188, 0.134467718218667, 0.14463986001448528, 0.0966000966832197, 0.14225113753662524, 0.0981035572272161, 0.17356783201738232]
Timestep: 234 State: 5 Beliefs: [0.10329924144865817, 0.07827728142693463, 0.11811611451246025, 0.09301644017856243, 0.20512798688772085, 0.1382472421818854, 0.14764514314057528, 0.11627055022320304]
Timestep: 235 State: 2 Beliefs: [0.08157306068472506, 0.10405696660862436, 0.09143805105599935, 0.08991797743481, 0.13361932288515452, 0.21791225718693377, 0.10164640927413304, 0.17983595486962]
Timestep: 236 State: 2 Beliefs: [0.10400412989461347, 0.06516754408387562, 0.29695502476751184, 0.12959156078035758, 0.08209907501289279, 0.06106534150032668, 0.14448491925810014, 0.11663240470232182]
Timestep: 237 State: 2 Beliefs: [0.1117232848704305, 0.06543496029975611, 0.2856519750008863, 0.13041037375408143, 0.08455227901586793, 0.059459956061947816, 0.14539783461835648, 0.11736933637867329]
Timestep: 238 State: 0 Beliefs: [0.10444138715136242, 0.06489976658308397, 0.301222084115989, 0.1293308385219432, 0.08056761153699474, 0.05894632402402481, 0.14419423339685306, 0.11639775466974887]
Timestep: 239 State: 2 Beliefs: [0.14483365518932292, 0.07782592332092222, 0.20021327859720744, 0.09694902129527559, 0.12546713561455555, 0.09425092877152812, 0.14412123165685745, 0.1163388255543307]
Timestep: 240 State: 2 Beliefs: [0.11255463018399717, 0.06489436807998425, 0.2956576510217643, 0.1290904957518372, 0.07841522877253171, 0.059279910869019244, 0.14392626914421253, 0.11618144617665349]
Timestep: 241 State: 4 Beliefs: [0.10626541258515539, 0.06486607326191256, 0.30281618681027295, 0.12929813333864174, 0.07730004699006435, 0.05892805745101818, 0.14415776955815726, 0.11636832000477756]
Timestep: 242 State: 2 Beliefs: [0.11803458262515559, 0.07732789800915793, 0.20295785012146844, 0.09634173893803086, 0.15284831725653053, 0.09366106067882737, 0.14321846564519214, 0.11561008672563701]
Timestep: 243 State: 0 Beliefs: [0.09723473139666643, 0.06477091674047519, 0.2995914783429206, 0.1290618509742099, 0.09003257632627759, 0.0592584479878331, 0.14389433235482807, 0.11615566587678892]
Timestep: 244 State: 2 Beliefs: [0.15655283450633964, 0.08800252945840985, 0.22394424393598575, 0.1097635681628059, 0.12052882682701693, 0.08004259857244489, 0.12237818719047165, 0.09878721134652531]
Timestep: 245 State: 2 Beliefs: [0.10823850124307494, 0.06425119344111871, 0.29657958765529835, 0.12812298829819935, 0.08598275803098178, 0.058666711327492245, 0.1428475705354551, 0.11531068946837941]
Timestep: 246 State: 5 Beliefs: [0.102787227291492, 0.06462320805960531, 0.3014431770174187, 0.1289770462358665, 0.0835127906332193, 0.05877742774983125, 0.14379978140028699, 0.11607934161227985]
Timestep: 247 State: 0 Beliefs: [0.0772926682007075, 0.11387335179294546, 0.13949970152234736, 0.14205386416016294, 0.08616920884084527, 0.17429699106042446, 0.0963495774303714, 0.17046463699219552]
Timestep: 248 State: 4 Beliefs: [0.12771330297088232, 0.09582390910131316, 0.14454924787595808, 0.11383253270231697, 0.17098421783060294, 0.1218408782455586, 0.126017293020066, 0.09923861825330198]
Timestep: 249 State: 4 Beliefs: [0.08291753403179655, 0.11448930706667518, 0.15061393052339922, 0.14251597196920374, 0.08559284307121683, 0.15618823989989972, 0.09666300707476429, 0.17101916636304448]
Timestep: 250 State: 4 Beliefs: [0.07012327688436758, 0.11204539501117904, 0.07979986600542822, 0.1329997766757137, 0.13712913200077662, 0.2019030000711074, 0.09974983250678529, 0.16624972084464212]
Timestep: 251 State: 2 Beliefs: [0.06223138897845916, 0.08639397808003316, 0.09926124746180932, 0.10780998156533195, 0.11861104162154176, 0.1882002460883072, 0.12187215307385349, 0.2156199631306639]
Timestep: 252 State: 4 Beliefs: [0.1045143239805729, 0.06720508455550323, 0.27079796828243563, 0.1342861082267841, 0.08581145335618473, 0.06680857487290956, 0.14971898932150404, 0.12085749740410567]
Timestep: 253 State: 2 Beliefs: [0.11376290666700652, 0.07697206401316306, 0.18985849903264432, 0.09614944977140687, 0.1568375780711987, 0.10810754783483063, 0.14293261488406156, 0.11537933972568824]
Timestep: 254 State: 2 Beliefs: [0.09783466685648766, 0.06503586301325726, 0.28515877835765474, 0.12997950426011037, 0.09412421636795211, 0.06596797002342016, 0.14491744728701858, 0.11698155383409932]
Timestep: 255 State: 4 Beliefs: [0.09353553991102442, 0.06487328408043189, 0.293035343131714, 0.12969151596800485, 0.09193066943948906, 0.0656149212651469, 0.1445963618329845, 0.11672236437120437]
Timestep: 256 State: 5 Beliefs: [0.10793601593672328, 0.07634307554276186, 0.19985771908040167, 0.09538935271787218, 0.16500779805552127, 0.09919613584258563, 0.1418026795626876, 0.1144672232614466]
Timestep: 257 State: 0 Beliefs: [0.07490683636312566, 0.11351241025555063, 0.13482731264893902, 0.14183597074870238, 0.10306460042828182, 0.16544791580131593, 0.09620178885564162, 0.17020316489844284]
Timestep: 258 State: 4 Beliefs: [0.09737818580800427, 0.13305242350009894, 0.1472223963076024, 0.16627618897836718, 0.08543086252690013, 0.13640739840515345, 0.08458397439334331, 0.14964857008053045]
Timestep: 259 State: 4 Beliefs: [0.10288169388353513, 0.07814104761140733, 0.11781057326135916, 0.09277582644332033, 0.20477241015663594, 0.14038544901289254, 0.14726321657669894, 0.11596978305415043]
Timestep: 260 State: 0 Beliefs: [0.09625444151571841, 0.13592635315279408, 0.10377428593521285, 0.11844360628004465, 0.1228966561519409, 0.20023666603829224, 0.08033566338994332, 0.14213232753605357]
Timestep: 261 State: 2 Beliefs: [0.10792052769205493, 0.13169212956340662, 0.14312455044188627, 0.16458466008488948, 0.08879243902438935, 0.1320359981172682, 0.08372350099970464, 0.1481261940764005]
Timestep: 262 State: 5 Beliefs: [0.09520933757817375, 0.07239779331360041, 0.18197170202985316, 0.14330271534850939, 0.13357523369089244, 0.08997064904244961, 0.15864199664141043, 0.12493057235511074]
Timestep: 263 State: 2 Beliefs: [0.08422463179386944, 0.11547904052715337, 0.12239265108439573, 0.14432020949166796, 0.10578613182086569, 0.15672633310639333, 0.09788675078565304, 0.17318425139000151]
Timestep: 264 State: 0 Beliefs: [0.0960944856611126, 0.07221219467830765, 0.18258161241141632, 0.14378301977399036, 0.13426537673957467, 0.08654029806114115, 0.1591737133843117, 0.12534929929014546]
Timestep: 265 State: 0 Beliefs: [0.08013337579523372, 0.11545581565996857, 0.1269035867280752, 0.14429106219158574, 0.1058384930666748, 0.15636141061600503, 0.09786698131255381, 0.17314927462990287]
Timestep: 266 State: 4 Beliefs: [0.09618874215322924, 0.13768744967855734, 0.09890908675444707, 0.16484847792407845, 0.120273233122691, 0.1521505180831541, 0.08622843460644104, 0.14371405767740172]
Timestep: 267 State: 0 Beliefs: [0.11196411412670286, 0.07743523105955251, 0.11778646369306874, 0.09275684015829161, 0.21650609279649816, 0.12037212835168555, 0.1472330796163359, 0.11594605019786451]
Timestep: 268 State: 2 Beliefs: [0.09193799731133849, 0.11413154924692699, 0.1260627539762533, 0.14261791647651903, 0.09795972395569001, 0.15941640721650607, 0.09673215204494334, 0.1711414997718228]
Timestep: 269 State: 5 Beliefs: [0.11420781714500172, 0.07174623284673932, 0.18180241036141917, 0.14316939815961763, 0.12828309260222515, 0.07748229273845221, 0.15849440903303208, 0.1248143471135128]
Timestep: 270 State: 0 Beliefs: [0.08314705579491387, 0.11540288388051485, 0.127392881207612, 0.1442261409100701, 0.10317568945444994, 0.15576103191265542, 0.09782294774769973, 0.17307136909208412]
Timestep: 271 State: 4 Beliefs: [0.12032798175407383, 0.07786178725462442, 0.11847464864026339, 0.0932987858042074, 0.1977754867550211, 0.12754451673622136, 0.14809331080032923, 0.11662348225525924]
Timestep: 272 State: 2 Beliefs: [0.09368659807267174, 0.11410133539142571, 0.1271469458096075, 0.14258410867730115, 0.09699776608687245, 0.1576730940117122, 0.09670922153764774, 0.17110093041276137]
Timestep: 273 State: 5 Beliefs: [0.11031104109982229, 0.07167614502649979, 0.1817730187125472, 0.14314625223613095, 0.12886832715901447, 0.0809622616055994, 0.1584687855442719, 0.12479416861611414]
Timestep: 274 State: 2 Beliefs: [0.1002632123724943, 0.13811719851302345, 0.10963839468917237, 0.12039407091617584, 0.12307254777189941, 0.18238310340772174, 0.08165858723010186, 0.144472885099411]
Timestep: 275 State: 2 Beliefs: [0.10373055685741353, 0.06439735791145657, 0.2902272056663305, 0.12877831328214542, 0.09071864639425191, 0.06266922894676584, 0.1435782089877054, 0.11590048195393089]
Timestep: 276 State: 0 Beliefs: [0.09576425203593252, 0.06473554872011812, 0.2923881880593831, 0.12945902760194455, 0.09370525637972489, 0.06309744770644138, 0.14433715465470534, 0.1165131248417501]
Timestep: 277 State: 2 Beliefs: [0.10766525457775744, 0.13219993949685888, 0.1545194782791965, 0.16523407187064698, 0.08086704691776243, 0.12674969022260543, 0.08405385395158999, 0.14871066468358227]
Timestep: 278 State: 5 Beliefs: [0.10600855807697665, 0.07169514988982674, 0.1819037783748978, 0.14324922547023203, 0.12698336750586905, 0.08669319938131552, 0.15858278114734678, 0.12488394015353561]
Timestep: 279 State: 4 Beliefs: [0.08865559211204377, 0.11606634843505216, 0.1384678834346776, 0.1450642871949984, 0.0905001091460836, 0.14877720546740847, 0.09839142957573804, 0.17407714463399804]
Timestep: 280 State: 4 Beliefs: [0.07773913024175835, 0.11235641271137935, 0.08085980291565023, 0.13476633819275038, 0.1342345171693866, 0.1905111223835743, 0.10107475364456278, 0.16845792274093796]
Timestep: 281 State: 0 Beliefs: [0.1215291536625199, 0.0771972420062227, 0.19821305992124358, 0.09648339636627307, 0.1489448526832715, 0.09842317079436255, 0.14342904892657907, 0.11578007563952768]
Timestep: 282 State: 2 Beliefs: [0.1576889891889154, 0.08689991545342789, 0.22396029263554157, 0.10861459513885774, 0.12136953730396073, 0.08261636664129966, 0.12109716801302498, 0.09775313562497197]
Timestep: 283 State: 2 Beliefs: [0.11485865020010537, 0.0646314289989128, 0.27947115691998264, 0.12925282362543764, 0.09016318672449716, 0.06118795965891399, 0.14410725260925655, 0.11632754126289387]
Timestep: 284 State: 4 Beliefs: [0.10739702973821884, 0.06486459669771875, 0.2896522684124624, 0.1297217998243824, 0.08627875023168072, 0.06070580918073651, 0.1446301260728562, 0.11674961984194415]
Timestep: 285 State: 4 Beliefs: [0.08233842942113558, 0.11544526793725786, 0.1331645807144056, 0.1442987408997441, 0.1107246670963425, 0.14299763537159513, 0.09787218947982644, 0.17315848907969292]
Timestep: 286 State: 0 Beliefs: [0.1160819145913516, 0.0774624414693215, 0.1881584002717513, 0.09682404169438975, 0.16634395081526288, 0.09500496003866707, 0.14393544108598835, 0.1161888500332677]
Timestep: 287 State: 2 Beliefs: [0.12858039459191087, 0.07599078612847805, 0.18821048923874495, 0.09498441000415912, 0.16363913734746774, 0.09341278566314018, 0.1412007050211082, 0.11398129200499095]
Timestep: 288 State: 2 Beliefs: [0.10980421458817906, 0.06558469609470007, 0.26333613692805463, 0.13116386029118537, 0.10537694411245299, 0.060448757846472176, 0.14623791587688878, 0.11804747426206685]
Timestep: 289 State: 0 Beliefs: [0.10078449397440334, 0.06544407636449047, 0.28143959288274417, 0.1308846359813673, 0.09782504334568597, 0.05989938345900147, 0.14592660160907667, 0.11779617238323058]
Timestep: 290 State: 0 Beliefs: [0.15921954718168219, 0.08819344510590194, 0.2151270667368436, 0.11023906332809706, 0.12461861358985205, 0.08047877824727831, 0.12290832881505746, 0.09921515699528735]
Timestep: 291 State: 4 Beliefs: [0.11865703246979516, 0.13207229861660172, 0.14391124747154194, 0.1650850684100944, 0.08694025231352791, 0.12077948261030602, 0.08397805653904802, 0.14857656156908494]
Timestep: 292 State: 5 Beliefs: [0.10955492746838016, 0.07748801992651765, 0.11802036386269538, 0.09294103654187261, 0.20456181633852433, 0.1337320853562999, 0.1475254548283692, 0.11617629567734075]
Timestep: 293 State: 2 Beliefs: [0.09983025114188052, 0.11514746666868982, 0.11642329719224943, 0.14392674742687825, 0.11294104421378004, 0.1413992155808203, 0.09761988086344786, 0.1727120969122539]
Timestep: 294 State: 4 Beliefs: [0.1005439983191886, 0.07187308738570505, 0.1824641181160927, 0.143690493016423, 0.1283269756972057, 0.08876141006780722, 0.1590712824601834, 0.12526863493739443]
Timestep: 295 State: 2 Beliefs: [0.08446043226964663, 0.10328864139381562, 0.07434535151265143, 0.090043585493929, 0.15618831101206762, 0.20979810633689452, 0.10178840099313714, 0.180087170987858]
Timestep: 296 State: 5 Beliefs: [0.14252413269743533, 0.08716638755215045, 0.2306198398866218, 0.10895537913349504, 0.13185211416293077, 0.07934518861181697, 0.12147711673540416, 0.09805984122014554]
Timestep: 297 State: 2 Beliefs: [0.08772957127960108, 0.11282822784083221, 0.12579669630207757, 0.14103240179554624, 0.10293839729563264, 0.16477906385293645, 0.09565675947871832, 0.16923888215465546]
Timestep: 298 State: 5 Beliefs: [0.0998768489774628, 0.0716699846770967, 0.1819804330492461, 0.1433095910262813, 0.13772045679246586, 0.08185651064237205, 0.15864960829934274, 0.12493656653573242]
Timestep: 299 State: 2 Beliefs: [0.08500237384696763, 0.11532389936370914, 0.12456952327329499, 0.14415187889035389, 0.09847635883808636, 0.16172113239353197, 0.09777257872563135, 0.17298225466842468]
Timestep: 300 State: 4 Beliefs: [0.09937805755799439, 0.07171281931258046, 0.18210279500535806, 0.14340595106671947, 0.13356394569025756, 0.08605957581707374, 0.15875628282518395, 0.12502057272483239]
Timestep: 301 State: 2 Beliefs: [0.08441337002333266, 0.11544934599494247, 0.12555515943354606, 0.1443087793393668, 0.0973995455864832, 0.1618242662544745, 0.09787899816061402, 0.17317053520724018]
Timestep: 302 State: 4 Beliefs: [0.09899557273689898, 0.07164154103197624, 0.1819317707723317, 0.14327126948321123, 0.13962609244051463, 0.08102341074818348, 0.15860718477587893, 0.12490315801100467]
Timestep: 303 State: 0 Beliefs: [0.09808640010122048, 0.1381263320961218, 0.10914980349862745, 0.12041622176159142, 0.11488743070926696, 0.1931607344374871, 0.08167361128177505, 0.1444994661139097]
Timestep: 304 State: 0 Beliefs: [0.08322026726655384, 0.11448561231699023, 0.14171410401293452, 0.14310612416857244, 0.09753434455430884, 0.15114891445966927, 0.09706328421868393, 0.17172734900228695]
Timestep: 305 State: 4 Beliefs: [0.13003333369331585, 0.09449980691392401, 0.1439913296930913, 0.11339317213330942, 0.18976482681755377, 0.10393104197707158, 0.12553090280936166, 0.09885558596237232]
Timestep: 306 State: 2 Beliefs: [0.09678337739642506, 0.11394734218580128, 0.12981039820020954, 0.1424327005825755, 0.09445866337558284, 0.1550417502086551, 0.09660652735165992, 0.1709192406990906]
Timestep: 307 State: 5 Beliefs: [0.09844024930726934, 0.07153681450777441, 0.1816718391345688, 0.14306657331847294, 0.1444818425560653, 0.07769739852447947, 0.15838057770705996, 0.12472470494430975]
Timestep: 308 State: 2 Beliefs: [0.08820698743360779, 0.11548108627476472, 0.12783522677922404, 0.14435069341113402, 0.09200803047287177, 0.16098971669965892, 0.09790742683537786, 0.1732208320933608]
Timestep: 309 State: 5 Beliefs: [0.13061419153269285, 0.09492438356611689, 0.14464258634678753, 0.11390603674809516, 0.18055533726112316, 0.10995610082144051, 0.12609866502027628, 0.09930269870346757]
Timestep: 310 State: 2 Beliefs: [0.09016664331686955, 0.11394167765295281, 0.1381931918117117, 0.14242626037328218, 0.09293384745203326, 0.15482470773550758, 0.09660215920970444, 0.17091151244793862]
Timestep: 311 State: 4 Beliefs: [0.09851643355912856, 0.07172488241724254, 0.1821547106362193, 0.1434468346260227, 0.13285359033813735, 0.08744579101514104, 0.15880154260593476, 0.12505621480217363]
Timestep: 312 State: 4 Beliefs: [0.08745529528094721, 0.1156712395870806, 0.12821999222695218, 0.14458843905498003, 0.09126446728791486, 0.16122575929364094, 0.0980686804025082, 0.17350612686597602]
Timestep: 313 State: 5 Beliefs: [0.07299653672916069, 0.1123738257556091, 0.08090809742067796, 0.13484682903446327, 0.14812622903609196, 0.18105482395507055, 0.10113512177584745, 0.16855853629307907]
Timestep: 314 State: 2 Beliefs: [0.07927343792058879, 0.1161490196228431, 0.13644900263077608, 0.1451858882478652, 0.10082688402010082, 0.14941879484879222, 0.09847390681159555, 0.17422306589743825]
Timestep: 315 State: 5 Beliefs: [0.09754043600436109, 0.07174131191558392, 0.18219779424916735, 0.1434807629712193, 0.13610687722555723, 0.08500792159582532, 0.15883910267876128, 0.12508579335952452]
Timestep: 316 State: 2 Beliefs: [0.0847977216495329, 0.11575617985712976, 0.12150043354418552, 0.1446948711977617, 0.10025559932454765, 0.16122047982930734, 0.09814086916022098, 0.17363384543731403]
Timestep: 317 State: 4 Beliefs: [0.09786464277170376, 0.07173332633971662, 0.18217809161771914, 0.14346524714895384, 0.13247522017604732, 0.08838927917491361, 0.15882192602570386, 0.1250722667452418]
Timestep: 318 State: 2 Beliefs: [0.08471132937936054, 0.11577947676989278, 0.12177093700691137, 0.14472400181231257, 0.09994583995633302, 0.16123898558423738, 0.09816062731617722, 0.17366880217477507]
Timestep: 319 State: 5 Beliefs: [0.09774701334086144, 0.07165816264935355, 0.1819875147823096, 0.14331516789106882, 0.13801236496941582, 0.08368256583122471, 0.15865578211791093, 0.12494142841785488]
Timestep: 320 State: 2 Beliefs: [0.08344910550601903, 0.1155045643566995, 0.12797872017391754, 0.14438047124186842, 0.09665305211109183, 0.16084989714741602, 0.09792762397274556, 0.17325656549024213]
Timestep: 321 State: 4 Beliefs: [0.09775733797975078, 0.07172131065005023, 0.18214806385175797, 0.14344160028325942, 0.13287849688328318, 0.08820579084957555, 0.15879574797332746, 0.1250516515289954]
Timestep: 322 State: 2 Beliefs: [0.0833735210499269, 0.11554017826057704, 0.12808654968448413, 0.14442499736820524, 0.09640192829237407, 0.16090500420067322, 0.09795782430191312, 0.17330999684184625]
Timestep: 323 State: 0 Beliefs: [0.08801666130288195, 0.1366757706252672, 0.0984059113923367, 0.16400985232056117, 0.12487408178982526, 0.1592450054860885, 0.08578976890613971, 0.14298294817689947]
Timestep: 324 State: 4 Beliefs: [0.07807077097278803, 0.11150166626006106, 0.08028067992968771, 0.13380113321614617, 0.1419068718203136, 0.18683661136871121, 0.10035084991210963, 0.16725141652018272]
Timestep: 325 State: 0 Beliefs: [0.11271339358037986, 0.07757040042678243, 0.2156569572413145, 0.09696290662056753, 0.1369248237849408, 0.09967415727583351, 0.14414187312550036, 0.11635548794468104]
Timestep: 326 State: 4 Beliefs: [0.13554462738306494, 0.07686885432130632, 0.18638026465953517, 0.0960860200089979, 0.13698143405721402, 0.10999725327705134, 0.1428383222820327, 0.11530322401079748]
Timestep: 327 State: 0 Beliefs: [0.12971851142131366, 0.0767418658256594, 0.18503747557467404, 0.09592728444883808, 0.14744800543391584, 0.10741176474648176, 0.14260235121051154, 0.11511274133860569]
Timestep: 328 State: 2 Beliefs: [0.15772125482316401, 0.08790109227293617, 0.20575538951384176, 0.10987632816055833, 0.1251492038060582, 0.09220412990589857, 0.1225039061730404, 0.0988886953445025]
Timestep: 329 State: 2 Beliefs: [0.11378356264883775, 0.06549335473321627, 0.2652108708040462, 0.13098667159699645, 0.09073590644412635, 0.06986126562957518, 0.14604036370590498, 0.1178880044372968]
Timestep: 330 State: 0 Beliefs: [0.1064754042192503, 0.06554514294391851, 0.27760547126516266, 0.13109025869014143, 0.08648633849987471, 0.0686602959761436, 0.14615585558438154, 0.1179812328211273]
Timestep: 331 State: 0 Beliefs: [0.14323143127603433, 0.07702279905009407, 0.18932329917810775, 0.09627847979197303, 0.13303362652290748, 0.10245176175468704, 0.14312442667582856, 0.11553417575036763]
Timestep: 332 State: 5 Beliefs: [0.11846526524437452, 0.13146478385610247, 0.14981872967401905, 0.16433092946261071, 0.07727635751210374, 0.12715166839911177, 0.08359442933532807, 0.14789783651634963]
Timestep: 333 State: 5 Beliefs: [0.08018958644568865, 0.11216023529426881, 0.08075500394286572, 0.13459167323810953, 0.1432898664450118, 0.17983028815783628, 0.10094375492858217, 0.16823959154763693]
Timestep: 334 State: 5 Beliefs: [0.08954990518339118, 0.11608174346613653, 0.13523637379565498, 0.14510213247131162, 0.08814247842586724, 0.15334770914630544, 0.09841709854575921, 0.17412255896557396]
Timestep: 335 State: 4 Beliefs: [0.0780894663353437, 0.11180081160087461, 0.08049630473490067, 0.13416050789150114, 0.12975299221566314, 0.19737890143871448, 0.10062038091862584, 0.1677006348643764]
Timestep: 336 State: 5 Beliefs: [0.08717459579339755, 0.11489653622356798, 0.12076246274005034, 0.14362062830327846, 0.08701236342312937, 0.17677640731215763, 0.09741225224048453, 0.17234475396393412]
Timestep: 337 State: 5 Beliefs: [0.07670115719682352, 0.11167140029107148, 0.08040313803107088, 0.13400523005178477, 0.13840423772601165, 0.19080437659966823, 0.1005039225388386, 0.167506537564731]
Timestep: 338 State: 2 Beliefs: [0.08136458571269606, 0.1140692928537321, 0.11696990489417736, 0.14258659137961754, 0.08586162292213712, 0.19133318712461916, 0.09671090545747972, 0.17110390965554104]
Timestep: 339 State: 4 Beliefs: [0.10326666425867702, 0.07173297475988867, 0.18217840959444873, 0.14346549755562837, 0.12222152156792142, 0.0932402439787532, 0.15882220323618607, 0.12507248504849652]
Timestep: 340 State: 4 Beliefs: [0.07608699423993698, 0.11132900453584786, 0.08015656961839644, 0.1335942826973274, 0.1369281671779209, 0.19471641633591572, 0.10019571202299556, 0.16699285337165923]
Timestep: 341 State: 4 Beliefs: [0.12160002281269461, 0.07781472999528723, 0.18904886172644414, 0.09726839573622567, 0.12836866543314834, 0.12458124619887728, 0.1445960032138519, 0.1167220748834708]
Timestep: 342 State: 0 Beliefs: [0.13080682366772992, 0.07634794153268715, 0.1793922242156412, 0.09543491651651433, 0.13932460834695018, 0.12230117269103587, 0.14187041320962426, 0.11452189981981718]
Timestep: 343 State: 2 Beliefs: [0.16044637042911916, 0.08725786001690726, 0.2031824161819972, 0.10907231610388005, 0.11662625972169441, 0.10364220032216583, 0.1216074927307439, 0.09816508449349205]
Timestep: 344 State: 2 Beliefs: [0.1183542570677047, 0.06484332371824951, 0.2643062914644286, 0.12968663847230888, 0.0859985711825864, 0.07550201968036822, 0.14459092378927568, 0.11671797462507798]
Timestep: 345 State: 2 Beliefs: [0.11008718242663439, 0.06525987410794457, 0.2766704841572038, 0.1305197416818309, 0.08290165995584366, 0.0715735184608835, 0.14551977169601146, 0.11746776751364782]
Timestep: 346 State: 0 Beliefs: [0.10285216788967554, 0.06494488449306733, 0.28968105867068805, 0.1298897627441705, 0.08170421456074294, 0.06920973297802847, 0.14481739219387366, 0.11690078646975346]
Timestep: 347 State: 0 Beliefs: [0.14174529236543074, 0.07726532446537072, 0.18879200917256883, 0.09658165103324132, 0.1286725382139464, 0.10747009242133114, 0.14357511108822144, 0.11589798123988956]
Timestep: 348 State: 2 Beliefs: [0.14657127402938142, 0.07639752288021788, 0.18475954715696705, 0.09549689642907905, 0.1312212580612588, 0.10899467521571926, 0.1419625505124817, 0.11459627571489485]
Timestep: 349 State: 2 Beliefs: [0.12044391417797526, 0.06536626636847565, 0.26737966137717856, 0.13073252272108352, 0.0837898610985224, 0.06887149713219326, 0.14575700667559607, 0.11765927044897517]
Timestep: 350 State: 0 Beliefs: [0.11135646884978646, 0.06535965320494189, 0.2827171306355525, 0.13071930009103205, 0.08074297033531871, 0.0657148423715874, 0.14574226442985214, 0.11764737008192885]
Timestep: 351 State: 0 Beliefs: [0.1008823622850049, 0.11549696590252097, 0.12825562684252562, 0.14437120066680964, 0.0864606424942418, 0.15336642490428068, 0.09792133610444481, 0.17324544080017157]
Timestep: 352 State: 5 Beliefs: [0.13169484583048965, 0.09469074296061429, 0.14429012111126946, 0.1136284703751247, 0.17702997055731975, 0.11381374376678717, 0.12579138763546566, 0.09906071776292921]
Timestep: 353 State: 2 Beliefs: [0.1021423592235531, 0.11374867182109927, 0.12454429243963265, 0.14218582503723975, 0.09124104702224628, 0.15907573308193515, 0.09643908132960609, 0.1706229900446877]
Timestep: 354 State: 5 Beliefs: [0.09959943955671735, 0.07168849993431048, 0.18206567502312243, 0.14337671908070893, 0.12709159716487528, 0.0924590589958996, 0.1587239218150298, 0.12499508842933599]
Timestep: 355 State: 2 Beliefs: [0.08868072450290176, 0.1033505676944081, 0.07616378617028162, 0.09010048837831293, 0.13211709696709714, 0.22753363353749728, 0.10185272599287547, 0.18020097675662586]
Timestep: 356 State: 2 Beliefs: [0.11214596791550306, 0.06561977869463913, 0.2767271647196357, 0.131239547389751, 0.08442666174058769, 0.06540298554560894, 0.1463223013434985, 0.11811559265077591]
Timestep: 357 State: 2 Beliefs: [0.11873917370029162, 0.06582178379085045, 0.2745796078231754, 0.13164356119672613, 0.08081781015983353, 0.0631461116640776, 0.1467727465879917, 0.11847920507705353]
Timestep: 358 State: 0 Beliefs: [0.11108157594433435, 0.06542079161690374, 0.2862722239925478, 0.13084157716440203, 0.08014825907230129, 0.06259955852004406, 0.14587859424150496, 0.11775741944796184]
Timestep: 359 State: 0 Beliefs: [0.15106953971756024, 0.07782514523225148, 0.1864930351377516, 0.09728142707791007, 0.12693845595688244, 0.09903930920564699, 0.14461537517850515, 0.11673771249349209]
Timestep: 360 State: 0 Beliefs: [0.17633363428122903, 0.08772049371699121, 0.20888848482863634, 0.10965060908907774, 0.11098341410720276, 0.08548556954364668, 0.12225224625304636, 0.09868554818016996]
Timestep: 361 State: 0 Beliefs: [0.12644183728386404, 0.13192354680210663, 0.14165017113515932, 0.16490442286725954, 0.07581015299999204, 0.12696972539426143, 0.08388616293682333, 0.14841398058053357]
Timestep: 362 State: 4 Beliefs: [0.07040862888346565, 0.1100966766445405, 0.07926942733851924, 0.13211571223086538, 0.12711599604622412, 0.21676213439465436, 0.09908678417314905, 0.16514464028858172]
Timestep: 363 State: 1 Beliefs: [0.09006800240954467, 0.1161061904728632, 0.13379404194680872, 0.1451327275665296, 0.09049002374751458, 0.15181189077525756, 0.09843785000164616, 0.1741592730798355]
Timestep: 364 State: 4 Beliefs: [0.07065451751671374, 0.11043009575794081, 0.07950958168378214, 0.1325159694729702, 0.13041983677378746, 0.2114380598488651, 0.09938697710472767, 0.16564496184121275]
Timestep: 365 State: 2 Beliefs: [0.086136985056117, 0.12871722918855127, 0.1320952488440225, 0.14468800489290953, 0.08796211979825441, 0.14863859433433277, 0.09813621201432124, 0.17362560587149142]
Timestep: 366 State: 5 Beliefs: [0.09673574120050897, 0.07148970464836356, 0.1815609621583743, 0.14297925769971978, 0.1306726711503103, 0.0936291637792564, 0.15828391572781347, 0.12464858363565313]
Timestep: 367 State: 1 Beliefs: [0.08544418901985175, 0.11271771166244045, 0.07976079186782259, 0.09115941217100883, 0.12775163619321317, 0.21779766446337467, 0.10304977028027085, 0.18231882434201765]
Timestep: 368 State: 0 Beliefs: [0.08522923324200278, 0.14675653265171673, 0.12508390004858286, 0.14351997058055893, 0.0861467140215651, 0.14369570471295867, 0.09734398004594433, 0.17222396469667073]
Timestep: 369 State: 4 Beliefs: [0.10231822851287062, 0.07698711736949339, 0.11731358733290044, 0.09238445002465909, 0.1991114882005671, 0.14976258186256006, 0.14664198416612553, 0.11548056253082384]
Timestep: 370 State: 2 Beliefs: [0.1439004570582741, 0.09767311840129314, 0.17908086394826794, 0.09679724363372993, 0.1248166905964184, 0.09767933003259285, 0.1438956039689478, 0.11615669236047592]
Timestep: 371 State: 4 Beliefs: [0.13200870401575587, 0.0760928558134024, 0.2510587769300848, 0.13291217336979935, 0.07862673423981273, 0.06149264510990722, 0.14818715448841804, 0.1196209560328194]
Timestep: 372 State: 0 Beliefs: [0.1455892094795485, 0.08518653343107384, 0.16628937658304907, 0.09766645289385179, 0.14737689357547515, 0.09550404865053418, 0.14518774191384534, 0.11719974347262214]
Timestep: 373 State: 2 Beliefs: [0.15525184030016018, 0.08737978806999082, 0.16663219400551887, 0.09690849417931426, 0.1383091750098834, 0.09516733004294507, 0.14406098537701043, 0.1162901930151771]
Timestep: 374 State: 2 Beliefs: [0.12234422881154577, 0.07493192554564018, 0.25049735901428977, 0.1332983318262663, 0.08912075296791547, 0.06122121084111924, 0.14861769234958347, 0.11996849864363966]
Timestep: 375 State: 1 Beliefs: [0.11387807432807928, 0.07162091101956719, 0.26598419727936, 0.13269390667274705, 0.08793016828852161, 0.060524422996488095, 0.14794380340976424, 0.11942451600547234]
Timestep: 376 State: 0 Beliefs: [0.08665162449177083, 0.15061259752611458, 0.12169883404947085, 0.14350519031748582, 0.08840462799441731, 0.13958694206789768, 0.09733395517185996, 0.17220622838098298]
Timestep: 377 State: 5 Beliefs: [0.08457231589203318, 0.1347704348132048, 0.09703465509273068, 0.16172442515455115, 0.11683103756144171, 0.1794822922961004, 0.08459431469622676, 0.14099052449371124]
Timestep: 378 State: 2 Beliefs: [0.0928324331528241, 0.147251262294923, 0.12091017640305401, 0.14362283777656706, 0.08433065991265368, 0.14129147428833908, 0.09741375083975853, 0.17234740533188048]
Timestep: 379 State: 0 Beliefs: [0.09504639484653361, 0.07160703231919432, 0.18185906212432795, 0.1432140114229083, 0.12533315206280973, 0.09954330874714837, 0.1585437977494141, 0.12485324072766363]
Timestep: 380 State: 0 Beliefs: [0.08975117222087006, 0.14417070805391927, 0.12414943402391862, 0.1442516688553526, 0.0860475030418814, 0.1406872488235697, 0.09784026235406522, 0.17310200262642308]
Timestep: 381 State: 5 Beliefs: [0.11236060217058183, 0.07736771789855332, 0.11789362772475613, 0.09284123183324546, 0.19008467753541108, 0.14603356838995046, 0.14736703465594517, 0.11605153979155682]
Timestep: 382 State: 4 Beliefs: [0.0981700493023942, 0.1413209889518495, 0.12779491939231477, 0.14217627086977888, 0.08380906632525625, 0.13968457900299563, 0.09643260111167612, 0.17061152504373464]
Timestep: 383 State: 5 Beliefs: [0.11253629156158822, 0.07723501551360726, 0.11769142501775734, 0.09268199720148391, 0.18581766769425165, 0.15107082523726004, 0.14711428127219667, 0.11585249650185488]
Timestep: 384 State: 2 Beliefs: [0.09806576806359232, 0.13727913308745962, 0.12035980936605228, 0.14249019816079808, 0.09467344842563859, 0.1394978793944385, 0.09664552570906304, 0.1709882377929577]
Timestep: 385 State: 5 Beliefs: [0.10322236438847492, 0.07151706995545214, 0.18163061253575685, 0.14303410737190853, 0.11674224146355416, 0.10081256641663233, 0.15834463656963416, 0.12469640129858693]
Timestep: 386 State: 0 Beliefs: [0.09346804929079819, 0.13974889344639527, 0.12093879661323581, 0.14422165683219468, 0.09066086224542012, 0.14007584700018164, 0.09781990637314075, 0.1730659881986336]
Timestep: 387 State: 5 Beliefs: [0.10725489675582676, 0.07735501646409906, 0.11787428731135866, 0.09282600125769493, 0.17940714169247948, 0.16190729580722418, 0.14734285913919828, 0.11603250157211865]
Timestep: 388 State: 2 Beliefs: [0.10680983807982326, 0.13396100621203974, 0.12069272271836694, 0.14272482204130738, 0.08844293340960618, 0.1392942291830095, 0.09680466190627805, 0.17126978644956886]
Timestep: 389 State: 5 Beliefs: [0.0993062779085545, 0.07164306475253966, 0.18195061586172187, 0.14328610999110597, 0.11354114822738702, 0.10673307354084108, 0.15862361382816778, 0.12491609588968214]
Timestep: 390 State: 0 Beliefs: [0.08706584815052887, 0.1239740280934793, 0.07585859194473098, 0.09021535819231705, 0.13137316489041112, 0.2090997135178011, 0.10198257882609753, 0.1804307163846341]
Timestep: 391 State: 2 Beliefs: [0.11325689864034554, 0.1278958614488314, 0.1195682351293393, 0.14372087150766596, 0.0860184148628238, 0.1395944293183344, 0.0974802432834604, 0.17246504580919914]
Timestep: 392 State: 5 Beliefs: [0.09647564845350776, 0.07180893128883824, 0.18237186581890472, 0.14361784433238747, 0.11230023238552059, 0.10922932015304795, 0.15899085738058358, 0.1252053001872096]
Timestep: 393 State: 2 Beliefs: [0.09743391847532036, 0.13804907574837139, 0.12127668304128615, 0.1445060177312658, 0.08726083574084888, 0.14005347074157326, 0.09801277724381509, 0.17340722127751898]
Timestep: 394 State: 5 Beliefs: [0.09479906422514066, 0.07195032691699929, 0.18273097026094462, 0.14390063908049391, 0.1129597200957388, 0.10890351743071065, 0.15930392279159275, 0.12545183919837932]
Timestep: 395 State: 4 Beliefs: [0.11216372647577527, 0.1647903031676299, 0.10505896353821845, 0.12048950070316879, 0.10377521945137694, 0.16741157229961812, 0.08172331352041012, 0.14458740084380253]
Timestep: 396 State: 0 Beliefs: [0.14710479532085852, 0.08570551381255527, 0.18157958254922976, 0.09530889449933638, 0.14194157889200107, 0.09230588850989146, 0.14168307301692393, 0.11437067339920366]
Timestep: 397 State: 2 Beliefs: [0.16874127090438568, 0.10333716396988897, 0.20566669143337968, 0.10878470923819057, 0.1153370040200537, 0.07894008958103083, 0.12128683253869903, 0.0979062383143715]
Timestep: 398 State: 0 Beliefs: [0.12202676086872277, 0.07846267189804676, 0.26192245054137153, 0.1301564558986392, 0.08623039349621307, 0.05894572182959933, 0.14511473515863205, 0.1171408103087753]
Timestep: 399 State: 2 Beliefs: [0.17520404565463876, 0.10298951276040905, 0.20012950078170977, 0.10951481512170186, 0.11227271800571825, 0.07922522795299025, 0.12210084611330042, 0.09856333360953166]
Timestep: 400 State: 4 Beliefs: [0.13127239101401839, 0.07440933040237516, 0.25906108058252103, 0.13005023003995644, 0.08429067821662811, 0.0588747814550364, 0.14499630125350366, 0.1170452070359608]
Timestep: 401 State: 0 Beliefs: [0.096402622241082, 0.12867037360252292, 0.11840111757184486, 0.1435193679156609, 0.10504505463989977, 0.13839465124826994, 0.09734357128192654, 0.1722232414987931]
Timestep: 402 State: 2 Beliefs: [0.16923107490646766, 0.09401163609540784, 0.19508790526170844, 0.11089649021204331, 0.12722332400542838, 0.08010141759915544, 0.1236413107289498, 0.09980684119083899]
Timestep: 403 State: 0 Beliefs: [0.12732762813909942, 0.07179186050626794, 0.24992230945465932, 0.13128855960115404, 0.09582743171378375, 0.0593055606424118, 0.14637694630158518, 0.11815970364103863]
Timestep: 404 State: 0 Beliefs: [0.15763269083339582, 0.08311077083278634, 0.16782330657291017, 0.09638789999769384, 0.1432967730351815, 0.09279599157004896, 0.14328708716075086, 0.11566547999723262]
Timestep: 405 State: 2 Beliefs: [0.1714917631945544, 0.08148023525675305, 0.1599247342005456, 0.0960154908568502, 0.14057777679559627, 0.09255793470714782, 0.14273347596033253, 0.11521858902822024]
Timestep: 406 State: 2 Beliefs: [0.14223652487933033, 0.07006537842746158, 0.23832109529772522, 0.13237886737162, 0.09045118744866225, 0.0598134078413395, 0.14759255809940316, 0.11914098063445798]
Timestep: 407 State: 2 Beliefs: [0.12867061004165833, 0.0694306755028593, 0.2560510105479281, 0.13241646037776644, 0.08687896648596838, 0.0597429912080215, 0.14763447149580824, 0.1191748143399898]
Timestep: 408 State: 2 Beliefs: [0.12126377740527919, 0.06779986954699166, 0.27393164857006636, 0.13080171587719444, 0.0836392683244094, 0.059008024105592534, 0.14583415188099141, 0.11772154428947502]
Timestep: 409 State: 2 Beliefs: [0.1153813625662644, 0.06681629940739349, 0.28493237531108206, 0.1303097930660496, 0.08121611376195956, 0.058779547470584004, 0.14528569465722244, 0.11727881375944461]
Timestep: 410 State: 2 Beliefs: [0.11164310347274561, 0.06644489912126716, 0.2893196496079997, 0.1306135203541999, 0.07989107063279081, 0.05891126057492224, 0.14562432791729452, 0.11755216831877993]
Timestep: 411 State: 0 Beliefs: [0.10969013289517504, 0.06636231619279115, 0.290435281126963, 0.13105151171439708, 0.07929601501344108, 0.059105726916283394, 0.14611265559799197, 0.11794636054295736]
Timestep: 412 State: 2 Beliefs: [0.15563676517331448, 0.07916110155236589, 0.18420491696870825, 0.09793618559613038, 0.1257212134838732, 0.09422767681809342, 0.145588717692158, 0.11752342271535646]
Timestep: 413 State: 2 Beliefs: [0.13189278527993847, 0.06710740645894527, 0.2600599164826419, 0.1322960734300646, 0.0823324825019362, 0.059744620726194186, 0.1475002490332213, 0.11906646608705815]
Timestep: 414 State: 2 Beliefs: [0.11965326374357234, 0.06643520878509178, 0.27872213813259855, 0.1315913553622821, 0.07909836733777427, 0.05935290583408272, 0.14671454097854436, 0.11843221982605388]
Timestep: 415 State: 2 Beliefs: [0.1129358761838256, 0.06596913393966686, 0.2893831258523326, 0.13077238815299816, 0.07846459734688345, 0.05897827552944623, 0.1458014536571487, 0.11769514933769835]
Timestep: 416 State: 4 Beliefs: [0.10897232960979052, 0.06592362355161288, 0.29364548652270506, 0.13073851520037624, 0.07833012383889866, 0.05896156975347041, 0.14576368784280758, 0.11766466368033864]
Timestep: 417 State: 2 Beliefs: [0.12716511007065728, 0.07849007670928103, 0.18652455746693894, 0.0973099035367942, 0.15545898106674647, 0.09362177955819477, 0.14465770734723435, 0.11677188424415302]
Timestep: 418 State: 2 Beliefs: [0.11065214056758052, 0.06649577873239941, 0.27175127404895044, 0.13180405958051686, 0.09427240888189432, 0.059448994257766306, 0.146951690308427, 0.11862365362246519]
Timestep: 419 State: 2 Beliefs: [0.10235781930949957, 0.06595449176017842, 0.2869337467014665, 0.13118496329762874, 0.09012505356319078, 0.05911601424594816, 0.1462614441542219, 0.11806646696786588]
Timestep: 420 State: 5 Beliefs: [0.10060458898347859, 0.06551081234773146, 0.2974403790001579, 0.13033477731818882, 0.08476516621646406, 0.05872942631374797, 0.14531355023386125, 0.11730129958636992]
Timestep: 421 State: 2 Beliefs: [0.08007881724211248, 0.11526589341607234, 0.1297389346434705, 0.14337044709677296, 0.08726265131330328, 0.1749961556543298, 0.09724256411781124, 0.17204453651612753]
Timestep: 422 State: 2 Beliefs: [0.1090669162262106, 0.06684426352350076, 0.2707203485688871, 0.1328913667929104, 0.0857657275390796, 0.06694519052787574, 0.1481639567079165, 0.11960223011361934]
Timestep: 423 State: 2 Beliefs: [0.10005936711257099, 0.06575416822263243, 0.29185418051873385, 0.13088298239084986, 0.07938557072557217, 0.06834428889882391, 0.145924757979052, 0.11779468415176485]
Timestep: 424 State: 2 Beliefs: [0.09831552900055364, 0.06517285814208236, 0.3032554241999663, 0.1297635812831507, 0.07791035495790498, 0.06411831998014297, 0.1446767092813635, 0.11678722315483561]
Timestep: 425 State: 2 Beliefs: [0.0977995580572838, 0.06511305074600449, 0.3077017115938394, 0.12966217595271687, 0.07703319653508219, 0.06143069885213615, 0.14456364990549178, 0.11669595835744519]
Timestep: 426 State: 2 Beliefs: [0.09771932439894768, 0.06521189682255367, 0.3088206997281629, 0.1298704326226986, 0.07667768514266973, 0.06002073137355974, 0.14479584055097888, 0.11688338936042873]
Timestep: 427 State: 2 Beliefs: [0.09776353316015023, 0.06530719608569843, 0.3089089845555938, 0.13006578430806648, 0.07654623883359395, 0.059335414077957255, 0.14501364310168008, 0.11705920587725982]
Timestep: 428 State: 0 Beliefs: [0.09781388656252585, 0.0653673961419528, 0.30880443554565146, 0.13018820769684106, 0.07649751756695689, 0.059009033514825074, 0.14515013604408994, 0.11716938692715695]
Timestep: 429 State: 4 Beliefs: [0.14542708532030463, 0.07870020841980614, 0.19758096125040375, 0.09796482837463344, 0.12270832285756227, 0.09442950262155815, 0.14563129710617154, 0.11755779404956014]
Timestep: 430 State: 4 Beliefs: [0.09624065770987036, 0.11719131938643856, 0.13183962851028772, 0.14550091928376985, 0.09573899230818315, 0.14019979962497833, 0.09868758003594824, 0.1746011031405238]
Timestep: 431 State: 0 Beliefs: [0.09271336320408355, 0.11763029093960653, 0.12515604164675012, 0.14642026794062804, 0.10219132332025005, 0.14087325316454544, 0.0993111382553825, 0.17570432152875365]
Timestep: 432 State: 0 Beliefs: [0.1420438863057734, 0.07833009097931456, 0.17988022454892316, 0.09757413978357952, 0.14618128665070862, 0.09385089171611384, 0.14505051227529134, 0.11708896774029542]
Timestep: 433 State: 2 Beliefs: [0.1562951620190145, 0.07726789586044043, 0.17594268237814795, 0.0962136440376325, 0.14318264106099418, 0.09261355782625023, 0.14302804397236116, 0.115456372845159]
Timestep: 434 State: 5 Beliefs: [0.17191716560741171, 0.08750849570742379, 0.21422503200712167, 0.10897130328209445, 0.11914229434288351, 0.07866666512645658, 0.12149487097272321, 0.09807417295388501]
Timestep: 435 State: 2 Beliefs: [0.09918245550093852, 0.11351969026456363, 0.12402507203395231, 0.14144444757366828, 0.09310865084550257, 0.16305011268648484, 0.09593623400648806, 0.1697333370884019]
Timestep: 436 State: 2 Beliefs: [0.11938409566275295, 0.06670987390331036, 0.2585249994207617, 0.13304333347506234, 0.08757482958063532, 0.06669047961220255, 0.14833338821771874, 0.1197390001275561]
Timestep: 437 State: 4 Beliefs: [0.11423352788999888, 0.06591181486220059, 0.27093466992620135, 0.13154478231359495, 0.08362414441281055, 0.06869814100809944, 0.14666261550485882, 0.11839030408223546]
Timestep: 438 State: 1 Beliefs: [0.08797737350967771, 0.1150090154606076, 0.12495985344404958, 0.14346588799644788, 0.10718969501030642, 0.1519318110377566, 0.09730729794541683, 0.17215906559573743]
Timestep: 439 State: 2 Beliefs: [0.08894373286759295, 0.12631764364861, 0.12639506736903405, 0.14402057426949966, 0.0989825250980093, 0.14483224768454142, 0.09768351993931282, 0.17282468912339957]
Timestep: 440 State: 0 Beliefs: [0.10619999255784814, 0.07210589481416074, 0.2674937498693062, 0.13244337505469198, 0.09243517996903382, 0.062458290833714014, 0.14766447935202223, 0.11919903754922276]
Timestep: 441 State: 0 Beliefs: [0.14182039345081746, 0.08314834231226706, 0.17763112722522312, 0.09593567552184125, 0.14517375679908412, 0.09855306896044728, 0.14261482510411028, 0.11512281062620949]
Timestep: 442 State: 2 Beliefs: [0.1482324576484722, 0.08611512984788194, 0.1786594982076082, 0.0950553254174062, 0.14098698946086452, 0.09557808337100397, 0.1413061255458755, 0.11406639050088743]
Timestep: 443 State: 5 Beliefs: [0.12151469527452016, 0.07367431055902442, 0.2599411990460453, 0.1305556266793578, 0.08970462671086223, 0.06154969692849915, 0.14555978079026907, 0.117500064011422]
Timestep: 444 State: 0 Beliefs: [0.09047311427503299, 0.12208139939183368, 0.11776527747791214, 0.14114919704000592, 0.09118569520422361, 0.17223030304019785, 0.09573597712278664, 0.16937903644800711]
Timestep: 445 State: 2 Beliefs: [0.16393333233509128, 0.09583838917176749, 0.2039056112026678, 0.11074986421223919, 0.11298531959462307, 0.08943477201118877, 0.12347783368140697, 0.09967487779101526]
Timestep: 446 State: 2 Beliefs: [0.11993257840826883, 0.07215517978508743, 0.2565185151561151, 0.13080180565709362, 0.08549502489320897, 0.07154101902996264, 0.145834251978879, 0.11772162509138424]
Timestep: 447 State: 2 Beliefs: [0.1115264053185308, 0.0706599801870928, 0.2695278014390684, 0.13120635820307514, 0.08310597793618725, 0.06960245665611806, 0.1462852978771599, 0.11808572238276764]
Timestep: 448 State: 0 Beliefs: [0.10654411755206737, 0.06971094656819965, 0.2867176183692418, 0.12970519669841504, 0.08041224557039525, 0.06556358338666539, 0.14461161482644186, 0.11673467702857357]
Timestep: 449 State: 2 Beliefs: [0.16688438141153697, 0.09403146371830313, 0.21714051486603092, 0.10963493907592742, 0.1066007452817978, 0.08480173512028132, 0.12223477535778773, 0.09867144516833468]
Timestep: 450 State: 0 Beliefs: [0.16255537148504862, 0.09462243849992495, 0.22985319715680905, 0.1078355789105664, 0.10577128601979252, 0.08208148385432923, 0.12022862305401955, 0.09705202101950976]
Timestep: 451 State: 4 Beliefs: [0.1549302207110815, 0.08329282053782674, 0.1937261721531416, 0.09496913262692543, 0.12327548587924554, 0.09466521476571078, 0.1411779941737578, 0.11396295915231051]
Timestep: 452 State: 2 Beliefs: [0.15027702680561827, 0.08528449817667126, 0.17461444358921485, 0.09593757236477131, 0.14108417464987158, 0.09505955268760127, 0.14261764488852574, 0.11512508683772558]
Timestep: 453 State: 0 Beliefs: [0.1248960088427877, 0.07153469279127789, 0.2564237236461918, 0.13156068909215965, 0.08958314614490598, 0.06091676892384794, 0.14668035037588545, 0.11840462018294368]
Timestep: 454 State: 4 Beliefs: [0.10707681279673766, 0.12261475583949746, 0.11697341497295326, 0.14531735209525692, 0.09231353650358233, 0.14276023168262036, 0.09856307359504382, 0.17438082251430828]
Timestep: 455 State: 5 Beliefs: [0.10149339204701549, 0.0778865663467982, 0.11868427898502656, 0.09346386970070843, 0.1729688427648207, 0.17031786429846182, 0.14835534873128323, 0.11682983712588553]
Timestep: 456 State: 2 Beliefs: [0.0895318020054931, 0.11338540641213438, 0.0770234847332488, 0.08926442546183208, 0.14425696173412264, 0.2071014573378687, 0.10090761139163626, 0.17852885092366416]
Timestep: 457 State: 2 Beliefs: [0.11707167188429403, 0.07116548678789542, 0.2700627130450561, 0.13064977837128203, 0.0885720137559521, 0.059228782720847514, 0.1456647529005189, 0.11758480053415381]
Timestep: 458 State: 2 Beliefs: [0.11446581137040261, 0.06985608591067118, 0.2655560167176608, 0.1325557591840515, 0.09006651806178533, 0.060409846220399285, 0.1477897792693828, 0.11930018326564636]
Timestep: 459 State: 5 Beliefs: [0.10525419718114726, 0.06912479236215266, 0.2824522086189133, 0.1310429224403273, 0.08866134353362645, 0.05942282646914369, 0.14610307919839477, 0.11793863019629458]
Timestep: 460 State: 4 Beliefs: [0.07942451799556424, 0.12014094981091243, 0.12540408434315184, 0.1424721522256985, 0.09260373701174109, 0.17235469008466334, 0.09663328585743029, 0.17096658267083817]
Timestep: 461 State: 0 Beliefs: [0.08156106806484648, 0.1217212656378098, 0.12445538342417335, 0.14402832796114476, 0.1034974832051606, 0.15421369918854091, 0.09768877896495037, 0.1728339935533737]
Timestep: 462 State: 2 Beliefs: [0.0863094540739318, 0.12029033424141097, 0.12165863057013973, 0.1442824164826649, 0.1021049569672288, 0.15435419061892292, 0.09786111726650315, 0.17313889977919786]
Timestep: 463 State: 5 Beliefs: [0.14520658195186117, 0.0927261480911584, 0.21302876059028178, 0.11128390727471912, 0.12444880108522964, 0.08907703261739039, 0.12407325184211221, 0.1001555165472472]
Timestep: 464 State: 0 Beliefs: [0.08301983613158773, 0.11768409252990901, 0.12451260377795423, 0.1398557395913971, 0.09457789132955877, 0.17766427358096878, 0.09485867554894761, 0.16782688750967653]
Timestep: 465 State: 0 Beliefs: [0.10721548013079965, 0.13692964469112684, 0.1369602935919047, 0.16477265982122805, 0.08133258144285707, 0.14067481083478856, 0.08381913564818992, 0.14829539383910523]
Timestep: 466 State: 4 Beliefs: [0.10098281127463278, 0.0776026988233593, 0.11825171882415302, 0.0931232285740205, 0.1710983319915462, 0.17472252626457116, 0.14781464853019124, 0.11640403571752561]
Timestep: 467 State: 2 Beliefs: [0.07579080234593284, 0.09019669785449169, 0.08621206537201744, 0.10525796512336431, 0.11442487094698421, 0.1986144031884169, 0.118987264922064, 0.21051593024672863]
Timestep: 468 State: 0 Beliefs: [0.12256471197886588, 0.06941202663497724, 0.24391048267848686, 0.13487105259361426, 0.08905310582249992, 0.06843351431934788, 0.150371158637955, 0.12138394733425284]
Timestep: 469 State: 2 Beliefs: [0.17214770728193549, 0.09115317893434485, 0.19277071477101382, 0.11139762170693117, 0.11144075232017164, 0.09663213050148813, 0.12420003494787697, 0.10025785953623803]
Timestep: 470 State: 2 Beliefs: [0.1276958081136525, 0.06713888435147487, 0.2602335190634345, 0.13045893450760962, 0.08316818858089361, 0.06843964809148272, 0.14545197623460357, 0.11741304105684867]
Timestep: 471 State: 2 Beliefs: [0.11712795662618412, 0.06691829233449778, 0.27316612402101487, 0.1310162422224936, 0.08055733598355537, 0.06722609806543892, 0.14607333274657125, 0.11791461800024426]
Timestep: 472 State: 0 Beliefs: [0.1104624220021335, 0.06603364139140745, 0.29056228834984077, 0.12936577527846665, 0.07921918724395846, 0.06369430271041694, 0.1442331852731561, 0.11642919775061998]
Timestep: 473 State: 2 Beliefs: [0.10321125973602253, 0.11775030684139204, 0.13215559600082596, 0.144236265350324, 0.08557461813082096, 0.1461586207608755, 0.0978298147593502, 0.17308351842038877]
Timestep: 474 State: 4 Beliefs: [0.09377366333609718, 0.07206819335749753, 0.183030322307576, 0.14413637881721608, 0.11504245854061905, 0.10672673137835477, 0.15956489637070728, 0.12565735589193197]
Timestep: 475 State: 2 Beliefs: [0.09874044703087684, 0.11964872514864204, 0.1319261496091231, 0.14528468671442174, 0.08720245847529161, 0.14431499101890485, 0.09854091794543388, 0.17434162405730605]
Timestep: 476 State: 4 Beliefs: [0.09311421147461608, 0.07201139913024837, 0.18288608393625336, 0.1440227910997995, 0.1241447156895855, 0.09882331786883576, 0.15943915009827214, 0.1255583307023893]
Timestep: 477 State: 0 Beliefs: [0.09614088791983856, 0.11851047930307369, 0.13603966325740677, 0.14537257323459074, 0.08650201168712844, 0.1443867687834262, 0.09860052793302676, 0.17444708788150887]
Timestep: 478 State: 5 Beliefs: [0.06723338602691169, 0.11027045983720177, 0.0793947272968803, 0.1323245454948005, 0.13501560298835966, 0.21111218736624499, 0.09924340912110037, 0.1654056818685006]
Timestep: 479 State: 4 Beliefs: [0.10470672312414006, 0.1174483757462463, 0.12685525010190934, 0.14516524336984393, 0.09169664765041673, 0.1414695637649541, 0.09845990419867676, 0.1741982920438127]
Timestep: 480 State: 5 Beliefs: [0.09979356830450185, 0.07735112669275707, 0.11786837977686716, 0.0928213490742829, 0.19441638214297305, 0.15438703294468045, 0.14733547472108394, 0.11602668634285361]
Timestep: 481 State: 2 Beliefs: [0.10213210410740108, 0.11689478267930636, 0.1296295614376343, 0.1437678776173032, 0.09638728855879573, 0.14115480677053777, 0.09751212568825782, 0.17252145314076384]
Timestep: 482 State: 4 Beliefs: [0.1223555424169857, 0.09498995671214996, 0.14474659619633962, 0.11398794450461745, 0.16490999029702105, 0.13344652413359032, 0.12618934027373196, 0.09937410546556392]
Timestep: 483 State: 2 Beliefs: [0.09971795432150816, 0.1161552299608095, 0.14155253872173712, 0.14320403808794596, 0.08907116828029302, 0.14132452952339047, 0.09712969539878075, 0.17184484570553513]
Timestep: 484 State: 5 Beliefs: [0.09227388015781621, 0.07175110674688139, 0.18222502758149794, 0.14350220922042964, 0.12828241967859239, 0.09799802196694817, 0.15886284455822897, 0.1251044900896053]
Timestep: 485 State: 5 Beliefs: [0.093706777267374, 0.11717260644418942, 0.13848588523816616, 0.14554456291796067, 0.08719537139691486, 0.14452413942861655, 0.09871718180522551, 0.1746534755015528]
Timestep: 486 State: 4 Beliefs: [0.06654567501529755, 0.10962311848525388, 0.07892864314317014, 0.1315477385719502, 0.12266063076351247, 0.22759871687691535, 0.09866080392896266, 0.16443467321493774]
Timestep: 487 State: 2 Beliefs: [0.08714437303149576, 0.1148510722525081, 0.13255989449162375, 0.14268853412712187, 0.08826492682479586, 0.16648490908586056, 0.09678004923404787, 0.1712262409525462]
Timestep: 488 State: 2 Beliefs: [0.11096293042993886, 0.06630010020313802, 0.2721884866893197, 0.1322719908698713, 0.08206896793929017, 0.06968933330974603, 0.1474733987758117, 0.11904479178288417]
Timestep: 489 State: 0 Beliefs: [0.10706066035449231, 0.06503892451390228, 0.29578510552225024, 0.12977952084197694, 0.07702893932321848, 0.06381079998644486, 0.14469448069993548, 0.11680156875777925]
Timestep: 490 State: 2 Beliefs: [0.16528831575660402, 0.08797786969692759, 0.22708975844852716, 0.10973567224614486, 0.10383435657592466, 0.08496483692916199, 0.12234708532517943, 0.09876210502153038]
Timestep: 491 State: 2 Beliefs: [0.11674100202869372, 0.06444664386166078, 0.29149318137519026, 0.12851432517541023, 0.07677959937774045, 0.06307847357413453, 0.14328388194930064, 0.1156628926578692]
Timestep: 492 State: 5 Beliefs: [0.10755072780334352, 0.0649796554328661, 0.2982363919798739, 0.12968094294119983, 0.0760289665207036, 0.06222589297780452, 0.14458457369712877, 0.11671284864707986]
Timestep: 493 State: 2 Beliefs: [0.08010324243047383, 0.11398658404917605, 0.13427042903105083, 0.14218158844794723, 0.08103009497012416, 0.1813739471168227, 0.09643620781686857, 0.17061790613753666]
Timestep: 494 State: 5 Beliefs: [0.09198758584215633, 0.07177631674861937, 0.18228905410851115, 0.14355263011045255, 0.12747993492113527, 0.0988473689500288, 0.15891866255613793, 0.12514844676295864]
Timestep: 495 State: 1 Beliefs: [0.07925337672730437, 0.11533502137907023, 0.1407169939058388, 0.14366209859231638, 0.08208145114241991, 0.1691161600274822, 0.0974403799147885, 0.17239451831077962]
Timestep: 496 State: 4 Beliefs: [0.08129919592674129, 0.13436478846171115, 0.09674264544956179, 0.16123774241593633, 0.10869828578872699, 0.1927513627925291, 0.08433974218679748, 0.14056623697799578]
Timestep: 497 State: 0 Beliefs: [0.07082288885784313, 0.11890738037554528, 0.08630796114369989, 0.08851250564854865, 0.12248325631633852, 0.2358833812799591, 0.10005761508096804, 0.1770250112970973]
Timestep: 498 State: 0 Beliefs: [0.09634592405747382, 0.15654415137075128, 0.1501695463592066, 0.16190826297578145, 0.07068099448076269, 0.13627165465101024, 0.08236202942681056, 0.14571743667820328]
Timestep: 499 State: 5 Beliefs: [0.098306770570298, 0.07686966781561125, 0.11713472859490874, 0.09224359876849063, 0.1970195432141009, 0.15670278183234138, 0.14641841074363593, 0.11530449846061328]
