0.0,0.5,1
2322.0,0.5263157894736842,1
6063.652104126679,0.5342465753424657,0
6069.526488037829,0.32059911322074686,0
2716.0,0.33559675560931224,1
2813.0,0.5406033455646791,1
621.0,0.5642395769411263,1
3248.0,0.5821101376268869,1
2640.0,0.5145678505008553,1
1554.0,0.5808143280982452,1
3174.0,0.5962456547204926,1
2645.0,0.5079395999764919,1
750.0,0.5765494910754289,1
672.0,0.6073824392792027,1
3822.0,0.6246827600328608,0
3294.0,0.5145584678310512,1
2331.0,0.5134296689869549,1
3630.0,0.6043224714049829,0
2112.0,0.5128039810030136,1
4176.0,0.5907007736287855,0
3144.0,0.5040506985396778,1
1015.0,0.5115701465617726,1
2691.0,0.6117638036101979,1
572.0,0.5888828463452822,1
840.0,0.6049117513542616,1
3584.0,0.6301275073588464,1
924.0,0.564041261890602,1
2813.0,0.6455799297184422,1
3304.0,0.6553011003585857,1
2640.0,0.5849851550655029,1
4089.0,0.6614471840955867,0
1680.0,0.5433674822973699,1
3654.0,0.6258913206783953,0
825.0,0.5568630838130572,1
2540.0,0.6548177344472327,1
2775.0,0.6131667337701439,1
1872.0,0.6252586012930209,1
1265.0,0.6614661971375393,1
1760.0,0.6671857004908959,1
2241.0,0.6768235919421517,1
2688.0,0.6847443509036567,1
1440.0,0.6746407954859084,1
1290.0,0.6979829500641761,1
1782.0,0.6985519538630174,1
726.0,0.7046760144631395,1
3082.0,0.7106981684064714,1
621.0,0.5929614269320843,1
2760.0,0.6701449423835011,1
1160.0,0.6471592007371199,1
3105.0,0.672992267379719,1
1300.0,0.6240249408487901,1
2150.0,0.7088180755959221,1
3312.0,0.7193794649492062,1
1288.0,0.606857366876276,1
1875.0,0.6815871459325876,1
3822.0,0.7121432903079019,0
2266.0,0.5962139337024321,1
2576.0,0.6662891461873142,1
1150.0,0.713063757961147,1
2120.0,0.7260387091408135,1
750.0,0.7182923691327363,1
2958.0,0.7411690561197753,1
1804.0,0.7262538046104328,1
840.0,0.7490977097337672,1
2820.0,0.7506650179962197,1
1053.0,0.7368861926675924,1
1647.0,0.7556597777379296,1
1482.0,0.7565026036752858,1
3654.0,0.7602670692045455,0
3886.0,0.6264070678514498,0
1420.0,0.6165061377566968,1
880.0,0.7176747891668874,1
2889.0,0.7367063617984899,1
2352.0,0.7276455320225123,1
506.0,0.7523204405753987,1
1320.0,0.7548216207823123,1
1290.0,0.7592168353571447,1
3393.0,0.7630462942537802,1
3753.0,0.6877088377816368,0
2226.0,0.669591403079702,1
759.0,0.7259458241575014,1
3861.0,0.753189142044159,0
2025.0,0.6222443629515853,1
1562.0,0.7018136572478809,1
1701.0,0.7307753475171946,1
1909.0,0.7466567389623366,1
2464.0,0.7558095613738698,1
1800.0,0.7618579242880537,1
759.0,0.7664089459367455,1
2232.0,0.7701936608970026,1
3200.0,0.7735430740591109,1
1128.0,0.6958273299879264,1
3080.0,0.7629582196207344,1
2262.0,0.6916933520294019,1
4260.0,0.760761702275724,0
1974.0,0.6750119401004495,1
3312.0,0.751994288862222,1
2860.0,0.6354297333314516,1
1364.0,0.6567614838419695,1
2600.0,0.6962556884458803,1
2378.0,0.7159047151470442,1
1378.0,0.7545910540781313,1
858.0,0.7639564342215727,1
2156.0,0.7703004000990223,1
3402.0,0.7748633731558647,1
777.0,0.6994476872104884,1
2436.0,0.7665510008433309,1
1760.0,0.7539256621979906,1
875.0,0.774953639795022,1
3768.0,0.7780675692384246,0
1160.0,0.6390315784105646,1
1975.0,0.721749631084529,1
3810.0,0.7510283455612795,0
1958.0,0.6216371429462672,1
2394.0,0.7138488178098576,1
4408.0,0.7206020379674427,0
2464.0,0.6219078962843494,1
899.0,0.6928757665774132,1
483.0,0.7419988501569323,1
3024.0,0.7541684208482704,1
2268.0,0.6794817653176366,1
2226.0,0.7560274939639856,1
2190.0,0.6968048449266598,1
3538.0,0.727465436420758,1
2464.0,0.6712031644301376,1
3618.0,0.7534879872227708,0
1281.0,0.6691467500359407,1
1200.0,0.7515696153532501,1
903.0,0.7553615251177119,1
2940.0,0.7611198046755725,1
1508.0,0.7031080528736979,1
480.0,0.7307760473025968,1
1080.0,0.7518765298846157,1
1932.0,0.7634917142266708,1
3216.0,0.7703189090017858,1
3584.0,0.6960120190358919,1
1769.0,0.6903700037367033,1
4650.0,0.7651383732588489,0
650.0,0.6367752131728883,1
1430.0,0.7241226595636072,1
3045.0,0.7495242626063137,1
1827.0,0.6381190980394844,1
2688.0,0.7259188321503321,1
1690.0,0.6927767143549026,1
2943.0,0.730230838523541,1
1958.0,0.7361558840431662,1
2553.0,0.7697029337688684,1
2640.0,0.7530758359378639,1
3925.0,0.7174269152044134,0
2208.0,0.6148270294755268,1
3150.0,0.712441460190057,1
2208.0,0.6267940802723442,1
1914.0,0.7187306793634104,1
2880.0,0.7491488722148262,1
3358.0,0.7469819204567405,1
3360.0,0.6543464200290079,1
2450.0,0.6562496021651201,1
1943.0,0.7515347635632768,1
1242.0,0.7652056538167249,1
1480.0,0.7731966947203367,1
2996.0,0.778342745761547,1
1679.0,0.7653985367515376,1
2928.0,0.7843959846388223,1
1218.0,0.7292167116189434,1
1134.0,0.7512633945045717,1
1260.0,0.7715090599897414,1
2948.0,0.7817952319857429,1
1260.0,0.7720120296477584,1
675.0,0.7905444434879663,1
1380.0,0.7915144180756924,1
3219.0,0.7933249831522827,1
2214.0,0.679065133399081,1
1792.0,0.7508086618063948,1
984.0,0.7777735364120475,1
1586.0,0.7904461927158912,1
1876.0,0.7971077219595728,1
2744.0,0.8011551347676708,1
798.0,0.8040634802071732,1
1350.0,0.8064376039428807,1
3234.0,0.8085289614397668,1
616.0,0.7427988207954579,1
3025.0,0.7994115199977172,1
3348.0,0.7393010169358839,1
1988.0,0.6791821033863485,1
2240.0,0.7563353365296406,1
792.0,0.7730706109249152,1
900.0,0.7992035104682556,1
1340.0,0.8047332565068728,1
2600.0,0.8077400615262773,1
1785.0,0.7522450817532037,1
1155.0,0.7760867474417895,1
3192.0,0.7991187851728,1
1701.0,0.743447746299642,1
2580.0,0.8016184272232981,1
812.0,0.8099793948585402,1
1980.0,0.8138447039909297,1
1334.0,0.8163375580117775,1
1914.0,0.8181629948890768,1
1750.0,0.8196611502203391,1
2475.0,0.8209700481190791,1
3770.0,0.8221478135540727,0
1426.0,0.6896047701211322,1
2288.0,0.7645816261860544,1
2646.0,0.7731669700614006,1
1975.0,0.8041881185334285,1
2520.0,0.8098981048007354,1
600.0,0.8131489005205,1
2523.0,0.8153070300120229,1
1995.0,0.8169545451258613,1
1679.0,0.8183308405308228,1
1840.0,0.819535857525992,1
4396.0,0.8206128216109652,0
2132.0,0.7305569898520569,1
2574.0,0.7980648662879528,1
3422.0,0.8035391176555611,1
888.0,0.7304871538708967,1
2024.0,0.7975178518641866,1
2736.0,0.8034518089945847,1
1188.0,0.784999634360469,1
1150.0,0.8064475518816874,1
1334.0,0.8073284724915006,1
1008.0,0.8090970629618792,1
1218.0,0.8108709502494937,1
2794.0,0.8125693140906902,1
2150.0,0.7931269514676016,1
2730.0,0.811832603521753,1
2430.0,0.8126212157728034,1
2075.0,0.8140045398130653,1
4292.0,0.8154576185506078,0
2835.0,0.6771079126153949,1
3248.0,0.7394810757407396,1
986.0,0.6599103746462671,1
2691.0,0.7506517984013626,1
2430.0,0.7591350964100152,1
1848.0,0.7938603327603487,1
1725.0,0.7982748718494905,1
3277.0,0.8020482497531234,1
594.0,0.7304705315168396,1
2262.0,0.7962465594480739,1
2200.0,0.8013249826902111,1
1606.0,0.8051605375664317,1
1288.0,0.8078879884491481,1
1653.0,0.8100928469825452,1
2860.0,0.8120021781485346,1
4410.0,0.7483456633061651,0
3161.0,0.6480109333668119,1
2580.0,0.6686904724239997,1
2500.0,0.755997382742316,1
3768.0,0.7767683180896284,0
736.0,0.7151800981105406,1
3381.0,0.7864648376302775,1
2780.0,0.6662777395422059,1
2871.0,0.6907668716522045,1
2688.0,0.7426065823532886,1
550.0,0.7113926892610971,1
945.0,0.7530997674817311,1
1596.0,0.7777821196813348,1
2520.0,0.7900674458993112,1
2093.0,0.7965270044720748,1
2430.0,0.8005675881836993,1
986.0,0.8035423881033454,1
2204.0,0.8059988437822565,1
3150.0,0.8081596194950068,1
3976.0,0.7380316132750976,0
2775.0,0.7237118370707716,1
3120.0,0.731090721262672,1
1800.0,0.6905995253432644,1
1075.0,0.7807221808609743,1
2080.0,0.7962726386704324,1
3171.0,0.8037984231466636,1
2856.0,0.6895880264466239,1
528.0,0.7455242776438965,1
2961.0,0.7890202041528566,1
899.0,0.7822380050744947,1
2407.0,0.8020724144022421,1
2520.0,0.8047584964477881,1
638.0,0.8069259375038998,1
2158.0,0.8091050866541153,1
1725.0,0.8111881735488883,1
1200.0,0.8131387733668632,1
1624.0,0.8149466819426672,1
1320.0,0.8166120602104873,1
2664.0,0.8181391140036967,1
675.0,0.8011838157381386,1
3920.0,0.8158414192715374,0
4379.0,0.7300730848296385,0
2800.0,0.7181854486690212,1
1265.0,0.7700116385305225,1
1850.0,0.798932320343397,1
2310.0,0.8029901141558828,1
2829.0,0.7845392656246786,1
1029.0,0.7850978146621876,1
1612.0,0.8044736017885585,1
2291.0,0.8055804671142855,1
2184.0,0.8072311517842614,1
1560.0,0.8091062282975164,1
2784.0,0.8109812951253007,1
1653.0,0.8127673832182286,1
1674.0,0.8144334478312776,1
2250.0,0.8159713381099485,1
1900.0,0.8173818992081543,1
594.0,0.8186694665265195,1
1350.0,0.8198396810039843,1
1554.0,0.8208986182707763,1
952.0,0.8218524380352712,1
3696.0,0.8227072398368639,0
1679.0,0.6837764128807315,1
4292.0,0.7653149103785776,0
1740.0,0.692735947736288,1
1288.0,0.7799902586908452,1
729.0,0.7883013977470892,1
1725.0,0.7936765612615222,1
952.0,0.797262001851191,1
1804.0,0.8000223219172374,1
2130.0,0.8023597012706085,1
1694.0,0.804437630284232,1
609.0,0.8063251215939028,1
1587.0,0.8080540198391882,1
1350.0,0.8096414847099349,1
770.0,0.8110987897439431,1
2970.0,0.8124347606768558,1
2291.0,0.8136571169292149,1
930.0,0.8147729939262037,1
1600.0,0.8157891459126084,1
3051.0,0.816712024445878,1
2544.0,0.6907117200124813,1
3451.0,0.7497642842460757,1
1458.0,0.7216028195254282,1
2205.0,0.7972638791043104,1
3375.0,0.7855510732157985,1
1953.0,0.7369917073660702,1
3915.0,0.8007656929616385,0
1107.0,0.6663403928390762,1
2220.0,0.7546128611036194,1
1290.0,0.7804888005296295,1
1029.0,0.7926111740792962,1
2886.0,0.798813924356486,1
1440.0,0.7783214558003506,1
2875.0,0.8020323353890179,1
1224.0,0.7804247271877136,1
2886.0,0.8021371980270113,1
3775.0,0.7815730934213374,0
1173.0,0.674659180004084,1
792.0,0.7596673367043497,1
999.0,0.7840790197810212,1
1080.0,0.7955242952907298,1
861.0,0.8014767470614297,1
3024.0,0.8051927996665471,1
3393.0,0.7356958606915169,1
1900.0,0.7275717220781693,1
4056.0,0.7958947642741875,0
672.0,0.6634967932995856,1
2288.0,0.7552600195523256,1
1044.0,0.714823737058281,1
720.0,0.7621526127302598,1
3174.0,0.7851114435690683,1
2816.0,0.673249700569556,1
3668.0,0.7412633225818169,0
3108.0,0.7068412299409106,1
3591.0,0.7089218451414049,1
3277.0,0.710035829525717,1
728.0,0.7107441665688102,1
1036.0,0.7853203712554396,1
1550.0,0.7929870561826188,1
2580.0,0.7977870085244293,1
4060.0,0.8012452174026432,0
1540.0,0.7104262895387081,1
2632.0,0.7854550853175083,1
4170.0,0.7896213204223442,0
3128.0,0.6951918525749174,1
2000.0,0.6546838119898647,1
860.0,0.7481196621232026,1
2548.0,0.769112564600031,1
3350.0,0.7807702104849596,1
812.0,0.6622558856589362,1
3312.0,0.7549517557623303,1
3402.0,0.6948032649410886,1
3192.0,0.6581296763435357,1
3504.0,0.6732122858717952,1
1769.0,0.6934764757032084,1
4440.0,0.7774369086158908,0
3380.0,0.6891288337989018,1
783.0,0.6959933492714913,1
861.0,0.7742772400271654,1
1197.0,0.776210261862148,1
924.0,0.7809641676799906,1
3190.0,0.7848455123623088,1
3013.0,0.7078005654001049,1
3888.0,0.7093127301834337,0
1320.0,0.6561158478564089,1
2340.0,0.7526740289378597,1
1416.0,0.773178843765581,1
870.0,0.7845607539306783,1
864.0,0.7907334756081228,1
3427.0,0.7948315152831527,1
1632.0,0.7204634309254034,1
2380.0,0.7925451162444817,1
2180.0,0.7960157663952184,1
440.0,0.777877279676306,1
2075.0,0.8014052127039395,1
3045.0,0.8009388574310811,1
1152.0,0.680420304687205,1
2392.0,0.7681299692017362,1
2400.0,0.7891341163788077,1
2530.0,0.7995054692154758,1
3570.0,0.7855200948201658,1
1173.0,0.738345645708016,1
546.0,0.8008065321448712,1
3564.0,0.8044528806131731,1
2523.0,0.7378768065692495,1
1610.0,0.801729941167787,1
2871.0,0.8058243663651978,1
4440.0,0.8090534031994547,0
2400.0,0.7246149997907692,1
2880.0,0.7956868510666593,1
860.0,0.7779041710487771,1
4350.0,0.8023439841654239,0
1080.0,0.7105342961612245,1
2800.0,0.787930587835231,1
2525.0,0.7668419838244943,1
1975.0,0.7774722799037266,1
3358.0,0.8009772594711959,1
900.0,0.722678433362726,1
4200.0,0.7953905789001883,0
1316.0,0.7039395321787294,1
600.0,0.7863330969198857,1
3125.0,0.7854163876563572,1
3567.0,0.6649995908197038,1
2040.0,0.6375203562284381,1
1060.0,0.7475453634274133,1
3808.0,0.7728805552836159,0
3300.0,0.6492902115627692,1
812.0,0.6759588401378076,1
3300.0,0.771230142568406,1
1218.0,0.6520053890854871,1
690.0,0.7559754897168699,1
3240.0,0.771576231700001,1
2568.0,0.6586939224524819,1
2610.0,0.7420677606114662,1
3380.0,0.7826512427936848,1
3528.0,0.6627675248691001,1
816.0,0.6864720262406755,1
696.0,0.7766784190337824,1
1800.0,0.782751758690862,1
2639.0,0.7894035394744264,1
1518.0,0.7935473383085235,1
900.0,0.7968397375635747,1
1794.0,0.7997126394783446,1
3234.0,0.8023463005455773,1
3874.0,0.6837089766803259,0
840.0,0.6464080917584065,1
1464.0,0.7544691477802516,1
783.0,0.7826874981220874,1
1300.0,0.796356153180476,1
2340.0,0.8030297571328953,1
1380.0,0.8069350815243824,1
1118.0,0.8096904894539354,1
676.0,0.8119280363447585,1
2784.0,0.8138944127712281,1
3402.0,0.8156867159445277,1
924.0,0.7462656788494021,1
2632.0,0.8100997601300689,1
1914.0,0.8139702541943246,1
2220.0,0.8167864141605006,1
3302.0,0.8188084816673008,1
1920.0,0.7511391773802132,1
1886.0,0.8126672714464676,1
4172.0,0.8169242068606861,0
2576.0,0.6835869952862275,1
2700.0,0.7116037535087936,1
782.0,0.767491543676359,1
462.0,0.7920472102265966,1
980.0,0.8036452415335246,1
1533.0,0.8093152130283738,1
989.0,0.812636997832677,1
2755.0,0.8149817283244353,1
3432.0,0.8168776616457418,1
2646.0,0.6959603861120336,1
2163.0,0.7640130176936117,1
2349.0,0.7878455490239394,1
2024.0,0.8156696601299578,1
1782.0,0.8176446957618675,1
2875.0,0.8195960448493272,1
1650.0,0.8010744122796345,1
440.0,0.8208761326174099,1
2160.0,0.8203959515946501,1
3336.0,0.8213116330881027,1
1029.0,0.7019141710333558,1
3864.0,0.7842295431608537,0
3828.0,0.7192160292966286,0
1885.0,0.6731327438383891,1
3525.0,0.7679490345081904,1
1716.0,0.7159857155210587,1
1826.0,0.7954640484023576,1
2464.0,0.8018776828761038,1
3432.0,0.7862733012383515,1
2291.0,0.7404881297303105,1
2002.0,0.8032458211666049,1
1800.0,0.8058197217680828,1
1364.0,0.8086619251612521,1
