0,0.5,0
84,0.33333333333333326,0
139,0.3333333333333333,1
152,0.4637432496806641,1
57,0.4412159483572645,0
117,0.322827596205359,1
180,0.4720428671297094,1
31,0.43907706893029186,0
139,0.3200890848585146,1
158,0.4476382211855521,1
158,0.4435664718651397,1
90,0.4531367020977646,0
79,0.3290056856317866,0
94,0.327871057711078,0
82,0.31783828126103564,0
109,0.30775282687712635,1
40,0.43470376312968984,0
159,0.3118978032588831,1
148,0.4423315480110222,1
85,0.44524738050329293,0
111,0.3153786957060603,1
124,0.4501034339976532,1
129,0.4438634407677794,1
156,0.4530720849815996,1
125,0.47073117293292205,1
42,0.460612822664839,0
37,0.3346378467575143,0
40,0.33394392032038756,0
168,0.3257234008156826,1
162,0.45987520712308894,1
46,0.46143218318731594,0
164,0.3262276468699703,1
129,0.4723537902876232,1
42,0.44792734725044525,0
105,0.33643461763221166,1
50,0.4674964956683875,0
150,0.333700892220737,1
97,0.4725465078377786,0
63,0.33751623253863355,0
88,0.3365528075263469,0
93,0.3290487094284035,0
111,0.3217907534223464,1
75,0.4400269531570218,0
131,0.32148967788250493,1
98,0.46999622554656884,0
31,0.32228360795586497,0
168,0.3220613249849637,1
85,0.4710335082664927,0
63,0.3157635213673554,0
116,0.31857046306641595,1
24,0.45079823313115386,0
93,0.314081573972031,0
169,0.31557894974879214,1
24,0.44856478574218117,0
87,0.3098821399702681,0
101,0.31295880521345615,0
113,0.4141766492950159,1
83,0.4372719309330044,0
116,0.3042018531903897,1
162,0.4441821980006901,1
141,0.4337382931838723,1
65,0.4595963011807602,0
135,0.31112366435374206,1
49,0.4667511042588274,0
164,0.3106140671857867,1
59,0.4730960302451638,0
56,0.30786119802122863,0
83,0.3200426002428048,0
32,0.3137775551228989,0
93,0.30892676340970116,0
133,0.30397977534817844,1
24,0.43820830128391797,0
108,0.2971102818197785,1
44,0.46329938173704255,0
90,0.29758092254353363,0
83,0.30643451837472113,0
168,0.3003466814049224,1
58,0.4567139141634461,0
82,0.29251855376601354,0
128,0.3003598337374285,1
89,0.4108524393111879,0
164,0.2910248276627421,1
174,0.4580808357568011,1
37,0.444419074618687,0
156,0.2943559843803026,1
65,0.46389202614787717,0
151,0.29044713143124584,1
118,0.4668962057635811,1
166,0.41977963281988356,1
51,0.43403038096790747,0
134,0.3016052529777249,1
75,0.43049158624804595,0
81,0.30469391110365274,0
107,0.31428181019983825,1
151,0.42666223459050107,1
69,0.4386444680288188,0
143,0.3033747487316073,1
36,0.45421761922657805,0
44,0.3023081598702001,0
130,0.31751897272292756,1
169,0.4292231577968513,1
125,0.46708116547626416,1
77,0.4124950419956186,0
43,0.3108006327135452,0
66,0.3181035295687012,0
49,0.3131776812829386,0
97,0.3096478885194803,0
78,0.3060001027991819,0
109,0.3024224895119708,1
168,0.46234548360738115,1
105,0.4481610629404368,1
133,0.42552206104376356,1
83,0.4306648864221406,0
142,0.30119904410090537,1
47,0.44359694096993224,0
32,0.30049097253623824,0
172,0.3095514530505825,1
62,0.46762476996229524,0
88,0.2987144628162396,0
30,0.3084919652366404,0
166,0.30365221357523503,1
166,0.4360505008068294,1
167,0.4573040881401135,1
86,0.45190559226659827,0
161,0.30144436332071534,1
51,0.44249195538034036,0
56,0.29948502733102567,0
93,0.30833871917456424,0
85,0.30379891156190353,0
166,0.30068909146417644,1
35,0.46282020808609425,0
134,0.29262534703791643,1
72,0.4361347236558579,0
45,0.2936201254129044,0
171,0.30241255695908564,1
60,0.43462639449804447,0
113,0.29145827275724745,1
84,0.46479066634835586,0
174,0.2918599325615068,1
31,0.4667123716659416,0
70,0.2908084733312442,0
61,0.3047683883845578,0
77,0.3000742259620365,0
165,0.2973803284861089,1
133,0.4642504348821548,1
116,0.39538788866650987,1
53,0.40134347331980336,0
25,0.2928556708979461,0
89,0.2993468730814513,0
89,0.2956720619938793,0
34,0.2930318253974404,0
51,0.29034989665718813,0
104,0.28772105588236996,0
76,0.3895651145070489,0
37,0.27641065420672595,0
32,0.2806136090814454,0
83,0.27761137008725156,0
43,0.2751747996520183,0
161,0.2727510548883484,1
138,0.4415060195583317,1
56,0.435386405161134,0
85,0.27803208201643426,0
162,0.27597756553756525,1
138,0.404613003072544,1
137,0.3758422894062719,1
164,0.4408013654376659,1
45,0.4081131392284192,0
65,0.2773941746955676,0
147,0.27782705414966263,1
93,0.4085524108618216,0
159,0.27442307558076434,1
43,0.44796286760610693,0
138,0.27820434214968415,1
117,0.4482917283338721,1
101,0.38646793091905435,0
92,0.38285462208201204,0
174,0.2768354520089502,1
161,0.4518916730518989,1
80,0.40984617206823465,0
114,0.2796336571174713,1
143,0.45328821057354546,1
133,0.44572954517299446,1
125,0.41600985348087777,1
124,0.4156161331772652,1
99,0.4289861557517067,0
161,0.28979654093176715,1
111,0.46039207196951915,1
106,0.40130782153912364,1
69,0.3967677269281227,0
123,0.289482846157299,1
129,0.4397883865712807,1
47,0.4032920494411578,0
102,0.2919961100522479,0
131,0.4233244311918332,1
30,0.4216420350798405,0
34,0.291485040259586,0
105,0.29319080632680034,1
35,0.4013881352785262,0
105,0.28894801743512366,1
106,0.4399696844756942,1
144,0.4236525133412424,1
165,0.4608385724571868,1
158,0.4595783640420522,1
153,0.43105220481886986,1
143,0.42994591058298637,1
62,0.46674581166382084,0
117,0.3056315014066684,1
167,0.4140397748828389,1
80,0.43410720695830324,0
24,0.3019971858957516,0
39,0.3037186642371306,0
93,0.3012675812532595,0
74,0.2990188172972344,0
171,0.2968360815307023,1
58,0.4688180898691632,0
106,0.2991205053450861,1
103,0.444294480910303,0
146,0.40710917756194903,1
86,0.4652715298211094,0
147,0.30055707243379515,1
29,0.4713343363606286,0
73,0.29988539750748855,0
112,0.30070539127055995,1
42,0.44709484068555194,0
121,0.2987513038508078,1
129,0.47156462210429495,1
159,0.4286596085126071,1
85,0.43062985854479596,0
141,0.2993922781165994,1
79,0.47593444459757195,0
53,0.3015225013856466,0
79,0.3046976655629174,0
157,0.30220107038544275,1
76,0.47456033567565137,0
39,0.2980499121567439,0
35,0.30176534198211896,0
73,0.299283943696359,0
44,0.29724614229679913,0
111,0.29527922696525105,1
106,0.4677376585365719,1
85,0.4017388521948852,0
48,0.29427302943062067,0
138,0.2961543996748817,1
37,0.42747864310888894,0
171,0.2915461668948713,1
148,0.47009868829421864,1
47,0.4249039449870051,0
112,0.2933575727118734,1
77,0.4081865982034269,0
128,0.2945128366287082,1
72,0.4321952677017536,0
101,0.2937362792451407,0
28,0.4061332451466932,0
172,0.29190338239163055,1
115,0.4716373295303635,1
138,0.4596307532322226,1
62,0.4590206836397558,0
58,0.29926995399442113,0
94,0.29908379166252624,0
122,0.29684631103534836,1
138,0.42831642076542625,1
25,0.4235968969831998,0
96,0.29258287960108176,0
76,0.2971290922133201,0
83,0.2952776158176313,0
145,0.2934977949056506,1
89,0.4254731406652677,0
134,0.2886996404316362,1
119,0.4419993922951667,1
34,0.40307778599540084,0
89,0.2923536660343752,0
109,0.2952300573749138,1
36,0.4269146007493589,0
104,0.2897801977932854,0
51,0.4006232908729121,0
68,0.288489504930391,0
63,0.29120739496280296,0
162,0.28959163977265817,1
35,0.4630848086354579,0
65,0.2891033245728371,0
76,0.2895583734046121,0
160,0.287633732932373,1
42,0.46216531286416734,0
137,0.2862263662278432,1
149,0.46222011245318095,1
165,0.4509166768400543,1
91,0.4181731486502227,0
166,0.2865750931541878,1
56,0.46508773784675916,0
161,0.2891974584237798,1
83,0.4250399942818422,0
30,0.28611575685669927,0
166,0.29145068011446873,1
77,0.4246736919628906,0
35,0.2847713986978796,0
106,0.29077964202990486,1
129,0.39809145182371036,1
172,0.41953413216137364,1
125,0.4585295616272531,1
90,0.3978911579941511,0
39,0.2898375458429171,0
107,0.29274250374609545,1
82,0.4003107968527587,0
106,0.28852345542924823,1
105,0.401467716739693,1
42,0.39677449145939103,0
62,0.29032322714119535,0
52,0.2940026799534563,0
123,0.2924324686186504,1
61,0.466847079939939,0
126,0.29037706896696935,1
121,0.4019136447407397,1
77,0.42155301339637963,0
62,0.28822020963862494,0
26,0.2941541880100782,0
143,0.2924971125233845,1
76,0.4672317752405169,0
104,0.28906967095226827,0
131,0.42263783755864637,1
81,0.455716541363435,0
58,0.2886110537097187,0
69,0.29206252696153734,0
83,0.2901135281974372,0
66,0.28854548969124755,0
38,0.2870769059082934,0
54,0.2856651026504523,0
159,0.28428555378732046,1
157,0.45861643514466677,1
69,0.4484996401998805,0
45,0.2839793546754891,0
27,0.2858596494342255,0
132,0.28366854839464645,1
42,0.41510464038886535,0
52,0.2782222857498057,0
38,0.28307397823088887,0
134,0.2815353068427383,1
153,0.3872551984518034,1
71,0.4511123066073367,0
161,0.28055692484751427,1
131,0.4561982747466835,1
56,0.44533612247320964,0
150,0.28363997035270405,1
174,0.4568859094212052,1
151,0.4462852101709112,1
65,0.4142807870791932,0
128,0.28325232187740884,1
53,0.42004272120239144,0
85,0.28246542852998635,0
141,0.2873380649379265,1
138,0.4314429304371362,1
151,0.41528467445312656,1
147,0.4536038670451409,1
142,0.4510453027721334,1
155,0.4184548462575046,1
79,0.4184278527876156,0
172,0.28693886970703214,1
78,0.4655128032496419,0
87,0.2889134174496132,0
40,0.29185309758685146,0
45,0.2900241756162946,0
129,0.2885825339265364,1
58,0.395311646005537,0
72,0.28574609618139096,0
69,0.28809751940565853,0
54,0.286831852889791,0
61,0.28557898329334475,0
29,0.2843394332933054,0
110,0.28311182145925595,1
126,0.42781087957833747,1
33,0.4132562534444616,0
153,0.2810816288843604,1
43,0.45760598426215104,0
78,0.28354901338486305,0
153,0.2854542357159592,1
121,0.45796143075156226,1
60,0.4230823036246352,0
144,0.28684477869890035,1
129,0.4582808022083692,1
119,0.3915770365830401,1
105,0.4283354263146809,1
140,0.39512361386942507,1
84,0.4188282924312039,0
102,0.2851695106153938,0
120,0.39362449104365005,1
94,0.39241662504142544,0
40,0.28655805744496265,0
48,0.28807853359615254,0
107,0.28695442987275516,1
93,0.4315435182209371,0
144,0.28763112891185394,1
134,0.41942312407099835,1
167,0.42567078549553183,1
161,0.41896250327870244,1
149,0.45552028774576203,1
116,0.45506807267415694,1
124,0.4221661219169754,1
106,0.3960542357569939,1
152,0.3980152608838132,1
37,0.4238471054209695,0
116,0.2901272604319221,1
152,0.40111477101481297,1
126,0.42577541350125364,1
152,0.434933749745825,1
66,0.46457518347199417,0
92,0.297025770574234,0
66,0.2964093625584822,0
141,0.2945740352828773,1
33,0.42653547130279024,0
41,0.2919287631904001,0
34,0.29371067858056005,0
137,0.29267432872028243,1
78,0.42484400184997795,0
79,0.29010432816479026,0
64,0.29209366492363686,0
128,0.29107624345007993,1
71,0.423287355118659,0
133,0.2883720748400424,1
39,0.4641162725970261,0
90,0.29166983081812947,0
102,0.29221872262271625,0
112,0.39580100132140533,1
143,0.3955498972079453,1
119,0.46169280753831543,1
164,0.45766392822103225,1
153,0.45857656879257147,1
93,0.42629532713999396,0
104,0.2913931557834453,0
137,0.39822563813433454,1
51,0.46385978638121406,0
71,0.29376713398474547,0
166,0.29257898604851573,1
55,0.46533338284126335,0
92,0.29267625706407296,0
130,0.29206429728110417,1
78,0.4648031900581011,0
155,0.2922067917463365,1
105,0.46480306368302593,1
79,0.40015140514859926,0
32,0.29266035365974197,0
103,0.29251530641587276,0
34,0.396860553233671,0
104,0.28921859033324554,0
70,0.39402085588016955,0
50,0.28735807622877035,0
40,0.28681858992726217,0
173,0.285920761467046,1
70,0.45857868675652697,0
31,0.28769271898261634,0
143,0.2864297365956223,1
129,0.4171719077633973,1
152,0.4147198335504466,1
173,0.4153365433620683,1
91,0.4563518701432247,0
158,0.28910586250986137,1
85,0.4206369709906111,0
35,0.2860627993755679,0
88,0.2878690121577266,0
57,0.286887313372802,0
96,0.2857721003506713,0
112,0.2847115448441704,1
28,0.39053095930746545,0
58,0.28507645981298013,0
25,0.2843207561725868,0
112,0.2834574413856522,1
107,0.3890639536750684,1
25,0.38979292293543233,0
71,0.2844160446997508,0
159,0.28373213135784703,1
24,0.45619443879050253,0
41,0.28482716125582247,0
102,0.2842949024470911,0
115,0.42490272316341315,1
130,0.42575964614787193,1
104,0.41646757204992335,0
174,0.4116081055398688,1
55,0.4523665065941605,0
37,0.2841881696077161,0
48,0.28457630392874106,0
32,0.2829673654972485,0
74,0.28174644651066466,0
75,0.28067021629658734,0
93,0.279665279907883,0
76,0.27869509069411535,0
68,0.2777433726751788,0
125,0.2768028877855011,1
56,0.38122107528568855,0
168,0.2779130165352662,1
91,0.4495076542235821,0
35,0.2788357505179551,0
41,0.27825083108573734,0
66,0.27676601257042033,0
169,0.2756293986797376,1
161,0.44823433108357685,1
45,0.4066407242769831,0
139,0.2754301407102845,1
46,0.4066742337265117,0
95,0.27484221638969053,0
140,0.27609268231913714,1
72,0.4063413253022021,0
155,0.274302985381372,1
