0.0,0.5,1
2980.0,0.5533333333333332,0
3015.0,0.375,0
704.0,0.35659480547003963,1
2820.0,0.5645043845400414,0
1670.0,0.347631711717115,1
1498.0,0.5617315750567646,1
1872.0,0.5587832549313305,1
1008.0,0.5640204529615955,1
893.0,0.5803128449747736,1
1000.0,0.5885100927877498,1
884.0,0.5911360244303302,1
561.0,0.606393627205036,1
2528.0,0.6105533623756858,1
2755.0,0.4053263018674085,0
2016.0,0.39180831675116445,1
952.0,0.3979134069783412,1
1170.0,0.5975488069242959,1
2329.0,0.6116680993549806,1
2737.0,0.4133394956816176,0
1100.0,0.39930721575757977,1
1349.0,0.5984009069507895,1
2272.0,0.614562504026292,1
1780.0,0.41483397858729654,1
630.0,0.6095383441657809,1
1242.0,0.6201297761364495,1
480.0,0.625478904639325,1
1524.0,0.6282276823380856,1
848.0,0.6119350731308095,1
1062.0,0.6237340176967955,1
748.0,0.6309331182393202,1
3040.0,0.6344820507421137,0
1782.0,0.3978400619266413,1
830.0,0.6013914999683417,1
3480.0,0.6186053115713058,0
852.0,0.3887840156993938,1
1298.0,0.6126249328435023,1
936.0,0.6000801985474641,1
1963.0,0.6229816067126087,1
1248.0,0.6070411348997763,1
456.0,0.6279800395908635,1
320.0,0.6298592031317017,1
1833.0,0.638347271439183,1
2085.0,0.6245855284448392,1
1045.0,0.4345752049625959,1
1650.0,0.6303462126836752,1
2890.0,0.6251949259880951,0
486.0,0.4271163721906383,1
336.0,0.6271066266648544,1
1935.0,0.6333679830530082,1
558.0,0.6276969540136428,1
2212.0,0.6415306943405135,1
1243.0,0.43206647790433617,1
1989.0,0.6269038634689208,1
1397.0,0.6394255509900403,1
896.0,0.6424015121472241,1
1560.0,0.6454879469628915,1
2652.0,0.6409880483087577,1
1387.0,0.4359800451983054,1
1602.0,0.6340905567105979,1
684.0,0.6421311114727404,1
2520.0,0.6470070114466333,1
1995.0,0.4465225150681463,1
2064.0,0.6278739351269362,1
551.0,0.43978179483747265,1
1808.0,0.6333952062440964,1
2414.0,0.6281623414111629,1
1480.0,0.4410500938899806,1
2016.0,0.6265269783251786,1
1800.0,0.44103574724422057,1
486.0,0.6269673925717202,1
2584.0,0.6382712186106807,1
2812.0,0.4439033023254617,0
1111.0,0.4273552872259138,1
1440.0,0.6242620669674112,1
1560.0,0.6347617542494769,1
935.0,0.6249057785697549,1
1962.0,0.6351502454647036,1
1708.0,0.6284590163027547,1
1808.0,0.633557082381308,1
870.0,0.6413137087879841,1
2448.0,0.6456321360561054,1
1168.0,0.44251214612356615,1
2067.0,0.6341511662112221,1
576.0,0.44077085360990603,1
1044.0,0.6355242636545232,1
2550.0,0.6425028011143944,1
912.0,0.44544496499467473,1
1677.0,0.6379195890620365,1
1420.0,0.6378065101553096,1
2771.0,0.6412459463154306,0
984.0,0.4342450516442031,1
704.0,0.6302888847319407,1
2941.0,0.6355970661946582,0
624.0,0.41454084450592343,1
2016.0,0.6251659005237229,1
850.0,0.4242893850840198,1
888.0,0.6315883433380676,1
1884.0,0.6331386056801439,1
2356.0,0.6257980740515896,1
1615.0,0.43666719336779175,1
420.0,0.6342657133515603,1
2520.0,0.6407174992608369,1
930.0,0.43768619481047905,1
1957.0,0.6362639737595173,1
1098.0,0.6388861327598642,1
600.0,0.655131930792668,1
990.0,0.651775603979277,1
2336.0,0.6506019422182947,1
1859.0,0.435483929859347,1
1410.0,0.6297167123135052,1
689.0,0.6397287313516636,1
1856.0,0.646319547119379,1
1316.0,0.6281483754746358,1
1144.0,0.6415331470849668,1
2114.0,0.6297728056309805,1
2754.0,0.43967672164116456,0
576.0,0.4270219952322328,1
1090.0,0.6290036139760375,1
589.0,0.6308022377093573,1
2192.0,0.6408196996904476,1
708.0,0.4358474621405938,1
1908.0,0.633406111829546,1
1246.0,0.630787884694108,1
2527.0,0.6432830103035025,1
731.0,0.4415380908270746,1
1140.0,0.6376133159904623,1
1860.0,0.6309912206086133,1
350.0,0.6340019566743227,1
400.0,0.642358263651404,1
1375.0,0.6409230859148556,1
390.0,0.6397543737249064,1
1836.0,0.6525527803419513,1
1672.0,0.6431154413167204,1
1045.0,0.6533655928931853,1
1976.0,0.6483340274795862,1
2176.0,0.645538654597145,1
1521.0,0.45203123762623515,1
2100.0,0.6308914944838289,1
1410.0,0.4450672138591622,1
2812.0,0.6350850777833109,0
1500.0,0.4389703440247427,1
405.0,0.6320194688174416,1
1157.0,0.6383027612973584,1
1562.0,0.6420457277380109,1
2159.0,0.629040498609145,1
392.0,0.43758949627496135,1
992.0,0.6346543155083588,1
774.0,0.6414083348768875,1
2142.0,0.644772656271921,1
1411.0,0.4380464067193224,1
722.0,0.6356796638419009,1
1350.0,0.6422883437203275,1
2338.0,0.6355286104926625,1
1040.0,0.4440915410159851,1
616.0,0.6331953494133721,1
902.0,0.6518618567902319,1
1904.0,0.6503011920174089,1
945.0,0.63256054054954,1
1001.0,0.6486172427290374,1
1443.0,0.649223734258624,1
874.0,0.6408798247727765,1
1770.0,0.6535544752327713,1
1768.0,0.6417433131462084,1
1740.0,0.6398258481210974,1
2608.0,0.6471674080902957,1
2010.0,0.44054623014940497,1
1066.0,0.43477936838171394,1
1404.0,0.6347181901842358,1
1808.0,0.6379908737406749,1
1820.0,0.6462521355126342,1
1302.0,0.6485162277298813,1
611.0,0.6488120936407861,1
2768.0,0.6439836234729639,0
1526.0,0.419446465731113,1
1463.0,0.6277677633891741,1
1937.0,0.6384379245860472,1
2737.0,0.6200898395342602,0
1425.0,0.4222682940133347,1
1164.0,0.6308108524972529,1
710.0,0.6316160703196648,1
348.0,0.6385154768706887,1
1122.0,0.6432952432090892,1
2595.0,0.6455176464145028,1
2556.0,0.43253924947692507,1
1343.0,0.4308629528906025,1
663.0,0.6374780599820403,1
1976.0,0.6442251562535899,1
2250.0,0.6402699795024016,1
627.0,0.4418889926395063,1
1976.0,0.6411229395215033,1
2567.0,0.629761313859947,1
1140.0,0.44213766987878134,1
3002.0,0.6394419839908018,0
2527.0,0.41350270807679834,1
770.0,0.4339223529614935,1
2010.0,0.6321998020677451,1
1417.0,0.42439781724839787,1
2145.0,0.6312290527053744,1
473.0,0.44326040671231726,1
640.0,0.6359191473097435,1
1696.0,0.6376401124970958,1
884.0,0.6383860399527068,1
2920.0,0.6513486227147072,0
1441.0,0.41749309431872794,1
2020.0,0.6221639053047614,1
660.0,0.44014587240462466,1
1100.0,0.6401419773122146,1
1010.0,0.6359156739015241,1
1144.0,0.6493464469351874,1
2432.0,0.6516210071515607,1
1410.0,0.44932240925042527,1
1224.0,0.6312566995816361,1
580.0,0.6499917128137757,1
1548.0,0.6505061689039782,1
1235.0,0.653168414217753,1
3160.0,0.6540001561342415,0
377.0,0.41553271891193166,1
1316.0,0.63258185347299,1
3360.0,0.6367887840143523,0
484.0,0.40656773066997887,1
546.0,0.6293267769795748,1
486.0,0.6307086935989573,1
2336.0,0.6394926803873404,1
1204.0,0.4305880725267265,1
2952.0,0.6378700891930582,0
1136.0,0.4100638249388431,1
2698.0,0.6343444050951844,1
1460.0,0.4196209928570995,1
2025.0,0.6234428341968656,1
1310.0,0.4314283056199327,1
1856.0,0.6231832371666105,1
3180.0,0.6342560479485725,0
728.0,0.42192500173398834,1
351.0,0.6276871793762822,1
830.0,0.6265377307943508,1
3287.0,0.6338442833403922,0
1284.0,0.4045542089325239,1
1508.0,0.6218882949043023,1
2086.0,0.6123539324086845,1
3211.0,0.4323981325125587,0
770.0,0.4132714866445235,1
1105.0,0.6248403024019542,1
1088.0,0.6225862280336867,1
1564.0,0.6302693740888244,1
520.0,0.6347919428287008,1
560.0,0.6371523971399168,1
918.0,0.6381793949621237,1
1683.0,0.6385405463844906,1
663.0,0.6201856121544242,1
475.0,0.6368466894362286,1
2988.0,0.6371732939010477,0
1615.0,0.4072270371086609,1
2130.0,0.6274512199105747,1
1116.0,0.41559672285429006,1
2448.0,0.6305886573061952,1
880.0,0.42246908612233414,1
912.0,0.6323935596168864,1
855.0,0.629866233783917,1
975.0,0.6371829291508373,1
2210.0,0.6413720163537815,1
1095.0,0.4303060349636464,1
2624.0,0.6386992234056088,1
800.0,0.43538326149864853,1
1245.0,0.6388272195688233,1
760.0,0.64355343453009,1
2520.0,0.6483510409936506,1
1230.0,0.43778792799332217,1
1197.0,0.6432298914812844,1
1474.0,0.6497829480276106,1
1746.0,0.6344363488995903,1
2090.0,0.6507375977887615,1
1905.0,0.4416684762605376,1
3240.0,0.63022615728855,0
510.0,0.43501135516647016,1
351.0,0.638694465992201,1
860.0,0.6423186405368637,1
1313.0,0.6463142545687276,1
665.0,0.6396692847860402,1
1420.0,0.6538157489104705,1
1125.0,0.6493529604927493,1
2788.0,0.6475461830812539,0
1635.0,0.40010428129201747,1
3021.0,0.6192946440536952,0
1729.0,0.4021667730209382,1
1400.0,0.6054146664009024,1
1133.0,0.6150719579572432,1
2370.0,0.6238549569599046,1
440.0,0.42267150895077815,1
767.0,0.6337260276333532,1
1518.0,0.6388318477120453,1
1302.0,0.6317502523910243,1
2394.0,0.6481201547227293,1
1680.0,0.4341423789161684,1
741.0,0.6320019161149608,1
1710.0,0.6452992170052141,1
2142.0,0.6313428065605222,1
720.0,0.441725400170505,1
666.0,0.6365309990371302,1
1308.0,0.6426852109779186,1
2826.0,0.6409618960911225,0
2296.0,0.4332077082296707,1
2114.0,0.4275860037635598,1
2160.0,0.42679464290193175,1
2720.0,0.43308410775138273,0
3249.0,0.42172921336139113,0
798.0,0.41012416008014213,1
2040.0,0.6175721906447756,1
1105.0,0.4266509314425496,1
561.0,0.6235880055084022,1
1088.0,0.6302874724274335,1
1710.0,0.6348013508282618,1
2755.0,0.6381710010037814,0
1335.0,0.41020200527733297,1
1392.0,0.6221893622792354,1
1395.0,0.6057520555729983,1
1368.0,0.628213607591373,1
462.0,0.6313885276376692,1
1992.0,0.637639849212455,1
2278.0,0.6205592133469511,1
3042.0,0.4307247919782974,0
1224.0,0.4167430436658685,1
1060.0,0.62263833345872,1
816.0,0.6289334579904791,1
1530.0,0.63822087188652,1
1150.0,0.6318245181772741,1
2376.0,0.6365201640196279,1
946.0,0.43780161603480455,1
1938.0,0.6342624362528035,1
1350.0,0.6349563940412727,1
1692.0,0.6329672110812209,1
1606.0,0.6438976220703362,1
1136.0,0.632385706773595,1
2394.0,0.6450364507792861,1
896.0,0.4412243674844252,1
1065.0,0.6369876362137319,1
2310.0,0.6405287390688523,1
2034.0,0.4401319219293604,1
1586.0,0.4381443670258744,1
2223.0,0.6278871658354197,1
2988.0,0.4498364369215353,0
551.0,0.4301169201254423,1
364.0,0.6315535363421731,1
476.0,0.6349996468746495,1
1424.0,0.6393038497876913,1
406.0,0.6419316131865151,1
1183.0,0.6428657901996769,1
970.0,0.6427195334886491,1
1370.0,0.6421553442210858,1
1168.0,0.6229811913786938,1
1104.0,0.6384674825647437,1
1276.0,0.6395554123430429,1
1344.0,0.6315612050853484,1
1121.0,0.6450357764133527,1
1472.0,0.6457737710627609,1
2340.0,0.6485412644940289,1
1840.0,0.43590995741210226,1
1130.0,0.6401323550437191,1
1272.0,0.6294206972375836,1
1360.0,0.6427599188204919,1
378.0,0.6527259919057531,1
765.0,0.648638272499784,1
672.0,0.6511220238114347,1
2250.0,0.6529170968419641,1
803.0,0.4489665190154615,1
900.0,0.6449200885579638,1
1539.0,0.6503475379864682,1
2020.0,0.6531480818001034,1
2159.0,0.4524917403508123,1
1484.0,0.4453015261816546,1
2550.0,0.6366535408555765,1
858.0,0.44465358529220966,1
1120.0,0.6397170480187745,1
1258.0,0.6465499434973873,1
1824.0,0.6495502719796227,1
1224.0,0.6506337671162143,1
792.0,0.6417063033792304,1
2580.0,0.6567603629846578,1
300.0,0.4388198287486402,1
1890.0,0.6386996627933814,1
1072.0,0.6304131097799522,1
1638.0,0.6490243038334381,1
1653.0,0.6428043002566965,1
1349.0,0.6552815443481987,1
3040.0,0.6515540435116265,0
948.0,0.41894548322672664,1
3192.0,0.6382949831340523,0
2800.0,0.4011197663233186,0
2640.0,0.4036924104611558,1
663.0,0.4077846157267193,1
2907.0,0.6215061426688389,0
1008.0,0.386876915145866,1
1776.0,0.6243203471371273,1
1260.0,0.6064045591469414,1
923.0,0.6320977510613772,1
1309.0,0.629177225259915,1
3173.0,0.6254771849020768,0
880.0,0.41688985684580004,1
1280.0,0.631515081897307,1
2640.0,0.6215152619606321,1
1670.0,0.43845724191389474,1
1620.0,0.6190382338652343,1
645.0,0.6405014646019532,1
2394.0,0.6391866653857008,1
570.0,0.44254969069595046,1
2033.0,0.6425911821578996,1
671.0,0.44458998879172046,1
1136.0,0.6428185629520182,1
1443.0,0.6447235901280784,1
2128.0,0.6396835995666552,1
1248.0,0.4444404506496764,1
1168.0,0.6398747692963445,1
3040.0,0.6442945646763963,0
1221.0,0.41443937101966954,1
1305.0,0.6220121950190005,1
2489.0,0.6361970539204482,1
450.0,0.42314523644205426,1
650.0,0.6343764063437491,1
1872.0,0.6386838011815799,1
2680.0,0.6260034014531445,1
1212.0,0.43832629382575183,1
2220.0,0.631227426684888,1
1635.0,0.4414238607681658,1
605.0,0.6237607570717476,1
690.0,0.6446799157374787,1
1963.0,0.6431970086799546,1
1215.0,0.6320707109653156,1
1288.0,0.6473274419635936,1
2448.0,0.6481398551870007,1
940.0,0.4450947379104392,1
1968.0,0.6406552079087027,1
2394.0,0.641690324124204,1
372.0,0.4582978918296512,1
1400.0,0.6429084442296278,1
1536.0,0.6486638638705416,1
2142.0,0.6369829364488326,1
1728.0,0.4471956964985958,1
530.0,0.6281453505148873,1
1540.0,0.6478287843103241,1
2130.0,0.6355061347136093,1
3300.0,0.44447671116025234,0
640.0,0.42490841290878806,1
1311.0,0.6313469051223815,1
459.0,0.6351385073068744,1
1989.0,0.6391406701638964,1
1818.0,0.6334461803845591,1
2184.0,0.6420092021275916,1
1044.0,0.43933029033608356,1
962.0,0.6382136617237634,1
2480.0,0.642622111274472,1
2132.0,0.43698936771253155,1
960.0,0.4324595447617803,1
1428.0,0.6385997325556007,1
1092.0,0.6425910799470522,1
1510.0,0.659069330547937,1
2460.0,0.6355954092884825,1
648.0,0.4545161165680103,1
3040.0,0.6447886046345706,0
2180.0,0.4166361191377334,1
1672.0,0.4334167370476387,1
1860.0,0.6316822135270778,1
1173.0,0.6273328837989247,1
2278.0,0.6433733856617974,1
1896.0,0.4298110255724793,1
1000.0,0.6226974975902306,1
732.0,0.6381663418985248,1
504.0,0.6476505685034535,1
1302.0,0.6450175986351265,1
1440.0,0.6479844596914454,1
1875.0,0.649728485712155,1
2322.0,0.6392842045481966,1
3260.0,0.4468705794897838,0
2272.0,0.4257108706419518,1
912.0,0.4268263119057995,1
1488.0,0.6308953939134938,1
612.0,0.6396226873198936,1
1976.0,0.6434834163202992,1
1568.0,0.6297460644270004,1
1210.0,0.6291374367313854,1
1320.0,0.6370750031379135,1
1000.0,0.6464420102059683,1
1105.0,0.6397153730247814,1
1581.0,0.6527189124885444,1
976.0,0.6483434527631495,1
1152.0,0.6472544142448811,1
2793.0,0.64652768633201,0
1751.0,0.4049941707253749,1
1144.0,0.614131330883951,1
340.0,0.6297023289230133,1
3114.0,0.6478167528386791,0
2158.0,0.40104534602389,1
2413.0,0.4194831410058282,1
490.0,0.4267312789104894,1
1568.0,0.6267610828269895,1
2060.0,0.629340111560373,1
912.0,0.4345208849471675,1
840.0,0.6400504110894288,1
1860.0,0.6435484866787228,1
2516.0,0.6337158431249226,1
737.0,0.44011345830236864,1
