Timestep: 0, Trans probs: [0.125, 0.125, 0.125, 0.125, 0.125, 0.125, 0.125, 0.125]
Timestep: 1, Trans probs: [0.125, 0.125, 0.125, 0.125, 0.125, 0.125, 0.125, 0.125]
Timestep: 2, Trans probs: [0.1111111111111111, 0.1111111111111111, 0.1111111111111111, 0.1111111111111111, 0.2222222222222222, 0.1111111111111111, 0.1111111111111111, 0.1111111111111111]
Timestep: 3, Trans probs: [0.10009152897083819, 0.10009152897083819, 0.10009152897083819, 0.10009152897083819, 0.2993592972041328, 0.10009152897083819, 0.10009152897083819, 0.10009152897083819]
Timestep: 4, Trans probs: [0.1111111111111111, 0.1111111111111111, 0.1111111111111111, 0.1111111111111111, 0.2222222222222222, 0.1111111111111111, 0.1111111111111111, 0.1111111111111111]
Timestep: 5, Trans probs: [0.10009152897083819, 0.10009152897083819, 0.10009152897083819, 0.10009152897083819, 0.19926776823329462, 0.20018305794167637, 0.10009152897083819, 0.10009152897083819]
Timestep: 6, Trans probs: [0.125, 0.125, 0.125, 0.125, 0.125, 0.125, 0.125, 0.125]
Timestep: 7, Trans probs: [0.125, 0.125, 0.125, 0.125, 0.125, 0.125, 0.125, 0.125]
Timestep: 8, Trans probs: [0.10009152897083819, 0.10009152897083819, 0.10009152897083819, 0.10009152897083819, 0.19926776823329462, 0.20018305794167637, 0.10009152897083819, 0.10009152897083819]
Timestep: 9, Trans probs: [0.2222222222222222, 0.1111111111111111, 0.1111111111111111, 0.1111111111111111, 0.1111111111111111, 0.1111111111111111, 0.1111111111111111, 0.1111111111111111]
Timestep: 10, Trans probs: [0.125, 0.125, 0.125, 0.125, 0.125, 0.125, 0.125, 0.125]
Timestep: 11, Trans probs: [0.125, 0.125, 0.125, 0.125, 0.125, 0.125, 0.125, 0.125]
Timestep: 12, Trans probs: [0.1111111111111111, 0.2222222222222222, 0.1111111111111111, 0.1111111111111111, 0.1111111111111111, 0.1111111111111111, 0.1111111111111111, 0.1111111111111111]
Timestep: 13, Trans probs: [0.10009152897083819, 0.10009152897083819, 0.10009152897083819, 0.10009152897083819, 0.19926776823329462, 0.20018305794167637, 0.10009152897083819, 0.10009152897083819]
Timestep: 14, Trans probs: [0.1111111111111111, 0.2222222222222222, 0.1111111111111111, 0.1111111111111111, 0.1111111111111111, 0.1111111111111111, 0.1111111111111111, 0.1111111111111111]
Timestep: 15, Trans probs: [0.10009152897083819, 0.10009152897083819, 0.10009152897083819, 0.10009152897083819, 0.19926776823329462, 0.20018305794167637, 0.10009152897083819, 0.10009152897083819]
Timestep: 16, Trans probs: [0.2993592972041328, 0.10009152897083819, 0.10009152897083819, 0.10009152897083819, 0.10009152897083819, 0.10009152897083819, 0.10009152897083819, 0.10009152897083819]
Timestep: 17, Trans probs: [0.26864943477119946, 0.09141882065360006, 0.18283764130720012, 0.09141882065360006, 0.09141882065360006, 0.09141882065360006, 0.09141882065360006, 0.09141882065360006]
Timestep: 18, Trans probs: [0.24351773340252408, 0.08429396355544465, 0.2507184852648081, 0.08429396355544465, 0.08429396355544465, 0.08429396355544465, 0.08429396355544465, 0.08429396355544465]
Timestep: 19, Trans probs: [0.1111111111111111, 0.2222222222222222, 0.1111111111111111, 0.1111111111111111, 0.1111111111111111, 0.1111111111111111, 0.1111111111111111, 0.1111111111111111]
Timestep: 20, Trans probs: [0.20018305794167637, 0.19926776823329462, 0.10009152897083819, 0.10009152897083819, 0.10009152897083819, 0.10009152897083819, 0.10009152897083819, 0.10009152897083819]
Timestep: 21, Trans probs: [0.27239214239642057, 0.18036164567760127, 0.09120770198766302, 0.09120770198766302, 0.09120770198766302, 0.09120770198766302, 0.09120770198766302, 0.09120770198766302]
Timestep: 22, Trans probs: [0.10009152897083819, 0.10009152897083819, 0.10009152897083819, 0.10009152897083819, 0.19926776823329462, 0.20018305794167637, 0.10009152897083819, 0.10009152897083819]
Timestep: 23, Trans probs: [0.3004104854690352, 0.0785393964212554, 0.2283531360034323, 0.0785393964212554, 0.0785393964212554, 0.0785393964212554, 0.0785393964212554, 0.0785393964212554]
Timestep: 24, Trans probs: [0.27239214239642057, 0.18036164567760127, 0.09120770198766302, 0.09120770198766302, 0.09120770198766302, 0.09120770198766302, 0.09120770198766302, 0.09120770198766302]
Timestep: 25, Trans probs: [0.3475483690752494, 0.07394881599576873, 0.2087587349501382, 0.07394881599576873, 0.07394881599576873, 0.07394881599576873, 0.07394881599576873, 0.07394881599576873]
Timestep: 26, Trans probs: [0.31618981552534525, 0.07033378119023385, 0.26180749733325165, 0.07033378119023385, 0.07033378119023385, 0.07033378119023385, 0.07033378119023385, 0.07033378119023385]
Timestep: 27, Trans probs: [0.28887332333332194, 0.06732277160735942, 0.30719004702252156, 0.06732277160735942, 0.06732277160735942, 0.06732277160735942, 0.06732277160735942, 0.06732277160735942]
Timestep: 28, Trans probs: [0.2646981331896294, 0.06486897561619034, 0.34608801311322845, 0.06486897561619034, 0.06486897561619034, 0.06486897561619034, 0.06486897561619034, 0.06486897561619034]
Timestep: 29, Trans probs: [0.24312387847696834, 0.06290721111173848, 0.37943285485260075, 0.06290721111173848, 0.06290721111173848, 0.06290721111173848, 0.06290721111173848, 0.06290721111173848]
Timestep: 30, Trans probs: [0.22378600446963617, 0.06136883937740776, 0.40800095926591734, 0.06136883937740776, 0.06136883937740776, 0.06136883937740776, 0.06136883937740776, 0.06136883937740776]
Timestep: 31, Trans probs: [0.24687288615875636, 0.16421007022939432, 0.16826201246052835, 0.08413100623026418, 0.08413100623026418, 0.08413100623026418, 0.08413100623026418, 0.08413100623026418]
Timestep: 32, Trans probs: [0.26660308862974647, 0.06018865633589266, 0.37226497335489755, 0.06018865633589266, 0.06018865633589266, 0.06018865633589266, 0.06018865633589266, 0.06018865633589266]
Timestep: 33, Trans probs: [0.24545147855330293, 0.05910080493920656, 0.3999436918114577, 0.05910080493920656, 0.05910080493920656, 0.05910080493920656, 0.05910080493920656, 0.05910080493920656]
Timestep: 34, Trans probs: [0.22637321245454453, 0.05826987716777878, 0.4240075245387828, 0.05826987716777878, 0.05826987716777878, 0.05826987716777878, 0.05826987716777878, 0.05826987716777878]
Timestep: 35, Trans probs: [0.22575257412777888, 0.15078781752490925, 0.23262861679889366, 0.07816619830968365, 0.07816619830968365, 0.07816619830968365, 0.07816619830968365, 0.07816619830968365]
Timestep: 36, Trans probs: [0.2806927445717133, 0.1392814540391131, 0.21367210730129385, 0.07327073881757597, 0.07327073881757597, 0.07327073881757597, 0.07327073881757597, 0.07327073881757597]
Timestep: 37, Trans probs: [0.2668020485141537, 0.057661044000622635, 0.3872316874821106, 0.057661044000622635, 0.057661044000622635, 0.057661044000622635, 0.057661044000622635, 0.057661044000622635]
Timestep: 38, Trans probs: [0.15228078706109371, 0.07869039050194435, 0.37557686992724015, 0.07869039050194435, 0.07869039050194435, 0.07869039050194435, 0.07869039050194435, 0.07869039050194435]
Timestep: 39, Trans probs: [0.125, 0.125, 0.125, 0.125, 0.125, 0.125, 0.125, 0.125]
Timestep: 40, Trans probs: [0.24598172824588987, 0.0570335013108085, 0.35478376257845057, 0.0570335013108085, 0.0570335013108085, 0.114067002621617, 0.0570335013108085, 0.0570335013108085]
Timestep: 41, Trans probs: [0.22832693268727827, 0.05601612601130441, 0.3835647693647107, 0.05601612601130441, 0.05601612601130441, 0.1080276678914891, 0.05601612601130441, 0.05601612601130441]
Timestep: 42, Trans probs: [0.21219734306154703, 0.05526458782681307, 0.40884541052281537, 0.05526458782681307, 0.05526458782681307, 0.10263430728157232, 0.05526458782681307, 0.05526458782681307]
Timestep: 43, Trans probs: [0.19744779734254575, 0.054744642999784925, 0.4310097909977532, 0.054744642999784925, 0.054744642999784925, 0.0978191966607764, 0.054744642999784925, 0.054744642999784925]
Timestep: 44, Trans probs: [0.25783502429548133, 0.12931445112215978, 0.2662449450375373, 0.06932111590896432, 0.06932111590896432, 0.06932111590896432, 0.06932111590896432, 0.06932111590896432]
Timestep: 45, Trans probs: [0.30367265605846544, 0.12066453341879431, 0.2452389175409055, 0.06608477859636695, 0.06608477859636695, 0.06608477859636695, 0.06608477859636695, 0.06608477859636695]
Timestep: 46, Trans probs: [0.34306152693173747, 0.11312192264044015, 0.22643404358039376, 0.06347650136948572, 0.06347650136948572, 0.06347650136948572, 0.06347650136948572, 0.06347650136948572]
Timestep: 47, Trans probs: [0.23838435533094315, 0.05442326978847301, 0.3959753934292763, 0.05442326978847301, 0.05442326978847301, 0.0935239022974154, 0.05442326978847301, 0.05442326978847301]
Timestep: 48, Trans probs: [0.31547131420311914, 0.10652941736400806, 0.270911595827293, 0.061417534521115966, 0.061417534521115966, 0.061417534521115966, 0.061417534521115966, 0.061417534521115966]
Timestep: 49, Trans probs: [0.27544696099162025, 0.05402493444709292, 0.3648234499514723, 0.05402493444709292, 0.05402493444709292, 0.08960491682144286, 0.05402493444709292, 0.05402493444709292]
Timestep: 50, Trans probs: [0.25536583070103036, 0.053631787038146174, 0.39042709793877284, 0.053631787038146174, 0.053631787038146174, 0.08604813616946598, 0.053631787038146174, 0.053631787038146174]
Timestep: 51, Trans probs: [0.23696462583587877, 0.053380097232076526, 0.41325486073370316, 0.053380097232076526, 0.053380097232076526, 0.08288002727003539, 0.053380097232076526, 0.053380097232076526]
Timestep: 52, Trans probs: [0.22009027239404771, 0.053258311465380334, 0.43355187443219534, 0.053258311465380334, 0.053258311465380334, 0.08006629584685529, 0.053258311465380334, 0.053258311465380334]
Timestep: 53, Trans probs: [0.2908692719136074, 0.1007317532138965, 0.3099996995365632, 0.05967985506718658, 0.05967985506718658, 0.05967985506718658, 0.05967985506718658, 0.05967985506718658]
Timestep: 54, Trans probs: [0.1111111111111111, 0.1111111111111111, 0.2222222222222222, 0.1111111111111111, 0.1111111111111111, 0.1111111111111111, 0.1111111111111111, 0.1111111111111111]
Timestep: 55, Trans probs: [0.2578709360491901, 0.053252520429083496, 0.39829117653208385, 0.053252520429083496, 0.053252520429083496, 0.07757528527330856, 0.053252520429083496, 0.053252520429083496]
Timestep: 56, Trans probs: [0.23913607319773647, 0.0531396974322871, 0.4199165586538199, 0.0531396974322871, 0.0531396974322871, 0.07524888098700822, 0.0531396974322871, 0.0531396974322871]
Timestep: 57, Trans probs: [0.10009152897083819, 0.10009152897083819, 0.2993592972041328, 0.10009152897083819, 0.10009152897083819, 0.10009152897083819, 0.10009152897083819, 0.10009152897083819]
Timestep: 58, Trans probs: [0.22196239289476435, 0.053129739849496975, 0.3860604773480402, 0.053129739849496975, 0.10625947969899395, 0.07319869066021356, 0.053129739849496975, 0.053129739849496975]
Timestep: 59, Trans probs: [0.20716108718923862, 0.05264288974740645, 0.4099890255988802, 0.05264288974740645, 0.10126803117604122, 0.07101029704621421, 0.05264288974740645, 0.05264288974740645]
Timestep: 60, Trans probs: [0.19351422584272784, 0.05235377564287489, 0.4311619252630348, 0.05235377564287489, 0.09677538402774824, 0.06913336229498945, 0.05235377564287489, 0.05235377564287489]
Timestep: 61, Trans probs: [0.18093827205793067, 0.052235509136694454, 0.44984860388019937, 0.052235509136694454, 0.09273682324021314, 0.06753426427487898, 0.052235509136694454, 0.052235509136694454]
Timestep: 62, Trans probs: [0.1693625579221952, 0.05226250145523476, 0.4662928064110169, 0.05226250145523476, 0.08911257414101378, 0.06618205570483517, 0.05226250145523476, 0.05226250145523476]
Timestep: 63, Trans probs: [0.2686950956483563, 0.09562783046291837, 0.2861080229505256, 0.05826150848969994, 0.11652301697939987, 0.05826150848969994, 0.05826150848969994, 0.05826150848969994]
Timestep: 64, Trans probs: [0.21113591065650744, 0.05241087663067212, 0.42830551182972376, 0.05241087663067212, 0.08586674800887664, 0.06504832298220369, 0.05241087663067212, 0.05241087663067212]
Timestep: 65, Trans probs: [0.19689000675266582, 0.05235645801984304, 0.4469990960893038, 0.05235645801984304, 0.08282106523141693, 0.06386399984724137, 0.05235645801984304, 0.05235645801984304]
Timestep: 66, Trans probs: [0.24986198446358174, 0.09095021592123471, 0.3224908313367623, 0.05664015559686018, 0.11013634589098054, 0.05664015559686018, 0.05664015559686018, 0.05664015559686018]
Timestep: 67, Trans probs: [0.14008349574995285, 0.07433164229683108, 0.3395950081722296, 0.07433164229683108, 0.14866328459366215, 0.07433164229683108, 0.07433164229683108, 0.07433164229683108]
Timestep: 68, Trans probs: [0.23620858433906833, 0.05242633146449953, 0.41108802493153485, 0.05242633146449953, 0.0801133742705229, 0.06288469060087591, 0.05242633146449953, 0.05242633146449953]
Timestep: 69, Trans probs: [0.23263984242172867, 0.08683954944360213, 0.29927623599978753, 0.05536033998493983, 0.10444267221018261, 0.11072067996987967, 0.05536033998493983, 0.05536033998493983]
Timestep: 70, Trans probs: [0.2716643760484286, 0.08298309422889041, 0.2793963196417538, 0.05387826698151329, 0.09925846632196926, 0.10506294281441803, 0.05387826698151329, 0.05387826698151329]
Timestep: 71, Trans probs: [0.2721008084684199, 0.05235429764037082, 0.37902988092459033, 0.05235429764037082, 0.07757215899222475, 0.06187996105328171, 0.05235429764037082, 0.05235429764037082]
Timestep: 72, Trans probs: [0.25260652931835126, 0.05222879618843725, 0.40233951369031645, 0.05222879618843725, 0.07522391849107528, 0.06091485374650798, 0.05222879618843725, 0.05222879618843725]
Timestep: 73, Trans probs: [0.2346752706523115, 0.052207134787088084, 0.42323237860820145, 0.052207134787088084, 0.07314697193872811, 0.060116839652406724, 0.052207134787088084, 0.052207134787088084]
Timestep: 74, Trans probs: [0.21818102908237133, 0.05228182908088377, 0.44189812392155564, 0.05228182908088377, 0.07132023386945704, 0.0594732968030809, 0.05228182908088377, 0.05228182908088377]
Timestep: 75, Trans probs: [0.20301899709347337, 0.052443049977327454, 0.4585155484811799, 0.052443049977327454, 0.06972297557428203, 0.058970278941754765, 0.052443049977327454, 0.052443049977327454]
Timestep: 76, Trans probs: [0.18909886849222912, 0.052679719750281226, 0.4732539514353405, 0.052679719750281226, 0.06833502715766175, 0.05859327391364388, 0.052679719750281226, 0.052679719750281226]
Timestep: 77, Trans probs: [0.25401870822625294, 0.07956992488187431, 0.31382793658298724, 0.05266051630784637, 0.09461762242099848, 0.09998425896434784, 0.05266051630784637, 0.05266051630784637]
Timestep: 78, Trans probs: [0.22932054191630116, 0.052980262338604873, 0.43329376634035793, 0.052980262338604873, 0.06713691856661648, 0.05832772382230495, 0.052980262338604873, 0.052980262338604873]
Timestep: 79, Trans probs: [0.2222222222222222, 0.1111111111111111, 0.1111111111111111, 0.1111111111111111, 0.1111111111111111, 0.1111111111111111, 0.1111111111111111, 0.1111111111111111]
Timestep: 80, Trans probs: [0.21297140723028804, 0.10611311841274747, 0.3979452955718284, 0.053056559206373734, 0.06589457633241447, 0.05790592483360047, 0.053056559206373734, 0.053056559206373734]
Timestep: 81, Trans probs: [0.198860022037545, 0.10115058149933477, 0.4206336134102728, 0.05263654693727054, 0.06437541609647324, 0.05707072614456263, 0.05263654693727054, 0.05263654693727054]
Timestep: 82, Trans probs: [0.18585624925092736, 0.09668324006770682, 0.44066214323472236, 0.05240765701566537, 0.06312095433441164, 0.05645444206523563, 0.05240765701566537, 0.05240765701566537]
Timestep: 83, Trans probs: [0.17388328661521013, 0.09266715109367892, 0.4582952091440643, 0.05234226146187272, 0.062099615339367274, 0.05602795342206114, 0.05234226146187272, 0.05234226146187272]
Timestep: 84, Trans probs: [0.1628748874833093, 0.08906305616837105, 0.47377207528903614, 0.05241450188561659, 0.061282298338389836, 0.055764177064043775, 0.05241450188561659, 0.05241450188561659]
Timestep: 85, Trans probs: [0.15277189696651103, 0.08583539882089666, 0.48731055679879687, 0.05260053874378907, 0.06064232866069378, 0.055638202521734445, 0.05260053874378907, 0.05260053874378907]
Timestep: 86, Trans probs: [0.14351990960193145, 0.08295160417855581, 0.4991099259229209, 0.052878636341571694, 0.06015534787162685, 0.055627303400249836, 0.052878636341571694, 0.052878636341571694]
Timestep: 87, Trans probs: [0.13506767409803005, 0.08038155293612921, 0.5093531860310123, 0.053229167685533194, 0.05979919016859938, 0.0557108937096294, 0.053229167685533194, 0.053229167685533194]
Timestep: 88, Trans probs: [0.2377145914668718, 0.07657057702736313, 0.34467580196546865, 0.051713481204278225, 0.09047062461175416, 0.09542796131570747, 0.051713481204278225, 0.051713481204278225]
Timestep: 89, Trans probs: [0.1810006125159841, 0.07809720682819608, 0.46457420617017503, 0.05363458140721244, 0.05955376668420982, 0.05587046357979763, 0.05363458140721244, 0.05363458140721244]
Timestep: 90, Trans probs: [0.16898626725279084, 0.0758290479090542, 0.4793853679286549, 0.053683326425545665, 0.05904189388499857, 0.05570744374786464, 0.053683326425545665, 0.053683326425545665]
Timestep: 91, Trans probs: [0.1580114315423501, 0.07384509278543293, 0.49228971170545116, 0.053836720814606824, 0.05867811697500468, 0.05566548454794058, 0.053836720814606824, 0.053836720814606824]
Timestep: 92, Trans probs: [0.22259774057021922, 0.0739483197338388, 0.37228408344596076, 0.05101856394596228, 0.08677060190301918, 0.09134356250907515, 0.05101856394596228, 0.05101856394596228]
Timestep: 93, Trans probs: [0.12983341077540883, 0.07040178399336765, 0.38056917962678605, 0.07040178399336765, 0.13758848963096684, 0.07040178399336765, 0.07040178399336765, 0.07040178399336765]
Timestep: 94, Trans probs: [0.20208069657241068, 0.0721153832808312, 0.4494183610794539, 0.05407424238868808, 0.058439630555790024, 0.05572320134544991, 0.05407424238868808, 0.05407424238868808]
Timestep: 95, Trans probs: [0.09141882065360006, 0.09141882065360006, 0.36006825542479953, 0.09141882065360006, 0.09141882065360006, 0.09141882065360006, 0.09141882065360006, 0.09141882065360006]
Timestep: 96, Trans probs: [0.1880328857450022, 0.07036568588936445, 0.4119659465308647, 0.05403170817473478, 0.11201572476851217, 0.055524632542052164, 0.05403170817473478, 0.05403170817473478]
Timestep: 97, Trans probs: [0.2085577601666507, 0.07166799079386231, 0.3464024207056949, 0.05055220733560228, 0.08347590258454411, 0.1382393037424411, 0.05055220733560228, 0.05055220733560228]
Timestep: 98, Trans probs: [0.24595379239425544, 0.0694276078637135, 0.32357508471272, 0.04989411477611981, 0.08035070545079234, 0.13101046525015936, 0.04989411477611981, 0.04989411477611981]
Timestep: 99, Trans probs: [0.22937497674462512, 0.0684346767427051, 0.38027658158394284, 0.05352362628097828, 0.10645639088424026, 0.05488649520155191, 0.05352362628097828, 0.05352362628097828]
Timestep: 100, Trans probs: [0.23079127587254075, 0.0673971220141935, 0.35195496418998745, 0.04931675289822795, 0.07750763503807923, 0.12439874419051518, 0.04931675289822795, 0.04931675289822795]
Timestep: 101, Trans probs: [0.26684995840342823, 0.06662859382164875, 0.3519127012044747, 0.0529874325310271, 0.1014122153030374, 0.05423423367432947, 0.0529874325310271, 0.0529874325310271]
Timestep: 102, Trans probs: [0.21665957381507994, 0.06564449160395897, 0.377577583817394, 0.04893392782930856, 0.07498901170730604, 0.11832755556833541, 0.04893392782930856, 0.04893392782930856]
Timestep: 103, Trans probs: [0.3008264526241716, 0.06498707357757877, 0.3262229742801025, 0.052495802721042886, 0.09683858739216582, 0.05363750396285254, 0.052495802721042886, 0.052495802721042886]
Timestep: 104, Trans probs: [0.2795116036111489, 0.06352871736369395, 0.3548590143867261, 0.052089148859910124, 0.09269849347502815, 0.05313472458367267, 0.052089148859910124, 0.052089148859910124]
Timestep: 105, Trans probs: [0.259896343297011, 0.0622792919826137, 0.3806491540154927, 0.05181247289660174, 0.08896865262028292, 0.05276913939479427, 0.05181247289660174, 0.05181247289660174]
Timestep: 106, Trans probs: [0.2418113631729088, 0.06122752005675754, 0.40381899343980243, 0.051662867597965303, 0.08561644440415825, 0.05253707613247698, 0.051662867597965303, 0.051662867597965303]
Timestep: 107, Trans probs: [0.20347378173436148, 0.06414737210919914, 0.4006668432537436, 0.048730217614130523, 0.07276861984556349, 0.11275273021474078, 0.048730217614130523, 0.048730217614130523]
Timestep: 108, Trans probs: [0.08467833765747725, 0.08467833765747725, 0.40725163639765927, 0.08467833765747725, 0.08467833765747725, 0.08467833765747725, 0.08467833765747725, 0.08467833765747725]
Timestep: 109, Trans probs: [0.07948302666357679, 0.07948302666357679, 0.36413578669138563, 0.07948302666357679, 0.15896605332715358, 0.07948302666357679, 0.07948302666357679, 0.07948302666357679]
Timestep: 110, Trans probs: [0.27675829948718145, 0.060359224887412646, 0.3729435717899143, 0.05163232747616801, 0.08261195614632222, 0.05242996526066534, 0.05163232747616801, 0.05163232747616801]
Timestep: 111, Trans probs: [0.19116939490217802, 0.06288343861027904, 0.3727365546330533, 0.04868796473694213, 0.11950948926549294, 0.10763722837817025, 0.04868796473694213, 0.04868796473694213]
Timestep: 112, Trans probs: [0.3086974029718696, 0.059525460527151464, 0.34497786197592617, 0.05155604731781415, 0.07984668146989829, 0.05228445110171207, 0.05155604731781415, 0.05155604731781415]
Timestep: 113, Trans probs: [0.18019162312330037, 0.06147445713082552, 0.39655358927481893, 0.04833781710509889, 0.11387679679018096, 0.1028900823655775, 0.04833781710509889, 0.04833781710509889]
Timestep: 114, Trans probs: [0.33782734382038515, 0.05876397561525598, 0.3194784500937492, 0.051485209116081176, 0.07732411528113417, 0.05215048784123204, 0.051485209116081176, 0.051485209116081176]
Timestep: 115, Trans probs: [0.312874598376421, 0.058096744881576234, 0.3475739324676717, 0.05145141369146894, 0.07504168672417978, 0.05205879647574442, 0.05145141369146894, 0.05145141369146894]
Timestep: 116, Trans probs: [0.16994582528123953, 0.06031264966490464, 0.41793342222586743, 0.048181197983853286, 0.10870527139363684, 0.09855923748279179, 0.048181197983853286, 0.048181197983853286]
Timestep: 117, Trans probs: [0.3414568911533971, 0.05751972545893615, 0.32166359185355586, 0.05145595411769484, 0.07298174680666691, 0.05201018237435958, 0.05145595411769484, 0.05145595411769484]
Timestep: 118, Trans probs: [0.31600180783015747, 0.05701376230172375, 0.3494305203479063, 0.05148280518183287, 0.07111715971704079, 0.051988334257673165, 0.05148280518183287, 0.05148280518183287]
Timestep: 119, Trans probs: [0.29269082930068163, 0.05657652790028304, 0.37470119146526176, 0.05153406320360567, 0.06943431761523022, 0.05199494410772646, 0.05153406320360567, 0.05153406320360567]
Timestep: 120, Trans probs: [0.16038861969270785, 0.05937284347539402, 0.43707881674728494, 0.048194949545797304, 0.10396170282054262, 0.09461316862667864, 0.048194949545797304, 0.048194949545797304]
Timestep: 121, Trans probs: [0.32292103517656057, 0.05622070963364549, 0.34599534402267496, 0.051627609722670435, 0.06793266328083203, 0.052047418718275736, 0.051627609722670435, 0.051627609722670435]
Timestep: 122, Trans probs: [0.2988356543584838, 0.055882575907563514, 0.37155385502633376, 0.051698449919968956, 0.06655168621879404, 0.052080878728917986, 0.051698449919968956, 0.051698449919968956]
Timestep: 123, Trans probs: [0.27676170722992427, 0.05560958977447173, 0.39475558877804556, 0.05180091886666987, 0.06532132650873616, 0.052149031108812666, 0.05180091886666987, 0.05180091886666987]
Timestep: 124, Trans probs: [0.25650256907675634, 0.05541034503689555, 0.415740805179389, 0.05194714462851571, 0.06424116592910899, 0.052263680892303, 0.05194714462851571, 0.05194714462851571]
Timestep: 125, Trans probs: [0.23790039357825912, 0.05528744111827663, 0.4346479996706321, 0.052142489817675865, 0.06330675804349367, 0.05242993813631095, 0.052142489817675865, 0.052142489817675865]
Timestep: 126, Trans probs: [0.07492270692872476, 0.07492270692872476, 0.4044486843188553, 0.07492270692872476, 0.14601507410879627, 0.07492270692872476, 0.07492270692872476, 0.07492270692872476]
Timestep: 127, Trans probs: [0.15148452889215014, 0.05863118907019723, 0.4541736763542723, 0.04835650899145628, 0.09961710893425427, 0.09102396977475713, 0.04835650899145628, 0.04835650899145628]
Timestep: 128, Trans probs: [0.22082461899158382, 0.055239295261265954, 0.39922661955674, 0.05238759294655649, 0.1148984490213911, 0.052648238329349666, 0.05238759294655649, 0.05238759294655649]
Timestep: 129, Trans probs: [0.14320341219245622, 0.058065208649467306, 0.4693865204321657, 0.048644246457258435, 0.09564562949888215, 0.08776648985525325, 0.048644246457258435, 0.048644246457258435]
Timestep: 130, Trans probs: [0.25816751939294974, 0.05475388997538454, 0.36899175647365534, 0.0521488147648435, 0.10925347141510876, 0.052386918448371095, 0.0521488147648435, 0.0521488147648435]
Timestep: 131, Trans probs: [0.13551858468924488, 0.05765376322432107, 0.48287340951020646, 0.04903763663722739, 0.09202367753122634, 0.08481765513331904, 0.04903763663722739, 0.04903763663722739]
Timestep: 132, Trans probs: [0.29219854558339625, 0.054263739301429005, 0.341683786984868, 0.051880987503956595, 0.10411219477463085, 0.052098770843805875, 0.051880987503956595, 0.051880987503956595]
Timestep: 133, Trans probs: [0.1284053979401392, 0.0573769996385624, 0.49478030864629796, 0.049517356997237125, 0.0887292832122382, 0.08215593957105088, 0.049517356997237125, 0.049517356997237125]
Timestep: 134, Trans probs: [0.32317364734774123, 0.05382056334351764, 0.3168128242312682, 0.051640321264364554, 0.09943240605359417, 0.051839595230785046, 0.051640321264364554, 0.051640321264364554]
Timestep: 135, Trans probs: [0.2998520312375148, 0.05345427418207796, 0.3454931433210533, 0.051459840889705566, 0.09517889664361996, 0.05164213194661726, 0.051459840889705566, 0.051459840889705566]
Timestep: 136, Trans probs: [0.27842963882316457, 0.053174485672805326, 0.37150562129976034, 0.0513511883259044, 0.09131885165662781, 0.05151783756992874, 0.0513511883259044, 0.0513511883259044]
Timestep: 137, Trans probs: [0.2587052224908274, 0.052989302034356485, 0.39503170839439894, 0.051324162361688505, 0.08782492398948523, 0.05147635600586657, 0.051324162361688505, 0.051324162361688505]
Timestep: 138, Trans probs: [0.12184016736881567, 0.057216309818054596, 0.5052448774211522, 0.05006536120315929, 0.08574159767480348, 0.079760964107696, 0.05006536120315929, 0.05006536120315929]
Timestep: 139, Trans probs: [0.2919048026109555, 0.05289971015303651, 0.3648609413504941, 0.051381012433858265, 0.08467168728973075, 0.0515198212942083, 0.051381012433858265, 0.051381012433858265]
Timestep: 140, Trans probs: [0.1157993860848731, 0.057154315192323855, 0.5143977027553661, 0.05066494881334989, 0.08304053727795842, 0.0776132122494288, 0.05066494881334989, 0.05066494881334989]
Timestep: 141, Trans probs: [0.3222827107006123, 0.052778562776375895, 0.3374684729040439, 0.051392628006454805, 0.08177306725664132, 0.051519302342962224, 0.051392628006454805, 0.051392628006454805]
Timestep: 142, Trans probs: [0.2986023110311433, 0.052669601506718365, 0.3638647760534422, 0.05140488370620932, 0.07912818146948151, 0.0515204788205867, 0.05140488370620932, 0.05140488370620932]
Timestep: 143, Trans probs: [0.276865205806529, 0.05261360830286311, 0.3878346020762499, 0.05146038640040076, 0.07673963381529639, 0.05156579079785921, 0.05146038640040076, 0.05146038640040076]
Timestep: 144, Trans probs: [0.11025918900656069, 0.057174876685980355, 0.5223630250096385, 0.051300835673133795, 0.08060655264919098, 0.07569384962922802, 0.051300835673133795, 0.051300835673133795]
Timestep: 145, Trans probs: [0.15715425915289352, 0.057263123214854536, 0.47729981769085184, 0.05195922031203197, 0.07842050599231068, 0.07398463301299354, 0.05195922031203197, 0.05195922031203197]
Timestep: 146, Trans probs: [0.3084501521565184, 0.052620699423566446, 0.357956137408063, 0.05157028933224712, 0.07459584627741715, 0.05166629673769388, 0.05157028933224712, 0.05157028933224712]
Timestep: 147, Trans probs: [0.14766054446221347, 0.056998181411763736, 0.4904126941169949, 0.05218429711618113, 0.07620086942360975, 0.07217481923687458, 0.05218429711618113, 0.05218429711618113]
Timestep: 148, Trans probs: [0.3373384502862692, 0.05259501784794016, 0.3308091798583758, 0.05163790993654683, 0.07261823266819555, 0.05172538952957895, 0.05163790993654683, 0.05163790993654683]
Timestep: 149, Trans probs: [0.3119766085633575, 0.05257625146641427, 0.35773279328426605, 0.05170432921742785, 0.07081733618652629, 0.05178402284715236, 0.05170432921742785, 0.05170432921742785]
Timestep: 150, Trans probs: [0.12093899591783099, 0.06735242215226943, 0.41436752435765667, 0.06735242215226943, 0.12793136896316515, 0.06735242215226943, 0.06735242215226943, 0.06735242215226943]
Timestep: 151, Trans probs: [0.14279440595941015, 0.07139720297970507, 0.36539492208867513, 0.07139720297970507, 0.13482465705338934, 0.07139720297970507, 0.07139720297970507, 0.07139720297970507]
Timestep: 152, Trans probs: [0.28877100323169946, 0.052583506498918874, 0.33043262178234506, 0.051789609622143344, 0.06919225825990324, 0.1036517813607033, 0.051789609622143344, 0.051789609622143344]
Timestep: 153, Trans probs: [0.19926776823329462, 0.10009152897083819, 0.20018305794167637, 0.10009152897083819, 0.10009152897083819, 0.10009152897083819, 0.10009152897083819, 0.10009152897083819]
Timestep: 154, Trans probs: [0.13895714688031102, 0.05685988885324951, 0.501829409941957, 0.052500784503554276, 0.07424844987767851, 0.0706027509361412, 0.052500784503554276, 0.052500784503554276]
Timestep: 155, Trans probs: [0.13255435238407773, 0.06809246198161718, 0.4016245764544235, 0.06809246198161718, 0.1253587612534129, 0.06809246198161718, 0.06809246198161718, 0.06809246198161718]
Timestep: 156, Trans probs: [0.13099872259008913, 0.05682678294576141, 0.458840848395766, 0.052888487897925045, 0.12542521451050812, 0.06924296786410013, 0.052888487897925045, 0.052888487897925045]
Timestep: 157, Trans probs: [0.18915978185915333, 0.06554913970055029, 0.3659650220675865, 0.06554913970055029, 0.11712949757050867, 0.06554913970055029, 0.06554913970055029, 0.06554913970055029]
Timestep: 158, Trans probs: [0.12385928380734061, 0.05637308854924885, 0.42215022539581215, 0.05278978535053593, 0.1715779485112437, 0.06767009768474691, 0.05278978535053593, 0.05278978535053593]
Timestep: 159, Trans probs: [0.268852743556694, 0.10352253735105861, 0.3070817243781193, 0.051397026124084186, 0.06736581332341438, 0.09898610301846116, 0.051397026124084186, 0.051397026124084186]
Timestep: 160, Trans probs: [0.11740003889514271, 0.0557353655559472, 0.4424208513839013, 0.052461166730855886, 0.16100237652723737, 0.06605786744520382, 0.052461166730855886, 0.052461166730855886]
Timestep: 161, Trans probs: [0.1638528508564895, 0.055307668222772804, 0.4078681551099956, 0.05232241748477803, 0.15128486416467885, 0.0647192091917292, 0.05232241748477803, 0.05232241748477803]
Timestep: 162, Trans probs: [0.20603749151796297, 0.054686624549385894, 0.3775363248083887, 0.05195294524666847, 0.14257568215514033, 0.06330504122911682, 0.05195294524666847, 0.05195294524666847]
Timestep: 163, Trans probs: [0.27156934766526425, 0.09120770198766302, 0.18118444040875756, 0.09120770198766302, 0.09120770198766302, 0.09120770198766302, 0.09120770198766302, 0.09120770198766302]
Timestep: 164, Trans probs: [0.2384624710845891, 0.0632200046651741, 0.33547266920232416, 0.0632200046651741, 0.10996483638721627, 0.0632200046651741, 0.0632200046651741, 0.0632200046651741]
Timestep: 165, Trans probs: [0.2204742768658259, 0.06119926428372547, 0.30864525985583974, 0.06119926428372547, 0.16488414185970698, 0.06119926428372547, 0.06119926428372547, 0.06119926428372547]
Timestep: 166, Trans probs: [0.30225813895649, 0.09882066708314594, 0.28693752686953267, 0.050649480953016, 0.06540685027840881, 0.09462837395337459, 0.050649480953016, 0.050649480953016]
Timestep: 167, Trans probs: [0.2824607243153349, 0.09456151025782765, 0.31837984743459274, 0.050069569167916356, 0.06369979211683317, 0.09068941837166251, 0.050069569167916356, 0.050069569167916356]
Timestep: 168, Trans probs: [0.19295452510240205, 0.10551866527992895, 0.35039083338897586, 0.05150457081680263, 0.13469644374070863, 0.06192582003757671, 0.05150457081680263, 0.05150457081680263]
Timestep: 169, Trans probs: [0.31375367099497703, 0.09070383239226638, 0.29725864951580716, 0.04964363656014399, 0.06222253534064513, 0.08713040207587221, 0.04964363656014399, 0.04964363656014399]
Timestep: 170, Trans probs: [0.2048941848073315, 0.059254293258337386, 0.3447713717151962, 0.059254293258337386, 0.15406297718578546, 0.059254293258337386, 0.059254293258337386, 0.059254293258337386]
Timestep: 171, Trans probs: [0.2929096950845218, 0.08720359170355786, 0.27769728060836035, 0.04933612252448558, 0.11027304363806731, 0.08390802139203594, 0.04933612252448558, 0.04933612252448558]
Timestep: 172, Trans probs: [0.2746485785011614, 0.08385191823415188, 0.30926780814549476, 0.048729058321967514, 0.1052493114614353, 0.08079520869185407, 0.048729058321967514, 0.048729058321967514]
Timestep: 173, Trans probs: [0.11321985938146614, 0.06501722075041381, 0.37716711942286696, 0.06501722075041381, 0.1845269174435979, 0.06501722075041381, 0.06501722075041381, 0.06501722075041381]
Timestep: 174, Trans probs: [0.2576465359036047, 0.08083198581390136, 0.2897287720677422, 0.048283026809348165, 0.10066131852486163, 0.12628230726184575, 0.048283026809348165, 0.048283026809348165]
Timestep: 175, Trans probs: [0.18147662675307982, 0.10065142857111803, 0.37773094578206556, 0.050721115099444464, 0.1276231965778616, 0.06035445701754143, 0.050721115099444464, 0.050721115099444464]
Timestep: 176, Trans probs: [0.2901443235077806, 0.07793650603105745, 0.2723615607936501, 0.047642439519015645, 0.09639212312010796, 0.12023816799035697, 0.047642439519015645, 0.047642439519015645]
Timestep: 177, Trans probs: [0.2727059441629902, 0.07533191281179685, 0.3033217022554005, 0.047155467171858374, 0.09249744228782304, 0.11467659696641425, 0.047155467171858374, 0.047155467171858374]
Timestep: 178, Trans probs: [0.2564101327427635, 0.0729929609582824, 0.33166991567386633, 0.04680894913647875, 0.08894466872410157, 0.10955547449155009, 0.04680894913647875, 0.04680894913647875]
Timestep: 179, Trans probs: [0.1708333924980511, 0.09626089991406843, 0.4020985493112574, 0.050193237664731896, 0.12114610916690104, 0.05908133611552641, 0.050193237664731896, 0.050193237664731896]
Timestep: 180, Trans probs: [0.21085201207231094, 0.0923039318994548, 0.3738859839284628, 0.04988983770956309, 0.11521552666352397, 0.05807303230755809, 0.04988983770956309, 0.04988983770956309]
Timestep: 181, Trans probs: [0.19075681857847057, 0.057732848485571885, 0.3762501214973052, 0.057732848485571885, 0.14432881749636484, 0.057732848485571885, 0.057732848485571885, 0.057732848485571885]
Timestep: 182, Trans probs: [0.28774075353653167, 0.07090696190137004, 0.31098296072882475, 0.046605791360913376, 0.08571161343707945, 0.10484033631345391, 0.046605791360913376, 0.046605791360913376]
Timestep: 183, Trans probs: [0.2701499030440738, 0.0690140695518455, 0.33818167424627377, 0.04647221316206439, 0.0827469195091399, 0.10049079416247379, 0.04647221316206439, 0.04647221316206439]
Timestep: 184, Trans probs: [0.2536597789858558, 0.06732928023654294, 0.3631305233657795, 0.04644669919209871, 0.08005127381354032, 0.09648904602198544, 0.04644669919209871, 0.04644669919209871]
Timestep: 185, Trans probs: [0.23818147993590066, 0.06584402411924098, 0.3859608758122225, 0.04652968260112708, 0.07761062175458219, 0.09281395057467248, 0.04652968260112708, 0.04652968260112708]
Timestep: 186, Trans probs: [0.22364867651582684, 0.06454799222999931, 0.406794671474558, 0.04671713278333784, 0.07541082948512501, 0.0894464319444772, 0.04671713278333784, 0.04671713278333784]
Timestep: 187, Trans probs: [0.19798976930792292, 0.08865259187340305, 0.34835639087361, 0.04953397151782469, 0.1593179819546845, 0.057081351436905396, 0.04953397151782469, 0.04953397151782469]
Timestep: 188, Trans probs: [0.25701269841138896, 0.06342976142976814, 0.378744742364083, 0.04700202831376919, 0.07343779227334858, 0.08636892058010373, 0.04700202831376919, 0.04700202831376919]
Timestep: 189, Trans probs: [0.24076475028136216, 0.062353563571684326, 0.40016956927336944, 0.047213327526740394, 0.07157723114936844, 0.08349490314399435, 0.047213327526740394, 0.047213327526740394]
Timestep: 190, Trans probs: [0.22555249661712687, 0.061433867968723625, 0.41969388115169115, 0.04750651944907759, 0.06991862557768214, 0.08088157033754337, 0.04750651944907759, 0.04750651944907759]
Timestep: 191, Trans probs: [0.2461423621177365, 0.08412930390450517, 0.16495251055072738, 0.08412930390450517, 0.16825860780901034, 0.08412930390450517, 0.08412930390450517, 0.08412930390450517]
Timestep: 192, Trans probs: [0.21132315414080363, 0.10853758239767872, 0.38954586303842165, 0.04787610530427001, 0.0684505246941228, 0.07851455981616325, 0.04787610530427001, 0.04787610530427001]
Timestep: 193, Trans probs: [0.19870748139799, 0.10382490057003466, 0.41105454991172713, 0.04782757131605309, 0.06682006197052605, 0.07611029220156287, 0.04782757131605309, 0.04782757131605309]
Timestep: 194, Trans probs: [0.18690509754394838, 0.09950430587647222, 0.43043047524480704, 0.04792254170695961, 0.0654174148907738, 0.07397508132311968, 0.04792254170695961, 0.04792254170695961]
Timestep: 195, Trans probs: [0.17587591012949513, 0.09555018029482656, 0.44783193927141335, 0.048143940900113036, 0.06422261055566247, 0.0720875370482634, 0.048143940900113036, 0.048143940900113036]
Timestep: 196, Trans probs: [0.1655866203847623, 0.09193938886930911, 0.46340612246682616, 0.04847463236892554, 0.06321647796460243, 0.07042749320772328, 0.04847463236892554, 0.04847463236892554]
Timestep: 197, Trans probs: [0.18641424493727476, 0.08523521103972183, 0.3745967384071983, 0.049035408668264634, 0.15062793532785063, 0.056019644283160634, 0.049035408668264634, 0.049035408668264634]
Timestep: 198, Trans probs: [0.22437512918380528, 0.0821760216167188, 0.3494671455650305, 0.048737278219827616, 0.142581062093363, 0.05518880688159955, 0.048737278219827616, 0.048737278219827616]
Timestep: 199, Trans probs: [0.2592683147621144, 0.07934485620193986, 0.326528357972984, 0.048421623265610426, 0.13520578120791174, 0.054387820058218586, 0.048421623265610426, 0.048421623265610426]
Timestep: 200, Trans probs: [0.17789767598141823, 0.056579921267696426, 0.403647341685622, 0.056579921267696426, 0.13555537599447776, 0.056579921267696426, 0.056579921267696426, 0.056579921267696426]
Timestep: 201, Trans probs: [0.16619039570513244, 0.055742372313588265, 0.3717135231086025, 0.055742372313588265, 0.18338421961832382, 0.055742372313588265, 0.055742372313588265, 0.055742372313588265]
Timestep: 202, Trans probs: [0.20490602620895193, 0.08865058831357667, 0.4283935451281422, 0.04889778259755998, 0.062380654032840835, 0.06897583852380855, 0.04889778259755998, 0.04889778259755998]
Timestep: 203, Trans probs: [0.19209730002008588, 0.0855458054097565, 0.44604132110055345, 0.04911120122541217, 0.061468645565873774, 0.06751332422749387, 0.04911120122541217, 0.04911120122541217]
Timestep: 204, Trans probs: [0.18018102191214802, 0.08274209981800798, 0.46183054396005113, 0.04942348170164611, 0.06072408392009854, 0.06625180528475609, 0.04942348170164611, 0.04942348170164611]
Timestep: 205, Trans probs: [0.1691173880983516, 0.08021820278727052, 0.47590229105651854, 0.04981969321248395, 0.06012988865752813, 0.06517314976287925, 0.04981969321248395, 0.04981969321248395]
Timestep: 206, Trans probs: [0.1588700307639237, 0.07795392794699546, 0.4883910540217682, 0.05028518252905285, 0.05966952988583151, 0.06425990979432251, 0.05028518252905285, 0.05028518252905285]
Timestep: 207, Trans probs: [0.24318195033914725, 0.07675011402824156, 0.30539847614137905, 0.048145670319519, 0.1765679587332943, 0.053664489799380884, 0.048145670319519, 0.048145670319519]
Timestep: 208, Trans probs: [0.27637814621570433, 0.07429046923250289, 0.2862992846293832, 0.04776767165054475, 0.16684421777375288, 0.052884867197022345, 0.04776767165054475, 0.04776767165054475]
Timestep: 209, Trans probs: [0.20021017687288822, 0.07592994376698807, 0.4486198718783285, 0.05080584537130489, 0.05932713041005777, 0.06349534095782285, 0.05080584537130489, 0.05080584537130489]
Timestep: 210, Trans probs: [0.18711745281250322, 0.07392828210133404, 0.4644047959679898, 0.05104631775990903, 0.0588071431367657, 0.06260337270168015, 0.05104631775990903, 0.05104631775990903]
Timestep: 211, Trans probs: [0.17503223950677294, 0.07216413679395092, 0.47840399514015475, 0.051368646877771436, 0.05842180732577876, 0.061871880600028274, 0.051368646877771436, 0.051368646877771436]
Timestep: 212, Trans probs: [0.1639014014942199, 0.07061656338333018, 0.49076922747737367, 0.051758395894005584, 0.058154478967485684, 0.06128314099557379, 0.051758395894005584, 0.051758395894005584]
Timestep: 213, Trans probs: [0.25939843045064304, 0.07205702910919938, 0.31606521835559026, 0.04746959191028239, 0.1578571590823035, 0.05221338727141663, 0.04746959191028239, 0.04746959191028239]
Timestep: 214, Trans probs: [0.20587666366447097, 0.0692656698209033, 0.4494427900130894, 0.05220176800404233, 0.05798929394685385, 0.060820278542555346, 0.05220176800404233, 0.05220176800404233]
Timestep: 215, Trans probs: [0.15580627245129838, 0.05482595570738476, 0.39853772312466207, 0.05482595570738476, 0.17152622588711577, 0.05482595570738476, 0.05482595570738476, 0.05482595570738476]
Timestep: 216, Trans probs: [0.1918809335601174, 0.06785461365335979, 0.4130096250002453, 0.052362647113544214, 0.10997967034906991, 0.06018721609657491, 0.052362647113544214, 0.052362647113544214]
Timestep: 217, Trans probs: [0.17967840048590722, 0.06621676009702664, 0.43401555429393973, 0.05204441395486433, 0.10475356452501523, 0.05920247873351818, 0.05204441395486433, 0.05204441395486433]
Timestep: 218, Trans probs: [0.24356821062872502, 0.0700545266910149, 0.34333430283316463, 0.047281894606366365, 0.14952172682599235, 0.05167554920200397, 0.047281894606366365, 0.047281894606366365]
Timestep: 219, Trans probs: [0.22033726897859474, 0.0648488270876848, 0.4006064864004937, 0.05191111809368596, 0.10002846186704628, 0.05844560138512261, 0.05191111809368596, 0.05191111809368596]
Timestep: 220, Trans probs: [0.20576753586550658, 0.06350745349607477, 0.42237057564738095, 0.0516704350992391, 0.09569414004702588, 0.05764898964629447, 0.0516704350992391, 0.0516704350992391]
Timestep: 221, Trans probs: [0.19230592275170466, 0.062398189213163924, 0.44169043518908846, 0.05158897129218971, 0.0917901270660549, 0.05704841190341899, 0.05158897129218971, 0.05158897129218971]
Timestep: 222, Trans probs: [0.17988040026603874, 0.06149526362408763, 0.4587897321013894, 0.0516448051047146, 0.08828018615415334, 0.056620002540187134, 0.0516448051047146, 0.0516448051047146]
Timestep: 223, Trans probs: [0.1463452131096809, 0.05417841325751229, 0.4220695845639113, 0.05417841325751229, 0.16069313603884636, 0.05417841325751229, 0.05417841325751229, 0.05417841325751229]
Timestep: 224, Trans probs: [0.137725260743016, 0.05376148875132007, 0.3889096166550104, 0.05376148875132007, 0.20455767884537318, 0.05376148875132007, 0.05376148875132007, 0.05376148875132007]
Timestep: 225, Trans probs: [0.16842874852239134, 0.06077443934648603, 0.4220567992485502, 0.05181685956029828, 0.13694834585622848, 0.056341088345449125, 0.05181685956029828, 0.05181685956029828]
Timestep: 226, Trans probs: [0.15826465895294473, 0.059811166254382916, 0.4418352140199172, 0.051619157752101755, 0.12947477011554986, 0.05575671740089996, 0.051619157752101755, 0.051619157752101755]
Timestep: 227, Trans probs: [0.14890753485563224, 0.05906296934628817, 0.45926952050447545, 0.05158728286363834, 0.12263507886895049, 0.055363047833738785, 0.05158728286363834, 0.05158728286363834]
Timestep: 228, Trans probs: [0.14030624700660402, 0.05850163382921245, 0.4745896868866813, 0.05169492674034549, 0.11638484355803347, 0.05513280849843233, 0.05169492674034549, 0.05169492674034549]
Timestep: 229, Trans probs: [0.13241489103180643, 0.058101279042301356, 0.48800524692439223, 0.051917874832181944, 0.1106840151670602, 0.055040943337893916, 0.051917874832181944, 0.051917874832181944]
Timestep: 230, Trans probs: [0.12519110207802953, 0.057838258766898666, 0.49970824427495925, 0.05223403843977508, 0.1054957025684674, 0.05506457699231983, 0.05223403843977508, 0.05223403843977508]
Timestep: 231, Trans probs: [0.11859487502569425, 0.057691050181830565, 0.5098755239777896, 0.052623432596439805, 0.10078530525862173, 0.055182947766744414, 0.052623432596439805, 0.052623432596439805]
Timestep: 232, Trans probs: [0.11258776090438546, 0.057640153194680514, 0.5186704330101225, 0.05306813388688315, 0.09651991532081994, 0.0553773359093421, 0.05306813388688315, 0.05306813388688315]
Timestep: 233, Trans probs: [0.22877348308060108, 0.06827457632169853, 0.3682664549568993, 0.0472100558143655, 0.14178116355682122, 0.0512741546408835, 0.0472100558143655, 0.0472100558143655]
Timestep: 234, Trans probs: [0.16068458783497527, 0.05766800536673318, 0.47269178679712776, 0.053552230709471106, 0.09266793184697247, 0.05563099602577806, 0.053552230709471106, 0.053552230709471106]
Timestep: 235, Trans probs: [0.21493002999104777, 0.0667064418137326, 0.3910072479594099, 0.04725298337041921, 0.13459107937718673, 0.05100625074736538, 0.04725298337041921, 0.04725298337041921]
Timestep: 236, Trans probs: [0.2042184402800993, 0.05733909074536658, 0.43308260200203785, 0.05361285699574651, 0.08902642014149197, 0.055494875843764654, 0.05361285699574651, 0.05361285699574651]
Timestep: 237, Trans probs: [0.19029733235593582, 0.05684036599778644, 0.45170168215758644, 0.05345464939609322, 0.08563198896312571, 0.05516468233728599, 0.05345464939609322, 0.05345464939609322]
Timestep: 238, Trans probs: [0.17753838852600845, 0.05650673908597868, 0.46804131091085877, 0.05343624470848979, 0.08261775983403621, 0.05498706751764851, 0.05343624470848979, 0.05343624470848979]
Timestep: 239, Trans probs: [0.20197399884745224, 0.06533794056092396, 0.41169147709652787, 0.0474052760341727, 0.127915627479311, 0.05086512791326673, 0.0474052760341727, 0.0474052760341727]
Timestep: 240, Trans probs: [0.23751427735766778, 0.06415603404982902, 0.382786952476266, 0.047658724898188315, 0.1217249159941253, 0.05084164542754701, 0.047658724898188315, 0.047658724898188315]
Timestep: 241, Trans probs: [0.2704351413997366, 0.06299898367405142, 0.3563935734140535, 0.0478083007539409, 0.11600827286434995, 0.05073912638598585, 0.0478083007539409, 0.0478083007539409]
Timestep: 242, Trans probs: [0.2193961711754475, 0.056313853703759256, 0.4288001522470319, 0.05353470180821584, 0.07994734195846957, 0.054938375490644197, 0.05353470180821584, 0.05353470180821584]
Timestep: 243, Trans probs: [0.2040283517685121, 0.05595683807483433, 0.44759137362293033, 0.05343349137276647, 0.07741499757360544, 0.054707964841818245, 0.05343349137276647, 0.05343349137276647]
Timestep: 244, Trans probs: [0.25295498851349085, 0.06190786541302001, 0.3800394124444475, 0.04791736201362532, 0.1107290174650156, 0.05061663012315016, 0.04791736201362532, 0.04791736201362532]
Timestep: 245, Trans probs: [0.24339983755352965, 0.055740244343164776, 0.41070296212436036, 0.053453178413147416, 0.07518910781892113, 0.054608312920581804, 0.053453178413147416, 0.053453178413147416]
Timestep: 246, Trans probs: [0.23664820944962023, 0.06097028970277643, 0.40161433207865926, 0.04810528292576127, 0.105863917478728, 0.050587402512932124, 0.04810528292576127, 0.04810528292576127]
Timestep: 247, Trans probs: [0.26980807066156914, 0.06017978596492292, 0.3728622372912208, 0.048370796653647255, 0.10138834339046371, 0.05064917273088157, 0.048370796653647255, 0.048370796653647255]
Timestep: 248, Trans probs: [0.2792314934354444, 0.055412051732605175, 0.37788888104111623, 0.05333429614705621, 0.07308097163078459, 0.054383713718881045, 0.05333429614705621, 0.05333429614705621]
Timestep: 249, Trans probs: [0.12997384880359286, 0.053242421300479376, 0.41276448760773127, 0.053242421300479376, 0.19104955708627896, 0.053242421300479376, 0.053242421300479376, 0.053242421300479376]
Timestep: 250, Trans probs: [0.2586461426207981, 0.055055767848966625, 0.34838675837711813, 0.05316580228061441, 0.12429355206517972, 0.0541203722460941, 0.05316580228061441, 0.05316580228061441]
Timestep: 251, Trans probs: [0.25190639318591335, 0.05940569950820196, 0.3951021210958225, 0.04856155871230291, 0.09724732904475905, 0.050653781028394414, 0.04856155871230291, 0.04856155871230291]
Timestep: 252, Trans probs: [0.2840645665770488, 0.058760559097934977, 0.3665283702420708, 0.048818607793513456, 0.09345391518887443, 0.05073676551353052, 0.048818607793513456, 0.048818607793513456]
Timestep: 253, Trans probs: [0.2934537239152077, 0.05436167664212656, 0.32301330115690585, 0.0526307230892796, 0.11777414858720815, 0.0535049804307129, 0.0526307230892796, 0.0526307230892796]
Timestep: 254, Trans probs: [0.27280096269751314, 0.05376466494184521, 0.35205990389807323, 0.052178908903002245, 0.11185791080594398, 0.052979830947617754, 0.052178908903002245, 0.052178908903002245]
Timestep: 255, Trans probs: [0.26473901008564726, 0.058130321069383116, 0.38937345156062825, 0.04901333487702483, 0.08994488530960378, 0.050772327343663014, 0.04901333487702483, 0.04901333487702483]
Timestep: 256, Trans probs: [0.29606066667841374, 0.057611230654685076, 0.36092226804176963, 0.04926303476682801, 0.08674303021656132, 0.05087370010808613, 0.04926303476682801, 0.04926303476682801]
Timestep: 257, Trans probs: [0.3249305898770356, 0.05710439093333835, 0.33487016981381523, 0.04945929119343633, 0.08378267163555934, 0.05093430415994238, 0.04945929119343633, 0.04945929119343633]
Timestep: 258, Trans probs: [0.30566429406900464, 0.0533144927941141, 0.32634800393301044, 0.051863029671169195, 0.10648799615685992, 0.0525961240335033, 0.051863029671169195, 0.051863029671169195]
Timestep: 259, Trans probs: [0.2839240068180986, 0.05293107432470654, 0.3544596643471914, 0.05160245143108345, 0.10160439766657066, 0.05227350255018245, 0.05160245143108345, 0.05160245143108345]
Timestep: 260, Trans probs: [0.26392158760160656, 0.052655786305390126, 0.37987402748758087, 0.05144062973236463, 0.0971723372949444, 0.052054372113384144, 0.05144062973236463, 0.05144062973236463]
Timestep: 261, Trans probs: [0.24548331726691444, 0.052490485639767735, 0.402787137880499, 0.05138043135526139, 0.09315667570477662, 0.051941089442258004, 0.05138043135526139, 0.05138043135526139]
Timestep: 262, Trans probs: [0.22847448507964574, 0.05243131449998733, 0.4233817952812343, 0.05141875111039176, 0.08952598259766072, 0.05193016921029659, 0.05141875111039176, 0.05141875111039176]
Timestep: 263, Trans probs: [0.2127867866060589, 0.05247080340715747, 0.44183034128732046, 0.05154869950037301, 0.08625154121103899, 0.05201442898730508, 0.05154869950037301, 0.05154869950037301]
Timestep: 264, Trans probs: [0.30181546115747754, 0.056641497942608816, 0.3605573764812283, 0.04964300634694989, 0.0810633798844023, 0.050993265493433276, 0.04964300634694989, 0.04964300634694989]
Timestep: 265, Trans probs: [0.12292200461195142, 0.0529233330244396, 0.43382267101612454, 0.0529233330244396, 0.17863865924972608, 0.0529233330244396, 0.0529233330244396, 0.0529233330244396]
Timestep: 266, Trans probs: [0.2804782086428433, 0.0562504007187182, 0.33420157605753786, 0.04984981719552114, 0.12843564448802663, 0.05108471850631052, 0.04984981719552114, 0.04984981719552114]
Timestep: 267, Trans probs: [0.3114331735915663, 0.055577654672237915, 0.31113555343776156, 0.04969273738751138, 0.12194725788429214, 0.05082814825160802, 0.04969273738751138, 0.04969273738751138]
Timestep: 268, Trans probs: [0.25009098845192046, 0.052599295069027815, 0.406535327621722, 0.05176108316815721, 0.08330669825761626, 0.05218444109524174, 0.05176108316815721, 0.05176108316815721]
Timestep: 269, Trans probs: [0.16928752823525, 0.05277663638802993, 0.39958801382179115, 0.05277663638802993, 0.1672412760028093, 0.05277663638802993, 0.05277663638802993, 0.05277663638802993]
Timestep: 270, Trans probs: [0.29015066471707945, 0.05499611800584447, 0.33946446719178436, 0.049587342528308986, 0.11599583387930226, 0.05063088862106238, 0.049587342528308986, 0.049587342528308986]
Timestep: 271, Trans probs: [0.23243299646819585, 0.05259130832573789, 0.37489576831794863, 0.05182800815502436, 0.1323823722088834, 0.05221353021416109, 0.05182800815502436, 0.05182800815502436]
Timestep: 272, Trans probs: [0.21696977899625722, 0.05223049687874092, 0.39900037662997545, 0.05153129568983794, 0.12532101732075293, 0.05188444310475958, 0.05153129568983794, 0.05153129568983794]
Timestep: 273, Trans probs: [0.20268773690592276, 0.05202539423639739, 0.42054979521387903, 0.051385939652382064, 0.11887034399691042, 0.05170891068974416, 0.051385939652382064, 0.051385939652382064]
Timestep: 274, Trans probs: [0.2704677677224958, 0.05451966085442525, 0.365306476601423, 0.049552651535730116, 0.11053717506621423, 0.05051096514825149, 0.049552651535730116, 0.049552651535730116]
Timestep: 275, Trans probs: [0.30182512312198906, 0.05415380277031537, 0.3392158001670203, 0.04959792869286438, 0.10553456823821192, 0.050476919623870235, 0.04959792869286438, 0.04959792869286438]
Timestep: 276, Trans probs: [0.24087484808823784, 0.05195974296427388, 0.38838436086515143, 0.05137598714370485, 0.1129822603936098, 0.051670826257612615, 0.05137598714370485, 0.05137598714370485]
Timestep: 277, Trans probs: [0.28097386387321494, 0.053817162915836554, 0.3649061225058684, 0.049638651960504585, 0.10094205876481734, 0.050444836058749096, 0.049638651960504585, 0.049638651960504585]
Timestep: 278, Trans probs: [0.3114180206953741, 0.05356838019257835, 0.33857223968692074, 0.049740241287300514, 0.09674180946801188, 0.050478826095213494, 0.049740241287300514, 0.049740241287300514]
Timestep: 279, Trans probs: [0.2758179843637038, 0.051801972976679864, 0.35943552566807274, 0.051268174712728674, 0.10760221122348411, 0.051537781629873346, 0.051268174712728674, 0.051268174712728674]
Timestep: 280, Trans probs: [0.2566201432589205, 0.05162505440635515, 0.38427440281592457, 0.051136580292962565, 0.1026873634197748, 0.05138329522013736, 0.051136580292962565, 0.051136580292962565]
Timestep: 281, Trans probs: [0.21135249249888874, 0.052402617638977037, 0.36955580780626424, 0.052402617638977037, 0.15707861149996197, 0.052402617638977037, 0.052402617638977037, 0.052402617638977037]
Timestep: 282, Trans probs: [0.238900932933425, 0.051553351258085474, 0.35556576111260757, 0.05110692864197624, 0.14932676426302768, 0.05133240450692562, 0.05110692864197624, 0.05110692864197624]
Timestep: 283, Trans probs: [0.2232312987465124, 0.05121240737977017, 0.38115317684693834, 0.050802510850455854, 0.1409860460883751, 0.051009538387036306, 0.050802510850455854, 0.050802510850455854]
Timestep: 284, Trans probs: [0.2895301159401963, 0.053339412524187654, 0.3642362569685264, 0.049832830862686535, 0.0928863461928246, 0.05050937578620545, 0.049832830862686535, 0.049832830862686535]
Timestep: 285, Trans probs: [0.2593747387398422, 0.0510179563823936, 0.35352245714267894, 0.05064214485366423, 0.13332645618627462, 0.05083195698781799, 0.05064214485366423, 0.05064214485366423]
Timestep: 286, Trans probs: [0.19767123164347278, 0.05195120161391825, 0.3946580419842531, 0.05195120161391825, 0.1479147183026829, 0.05195120161391825, 0.05195120161391825, 0.05195120161391825]
Timestep: 287, Trans probs: [0.24200451927934963, 0.05080179916628928, 0.3284010341774272, 0.05045692828793395, 0.17679074936809852, 0.05063111314503356, 0.05045692828793395, 0.05045692828793395]
Timestep: 288, Trans probs: [0.2693091594311421, 0.05317964215166565, 0.3876409272757497, 0.04997089688421777, 0.08936760196578022, 0.05058997852300895, 0.04997089688421777, 0.04997089688421777]
Timestep: 289, Trans probs: [0.27656221971543354, 0.0504290269889118, 0.30598750777766814, 0.05011153808179275, 0.16641473821917802, 0.05027189305343017, 0.05011153808179275, 0.05011153808179275]
Timestep: 290, Trans probs: [0.250608270186137, 0.053095674484330405, 0.40891052311689846, 0.05016332348157498, 0.08616648297920121, 0.050729078788708054, 0.05016332348157498, 0.05016332348157498]
Timestep: 291, Trans probs: [0.3081515190271156, 0.050105058535070315, 0.2854349664129945, 0.049812700265315424, 0.15690999279016135, 0.04996036243871202, 0.049812700265315424, 0.049812700265315424]
Timestep: 292, Trans probs: [0.28739157334155735, 0.049860481493581806, 0.3160724125565414, 0.04959136647106514, 0.14817414407972326, 0.049727289115400815, 0.04959136647106514, 0.04959136647106514]
Timestep: 293, Trans probs: [0.2682257670229417, 0.049688858138899235, 0.34405440472830573, 0.0494412629095863, 0.14014086488669378, 0.04956631649440068, 0.0494412629095863, 0.0494412629095863]
Timestep: 294, Trans probs: [0.2504754846923554, 0.049604742504487216, 0.36955142167389493, 0.049377162469022115, 0.13274475679585923, 0.04949210692633686, 0.049377162469022115, 0.049377162469022115]
Timestep: 295, Trans probs: [0.23400746122240548, 0.04961363276464737, 0.39272062388625795, 0.04940472053799411, 0.12593388411753312, 0.049510236395173754, 0.04940472053799411, 0.04940472053799411]
Timestep: 296, Trans probs: [0.21871926147436382, 0.049714947305377406, 0.413709689863127, 0.049523470899239766, 0.11966550825950367, 0.04962018039990879, 0.049523470899239766, 0.049523470899239766]
Timestep: 297, Trans probs: [0.2045295684693841, 0.049904051262103066, 0.43265918071706105, 0.04972886556653306, 0.11390325577741629, 0.04981734707443619, 0.04972886556653306, 0.04972886556653306]
Timestep: 298, Trans probs: [0.23331046496992094, 0.05308877557623738, 0.4281675470529016, 0.050413132285063667, 0.08326445604554167, 0.05092935950020746, 0.050413132285063667, 0.050413132285063667]
Timestep: 299, Trans probs: [0.24138521160748205, 0.05017365642819057, 0.39969041476832845, 0.050013683819827674, 0.10861518412343758, 0.050094481613078376, 0.050013683819827674, 0.050013683819827674]
Timestep: 300, Trans probs: [0.21731964705839635, 0.053156461924841775, 0.44553337995740544, 0.050719229611472405, 0.08064336339646345, 0.051189458828475844, 0.050719229611472405, 0.050719229611472405]
Timestep: 301, Trans probs: [0.2536318955454452, 0.05329366846118113, 0.4100508228934949, 0.051077686774062665, 0.07828532393965988, 0.05150522883803077, 0.051077686774062665, 0.051077686774062665]
Timestep: 302, Trans probs: [0.2870042965958659, 0.05329021364870777, 0.3781780427440983, 0.05127218690222622, 0.07604934992117561, 0.05166153638347373, 0.05127218690222622, 0.05127218690222622]
Timestep: 303, Trans probs: [0.27532194470181737, 0.0503000913879984, 0.36994247810896863, 0.05015379217593793, 0.10374642536306153, 0.05022768391034028, 0.05015379217593793, 0.05015379217593793]
Timestep: 304, Trans probs: [0.26622432914299865, 0.05322235052309761, 0.40070128100797286, 0.051383164435173094, 0.07396453685857687, 0.0517380091618347, 0.051383164435173094, 0.051383164435173094]
Timestep: 305, Trans probs: [0.3065141400430614, 0.050360769443141384, 0.3428782841459769, 0.05022688519094966, 0.09927164432661162, 0.05029450646835967, 0.05022688519094966, 0.05022688519094966]
Timestep: 306, Trans probs: [0.1850545079068742, 0.051679930350772306, 0.4170324563681075, 0.051679930350772306, 0.13951338397115684, 0.051679930350772306, 0.051679930350772306, 0.051679930350772306]
Timestep: 307, Trans probs: [0.2848291925370726, 0.05040741726872278, 0.3181082674785998, 0.05028489151781912, 0.14545367223554903, 0.05034677592659829, 0.05028489151781912, 0.05028489151781912]
Timestep: 308, Trans probs: [0.2471048518474285, 0.05322155413416352, 0.42105884047256137, 0.05154745013688803, 0.07210195850675466, 0.05187044462842787, 0.05154745013688803, 0.05154745013688803]
Timestep: 309, Trans probs: [0.3157373322323608, 0.050165799371774365, 0.2962796819975205, 0.05005315390108238, 0.137547676644793, 0.050110048050304175, 0.05005315390108238, 0.05005315390108238]
Timestep: 310, Trans probs: [0.2940460954579542, 0.04999323391616376, 0.32605477125259125, 0.04988971585771082, 0.13029475179974226, 0.04994200000041618, 0.04988971585771082, 0.04988971585771082]
Timestep: 311, Trans probs: [0.2740341263529261, 0.049887044024208876, 0.3532240352262677, 0.04979196924973594, 0.12363889772697449, 0.04983998892041478, 0.04979196924973594, 0.04979196924973594]
Timestep: 312, Trans probs: [0.17342001382542743, 0.05156840809450946, 0.4369245047335855, 0.05156840809450946, 0.1318134409684398, 0.05156840809450946, 0.05156840809450946, 0.05156840809450946]
Timestep: 313, Trans probs: [0.25551969837865446, 0.04986085469715738, 0.328177816079471, 0.04977362193919219, 0.16730308420552542, 0.04981768082161518, 0.04977362193919219, 0.04977362193919219]
Timestep: 314, Trans probs: [0.22951191059456483, 0.0532886899838736, 0.4393881791560345, 0.05176707362229604, 0.07044935159945408, 0.05206064779918486, 0.05176707362229604, 0.05176707362229604]
Timestep: 315, Trans probs: [0.28852004170590756, 0.049628066569045774, 0.305866540817947, 0.04954775386120898, 0.157753771708071, 0.04958831761540171, 0.04954775386120898, 0.04954775386120898]
Timestep: 316, Trans probs: [0.26937816826646854, 0.04943673324046945, 0.3347114162935527, 0.049362791484149134, 0.1489851703022455, 0.04940013744481642, 0.049362791484149134, 0.049362791484149134]
Timestep: 317, Trans probs: [0.2133336506548029, 0.05342099503797553, 0.4558247672575853, 0.05204021381988944, 0.068993329725648, 0.05230661586431994, 0.05204021381988944, 0.05204021381988944]
Timestep: 318, Trans probs: [0.30091955054632846, 0.04933095945846265, 0.31175711850587806, 0.04926293992410828, 0.1409062569847214, 0.049297294732284606, 0.04926293992410828, 0.04926293992410828]
Timestep: 319, Trans probs: [0.2806483292520049, 0.049256130895521465, 0.33980947799685407, 0.04919357166134719, 0.13348017825047337, 0.04922516862110464, 0.04919357166134719, 0.04919357166134719]
Timestep: 320, Trans probs: [0.26188169778303133, 0.04924764914921061, 0.36543702214972384, 0.04919016137159153, 0.1266439499260396, 0.04921919687721993, 0.04919016137159153, 0.04919016137159153]
Timestep: 321, Trans probs: [0.2444746747056408, 0.04931530721016035, 0.3887821642857015, 0.049262543890311324, 0.12035102892614816, 0.049289193201415345, 0.049262543890311324, 0.049262543890311324]
Timestep: 322, Trans probs: [0.22831588927756602, 0.04946203248536869, 0.4099802058922836, 0.04941367752617167, 0.11456273947149834, 0.049438100294768327, 0.04941367752617167, 0.04941367752617167]
Timestep: 323, Trans probs: [0.21331717984924115, 0.0496860404119564, 0.4291613746264073, 0.049641801069217235, 0.10924585675234366, 0.04966414515239978, 0.049641801069217235, 0.049641801069217235]
Timestep: 324, Trans probs: [0.19940639128960377, 0.0499823502999764, 0.44645209699542854, 0.04994195199079428, 0.10437094936972557, 0.04996235607288296, 0.04994195199079428, 0.04994195199079428]
Timestep: 325, Trans probs: [0.18652229516277988, 0.050343868325729076, 0.4619758175903674, 0.05030705110304615, 0.09991121913578829, 0.050325646476196875, 0.05030705110304615, 0.05030705110304615]
Timestep: 326, Trans probs: [0.17461095723677014, 0.050762175702378995, 0.47585350744560173, 0.05072869192470092, 0.0958416801752807, 0.050745603665865696, 0.05072869192470092, 0.05072869192470092]
Timestep: 327, Trans probs: [0.19847367272843808, 0.053613275549252055, 0.4705020500287645, 0.05236246450557339, 0.06771981751844236, 0.05260379065838283, 0.05236246450557339, 0.05236246450557339]
Timestep: 328, Trans probs: [0.21482085336121068, 0.05122811489433341, 0.4370061919226934, 0.05119772776008789, 0.09213858107022865, 0.051213075471270304, 0.05119772776008789, 0.05119772776008789]
Timestep: 329, Trans probs: [0.20030977691759255, 0.051441286984031054, 0.4539108447095755, 0.05141363485942617, 0.08866958561854943, 0.05142760119197293, 0.05141363485942617, 0.05141363485942617]
Timestep: 330, Trans probs: [0.18693798858678018, 0.05172696665715665, 0.46897508119384645, 0.05170185138912362, 0.08553987297011056, 0.05171453642473526, 0.05170185138912362, 0.05170185138912362]
Timestep: 331, Trans probs: [0.18484635662980523, 0.053858789824759216, 0.4835511860900725, 0.05272776507034215, 0.06661439207740164, 0.05294598016693497, 0.05272776507034215, 0.05272776507034215]
Timestep: 332, Trans probs: [0.22550267048391628, 0.054149904984362264, 0.441971551769682, 0.05312909128920404, 0.06566255616077234, 0.053326042733654995, 0.05312909128920404, 0.05312909128920404]
Timestep: 333, Trans probs: [0.22668953223741406, 0.052074630673561925, 0.43029228846374296, 0.05205186475199324, 0.08272459117240012, 0.052063363196901365, 0.05205186475199324, 0.05205186475199324]
Timestep: 334, Trans probs: [0.21089566203018162, 0.052200926525401765, 0.44811557849365413, 0.05218023624141392, 0.08005643788802418, 0.052190686338496516, 0.05218023624141392, 0.05218023624141392]
Timestep: 335, Trans probs: [0.19637857793376262, 0.05240617180189843, 0.46397867672417215, 0.05238740098407761, 0.07767748897668549, 0.05239688161124845, 0.05238740098407761, 0.05238740098407761]
Timestep: 336, Trans probs: [0.20933636775381098, 0.05419369174506749, 0.45859659168744993, 0.05326944772769485, 0.06461723820057023, 0.05344776743001671, 0.05326944772769485, 0.05326944772769485]
Timestep: 337, Trans probs: [0.24802548212143502, 0.05431213684810582, 0.4198602248080922, 0.053476693696221496, 0.06373419459574808, 0.05363788053795442, 0.053476693696221496, 0.053476693696221496]
Timestep: 338, Trans probs: [0.28329303907349745, 0.054258778350550936, 0.385498607801237, 0.05350174512767111, 0.06279653549987889, 0.05364780389182242, 0.05350174512767111, 0.05350174512767111]
Timestep: 339, Trans probs: [0.23571682294763452, 0.0526798372120158, 0.4253791305319822, 0.052662839306535744, 0.07556426690463237, 0.052671424484127885, 0.052662839306535744, 0.052662839306535744]
Timestep: 340, Trans probs: [0.21892129524885673, 0.05275254525262268, 0.4438419076565196, 0.05273711383205582, 0.07352800252491103, 0.05274490782092233, 0.05273711383205582, 0.05273711383205582]
Timestep: 341, Trans probs: [0.2035152322857119, 0.05290609762050537, 0.4602669668924488, 0.05289211115856062, 0.07173619438734168, 0.05289917533831043, 0.05289211115856062, 0.05289211115856062]
Timestep: 342, Trans probs: [0.2619577503436999, 0.05412803548718962, 0.40814197052585105, 0.05344109023126418, 0.061875346427736545, 0.053573626521730255, 0.05344109023126418, 0.05344109023126418]
Timestep: 343, Trans probs: [0.2425177996803713, 0.05313059382562376, 0.42170562816415763, 0.05311793904928068, 0.07016783055098395, 0.05312433063102123, 0.05311793904928068, 0.05311793904928068]
Timestep: 344, Trans probs: [0.22494774261815767, 0.05316770278488708, 0.4406328569551421, 0.05315622451224198, 0.06862100223097461, 0.053162021874112515, 0.05315622451224198, 0.05315622451224198]
Timestep: 345, Trans probs: [0.20885831906962027, 0.053285637849830585, 0.4574688960888493, 0.05327524254631974, 0.06728092642266799, 0.053280492930072566, 0.05327524254631974, 0.05327524254631974]
Timestep: 346, Trans probs: [0.2424645333754259, 0.054076005294158715, 0.42842744176287684, 0.053453319526026125, 0.06109860312472016, 0.053573457864740076, 0.053453319526026125, 0.053453319526026125]
Timestep: 347, Trans probs: [0.24760422990817382, 0.05347532397435002, 0.4189226604191528, 0.053465924930965296, 0.06612933877447634, 0.053470672130951115, 0.053465924930965296, 0.053465924930965296]
Timestep: 348, Trans probs: [0.22944073253203195, 0.053486944583016484, 0.43819807773676467, 0.053478425515345, 0.06495624033850857, 0.0534827282636433, 0.053478425515345, 0.053478425515345]
Timestep: 349, Trans probs: [0.16269965055720118, 0.05159592787258058, 0.4545577375404492, 0.05159592787258058, 0.12476297253944657, 0.05159592787258058, 0.05159592787258058, 0.05159592787258058]
Timestep: 350, Trans probs: [0.21283056839320674, 0.05357876539247176, 0.40177213083989655, 0.05357105497655867, 0.11753042114779877, 0.053574949296950114, 0.05357105497655867, 0.05357105497655867]
Timestep: 351, Trans probs: [0.15283492374476945, 0.05174225486550379, 0.4701372537743214, 0.05174225486550379, 0.11831654815339017, 0.05174225486550379, 0.05174225486550379, 0.05174225486550379]
Timestep: 352, Trans probs: [0.198465288230295, 0.05320342257531804, 0.3708087301481603, 0.053196389503293695, 0.16473344882055038, 0.053199941715795285, 0.053196389503293695, 0.053196389503293695]
Timestep: 353, Trans probs: [0.185735965045225, 0.05263571915944537, 0.39627973728541216, 0.05262927491056043, 0.1548282240536524, 0.05263252972458382, 0.05262927491056043, 0.05262927491056043]
Timestep: 354, Trans probs: [0.17402572295171814, 0.05227090340223038, 0.4188878136009665, 0.052265008459250396, 0.14575254883346295, 0.05226798583387092, 0.052265008459250396, 0.052265008459250396]
Timestep: 355, Trans probs: [0.22464761577504497, 0.0541008910432874, 0.4465356234263244, 0.05353717827704996, 0.06045839630811937, 0.053645938616074106, 0.05353717827704996, 0.05353717827704996]
Timestep: 356, Trans probs: [0.21533231794679084, 0.05208403437380702, 0.38682780067551026, 0.05207865192864326, 0.13743852076334148, 0.05208137045462075, 0.05207865192864326, 0.05207865192864326]
Timestep: 357, Trans probs: [0.2012074621909746, 0.05178783505807584, 0.40995858213343034, 0.051782908556358156, 0.12991199815068516, 0.05178539679775965, 0.051782908556358156, 0.051782908556358156]
Timestep: 358, Trans probs: [0.18817556751020423, 0.05164990398277755, 0.4305581959360242, 0.05164540260682862, 0.12303244862168725, 0.05164767612882083, 0.05164540260682862, 0.05164540260682862]
Timestep: 359, Trans probs: [0.1761583295028317, 0.05165106849448011, 0.44885089267022554, 0.05164696337625039, 0.11674978244441521, 0.05164903675929632, 0.05164696337625039, 0.05164696337625039]
Timestep: 360, Trans probs: [0.20836866614179472, 0.05419749123537382, 0.46263934337021645, 0.05368790502304832, 0.05994456176806513, 0.05378622241540486, 0.05368790502304832, 0.05368790502304832]
Timestep: 361, Trans probs: [0.2474072457356571, 0.054358513521575474, 0.4230055532741346, 0.05389857669656448, 0.05954564243124063, 0.0539873149476986, 0.05389857669656448, 0.05389857669656448]
Timestep: 362, Trans probs: [0.21685790710780678, 0.051772141615364045, 0.4132742349471458, 0.05176840543839947, 0.11102020753519141, 0.05177029247929365, 0.05176840543839947, 0.05176840543839947]
Timestep: 363, Trans probs: [0.20235279594769057, 0.05171785518062709, 0.4332902163204578, 0.05171444605086915, 0.10577962648946128, 0.05171616790915579, 0.05171444605086915, 0.05171444605086915]
Timestep: 364, Trans probs: [0.22903584578886738, 0.05433187772345461, 0.44186329078816866, 0.05391564712992903, 0.05902609142272083, 0.05399595288700142, 0.05391564712992903, 0.05391564712992903]
Timestep: 365, Trans probs: [0.26627784497532125, 0.054383359929051404, 0.404611722380165, 0.054007194915692405, 0.05862571737793014, 0.05407977059045497, 0.054007194915692405, 0.054007194915692405]
Timestep: 366, Trans probs: [0.14377384606229904, 0.05198807693597874, 0.4838524317385146, 0.05198807693597874, 0.11243333751929259, 0.05198807693597874, 0.05198807693597874, 0.05198807693597874]
Timestep: 367, Trans probs: [0.24075935377751637, 0.05178321926442952, 0.3993135406657559, 0.051780114280732745, 0.10102186092694522, 0.051781682523154654, 0.051780114280732745, 0.051780114280732745]
Timestep: 368, Trans probs: [0.22416370113556772, 0.05172527114584896, 0.4205649108978736, 0.05172243788589688, 0.09665493427493882, 0.05172386888808017, 0.05172243788589688, 0.05172243788589688]
Timestep: 369, Trans probs: [0.20886422032809093, 0.05177657126055289, 0.43955542939458664, 0.051773990222526184, 0.0927065145148842, 0.0517752938343069, 0.051773990222526184, 0.051773990222526184]
Timestep: 370, Trans probs: [0.13546880229441555, 0.052315266120526796, 0.4958790731762301, 0.052315266120526796, 0.10707579392672031, 0.052315266120526796, 0.052315266120526796, 0.052315266120526796]
Timestep: 371, Trans probs: [0.2461992094851604, 0.05430269403479056, 0.37147754807397054, 0.05396203035360899, 0.11210670079263196, 0.054027756552619564, 0.05396203035360899, 0.05396203035360899]
Timestep: 372, Trans probs: [0.28244279470868905, 0.05376083499115099, 0.34339219676396343, 0.053449754574054084, 0.10654513670988175, 0.05350977310415241, 0.053449754574054084, 0.053449754574054084]
Timestep: 373, Trans probs: [0.19477004226274802, 0.0519252439266736, 0.4045449000101002, 0.05192289690665891, 0.14106704075816515, 0.05192408232233627, 0.05192289690665891, 0.05192289690665891]
Timestep: 374, Trans probs: [0.18233306035633698, 0.05171653064163806, 0.425864467702692, 0.051714384538923366, 0.13322731920580042, 0.05171546847676255, 0.051714384538923366, 0.051714384538923366]
Timestep: 375, Trans probs: [0.1708686229486195, 0.05165960033854381, 0.44478864678194824, 0.051657641667557846, 0.12605157398946254, 0.051658630938752385, 0.051657641667557846, 0.051657641667557846]
Timestep: 376, Trans probs: [0.16031151293623738, 0.051733698766615724, 0.46153492419031533, 0.051731914772336796, 0.11949130397072165, 0.05173281581909964, 0.051731914772336796, 0.051731914772336796]
Timestep: 377, Trans probs: [0.2622565505544594, 0.05327386992264143, 0.3709451939931808, 0.05298958680937235, 0.10151118991974237, 0.053044435181858855, 0.05298958680937235, 0.05298958680937235]
Timestep: 378, Trans probs: [0.29639406521117834, 0.05293647991268841, 0.3429391465882249, 0.052676957397774386, 0.09697240752866104, 0.052727028565924164, 0.052676957397774386, 0.052676957397774386]
Timestep: 379, Trans probs: [0.20252207296190114, 0.05191879546839176, 0.4243861033897334, 0.051917174000457554, 0.11350351321899634, 0.051917992959604684, 0.051917174000457554, 0.051917174000457554]
Timestep: 380, Trans probs: [0.2749888025408735, 0.052633141874583476, 0.3698956571341618, 0.052396113727809016, 0.09285221233853115, 0.052441844928422986, 0.052396113727809016, 0.052396113727809016]
Timestep: 381, Trans probs: [0.24107669148788008, 0.051884296817778654, 0.39147403913887074, 0.051882818476280616, 0.10803295198045283, 0.05188356514617575, 0.051882818476280616, 0.051882818476280616]
Timestep: 382, Trans probs: [0.18058210437788505, 0.05270703379280122, 0.45367399325877517, 0.05270703379280122, 0.10220873339933366, 0.05270703379280122, 0.05270703379280122, 0.05270703379280122]
Timestep: 383, Trans probs: [0.22455267875269008, 0.0517496219059554, 0.361921421619178, 0.051748271630061016, 0.15478250921447437, 0.05174895361751912, 0.051748271630061016, 0.051748271630061016]
Timestep: 384, Trans probs: [0.2099260137289659, 0.05136683255585492, 0.3873372675265586, 0.05136559358101223, 0.14590688609223357, 0.0513662193533504, 0.05136559358101223, 0.05136559358101223]
Timestep: 385, Trans probs: [0.1964129824034162, 0.05114672307894053, 0.41009642539555924, 0.051145587974435934, 0.13776094391407162, 0.05114616128470458, 0.051145587974435934, 0.051145587974435934]
Timestep: 386, Trans probs: [0.18392666792697102, 0.051073456822469346, 0.4304232112328853, 0.05107241871300692, 0.1302864648449235, 0.051072943033730146, 0.05107241871300692, 0.05107241871300692]
Timestep: 387, Trans probs: [0.17239620424849725, 0.0511299082580669, 0.44852328528811636, 0.05112896068827696, 0.12343428086060289, 0.0511294392798856, 0.05112896068827696, 0.05112896068827696]
Timestep: 388, Trans probs: [0.255329639847306, 0.05244062380038401, 0.39415199946458257, 0.05222434683522651, 0.08913862199076358, 0.05226607439128427, 0.05222434683522651, 0.05222434683522651]
Timestep: 389, Trans probs: [0.2894086816839887, 0.05235701169949419, 0.3637568874121083, 0.05215991957770387, 0.08579971477946437, 0.05219794569183286, 0.05215991957770387, 0.05215991957770387]
Timestep: 390, Trans probs: [0.21305931640304965, 0.05129864101145265, 0.41328894943548217, 0.05129777785896862, 0.11716154575940672, 0.05129821381370274, 0.05129777785896862, 0.05129777785896862]
Timestep: 391, Trans probs: [0.19900922729759526, 0.05128260608454119, 0.43314912902834063, 0.05128181781755511, 0.11143136818718695, 0.05128221594967045, 0.05128181781755511, 0.05128181781755511]
Timestep: 392, Trans probs: [0.18603873689347017, 0.05138196534531575, 0.45084477471321127, 0.05138124681884712, 0.10620917286452854, 0.05138160972693276, 0.05138124681884712, 0.05138124681884712]
Timestep: 393, Trans probs: [0.2684260517217627, 0.05224441784482697, 0.388293316915689, 0.05206467771932736, 0.08274282434650687, 0.05209935601323237, 0.05206467771932736, 0.05206467771932736]
Timestep: 394, Trans probs: [0.30119896882902575, 0.05221767090457253, 0.35833628444464943, 0.05205393938166741, 0.07999972863274628, 0.052085529044003716, 0.05205393938166741, 0.05205393938166741]
Timestep: 395, Trans probs: [0.22566065195839585, 0.051581475104570756, 0.4149760272528296, 0.05158082145522431, 0.10145822972288256, 0.051581151595648286, 0.05158082145522431, 0.05158082145522431]
Timestep: 396, Trans probs: [0.27908633709534186, 0.05216413184689427, 0.38317634229498254, 0.05201490650926434, 0.07748477182496105, 0.05204369741002743, 0.05201490650926434, 0.05201490650926434]
Timestep: 397, Trans probs: [0.26193840820689906, 0.05160470034330518, 0.3829566416337223, 0.051604104330022674, 0.09708353146595984, 0.05160440536004566, 0.051604104330022674, 0.051604104330022674]
Timestep: 398, Trans probs: [0.25879041248567686, 0.05217769868348492, 0.40560621226858334, 0.05204182898337332, 0.0752321465077903, 0.05206804310434469, 0.05204182898337332, 0.05204182898337332]
Timestep: 399, Trans probs: [0.29512563102157463, 0.051548537880905625, 0.35406407625129716, 0.051547993736578805, 0.09306950506747659, 0.05154826856900959, 0.051547993736578805, 0.051547993736578805]
Timestep: 400, Trans probs: [0.2739559577081273, 0.051476011651904525, 0.3792650325806903, 0.051475514638006724, 0.08940068847911208, 0.05147576566614565, 0.051475514638006724, 0.051475514638006724]
Timestep: 401, Trans probs: [0.25447197062920257, 0.05148170003897717, 0.40203701253306934, 0.05148124656446231, 0.0860841015033153, 0.05148147560204861, 0.05148124656446231, 0.05148124656446231]
Timestep: 402, Trans probs: [0.2365240778559762, 0.05156709806042782, 0.42254639153490225, 0.05156668487177382, 0.0830954843712997, 0.05156689356207261, 0.05156668487177382, 0.05156668487177382]
Timestep: 403, Trans probs: [0.219991767240484, 0.051729098922532274, 0.44095233488979435, 0.05172872302849725, 0.08041171697939443, 0.051728912882303066, 0.05172872302849725, 0.05172872302849725]
Timestep: 404, Trans probs: [0.24014493107851564, 0.052261811449364357, 0.4257900292762724, 0.052138258437304866, 0.07322635665496555, 0.05216209622896735, 0.052138258437304866, 0.052138258437304866]
Timestep: 405, Trans probs: [0.2567358167426354, 0.05196161011975031, 0.4054467103801307, 0.051961268739975475, 0.07801061537598561, 0.051961441161571566, 0.051961268739975475, 0.051961268739975475]
Timestep: 406, Trans probs: [0.23833756689682828, 0.0520489207566307, 0.42567250782039445, 0.05204861019419648, 0.0757464068927613, 0.052048767050795905, 0.05204861019419648, 0.05204861019419648]
Timestep: 407, Trans probs: [0.2214256402592312, 0.05220800373492687, 0.4438014134512823, 0.05220772163163072, 0.07373391354537022, 0.05220786411429716, 0.05220772163163072, 0.05220772163163072]
Timestep: 408, Trans probs: [0.20589074435280802, 0.052433446897537934, 0.4599884065395574, 0.05243319106835654, 0.07195450872434153, 0.05243332028068556, 0.05243319106835654, 0.05243319106835654]
Timestep: 409, Trans probs: [0.2230151532314117, 0.05241498688525855, 0.44388596803749125, 0.05230279924194327, 0.07145104987221826, 0.052324444247790355, 0.05230279924194327, 0.05230279924194327]
Timestep: 410, Trans probs: [0.24435599565673008, 0.052717910689620034, 0.4216655029355233, 0.05271767909493992, 0.07038975736622231, 0.05271779606708455, 0.05271767909493992, 0.05271767909493992]
Timestep: 411, Trans probs: [0.22670108889534207, 0.05281067169826358, 0.4404003643746017, 0.05281046155164501, 0.06884592268589777, 0.05281056769095983, 0.05281046155164501, 0.05281046155164501]
Timestep: 412, Trans probs: [0.21051907406561615, 0.05297483753667002, 0.4571046731235711, 0.05297464714441543, 0.06750273053455572, 0.052974743306340784, 0.05297464714441543, 0.05297464714441543]
Timestep: 413, Trans probs: [0.19570145858508062, 0.05320303857942496, 0.47194046411246304, 0.053202866370043914, 0.06634348626460307, 0.05320295334829669, 0.053202866370043914, 0.053202866370043914]
Timestep: 414, Trans probs: [0.20728822172786643, 0.052632496639286604, 0.4600470505076645, 0.05253079415156628, 0.06988943247431144, 0.052550416196172234, 0.05253079415156628, 0.05253079415156628]
Timestep: 415, Trans probs: [0.23563905613495298, 0.05348666622131806, 0.4315766057572238, 0.05348651072856653, 0.06535155043709909, 0.05348658926370651, 0.05348651072856653, 0.05348651072856653]
Timestep: 416, Trans probs: [0.218494030956601, 0.053548586028349845, 0.44947087180004963, 0.053548445224152336, 0.06429265920203751, 0.053548516340505045, 0.053548445224152336, 0.053548445224152336]
Timestep: 417, Trans probs: [0.19286652207964133, 0.05290756061952252, 0.4744214798846463, 0.05281552280746548, 0.06852458880306135, 0.0528332801907321, 0.05281552280746548, 0.05281552280746548]
Timestep: 418, Trans probs: [0.25650838007443877, 0.053686002639403256, 0.41166172504240933, 0.05368587533036778, 0.06340032662196225, 0.0536859396306829, 0.05368587533036778, 0.05368587533036778]
Timestep: 419, Trans probs: [0.237462947447186, 0.05366763302509199, 0.43172864851512716, 0.053667517659102805, 0.06247064210797489, 0.053667575927311584, 0.053667517659102805, 0.053667517659102805]
Timestep: 420, Trans probs: [0.16886971588512492, 0.052766193425976056, 0.4695883062014477, 0.052766193425976056, 0.09771101078354696, 0.052766193425976056, 0.052766193425976056, 0.052766193425976056]
Timestep: 421, Trans probs: [0.22006203961370152, 0.05372867900274823, 0.3958710204447667, 0.053728574597406105, 0.11542390981687366, 0.053728627329691546, 0.053728574597406105, 0.053728574597406105]
Timestep: 422, Trans probs: [0.1581337285620357, 0.052932486240842375, 0.4835469166824122, 0.052932486240842375, 0.09365692355134028, 0.052932486240842375, 0.052932486240842375, 0.052932486240842375]
Timestep: 423, Trans probs: [0.20505696017018935, 0.0533171673327432, 0.3654410120061001, 0.05331707208759858, 0.16291652403485307, 0.053317120193318565, 0.05331707208759858, 0.05331707208759858]
Timestep: 424, Trans probs: [0.19178102467606742, 0.05271495563663001, 0.39148422883339445, 0.05271486834662118, 0.15316027337962518, 0.05271491243441945, 0.05271486834662118, 0.05271486834662118]
Timestep: 425, Trans probs: [0.14831201709814223, 0.05318648204074975, 0.49574505889122555, 0.05318648204074975, 0.09001051380688344, 0.05318648204074975, 0.05318648204074975, 0.05318648204074975]
Timestep: 426, Trans probs: [0.1795654675561782, 0.05231865652458075, 0.3622958492900971, 0.05231857665337036, 0.19654567967489667, 0.05231861699413625, 0.05231857665337036, 0.05231857665337036]
Timestep: 427, Trans probs: [0.16859672750910384, 0.051822726452030676, 0.38811048126378817, 0.051822653154470356, 0.1841794151366011, 0.05182269017506522, 0.051822653154470356, 0.051822653154470356]
Timestep: 428, Trans probs: [0.1585061657487486, 0.05151268121273267, 0.41114695221458647, 0.05151261405427861, 0.17278371068691792, 0.05151264797417864, 0.05151261405427861, 0.05151261405427861]
Timestep: 429, Trans probs: [0.14922331967105454, 0.05136831652764651, 0.431653915263507, 0.05136825510530137, 0.16228139709383826, 0.051368286128049535, 0.05136825510530137, 0.05136825510530137]
Timestep: 430, Trans probs: [0.1796630794267175, 0.0532322043051909, 0.4871526954597649, 0.05314906263993957, 0.06733972924995825, 0.05316510363854977, 0.05314906263993957, 0.05314906263993957]
Timestep: 431, Trans probs: [0.22112128342755752, 0.05359788079446402, 0.4448563310963596, 0.05352291342195022, 0.06631838710841624, 0.05353737730735196, 0.05352291342195022, 0.05352291342195022]
Timestep: 432, Trans probs: [0.25889064906872294, 0.05369434215060785, 0.40769241839648357, 0.05362651408036269, 0.06520344760389085, 0.053639600539206723, 0.05362651408036269, 0.05362651408036269]
Timestep: 433, Trans probs: [0.2932864674170718, 0.053649586983097006, 0.3746149861201733, 0.05358808816403615, 0.0640847415034225, 0.053599953484126904, 0.05358808816403615, 0.05358808816403615]
Timestep: 434, Trans probs: [0.19205843951909662, 0.05136887205084466, 0.39848853242667637, 0.051368815985341126, 0.15260886374486415, 0.05136884430249498, 0.051368815985341126, 0.051368815985341126]
Timestep: 435, Trans probs: [0.1800020531331342, 0.05118390087912343, 0.4201973810445026, 0.05118384954443885, 0.14388124083773796, 0.051183875472185315, 0.05118384954443885, 0.05118384954443885]
Timestep: 436, Trans probs: [0.27106986546550815, 0.053547607299662285, 0.3983848563480815, 0.05349178383053505, 0.06301976522234955, 0.05350255417279342, 0.05349178383053505, 0.05349178383053505]
Timestep: 437, Trans probs: [0.304250738188484, 0.053518499568017706, 0.3662409817489671, 0.0534678749505276, 0.06210851339444394, 0.05347764224850445, 0.0534678749505276, 0.0534678749505276]
Timestep: 438, Trans probs: [0.33442340368679047, 0.05344373288973916, 0.3372922455568876, 0.05339778249218957, 0.061240622423925216, 0.05340664796608889, 0.05339778249218957, 0.05339778249218957]
Timestep: 439, Trans probs: [0.3617890684934137, 0.05337120838486978, 0.31106406437080264, 0.053329492157199676, 0.06044964157090977, 0.053337540708405094, 0.053329492157199676, 0.053329492157199676]
Timestep: 440, Trans probs: [0.2200192447468987, 0.05114581947006197, 0.3883893684764441, 0.0511457725549975, 0.13586245339108816, 0.051145796250514616, 0.0511457725549975, 0.0511457725549975]
Timestep: 441, Trans probs: [0.22509623568055498, 0.07816309655336065, 0.22962650357444564, 0.07816309655336065, 0.15446177797819619, 0.07816309655336065, 0.07816309655336065, 0.07816309655336065]
Timestep: 442, Trans probs: [0.33324061772651664, 0.05333042770803745, 0.3404967930068214, 0.05329256739343088, 0.059754587377131387, 0.05329987200120065, 0.05329256739343088, 0.05329256739343088]
Timestep: 443, Trans probs: [0.36061135420780666, 0.053291334575832676, 0.31394051788876315, 0.05325697031429423, 0.05912228197623246, 0.05326360040848242, 0.05325697031429423, 0.05325697031429423]
Timestep: 444, Trans probs: [0.13934677304134346, 0.053510367479368014, 0.5063629038574328, 0.053510367479368014, 0.08673848570438376, 0.053510367479368014, 0.053510367479368014, 0.053510367479368014]
Timestep: 445, Trans probs: [0.20565091706313582, 0.10197325458513812, 0.3598542320328785, 0.050986605808774, 0.12857515138199593, 0.05098662751052968, 0.050986605808774, 0.050986605808774]
Timestep: 446, Trans probs: [0.19309626777279862, 0.097455592397601, 0.3857672752247852, 0.05042137685358911, 0.12199533717100113, 0.05042139687304673, 0.05042137685358911, 0.05042137685358911]
Timestep: 447, Trans probs: [0.18144208277437027, 0.09337902063560452, 0.4089190884479227, 0.05007132723160588, 0.11597448078236346, 0.05007134566492134, 0.05007132723160588, 0.05007132723160588]
Timestep: 448, Trans probs: [0.332141216151586, 0.05327515632994689, 0.28979151095353833, 0.05324397376583869, 0.11181020527053004, 0.053249989996882546, 0.05324397376583869, 0.05324397376583869]
Timestep: 449, Trans probs: [0.13118318297082032, 0.05388800870377887, 0.5155670413611552, 0.05388800870377887, 0.08380973214913023, 0.05388800870377887, 0.05388800870377887, 0.05388800870377887]
Timestep: 450, Trans probs: [0.220535377101117, 0.08970541273080469, 0.3796470259925225, 0.04991109253794762, 0.11046779708586814, 0.0499111094758448, 0.04991109253794762, 0.04991109253794762]
Timestep: 451, Trans probs: [0.3078620222182755, 0.0528013389917115, 0.2691274958683629, 0.052772818324437476, 0.15911236696788866, 0.052778320980449024, 0.052772818324437476, 0.052772818324437476]
Timestep: 452, Trans probs: [0.2563976534015531, 0.08630628753173586, 0.3531553992186809, 0.0496813999407836, 0.10541504449602336, 0.04968141552965601, 0.0496813999407836, 0.0496813999407836]
Timestep: 453, Trans probs: [0.2864924580109409, 0.05215054812527006, 0.30302871091797595, 0.05212434421349636, 0.14982585042075022, 0.05212939988457384, 0.05212434421349636, 0.05212434421349636]
Timestep: 454, Trans probs: [0.2892819029736256, 0.08318361033901633, 0.3289357587948283, 0.04945426885637252, 0.1007816381106162, 0.049454283212796143, 0.04945426885637252, 0.04945426885637252]
Timestep: 455, Trans probs: [0.27012157213548055, 0.08033371156358769, 0.3559109373431091, 0.0492736795921496, 0.09653904736895495, 0.049273692812418876, 0.0492736795921496, 0.0492736795921496]
Timestep: 456, Trans probs: [0.2523220096940073, 0.07776892245509895, 0.38042699711194006, 0.04920216136713163, 0.09267341311138386, 0.04920217352617494, 0.04920216136713163, 0.04920216136713163]
Timestep: 457, Trans probs: [0.10647950178336266, 0.06283553611285064, 0.40829998733529993, 0.06283553611285064, 0.17104283031708412, 0.06283553611285064, 0.06283553611285064, 0.06283553611285064]
Timestep: 458, Trans probs: [0.23576781916506323, 0.07547186092011769, 0.35340946067902085, 0.04923837278774942, 0.08915898413113289, 0.09847675674141707, 0.04923837278774942, 0.04923837278774942]
Timestep: 459, Trans probs: [0.22129634687873204, 0.07310544452356214, 0.378907083242144, 0.04885302842509276, 0.08575895844552461, 0.09437308163475878, 0.04885302842509276, 0.04885302842509276]
Timestep: 460, Trans probs: [0.20778171460617362, 0.071030114731382, 0.40187581884709456, 0.04864981574146134, 0.08270686576916897, 0.09065603882179676, 0.04864981574146134, 0.04864981574146134]
Timestep: 461, Trans probs: [0.2669026640684233, 0.05162733406129072, 0.33369675275598976, 0.0516032621581586, 0.14135555615124668, 0.05160790648857369, 0.0516032621581586, 0.0516032621581586]
Timestep: 462, Trans probs: [0.2437704445273996, 0.06922103829940127, 0.3739079464755516, 0.04861027014231551, 0.07997455006330692, 0.08729521020739406, 0.04861027014231551, 0.04861027014231551]
Timestep: 463, Trans probs: [0.2283986155977582, 0.06752516691983837, 0.3968690894548309, 0.04852925381429389, 0.07743614032411565, 0.08418322626057521, 0.04852925381429389, 0.04852925381429389]
Timestep: 464, Trans probs: [0.24886099326762354, 0.05124287515948369, 0.36139730628899164, 0.05122077767067207, 0.13361145120588355, 0.05122504106600153, 0.05122077767067207, 0.05122077767067207]
Timestep: 465, Trans probs: [0.26262614098112985, 0.06605544523497865, 0.36902380721402733, 0.04858082285972691, 0.07517269675369392, 0.0813794412369896, 0.04858082285972691, 0.04858082285972691]
Timestep: 466, Trans probs: [0.2322001282464375, 0.050997477655720116, 0.3863656467620443, 0.05097721573043514, 0.12652397516453306, 0.050981124979959484, 0.05097721573043514, 0.05097721573043514]
Timestep: 467, Trans probs: [0.29418049117372436, 0.06467812311784613, 0.34350350752419717, 0.04859602045435965, 0.07306883805200472, 0.07878097876914864, 0.04859602045435965, 0.04859602045435965]
Timestep: 468, Trans probs: [0.12376858030016323, 0.05430496985041808, 0.5235115526596378, 0.05430496985041808, 0.08119501778810867, 0.05430496985041808, 0.05430496985041808, 0.05430496985041808]
Timestep: 469, Trans probs: [0.274591316132012, 0.06341817648048144, 0.31997514510094505, 0.04862047247239117, 0.11975923864254347, 0.07639470622684456, 0.04862047247239117, 0.04862047247239117]
Timestep: 470, Trans probs: [0.21679441707194755, 0.05088482442184191, 0.40881501763434236, 0.050866272553205444, 0.1200370713405649, 0.050869851871686925, 0.050866272553205444, 0.050866272553205444]
Timestep: 471, Trans probs: [0.30562647140345034, 0.06200798710000239, 0.29927513041405257, 0.048322882475927864, 0.11411291702006039, 0.07400884663465077, 0.048322882475927864, 0.048322882475927864]
Timestep: 472, Trans probs: [0.1170519497336416, 0.054748501688113946, 0.5303387616062166, 0.054748501688113946, 0.07886678021957198, 0.054748501688113946, 0.054748501688113946, 0.054748501688113946]
Timestep: 473, Trans probs: [0.2859238737412978, 0.06076666057672117, 0.28005383378468474, 0.048118605451379144, 0.15704171378894777, 0.07185810175421117, 0.048118605451379144, 0.048118605451379144]
Timestep: 474, Trans probs: [0.11098369398762954, 0.055207506523764244, 0.5361797552139083, 0.055207506523764244, 0.07679901817964098, 0.055207506523764244, 0.055207506523764244, 0.055207506523764244]
Timestep: 475, Trans probs: [0.26822084849901606, 0.059480816542074995, 0.26277881841296996, 0.04775498553737497, 0.19649102691422823, 0.06976353301958577, 0.04775498553737497, 0.04775498553737497]
Timestep: 476, Trans probs: [0.20254578542719295, 0.05089465664836579, 0.42894161079738574, 0.05087769914895458, 0.11410387882356011, 0.05088097085663167, 0.05087769914895458, 0.05087769914895458]
Timestep: 477, Trans probs: [0.29942787408090926, 0.05823958655986313, 0.24702346696298444, 0.04735090168521156, 0.1854681816806795, 0.0677881856599289, 0.04735090168521156, 0.04735090168521156]
Timestep: 478, Trans probs: [0.2809784070585911, 0.0571665540920186, 0.27941182636849, 0.04706234561982153, 0.17522895221671603, 0.06602722340471973, 0.04706234561982153, 0.04706234561982153]
Timestep: 479, Trans probs: [0.26383905145926606, 0.05621813207071399, 0.3092306792865778, 0.046844879381525636, 0.16573969368134045, 0.06443780535752466, 0.046844879381525636, 0.046844879381525636]
Timestep: 480, Trans probs: [0.2478490479133584, 0.055406750409968356, 0.3366409643476982, 0.04671875168662442, 0.1569214773680177, 0.063025504901084, 0.04671875168662442, 0.04671875168662442]
Timestep: 481, Trans probs: [0.18937467143155867, 0.0510144901021925, 0.44692782339507303, 0.05099901878514844, 0.10868395496059786, 0.05100200375513254, 0.05099901878514844, 0.05099901878514844]
Timestep: 482, Trans probs: [0.27958583255102565, 0.054736492400527324, 0.3150925947355162, 0.04669346856985633, 0.148715024636475, 0.06178964996688681, 0.04669346856985633, 0.04669346856985633]
Timestep: 483, Trans probs: [0.10551559000214697, 0.055672481826667154, 0.5411547608252489, 0.055672481826667154, 0.07496724003926833, 0.055672481826667154, 0.055672481826667154, 0.055672481826667154]
Timestep: 484, Trans probs: [0.10060087373724663, 0.05613544400007223, 0.48923801235223, 0.05613544400007223, 0.12948389391016218, 0.05613544400007223, 0.05613544400007223, 0.05613544400007223]
Timestep: 485, Trans probs: [0.17721400309322236, 0.051230728526768014, 0.4629445712440494, 0.05121664118484391, 0.10374141444486268, 0.051219359136565765, 0.05121664118484391, 0.05121664118484391]
Timestep: 486, Trans probs: [0.26223886552942555, 0.054132477469391746, 0.2951016883643741, 0.04668836116750983, 0.18780144923471828, 0.060660435899560695, 0.04668836116750983, 0.04668836116750983]
Timestep: 487, Trans probs: [0.24643174234364307, 0.05346848918369311, 0.3234693124645522, 0.046566053790418345, 0.17741086249970192, 0.059521432137154676, 0.046566053790418345, 0.046566053790418345]
Timestep: 488, Trans probs: [0.2316639298204228, 0.05292503413238103, 0.34955406132167033, 0.04653141431333017, 0.1677309496249812, 0.05853178216055423, 0.04653141431333017, 0.04653141431333017]
Timestep: 489, Trans probs: [0.21784191672318942, 0.05250558219499082, 0.3734835537945011, 0.04659138170057969, 0.15870288847593464, 0.057691913709644896, 0.04659138170057969, 0.04659138170057969]
Timestep: 490, Trans probs: [0.20489549757788553, 0.05220856333510996, 0.3953762884193909, 0.04674684105509456, 0.1502810237362014, 0.056998103766128565, 0.04674684105509456, 0.04674684105509456]
Timestep: 491, Trans probs: [0.19277070107180339, 0.05202895591989327, 0.4153440897872428, 0.046994521709548855, 0.1424288928669821, 0.05644379522543185, 0.046994521709548855, 0.046994521709548855]
Timestep: 492, Trans probs: [0.18142485328913258, 0.05195938018886579, 0.4334938998199985, 0.04732830640097933, 0.13511644629215122, 0.05602050120691399, 0.04732830640097933, 0.04732830640097933]
Timestep: 493, Trans probs: [0.16600508809702924, 0.051529398878250754, 0.47715300518191944, 0.05151659830467008, 0.09924364493599927, 0.05151906799279092, 0.05151659830467008, 0.05151659830467008]
Timestep: 494, Trans probs: [0.21856317617101764, 0.051990863640716076, 0.4021890325871788, 0.04774015111713696, 0.1283180392590196, 0.055718434990656984, 0.04774015111713696, 0.04774015111713696]
Timestep: 495, Trans probs: [0.15569475858423149, 0.051896648730413254, 0.4897057778278536, 0.05188504211461749, 0.09516040706803823, 0.05188728144561099, 0.05188504211461749, 0.05188504211461749]
Timestep: 496, Trans probs: [0.152043161569357, 0.05600795729542748, 0.44588169905220754, 0.05600795729542748, 0.12203535290129806, 0.05600795729542748, 0.05600795729542748, 0.05600795729542748]
Timestep: 497, Trans probs: [0.14623338070148476, 0.05231909274892006, 0.4484393369058142, 0.052308591333629036, 0.1437717982109474, 0.05231061743194664, 0.052308591333629036, 0.052308591333629036]
Timestep: 498, Trans probs: [0.19009293610333922, 0.052317187874083494, 0.41281240368468886, 0.05230763090236216, 0.13554510484704008, 0.05230947478376189, 0.05230763090236216, 0.05230763090236216]
Timestep: 499, Trans probs: [0.25299031449827336, 0.0518910295804367, 0.3737980204472699, 0.047983715953921126, 0.12205202299330813, 0.055317464618948674, 0.047983715953921126, 0.047983715953921126]
