0.125 0.125 0.125 0.125 0.125 0.125 0.125 0.125
0.099626400996264 0.07845579078455792 0.199252801992528 0.15691158156911583 0.08685378548392246 0.06839735606858895 0.17370757096784492 0.1367947121371779
0.06430745814307458 0.11377473363774734 0.05606291222729579 0.09918822932521563 0.12861491628614916 0.2275494672754947 0.11212582445459159 0.19837645865043127
0.09567579728864391 0.07723227010047158 0.19135159457728781 0.15446454020094316 0.0861082175597795 0.08393305897246617 0.172216435119559 0.13901808618084885
0.09338784479785774 0.07538536869224662 0.2195467998160198 0.15077073738449323 0.08404906031807197 0.0730684047091229 0.16809812063614393 0.13569366364604388
0.09580778994457789 0.0754486345813551 0.2299448883204551 0.1508972691627102 0.08352473995168329 0.0657757327119506 0.16704947990336658 0.1315514654239012
0.06988962389987889 0.12365087305363187 0.1201868018524525 0.15456359131703987 0.08386754867985467 0.1575308157668761 0.10483443584981834 0.1854763095804478
0.09804971742454308 0.07429740874208585 0.22010581922178915 0.1485948174841717 0.08283606616468377 0.07670870289760448 0.16567213232936753 0.13373533573575452
0.09302422184966266 0.07325657470660936 0.25231781688333615 0.14651314941321872 0.08109803956124438 0.06386470615447995 0.16219607912248876 0.1277294123089599
0.0667631282480972 0.10839002521810805 0.08187902824656544 0.09449386813886343 0.122527854594383 0.2301392039888453 0.10681915528741083 0.18898773627772686
0.09650029227154118 0.07599398016383868 0.22437890086748774 0.15198796032767736 0.08412845992903589 0.06625116219411578 0.16825691985807179 0.13250232438823156
0.09185557782198625 0.15309262970331042 0.1250756212455809 0.13778336673297936 0.1148194722774828 0.19136578712913802 0.10333752504973452 0.08267002003978763
0.07350647761429248 0.11947327363639228 0.1066873284508565 0.14934159204549033 0.0810340464664226 0.18945481324892918 0.10129255808302824 0.17920991045458842
0.09626448123161235 0.07255556199660647 0.22032492051545977 0.14511112399321294 0.0872262578112923 0.08612956879384982 0.16178807406407472 0.13060001159389165
0.07359954257123466 0.11895219247471801 0.12805814504805715 0.14869024059339753 0.08760224486682845 0.16381857385294796 0.1008507718807392 0.17842828871207703
0.10758093197120108 0.08471998392732086 0.16625274935291334 0.10166398071278503 0.1454310002788456 0.10589997990915108 0.1613713979568016 0.12707997589098127
0.07913631253156289 0.1195631673360186 0.1192450499738194 0.14347580080322234 0.10217410857890871 0.14945395917002324 0.10760685060241675 0.17934475100402789
0.06662423985756315 0.10390980944672203 0.06557885052681782 0.0905880390048346 0.1291562727654879 0.260562840209527 0.10240387017937824 0.1811760780096692
0.13022123594759433 0.0942130773291672 0.16893841248521996 0.11776634666145899 0.11856364749016898 0.1330068800968836 0.13130068799419384 0.10598971199531308
0.10106814405098095 0.07062892814171583 0.2507421399673045 0.14125785628343165 0.08722249740145671 0.06955430584821398 0.15637825359826374 0.12314787470863271
0.07690641935922633 0.1165561890339637 0.13630386359399013 0.13986742684075643 0.09493900773213765 0.15569223975841287 0.10490057013056733 0.17483428355094552
0.0751805671099639 0.12980353199071748 0.1120515292288788 0.13988103815716765 0.09551153044161531 0.1678097267573216 0.10491077861787575 0.17485129769645955
0.07494083929174378 0.1174330943514658 0.10607315416853104 0.14679136793933228 0.08714232103138886 0.19190674082714015 0.09956284086319929 0.17614964152719872
0.09878615556566846 0.07881062995673578 0.2215829979604249 0.1410137931868674 0.08547994501241225 0.09019420846375542 0.15721985598595514 0.12691241386818067
0.095563097725689 0.07389100678889722 0.27101781135364705 0.13701171339308674 0.08230487826663721 0.06908778448783953 0.15167759887228158 0.11944610911192177
0.07498744758299827 0.12248713316465831 0.13977123102118924 0.13678900960114374 0.09259094603131529 0.15979621339640776 0.10259175720085781 0.17098626200142966
0.10846438363797849 0.08918961354074917 0.16459380574847937 0.09534942295510224 0.1378005124190147 0.13406719259987407 0.15134829040492417 0.11918677869387778
0.07741710083468323 0.12530275294275475 0.11610238683883724 0.14360420843695487 0.08883970573241637 0.1790076798023339 0.09740111528767376 0.17232505012434585
0.10812843924725285 0.08895688530397922 0.1565358434635552 0.09479805342148376 0.1449281741379528 0.13768193697989967 0.15047310066902184 0.11849756677685469
0.12114939234370736 0.08590013302619401 0.17210430895792936 0.09842431158679475 0.13439400293471251 0.12360432748464625 0.14631434976186206 0.1181091739041537
0.08174032910977794 0.12349612928545742 0.1169314237426204 0.14172408468125242 0.09561262143941666 0.17430060920973137 0.09612590091424077 0.1700689016175029
0.13350476098364902 0.10259434579374534 0.1844687776555895 0.11384014113228481 0.11887399921138878 0.11733858637470891 0.12692326182957725 0.10245612701905633
0.08308373697464252 0.12462986342826986 0.11934886901359165 0.14066773671790855 0.09289589885009848 0.17516318952793894 0.09540942142605972 0.16880128406149025
0.13668023465446127 0.10571256208060606 0.18755264526668886 0.1126043213267961 0.1209611926728826 0.11366356158469344 0.12465761253922887 0.09816786987464274
0.08322183575551509 0.12435856084378427 0.11965187700546996 0.13982563398314704 0.0971065660520566 0.17320650948733365 0.09483825609291711 0.16779076077977642
0.10432681781449135 0.07806723071229334 0.2311893242958185 0.138547226899984 0.08993805494546653 0.08376910797430606 0.15337747544483368 0.12078476191280656
0.09487080068508723 0.14660181734751113 0.10854549591405267 0.11818843592827491 0.11278699985895214 0.19701773582692744 0.08016259132526471 0.1418261231139299
0.10621356270554078 0.07929260364134544 0.22576074323906925 0.13770878761194022 0.09171989991018993 0.08680129936352471 0.15244928868721097 0.12005381484117866
0.07249009184408571 0.10540580577920863 0.08451610325546301 0.08768860538429611 0.13621021156055282 0.2330856449466462 0.10522632646115532 0.17537721076859222
0.0640171578631544 0.10163178608545817 0.06075623103928188 0.08245639942792068 0.1370066372840137 0.2902713101308251 0.0989476793135048 0.16491279885584137
0.11084954154616539 0.08421940651160074 0.1352019417366376 0.09132967785115415 0.15105840926523686 0.16821118315438288 0.14496774262087958 0.11416209731394265
0.08350333407384562 0.11819943922753319 0.10710224673558091 0.13030049702703822 0.10398351495182971 0.1963099739300959 0.09772537277027869 0.1628756212837978
0.07977241224425095 0.12248698347224501 0.10126475266101367 0.13093748984081566 0.09721426418680852 0.20644911791323486 0.09820311738061176 0.16367186230101957
0.0789270393816831 0.12264825091665374 0.09976847533398613 0.13058624474358219 0.09596135491857967 0.21093614521835083 0.09793968355768663 0.1632328059294777
0.11711714209499688 0.08613209278219654 0.14788064704957354 0.09163059988961614 0.1477779023410604 0.14947796933035207 0.14544539665018436 0.11453824986202017
0.09425159470822105 0.14306862537543258 0.09087384983434878 0.11428214366201674 0.12260697601810797 0.22026513187147626 0.07751310613597655 0.13713857239442007
0.10800039096170727 0.07820682624606332 0.2157500087034283 0.1357517883957824 0.09882947151040737 0.09483099111370856 0.15028281010847705 0.11834771296042569
0.10521126305541077 0.14749093020533283 0.11712511971759372 0.12265048861366346 0.1278928998923926 0.21405113888716096 0.09198786646024759 0.07359029316819808
0.08136109750557641 0.12218532658194471 0.10088883087959112 0.12649998647241192 0.1054195303498214 0.2106452552658306 0.09487498985430895 0.1581249830905149
0.07425515450454113 0.12488899361518212 0.0996551934027541 0.13840458238425116 0.09601769199504225 0.2068184728373748 0.09387441239975296 0.16608549886110135
0.09266067038063645 0.1585631969145475 0.1182921322029426 0.15467862834380405 0.08396623197205455 0.17608228423978559 0.08090882097983597 0.13484803496639325
0.08025627054426135 0.13808573169695085 0.10203291350322011 0.12804419472157885 0.09731040644752861 0.19818209364330253 0.09603314604118415 0.16005524340197358
0.0779651201987067 0.13382268014158924 0.09840965661355267 0.12790757438966693 0.09990101839093622 0.20617880148621437 0.09593068079225021 0.15988446798708367
0.06561266260624059 0.1124917355537492 0.06194739388216812 0.08113841862062696 0.1359325017262518 0.28323434802495695 0.09736610234475233 0.1622768372412539
0.07042561371233377 0.12101336489487013 0.08941198626651727 0.13508349760854868 0.10007388022857962 0.2302696096070069 0.09162185055188518 0.16210019713025836
0.07240349660744441 0.12426892831542634 0.09683743605180146 0.1378732151571831 0.09458498806738 0.2150700708098817 0.09351400680226334 0.16544785818861973
0.10348293658130664 0.08368467786316593 0.21908492874742788 0.1361450698611866 0.09360024497764306 0.0945933793868159 0.15071818885731686 0.11869057372513704
0.08373793495009407 0.12568279667653323 0.12585845921968764 0.13061543469374795 0.10121917082671202 0.17165533424572932 0.09796157602031097 0.16326929336718493
0.11733292835253008 0.0926969195261004 0.15452425083883845 0.09026903921372376 0.15037577359742937 0.1386806002260906 0.1432841892281329 0.11283629901715468
0.06866336436244672 0.1047880962760356 0.06706347307557409 0.08313721698305823 0.1522469076096036 0.2638453059202298 0.0939812018069354 0.16627443396611646
0.09808081565224304 0.07585654462271894 0.2004130347370564 0.136447390314158 0.10785943666552932 0.1064114691663341 0.15212865755921795 0.12280265128274219
0.07792129028389853 0.1214821499673856 0.12296459712326799 0.14066981808476037 0.09851555342037803 0.17423197628284665 0.09541083313575052 0.16880378170171242
0.10390803969582989 0.08263899170188004 0.2296394239955446 0.13503721555581671 0.09439882332391566 0.08716100510333347 0.14949174860065995 0.11772475202301971
0.12146452372884925 0.08589831932604235 0.18581548244734222 0.0893882846000681 0.14818610395480147 0.11562576416095725 0.14188616603185414 0.11173535575008513
0.0945280835718613 0.15095498890127323 0.09743705416828406 0.1133086189148043 0.12437866315174055 0.2065694461998826 0.07685280239438899 0.13597034269776515
0.1322049780905607 0.11200338078162195 0.1720455985256738 0.10905906082678672 0.13082698912855184 0.12411412381671225 0.12159271408598459 0.09815315474410803
0.10882689493866989 0.07905400860937466 0.24012087927269765 0.13048595175679004 0.09927733665775275 0.07931547373237695 0.1454820984512271 0.11743735658111103
0.10292470205981176 0.07442706973421659 0.26798646383802593 0.12980492441428562 0.09203669013945198 0.07127291405408051 0.14472280378727068 0.11682443197285707
0.11771005637209656 0.0854845797261913 0.2029760122201481 0.09386733089121113 0.1398134391635805 0.10796769266530976 0.13954009189200936 0.11264079706945335
0.10597887800099469 0.07516818344994941 0.25232582532562514 0.12944024209755042 0.10026705938602253 0.07600738363285327 0.1443162102192092 0.11649621788779539
0.11950007887472323 0.0855281881568767 0.19789436703234645 0.09378198202957959 0.14225668930423557 0.10908710108993519 0.13941321507680787 0.1125383784354955
0.10695251162234606 0.0752241768205554 0.2502668305373072 0.1295117593126668 0.10083891287852179 0.07624927887024406 0.1443959465769584 0.11656058338140014
0.08135457356191504 0.1268206943243363 0.1334504386919145 0.1390363547625834 0.09635745917159778 0.16183393489010503 0.09430291888244786 0.16684362571510003
0.11673258816306618 0.09287067407120901 0.1569588800672256 0.09029940538731059 0.1507975449160049 0.1361342611573779 0.14333238950366758 0.11287425673413823
0.08169283651913815 0.1281880844326916 0.11124780333273546 0.13632299207837606 0.10531058125005079 0.1811875607441451 0.09246255114881159 0.16358759049405125
0.07842075087677562 0.13221694721111574 0.10065668794409911 0.12822513192545357 0.10338769544400736 0.20064252274764144 0.09616884894409017 0.16028141490681694
0.07483499804691252 0.13574151463345063 0.09854389989458943 0.1362451823279779 0.09510565610145105 0.20362475436219898 0.09240977583984587 0.16349421879357343
0.11513120701614589 0.09419457867530075 0.1460313048485606 0.09034285127572239 0.15078386418222844 0.1471862786760834 0.14340135123130537 0.11292856409465299
0.08126753470729772 0.12822354657020535 0.10866628797973285 0.13607088259496375 0.10522668983256302 0.18496844404991405 0.09229155515136672 0.16328505911395647
0.10500544370191167 0.08360920124628693 0.22328539877807893 0.13512170574073945 0.096481580446409 0.0891129772451107 0.14958528270851087 0.11779841013295234
0.08101306648459439 0.1286041392429616 0.12743277198323288 0.13917277932762723 0.0957240950301679 0.1666503624116987 0.09439545032656456 0.16700733519315267
0.11684919073290229 0.09314314361417683 0.15510007875674697 0.09032026054218704 0.15088996683438866 0.137431540917758 0.1433654929241064 0.1129003256777338
0.08168346212622561 0.12819482854716463 0.11080467565763488 0.1362651477376143 0.10545654305249026 0.18165384799778594 0.09242331759594709 0.16351817728513712
0.07856780468274317 0.13218159319809858 0.10053917384701959 0.12817963886174014 0.10339260493060479 0.20077990675631355 0.09613472914630512 0.1602245485771752
0.08789402556164477 0.15936840463606256 0.08067472743820117 0.11156311438400893 0.11172377315648249 0.23923132258928761 0.07566889497350168 0.13387573726081067
0.13423691053392947 0.11324784639390319 0.16552633467101394 0.10876542062218389 0.12769683187829117 0.13137245016941257 0.12126532717130054 0.09788887855996548
0.09775728278559602 0.15237832474285956 0.13028726501601218 0.15677602765350168 0.0869392081508613 0.1550121831305844 0.07975128363243347 0.14109842488815152
0.12107340849675605 0.09620826314951428 0.15565561591031643 0.08998942058488048 0.14761766641853089 0.13412849957417033 0.1428403501347309 0.1124867757311006
0.0826746800332442 0.12884549934232456 0.1109527655118951 0.13627279028172817 0.10481922150542605 0.18047919375274477 0.09242850123456346 0.16352734833807378
0.11719512892749005 0.09300506662372535 0.1496175093878121 0.09010176488254482 0.15360624905977574 0.14082840059873308 0.14301867441673782 0.11262720610318103
0.08191260304706219 0.1280453238572181 0.10952077228604076 0.1361189705647679 0.10596961277571854 0.18276578145188924 0.0923241713395817 0.16334276467772146
0.10521775541034054 0.0835437877558151 0.22358601374729198 0.135044948643976 0.0966647763109083 0.08871091499491128 0.14950030944713666 0.1177314936896201
0.07148609082253767 0.11310980136548866 0.07822778358005109 0.08537223201230165 0.14042528276326757 0.24412660489610474 0.09650774053564534 0.1707444640246033
0.11186413803461416 0.09120316253390892 0.14210521475919452 0.09399567271771135 0.15600302378453543 0.1523031002717065 0.1397308806370754 0.11279480726125364
0.080867724495037 0.12743884056793706 0.10768591325050933 0.13586773644122613 0.10627444914413905 0.18667028330719626 0.09215376906448382 0.16304128372947135
0.10502266658840263 0.08351052450048456 0.2228326503516667 0.13510557750295174 0.09677833867611906 0.08939846467612167 0.14956742808629575 0.1177843496179579
0.08124957081085303 0.12853894466633436 0.12730810414288174 0.1391132806846951 0.09577740927056166 0.16672165887776846 0.09435509472527148 0.16693593682163413
0.10466565985143277 0.0832895047114842 0.23112751772604312 0.1346127281382659 0.09419470124514422 0.08573337867836278 0.14902182358000948 0.11735468606925746
0.08120704689037786 0.12851840578966606 0.12916319138356452 0.13913048235223024 0.09525801420843907 0.16539951860979418 0.0943667619432518 0.16695657882267625
0.07884523952958065 0.13279693515383048 0.10487249121726469 0.1287803522947777 0.10163482609744502 0.19550945111754614 0.09658526422108327 0.1609754403684721
0.0875912653181068 0.1665629969460028 0.0809267739689648 0.11067679512043367 0.1106094303562069 0.23575284484668782 0.07506773929907673 0.13281215414452038
0.10324348724662857 0.09329967691416731 0.20335508777563285 0.13327821295442557 0.09782293620697753 0.10045494593429569 0.1485952613088894 0.11995039165898301
0.09992090030049598 0.15184801806354686 0.14582067958258285 0.15534580357646915 0.08605049152723789 0.14432662708915656 0.08125780494769157 0.13542967491281926
0.12138457857364074 0.09590806393116866 0.16023945195964512 0.08973490635155335 0.14707201379386178 0.1310559931625088 0.1424363592881799 0.11216863293944168
0.09716848376846728 0.15704620836945926 0.09168868636127482 0.11138470607081219 0.12295480148416424 0.2105475790649923 0.07554788759585522 0.13366164728497462
0.0766049940074602 0.1460478464478943 0.0945912983981842 0.13256370661632458 0.09724490512914148 0.2039580265390291 0.08991277492237668 0.15907644793958947
0.07725908055998842 0.13494903467379216 0.09653502532420014 0.12740513412841536 0.10111818039486871 0.20792327666190458 0.09555385059631154 0.15925641766051918
0.07416789049401268 0.1421094713867929 0.0968371358330231 0.1348300737921442 0.09390386184896413 0.20490551500068782 0.09144996309380214 0.161796088550573
0.07691103851747241 0.13430929663025112 0.09711003405160358 0.1275820654563745 0.10049653039554607 0.20842690403600317 0.09568654909228087 0.15947758182046812
0.08686354836639686 0.16636786137115772 0.07925768495502704 0.11021702138278325 0.10991002827630832 0.24036753722501225 0.07475589276397472 0.1322604256593399
0.10311525609045061 0.09330635625720823 0.20264055245542162 0.1333133880871822 0.09771299083296495 0.10129492804140523 0.14863447895690313 0.119982049278464
0.10705293682804126 0.07688589289383516 0.2601079666726545 0.13109234912626078 0.09224026479467827 0.07321033268335794 0.145124619301355 0.11428563769981709
0.09698528894350393 0.1558474927419502 0.11247497091038099 0.11504860512849893 0.11266827310708498 0.1908840760576611 0.07803296695672099 0.13805832615419872
0.10459108356337422 0.09080247077027113 0.21643069666279957 0.13227909702708016 0.09743386267431098 0.09193028036700235 0.14748132161078936 0.11905118732437213
0.10415628794871672 0.07891619718602597 0.2587113482363957 0.13012606372140254 0.09229368024627443 0.07360211516283635 0.1450808501490861 0.11711345734926228
0.10272677174264072 0.07610060772924308 0.27436335061913864 0.12837564970263224 0.09007847191548501 0.0696877944124222 0.14312926914606905 0.11553808473236901
0.10189079108163464 0.0752823618619538 0.28003853659462347 0.12766959373913556 0.08917729011621678 0.06869672280369998 0.14234206943751382 0.114902634365222
0.13532745594929899 0.10000018208442508 0.23502193945965835 0.1061533525987043 0.11841628015451366 0.09118970615899548 0.11835306625557032 0.09553801733883387
0.1258463491354912 0.09078271931795898 0.1897520175303878 0.09144149636023978 0.1457356906583151 0.11077800543278382 0.13593392593253556 0.10972979563228773
0.10854106750291892 0.0784719748031984 0.24623420656822592 0.12889988033416525 0.10176926769824375 0.0763599636139594 0.14371374717853944 0.11600989230074871
0.13796378867775055 0.1011372913397276 0.22354429182753446 0.10670353134212095 0.12235848046176331 0.0932929636468297 0.11896647449636469 0.09603317820790884
0.14494647250620982 0.1042272605812172 0.21306786164195843 0.10476577233382266 0.12626506864524276 0.09563235138011539 0.11680601781099331 0.09428919510044037
0.1117997619173805 0.07971413218121462 0.2545192276015456 0.12738984518605118 0.09680324688517754 0.07309275488360219 0.1420301706775824 0.11465086066744605
0.10437104253674959 0.07615626108409769 0.27246466297467914 0.1282085784887858 0.09092017780207948 0.06954855926306974 0.14294299721063133 0.11538772063990722
0.10229456314330254 0.0753142850147989 0.27929691431997067 0.1277059918787667 0.08937432501595066 0.06869587728939704 0.14238265064692343 0.11493539269089001
0.10163186202793105 0.07503580945054247 0.28181078594084746 0.1274370824302749 0.08888797476687457 0.06842027451655776 0.14208283667972438 0.1146933741872474
0.1184906345036424 0.08755881023953023 0.2064738415937573 0.09298860766988647 0.13822513016402355 0.10644283582050978 0.13823381080478647 0.11158632920386376
0.10651002003940811 0.07772673948281085 0.2529643408301362 0.12853222228825847 0.09989037223818326 0.07539346916724965 0.14330383589452098 0.1156790000594326
0.10330664184429247 0.07594770106960207 0.27202201277297927 0.12838572124126418 0.09164537841237895 0.07000489738230901 0.14314049816003632 0.11554714911713776
0.1020823790218816 0.0753018179996873 0.2791565977803504 0.1277414801147188 0.08954149231720904 0.06878668328127156 0.14242221738163424 0.11496733210324693
0.1015910246876783 0.07503874183357839 0.2817636301601549 0.1274459380970349 0.0889273432570392 0.06843926758989172 0.14209271008729113 0.1147013442873314
0.13519468825160674 0.09991186523897444 0.23558436597574517 0.10610723060280924 0.11830508433204365 0.09109861438420515 0.11830164367208733 0.09549650754252832
0.12580595997458646 0.09075994461157218 0.18992243226903166 0.09143315541812122 0.14569086000289802 0.11074633466018134 0.1359215265618638 0.10971978650174546
0.12397655598161826 0.08963386000402346 0.17585057235652182 0.0920255175602244 0.15498817646985388 0.11629258388387183 0.13680211267161713 0.11043062107226925
0.12361065941620432 0.08952076048664777 0.17141262915050093 0.09212521592990366 0.15803139210251468 0.11779876280403953 0.13695032099430457 0.1105502591158844
0.08296170147307479 0.13175766522270493 0.11416086657705819 0.1356241563838766 0.10678370518313232 0.17397435925652413 0.09198855824297718 0.1627489876606519
0.10529249626683128 0.08386452750428125 0.22541413669939733 0.13480917632962375 0.0967248244412303 0.08712959036033312 0.14923929980324646 0.11752594859505659
0.08099597786863294 0.13249562967630593 0.1274959277929661 0.13841540972395439 0.09539768126912057 0.16521912583967985 0.09388175616059515 0.16609849166874524
0.10458599329811755 0.08376142603525812 0.23116702662454267 0.1345715297743873 0.09414503982932992 0.0854739995938097 0.148976215297653 0.11731876954690175
0.08087812732028132 0.1324760773253437 0.12876758062803126 0.1384171887094636 0.0948626754367597 0.16461476135191055 0.09388296277685358 0.1661006264513563
0.10452023101039683 0.08372862837691143 0.23168432802132097 0.13452272633265364 0.09400070935636466 0.08534496606419131 0.14892218788148873 0.1172762229566724
0.08086577892672422 0.13246574199753494 0.12888044150240777 0.13841408839697347 0.09483134502928242 0.16456483811450082 0.0938808599562081 0.16609690607636812
0.10451371390655868 0.0837244650823569 0.2317297950937895 0.13451798774890816 0.09399102893162291 0.08533397527860682 0.14891694207449332 0.11727209188366353
0.08086454417863635 0.13246446320141708 0.12889034037459515 0.13841376408962353 0.09482919325289131 0.16456053800406553 0.09388063999122293 0.16609651690754823
0.1168911637485838 0.09363995014015038 0.15550757432291604 0.09026953149530341 0.15072652206166479 0.1368433732347866 0.1432849706274657 0.11283691436912925
0.09615916616650211 0.1561997014059401 0.09074558618302436 0.11128654074356323 0.12373024268981997 0.2128536080232402 0.07548130589563419 0.13354384889227586
0.13580949271153636 0.11821571024476753 0.1676988095683364 0.10745479181455059 0.12979385173607158 0.12451395743273266 0.11980407385890941 0.09670931263309554
0.12678326071968654 0.09461042139393966 0.16890370308047306 0.09209116226335952 0.1502520658303918 0.11995029406431774 0.13689969793180012 0.11050939471603141
0.14323141735373976 0.10413506016900591 0.19484119443332854 0.10613070341731168 0.13524756178299813 0.10256861565948053 0.11832781410855497 0.09551763307558052
0.11203110775884771 0.08015441230342465 0.2475929501346199 0.12815404148670737 0.09918994315814121 0.0746567152969831 0.14288219252323942 0.11533863733803663
0.10465215514964761 0.07639529091426311 0.26992521154204996 0.12851566568276648 0.0916028855400158 0.0699593155418022 0.143285376514965 0.11566409911448983
0.10244040036912033 0.07541338281230206 0.27837519522495335 0.1278195453116892 0.08958509712105091 0.0688195341298685 0.1425092542504953 0.1150375907805203
0.10169432448440574 0.07507346087046388 0.2814770408741455 0.12747811946712923 0.0889572802427364 0.06846087662735141 0.14212858991335156 0.11473030752041632
0.08034538068452778 0.1301183453579758 0.13991045998079643 0.13817787897001602 0.09372939088492038 0.158184441012864 0.09372064834488045 0.1658134547640192
0.10402454973055428 0.08314050197280397 0.23612344705229774 0.13403366495978347 0.09343881948285676 0.08400837820403698 0.1483807768378555 0.11684986175981123
0.09589790826004269 0.1597162200996207 0.10756961078246036 0.11452311050178068 0.11243392838629726 0.19475494485341033 0.07767654451425124 0.1374277326021368
0.11722233438378162 0.10569608221332395 0.15037386303717662 0.09277374675585667 0.145897621787779 0.13879345008992997 0.13791440562512428 0.11132849610702802
0.08131837285494507 0.1379167338545032 0.1088628614407709 0.13470291859119768 0.1035731233358179 0.18061876891668965 0.09136371869663844 0.16164350230943722
0.11683448696724333 0.09426111315537583 0.14895237961869287 0.09008232387674464 0.15340581878397302 0.14087315707466702 0.14298781567737245 0.1126029048459308
0.08134970207226977 0.13482509620814112 0.1086803036564351 0.13490070770733084 0.10526396214277053 0.181601507649718 0.09149787131453745 0.161880849248797
0.10186660027899637 0.0904145452509046 0.21646800870166688 0.13386113703416974 0.09669426459761754 0.0909752426498848 0.14924517815600716 0.12047502333075277
0.11955630486317445 0.09270000977062964 0.18673734132852057 0.0938786279447273 0.14185178006949067 0.11306469676896605 0.13955688572081848 0.11265435353367276
0.10725878988580612 0.08037133698848929 0.24519454383704284 0.1290956264880215 0.1011142726112317 0.07684737681802202 0.14393198953216724 0.11618606383921935
0.12020191622878353 0.09014861796014363 0.1950382091462534 0.09317598386505103 0.14232705859430148 0.10878467546353875 0.13851235810386692 0.11181118063806124
0.10710484775091272 0.07970656645740523 0.24831159048911217 0.12870078116823186 0.10093131790637737 0.0759224267098814 0.14349176646667045 0.11583070305140868
0.12009848220698505 0.08996965269466926 0.19596210439660514 0.09311738479099364 0.1421942657966821 0.10849200172035052 0.13842524664452188 0.11174086174919237
0.10705077011989508 0.07965296645226906 0.2486638326995794 0.12866141710193765 0.10087561524270311 0.07585224452150266 0.1434478784703693 0.11579527539174388
0.12007814341960792 0.08995429876024488 0.19606769609672423 0.09311157348388015 0.14216939236666506 0.10846839994603551 0.13841660774618603 0.11173388818065617
0.09484084233837484 0.1546677088279921 0.13772139579495712 0.1561491517471779 0.08936938429817849 0.14728488583642552 0.07943239458443396 0.1405342365724601
0.12022350503749948 0.09644182300322603 0.157886160800872 0.08990000599745204 0.14846996072587076 0.1320051147200868 0.14269842221817783 0.11237500749681505
0.08203609963394858 0.1356049684078466 0.1107563756585444 0.13505223567977426 0.10435530735558807 0.1785316836396787 0.09160064680889038 0.1620626828157291
0.1403377786236694 0.11264978973157833 0.17934039212660316 0.10802614452606693 0.1285166904702635 0.11736318307870218 0.11958938262551973 0.0941766388175968
0.08535101531050325 0.13985778922020042 0.11522074472552284 0.13444265561412236 0.09993874456322241 0.17267067132599023 0.09118719250349169 0.16133118673694682
0.07929870137594379 0.13455623971975844 0.10153698469470779 0.12822251881115942 0.1023662158846775 0.19757430189143435 0.09616688910836957 0.16027814851394925
0.08722885437598792 0.17041749841722212 0.07993569230960618 0.11000080668462373 0.11022879030201312 0.23557814709421027 0.07460924279478826 0.13200096802154845
0.10290919825596817 0.09657085480156966 0.20236360064451536 0.13278737015982112 0.09752109536572029 0.10029123940560165 0.14804800822296474 0.11950863314383901
0.0998211976499737 0.15257060320124496 0.14551247448187488 0.15527629133456297 0.08600952771184375 0.14421938642562213 0.0812214446980791 0.1353690744967985
0.0704785175465903 0.11799798953354167 0.06974847016990797 0.08271435035719095 0.13671073936450484 0.25766401188525323 0.09925722042862913 0.1654287007143819
0.07175817389955959 0.13865679416684382 0.08954221232477501 0.13213554338355213 0.0996534116699697 0.22006884393923676 0.08962236855580058 0.15856265206026254
0.11242730486837364 0.10280625882246533 0.1463914926145628 0.09436491222095503 0.14373285411880807 0.14675950273137386 0.14027977995831523 0.11323789466514603
0.12110758544143208 0.09412721740963159 0.16249024841386697 0.0925265838036079 0.15515607787923075 0.12601340519179183 0.13754698129610965 0.11103190056432946
0.08222804278527378 0.13499418778893824 0.1118211687118027 0.13506413121710778 0.10581092656261988 0.17639587038734214 0.09160871508638614 0.16207695746052933
0.10519513119171675 0.0843271397788723 0.22445974154386789 0.13489701721894606 0.09659363786766706 0.087588261288423 0.14933654327860532 0.11760252783190168
0.07117478552292672 0.11854481823803406 0.07805704315725498 0.08480088230662056 0.13970110667007576 0.24225773253653654 0.09586186695531018 0.1696017646132411
0.07208813335619238 0.13920752904542838 0.09157918038922275 0.1325471467764333 0.10054758506256625 0.2150723062074647 0.08990154303097216 0.15905657613171995
0.11252818202674027 0.10292316130048444 0.14707830337391387 0.09438347393451117 0.14403019103810674 0.14548914641263125 0.14030737319219871 0.11326016872141341
0.09305683268545571 0.1585225750231714 0.12499965039351182 0.15578997342798467 0.08944847866796872 0.15872183158161637 0.07924968213510523 0.1402109760851862
0.11986885054487183 0.09707113704120139 0.15399354072448834 0.08998891309793984 0.14863884894822008 0.13511302367094916 0.1428395445999045 0.11248614137242478
0.09648582387026221 0.159823409765922 0.09022263286200892 0.11086832888744183 0.1228697985768575 0.2114903622141387 0.0751976491584388 0.1330419946649302
0.1354553852502903 0.1220368758602243 0.1669305464031819 0.10697479550863746 0.12915480643748894 0.12390136078396723 0.1192689137984361 0.09627731595777371
0.08434951180942324 0.14230408568417433 0.11230769193917427 0.13422791099419848 0.09989905779336665 0.1747967089557772 0.09104153963084767 0.16107349319303815
0.09510950393180141 0.16232991758919946 0.12130765955777857 0.1541357927646663 0.08581480813384426 0.16630264811507284 0.08062487621536392 0.13437479369227318
0.0808901236770635 0.13876973875415977 0.10266832721256507 0.12789612212292353 0.09904225853250011 0.194941185454941 0.09592209159219267 0.15987015265365442
0.1148138126500799 0.10280110751625726 0.15068198222732593 0.09436956137816083 0.14350949533424115 0.14029387599738338 0.14028669124275847 0.11324347365379299
0.12169315157541363 0.0940962931170941 0.1638409958382981 0.09249729344159127 0.15503660110415995 0.12433547358782462 0.13750343920570882 0.11099675212990953
0.1083210335283496 0.0810309149506189 0.2360162902653106 0.1297241238829975 0.10438611673497147 0.07913709191827935 0.14463271722477483 0.11675171149469776
0.09341945244238574 0.15343032814694577 0.1489065646849434 0.15837666683277715 0.08336459768582898 0.13939786823398953 0.08056552182363011 0.1425390001494994
0.11996360076481458 0.09635836407021314 0.1615666815816425 0.09001706838271822 0.14662924353936113 0.13005947065472856 0.14288423552812415 0.11252133547839777
0.07104466934229756 0.11748145669716559 0.06741717339765242 0.08161878873310605 0.15014842500782194 0.2567871916574505 0.0922647176982938 0.1632375774662121
0.09975848474760227 0.08776186901159792 0.1977953155189536 0.13383718175005882 0.1066772610998337 0.10449795449496956 0.14921846980193124 0.12045346357505296
0.07964764679817023 0.1352194826997042 0.12091187051812845 0.13770325076534765 0.09702380183147913 0.17085131986269128 0.0933987266060619 0.16524390091841717
0.07843771298281084 0.13389264839244097 0.10293426504125394 0.12853717646170837 0.1019101727962731 0.1972136714020961 0.09640288234628129 0.16067147057713546
0.07417597173192768 0.14669253131911886 0.0979618610984371 0.13434736129969632 0.09383301181686728 0.20064987107539287 0.09112255809892447 0.16121683355963556
0.07694819559388111 0.13526929649947328 0.097390264381859 0.12763667920821387 0.10053369621663155 0.2069485096835135 0.0957275094061604 0.15954584901026733
0.08636145073156941 0.17186573498711505 0.07885643492400214 0.10944934285359165 0.10929855995790916 0.23859405866428388 0.07423520645721868 0.13133921142430996
0.13246380102885164 0.1266639837610469 0.16270689059235957 0.10697500185383409 0.12553912461384475 0.1301045526236809 0.11926914385793141 0.09627750166845066
0.11050835238777122 0.08734895087665615 0.2349592844269457 0.12911516338699186 0.09802093992645972 0.079889890230341 0.14395377171654167 0.11620364704829268
0.08156359236223046 0.13623464476707767 0.12920386883464405 0.13757173072552753 0.0952514750644079 0.16177908966599092 0.09330952170948825 0.16508607687063304
0.10421967352126142 0.08818006080597147 0.2310123510158146 0.13371191326492426 0.09368437274100486 0.08459768388339545 0.14802458448538622 0.11656936028224166
0.0957111530695461 0.16236721547014352 0.10641567485803116 0.11421375470306036 0.11222566619946109 0.19454330947487938 0.07746672058120614 0.13705650564367242
0.07618112083730814 0.15340806185918615 0.09752440158631512 0.13212534668221745 0.09482079883424203 0.19777440164978352 0.08961545253228663 0.15855041601866093
0.1379208497748715 0.12179034346181261 0.17366467009678183 0.10739987128621262 0.12541454868738705 0.12128298726942371 0.11889607240476119 0.09363065701874945
0.08461930606569201 0.1441755661963305 0.11358171862090588 0.133838480612488 0.09892066470307555 0.173480682825009 0.09077740424151358 0.16060617673498556
0.07857912935780198 0.14173817483199413 0.10047673643182461 0.12705622159381127 0.10140261674767917 0.1966346778492662 0.09529216619535846 0.1588202769922641
0.08670141377952788 0.1750584358159286 0.0794119579040961 0.10943741101787631 0.10953090510965176 0.234307869591517 0.07422711355995087 0.13132489322145155
0.10259203238340875 0.09924542970280754 0.2017258747675624 0.13242756336599712 0.09720657061454252 0.09997087163717992 0.14764685049910425 0.11918480702939742
0.10665743351112655 0.08046829909832295 0.2592253848300159 0.13056973174498698 0.09189535409363629 0.07280771379796887 0.14454606037703074 0.11383002254691174
0.07174706977495544 0.11941180689544029 0.08322536410436378 0.08508951410959681 0.13890448706234818 0.23525458344934028 0.09618814638476161 0.17017902821919362
0.12894491586635057 0.11541552510498049 0.16556516412728758 0.10798952781589359 0.13451849726475026 0.12997553019169808 0.1204002645947351 0.09719057503430423
0.12461770106790374 0.09738021071648266 0.16775713280300644 0.09167801721864145 0.1512923881418206 0.12097539931549639 0.13628553007427896 0.11001362066236975
0.10872131967470469 0.08244769190747875 0.2372678763645228 0.12929635640284107 0.10336558853889566 0.0783786579416534 0.14415578840734666 0.11636672076255697
0.13786654475834006 0.1046959445311028 0.22010635549864319 0.10649599780379825 0.12264679549510175 0.093606873800883 0.11873509008871237 0.09584639802341842
0.10985760851585324 0.08232711052043541 0.2570252969368051 0.12687113814724135 0.09576468429495105 0.07251828621340671 0.14145185103879 0.11418402433251722
0.12052485530360983 0.09126620322095032 0.19844704501800817 0.092816070988638 0.14023637543537204 0.10735284140723006 0.13797732343982605 0.11137928518636561
0.10696814482174426 0.08072303989217632 0.24943748095165774 0.12836990964831532 0.10031256817473226 0.07553306841402233 0.14312286941386798 0.11553291868348378
0.09290802593602449 0.15461116766284808 0.1519789765793521 0.1578558184134098 0.08241159742106868 0.1378636089179717 0.0803005684972563 0.1420702365720688
0.14185233358335564 0.12085263414325531 0.19258470774608374 0.10635309808221402 0.12077837067862018 0.10712351882071416 0.11773725143818564 0.09271808550757119
0.10083052998086289 0.17006857840038303 0.09704603062290704 0.11029437784058119 0.11576915412933565 0.1988297149949256 0.07480836062230722 0.1323532534086974
0.1053063538044775 0.09770416195540141 0.2088292965917959 0.1316568035982401 0.09794357947504602 0.09328117045918204 0.14678751087744082 0.1184911232384161
0.10699533290813744 0.08001221311733557 0.2618371666336963 0.13018943435719352 0.09179375905123083 0.0715485571620868 0.144125055535843 0.1134984812344764
0.09655484228527993 0.16041346524016284 0.11240471693911498 0.11441624666835767 0.11205113110347464 0.18925603880391192 0.07760406295766868 0.13729949600202923
0.07634445263285021 0.1537815901314573 0.09883630366270416 0.13213211277490208 0.09480991391448355 0.19591704984552571 0.08962004170819447 0.15855853532988248
0.10376872984080011 0.09165679915299543 0.21831562023465204 0.13462548554158843 0.09432127941578651 0.09091033135621955 0.14903594654990657 0.11736580790805144
0.10335203522865193 0.16223153349015126 0.11608651573761043 0.12019644848699773 0.12654620182490137 0.20932205977424034 0.09014733636524831 0.07211786909219865
0.0765813586451432 0.1526951701070565 0.09846569063524571 0.13003360234533723 0.09668679303835408 0.20130035821501238 0.08819670419944613 0.15604032281440466
0.10373101059835041 0.09141900962541082 0.21795833203191728 0.13445111652004016 0.09463465463857942 0.09174916982117792 0.1488429128752581 0.11721379388926578
0.08352344251464543 0.1310559638606522 0.12502275163851767 0.1295198097518383 0.10234657992824199 0.1694918328024277 0.09713985731387872 0.16189976218979785
0.0669952590114518 0.118352891026045 0.0659717651979358 0.0814531522017021 0.13971026687033009 0.2668665786470886 0.0977437826420425 0.1629063044034042
0.059585247302981724 0.11799532720562597 0.0518183345572309 0.07710672918234686 0.13999679959464129 0.3121199751515657 0.08716412864091383 0.15421345836469372
0.10719140574679645 0.09861852035670855 0.13142423336286801 0.09227532415436324 0.15412337424738548 0.16846328619478299 0.1371734669518594 0.11073038898523588
0.07906533994700722 0.13681427752737388 0.10408376642076554 0.13375312367353417 0.10464331677355637 0.19041691727964655 0.09071950996987536 0.16050374840824103
0.13180882600170468 0.12008336005632243 0.17426880747609197 0.10874484297096484 0.12562664680567232 0.12035477338953854 0.12124238462583692 0.09787035867386834
0.11003895139916556 0.08632845265170705 0.2395813919521147 0.12877971605834387 0.09775718643193064 0.0780327840757466 0.14357977297848187 0.11590174445250949
0.10428445993620586 0.07965975188884765 0.26669344091463215 0.12850716076007124 0.09137619137300192 0.07054665628232143 0.14327589416085554 0.11565644468406414
0.11915276363043459 0.09077990571032506 0.20164457984493525 0.09291158018550585 0.1389619867246587 0.10693598340576674 0.1381193042757669 0.11149389622260701
0.09445120545449547 0.15650836194976694 0.1388636826981154 0.15572867513432295 0.08860229985337603 0.14647146732939884 0.07921849995963384 0.14015580762089064
0.11950126982357451 0.10180444690560644 0.15753561862168272 0.08925746687687523 0.1474363166634393 0.1312145286605447 0.14167851885218288 0.11157183359609403
0.12252901515320362 0.09486068715673596 0.16559247787029052 0.09210746533950553 0.15579994123941107 0.12165752128397278 0.1369239335494739 0.11052895840740663
0.10833255972211113 0.08205844054472308 0.2364639900627076 0.12942393426648321 0.10438279670934243 0.07855870965022618 0.14429802820457158 0.11648154083983489
0.10401437632849353 0.07898585885223446 0.2655533569603437 0.1286665183655939 0.09281497796730917 0.07071147899833594 0.14345356599865466 0.1157998665290345
0.10223829449499816 0.07782012505516894 0.27647736686643426 0.12763543884641276 0.08976816866696927 0.06888472182724463 0.1423039892810005 0.11487189496177148
0.1015054265427045 0.07735268108551098 0.28048149640334535 0.12718165102954596 0.08885985854396122 0.06835735073838402 0.14179804972995647 0.11446348592659138
0.08003298883639458 0.1337416207028388 0.13933356585674042 0.13756968437742859 0.09337443211857799 0.15755595310345807 0.0933081337516472 0.16508362125291426
0.13860105730398867 0.11715966977023615 0.18882245085364668 0.10706324768438971 0.12450893525714733 0.11198403260169336 0.11852341623994302 0.09333719028895514
0.08487956226017102 0.1430010173821068 0.11709073732677006 0.13404699661065025 0.09889468666493301 0.17031177133884318 0.09091883248374538 0.16085639593278028
0.11720993574026847 0.0996300514109893 0.15089984911100282 0.08949753192395711 0.15115644699163086 0.13767469543473332 0.14205957448247158 0.11187191490494638
0.09560941360842196 0.1622532478687791 0.0893722400956012 0.1104109441007475 0.12308137722356728 0.21189222122669624 0.07488742295528959 0.132493132920897
0.10433907482237316 0.09648169978139155 0.2057316977849306 0.13199168922409246 0.09974517935118757 0.09575725537553972 0.1471608833588016 0.11879252030168323
0.1068861263401668 0.0799119709772992 0.26067404821110673 0.13033716029043532 0.09225608721879994 0.0720187448001666 0.1442885942165177 0.1136272679455077
0.08100990274117059 0.1345897524565512 0.1349938834942329 0.13767837188346024 0.09413131946199244 0.15900087146844133 0.09338185223399914 0.1652140462601523
0.07831262010263504 0.13999974149949176 0.10552174383779254 0.1277466492896816 0.10081383173820035 0.1921121149528355 0.09580998696726122 0.159683311612102
0.07408038546305563 0.14913753929259022 0.09842498535014221 0.1341723423382338 0.09352050161601648 0.1986535855481486 0.09100384958593251 0.16100681080588058
0.103354172387036 0.09101999453251212 0.21837147258274178 0.134833833790825 0.09416318381444412 0.09144330142276624 0.14926659662639152 0.11754744484328332
0.10326596353499812 0.16204418230245943 0.1161020635017499 0.12020907650481068 0.12651150309553788 0.20958495777894984 0.09015680737860801 0.0721254459028864
0.0654826619698615 0.13054261300842646 0.05873421128353518 0.07756184659870041 0.1378068528261153 0.28706951191742924 0.08767860919853092 0.15512369319740082
0.06993290352962343 0.1427001707719199 0.08598384459897504 0.13007057476601802 0.09865550161143853 0.22835053385715648 0.088221781145647 0.1560846897192216
0.0995963245111438 0.09382918531696997 0.20674932857368752 0.1342168935310674 0.09572177834203062 0.09944946544608432 0.14964182010105573 0.12079520417796065
0.10591077724416145 0.07960454521046409 0.2613599128883762 0.13054920005059342 0.09155159597626879 0.07268851456176596 0.14452333094733988 0.11381212312103016
0.08083836905069688 0.13449650685870584 0.1351378684413991 0.1376847019119787 0.09398304097877204 0.15925172481942657 0.09338614564464644 0.16522164229437444
0.10387171351692376 0.08775908028648241 0.23342778409159745 0.13348585789916656 0.09326498947041625 0.08404395645875597 0.14777433190302522 0.1163722863736324
0.08041239895107605 0.13688759324387437 0.12883456186810935 0.13766501474665585 0.09426914290676766 0.16336047797675463 0.09337279261077527 0.165198017695987
0.09373076385337147 0.16847622526207393 0.12488869385302843 0.1531087795540117 0.08429431565123463 0.16193410367914562 0.08008766930517536 0.13347944884195892
0.08001416172831369 0.14749736662125215 0.10267901921387959 0.12662662665394783 0.09791591109275068 0.19201366138196047 0.09496996999046087 0.15828328331743477
0.09453279285569395 0.17333703566157999 0.08949640011284865 0.11581083324634334 0.12301125278322753 0.24746706045774303 0.08685812493475752 0.06948649994780601
0.07437641863524054 0.1546649278192828 0.09189406350733664 0.12873885005676503 0.0950951069034097 0.21342548862351973 0.08731852438632759 0.15448662006811803
0.072869596030605 0.1524794330504071 0.0948230805249234 0.13308918657116114 0.09168555344804592 0.20507693907598093 0.09026918741348319 0.15970702388539335
0.13707816967247724 0.1217729396190805 0.17289330403478925 0.10758319152503082 0.12473409580082191 0.12304880924006736 0.11909901544488558 0.09379047466284739
0.09945630510728036 0.169745088459599 0.09312859667566335 0.10990788015270246 0.11630034801617263 0.2050261110408976 0.07454621436444166 0.13188945618324294
0.10509637839460088 0.09775344211553648 0.20720671278523362 0.1317876693909039 0.09816365536467274 0.09444982302708195 0.14693341647015698 0.11860890245181348
0.10700591545886887 0.08006441135657208 0.261226448633236 0.13026549705766183 0.0918898591448831 0.07177381597012454 0.14420926007197402 0.11356479230667954
0.07182878069990163 0.11934618869547682 0.08353374270160081 0.08511581087566115 0.13895489119939378 0.23477109091285253 0.09621787316379088 0.1702316217513223
0.09960661113320411 0.08912565163711453 0.20473744401711147 0.13344561999558613 0.10390219312620852 0.10029951442802719 0.14878190766672064 0.12010105799602751
0.10322010846767911 0.08117068945916553 0.2540172998934201 0.13025698209636805 0.09377288444467484 0.07510393738481655 0.14522681436714466 0.11723128388673124
0.08037668162301781 0.13500052397420373 0.1335101151655677 0.13774452500879358 0.09446495078307851 0.16018305212447426 0.09342672131031217 0.1652934300105523
0.07818504164806922 0.14007505065237943 0.1051837629829347 0.12772469416613527 0.10086933545547673 0.1925127267627341 0.09579352062460147 0.1596558677076691
0.07405223817152568 0.14914767647478766 0.09834437818117212 0.13416037555618532 0.09352403933121162 0.1987831086317608 0.09099573298593439 0.16099245066742235
0.10334969815806307 0.09102368930985467 0.21833775789498222 0.1348365208939225 0.0941661645627646 0.09146681037445002 0.14926957135997931 0.11754978744598372
0.07251460167703283 0.11379130277703596 0.08152425227208376 0.08441312915422512 0.14214316506124314 0.2354915357648588 0.10129575498507012 0.16882625830845024
0.11134552969879516 0.09829683688293425 0.1421453637282119 0.09309805861518156 0.1556007538223515 0.14939926992815725 0.1383965169861505 0.11171767033821786
0.08008059880070059 0.13722617244807878 0.10679531042315842 0.13428286302569167 0.10533113730726648 0.1840656709207616 0.09107881144351263 0.16113943563083
0.10441477941407783 0.08881745288219586 0.22158799646585498 0.134335365659515 0.09628479697463821 0.08873195380658273 0.1487147719144814 0.1171128828826541
0.07087157322974733 0.12098751091448431 0.07750268935041127 0.0845331952656895 0.13924134673519786 0.24223802975970246 0.09555926421338813 0.169066390531379
0.11082671205964302 0.09995447982721038 0.1407168473428619 0.09299050287174213 0.15460397878834328 0.15108224751447422 0.13823662814963456 0.11158860344609055
0.1203460239054253 0.09471486827718331 0.16021021220834245 0.09216844260457865 0.15816286130899768 0.12678088022048525 0.13701458034949304 0.11060213112549439
0.08191684431010422 0.1368220083586227 0.11109945279785616 0.1346762581547666 0.10622636392506109 0.17630192670202752 0.0913456359658417 0.16161150978571992
0.1163980714027286 0.09852378426546088 0.1489578207969642 0.0894820076058675 0.15355011627276577 0.1392007574411526 0.14203493270772616 0.11185250950733437
0.07002359394114002 0.11896307008778871 0.06531606015796454 0.08099873528537037 0.15122430955978142 0.2599129726833173 0.09156378771389694 0.16199747057074074
0.09939153546635497 0.08947800523570283 0.19654462823377986 0.13358564741051593 0.10682738565387241 0.10500768754574946 0.14893802778456028 0.12022708266946433
0.10339841859003958 0.08154642465578178 0.2508639761258276 0.13054051980215522 0.09457633067305729 0.07604492458163176 0.1455429377495671 0.1174864678219397
0.10259517614104312 0.07877880057853541 0.271146108716285 0.12830431982887466 0.09056005498108882 0.07009191024823158 0.14304974165995424 0.11547388784598718
0.10175106913637512 0.07776642077619902 0.2785379163125743 0.12740385084991368 0.08916494556558574 0.0686665456468398 0.14204578594759032 0.11466346576492231
0.10132209361604076 0.0773982362653643 0.28121820289266164 0.12707421049716314 0.08867259278814212 0.06826961293888158 0.14167826155429977 0.1143667894474468
0.10114015673026251 0.07726525063716587 0.28218969747292905 0.1269555577730092 0.08849764713661798 0.06814571563275795 0.14154597262154905 0.1142600019957083
0.0799456270137979 0.13386931245466233 0.13968237485663904 0.1375155873272079 0.09327005465565558 0.15742689706006424 0.09327144183932363 0.1650187047926495
0.1160041597659034 0.0981006205071479 0.15818071948749288 0.08962521391112087 0.14941408871328551 0.1343814359227819 0.14226224430336645 0.11203151738890108
0.09546457323136867 0.16217040863013532 0.0907713098677436 0.11052612254242843 0.122785136446593 0.2106855582455176 0.07496554398529928 0.13263134705091412
0.10424514986469288 0.09666678896775537 0.20627383940474026 0.13190588534860026 0.09962677079581199 0.0955010503637569 0.1470652184409021 0.11871529681374024
0.106844250184228 0.07992491526154608 0.2608785668247891 0.1303102097168263 0.09221512360843455 0.07196440300685823 0.1442587588236742 0.11360377257364344
0.08098689478596639 0.13476858473636058 0.1350193393083908 0.1376435281665073 0.09410388637683946 0.15894731372188697 0.09335821910423973 0.16517223379980872
0.10390723736678287 0.08780205614298571 0.23337315127437164 0.13348572285192378 0.09329035990504934 0.083995121418572 0.1477741824001761 0.11637216864013868
0.08039566601519528 0.13717960090778347 0.12879380567221588 0.13761446013967019 0.09424694324908778 0.16329366844936266 0.09333850339908065 0.16513735216760422
0.09372273414621388 0.16855577463173338 0.12487265824175835 0.15310053380280175 0.08428628379598112 0.16190639900016754 0.08008335614300399 0.13347226023833997
0.06854639582742784 0.12637705491163803 0.0659711503449599 0.08136012390079186 0.1342118937858526 0.2631809847467958 0.09763214868095023 0.16272024780158373
0.08270276718059709 0.1664678537234539 0.07165502734550486 0.10661360012266605 0.11485576098908562 0.2574568373648153 0.07231183312667783 0.12793632014719925
0.08446689395735756 0.17857837985305544 0.10285332312659044 0.15064077472884002 0.08174144158655598 0.18951218234697376 0.0766303071446708 0.13557669725595603
0.13994182691678875 0.1265910802317128 0.1749550962151731 0.1068306136263549 0.12124401949294147 0.11903710163207265 0.1182658807748007 0.09313438111015555
0.12732636658913413 0.0998821533123755 0.17062724659372808 0.09147295844920442 0.146911796998288 0.11803123147731784 0.13598069644090685 0.10976755013904528
0.10921736742988158 0.0830242865350739 0.23832106754475757 0.12912346100930425 0.10234328683578216 0.07779639279063237 0.14396302294619445 0.11621111490837382
0.1041287725195879 0.07926873223422158 0.26620095526738163 0.12854263051234777 0.0923275659466808 0.07052753577102008 0.14331544028764742 0.11568836746111298
0.08050722433230625 0.13464737449686578 0.13619023069533223 0.13762800721859203 0.09412322218964103 0.15840264055234213 0.09334769185261024 0.1651536086623104
0.10375889952835529 0.08775371813789787 0.23384885948416378 0.1334403039520545 0.09326303752332515 0.08387870688706917 0.14772390181098422 0.11633257267615008
0.11958955991162623 0.09312252371249707 0.19180051580010926 0.0934270013271862 0.14023010402533775 0.11083238120990752 0.13888551242071262 0.11211240159262344
0.10697939056892933 0.08143310385335087 0.2469166618661723 0.128653545575673 0.10052070942260956 0.07626929538914766 0.1434391023060115 0.11578819101810568
0.1033757585610537 0.07878835921135846 0.26942928464430954 0.12821665063470214 0.09173640605719605 0.0701065582692192 0.1429519970509291 0.11539498557123191
0.11884122644316689 0.09073382024603793 0.20243027352449977 0.0928390775611153 0.13898395939919042 0.10675322549762027 0.1380115242550311 0.11140689307333836
0.10646225151547396 0.08072862742280314 0.25097384587939137 0.12821098462789163 0.09994202134184835 0.07534670317131743 0.1429456798761717 0.11538988616510247
0.0808447249612718 0.13497696052355995 0.13273990444335498 0.13749432187444013 0.09564129921901483 0.1600525844141925 0.09325701831483765 0.16499318624932813
0.07825908327258535 0.14005440847785783 0.10500879138582479 0.12770348056533756 0.10111994170248749 0.19244733346523196 0.09577761042400317 0.15962935070667192
0.07402875326149794 0.1495766763765352 0.09826175648324297 0.13408021281955632 0.09353216871371182 0.1986828152235064 0.09094136173848168 0.16089625538346755
0.1033434374938509 0.0910914816151701 0.21829737623981763 0.13483438398515948 0.09416747441188435 0.09145071604009834 0.14926720571413665 0.11754792449988263
0.07251359559267821 0.11380617082226448 0.08151849632444134 0.08441313290377332 0.14214353606004415 0.23548304300472375 0.10129575948452797 0.16882626580754664
0.07230671623964346 0.14031928586403924 0.09230758295604645 0.1324950833469134 0.10105159607749764 0.2126594050555703 0.08986623044399346 0.1589941000162961
0.12992986174514662 0.12152588844626513 0.1700352289455604 0.10885818679206673 0.12482483196769363 0.12548487946253611 0.12136875452787141 0.09797236811286006
0.10973841793208212 0.08696033186002299 0.23792593299745332 0.12892016026236766 0.09770779898999916 0.07898285593688618 0.14373635778505764 0.11602814423613088
0.1042565597999879 0.07998739175903617 0.26606064805657664 0.12854958111828205 0.09140048324818012 0.07072752331692105 0.14332318969456223 0.11569462300645386
0.13597913093213648 0.10390677381044534 0.22991299384995975 0.10603183711477909 0.11895226486032753 0.09157076046973728 0.1182175855593134 0.09542865340330119
0.10911003923364274 0.08216388537090892 0.2607400586154761 0.1264668929519157 0.09473072374305765 0.07196704861472096 0.14100114781355375 0.11382020365672413
0.10335495748115268 0.07853298675277262 0.2744194966108014 0.12753200173167584 0.09013000852250037 0.06906308272533222 0.1421886646172565 0.11477880155850827
0.08034357221496392 0.13436651728467727 0.13797670264586195 0.13754692735518328 0.0936256314670996 0.15779163765204365 0.09329269855395042 0.16505631282621996
0.11612523413810305 0.0982005555271313 0.1576593745108098 0.08963833349089151 0.14955179425944992 0.134493722176839 0.14228306903316112 0.11204791686361439
0.0810904858808997 0.13790312458188106 0.11041213954491214 0.13457288191846795 0.10429991344969886 0.17895847641206136 0.09127551990991739 0.16148745830216152
0.1045475500984132 0.08883041511429585 0.22308029740758537 0.1342044463006647 0.09596935295467691 0.08779935126484753 0.14856983880252664 0.11699874805698973
0.0804872368951127 0.137508024387264 0.12649780101471636 0.13760156961510314 0.09478606157779244 0.1646676627112089 0.09332976026067866 0.16512188353812374
0.1162653244900395 0.09883541812030201 0.15414526460016154 0.0897208927265931 0.15006666689202444 0.1364012018236014 0.14241411543903665 0.11215111590824137
0.08109240879582523 0.13806082102022582 0.10961541117652981 0.13453938453779335 0.10437804514959109 0.1796138679273099 0.09125279994737288 0.16144726144535199
0.1045722859387034 0.08887602732919318 0.2227522805930121 0.13423499317781515 0.09600798392528687 0.0879273949169263 0.14860365545122395 0.11702537866783885
0.08049116330536472 0.13752155210752567 0.12642489971003407 0.13760189157613734 0.09479373990402197 0.16471450487130165 0.09332997863424967 0.16512226989136478
0.11626694415109785 0.09883827204999883 0.1541228443269036 0.08972135771962123 0.15006995331847262 0.13641407776117118 0.1424148535232083 0.11215169714952652
0.07011911193080553 0.11937899503699476 0.06610148965079347 0.0811350480638719 0.1504234163770305 0.258853962392731 0.09171788042002911 0.1622700961277438
0.11022344688311476 0.09942633222040992 0.13645547395106053 0.09256862927517982 0.1576705332609199 0.15496374456554857 0.1376094847135509 0.11108235513021578
0.10648156222951416 0.08391019950320763 0.2251338852729909 0.13062838702296622 0.10573962530702218 0.08489988920011306 0.14564090314351605 0.11756554832066958
0.10397440306186392 0.0798103975636237 0.2613741159057315 0.12915953006184552 0.09342663114810557 0.07200810795511114 0.1440032372480576 0.11624357705566098
0.10235169202097312 0.07825182741553068 0.27493484715305055 0.1277925679712009 0.08999864440406496 0.06917793333201382 0.14247917652908518 0.11501331117408081
0.11849998927773055 0.09058797614702932 0.20410825505153635 0.0927697362804068 0.1383531376466031 0.1064487782761978 0.13790844378400774 0.11132368353648817
0.0818806672171531 0.13617975071857488 0.12109829677830135 0.1351698871459993 0.10243056016892209 0.16935652820117228 0.09168044519467781 0.1622038645751992
0.10441514501701932 0.08828510374835875 0.2274705068272641 0.13380589465785367 0.09528615923122181 0.0859572719889848 0.14812862575065605 0.11665129277864165
0.08047154217928332 0.13735073711521856 0.12747712231382977 0.13760127793355809 0.09465094757485695 0.16399727693848354 0.09332956242450026 0.16512153352026965
0.07814180917070422 0.14055258164228596 0.10381391043571896 0.1276261979969848 0.10083321574034587 0.1937798890199905 0.09571964849773862 0.15953274749623098
0.06346471863740133 0.12845539154438634 0.05861514675803468 0.08018741320024218 0.13359453019412076 0.284661332256361 0.09064664100896942 0.16037482640048437
0.09805944145082746 0.09164299288643829 0.1938047634097989 0.13386662820368078 0.10331254696296019 0.10958236130275859 0.14925130040022316 0.1204799653833127
0.07911226997377668 0.13795773918188198 0.11971655095024324 0.13722289047141287 0.0960316569864788 0.17221850685511778 0.0930729170153931 0.16466746856569545
0.10394615595459382 0.08871337222241353 0.2271925131598985 0.1341020582369747 0.09412528375439438 0.08655463899644175 0.14845649100715147 0.1169094866681318
0.0955195861413944 0.1633598893373469 0.10558453438907134 0.11403809457114622 0.11217634038702896 0.19512826450125048 0.07734757718738612 0.13684571348537544
0.10398166939142098 0.09676209189567811 0.212691638318218 0.13165117380644517 0.09710474812986179 0.09254138795285209 0.14678123407972318 0.11848605642580066
0.10657768879123265 0.07978469512494522 0.263349057687128 0.1300515716339382 0.09152979842408066 0.07135645928527369 0.1439724358340708 0.11337829321933075
0.08092603250740052 0.13482728882266057 0.13554865266397614 0.1376062980777828 0.09394220923265567 0.15868899361029754 0.09333296739188746 0.16512755769333934
0.10387531818603522 0.08779658427111914 0.23358484107662209 0.13346236780001328 0.09324138594182159 0.0839393675010821 0.14774832739765406 0.11635180782565259
0.09556351538591035 0.16312050268927772 0.10681944452705769 0.11409085308674408 0.11202345578691063 0.1940898435959542 0.0773833612240525 0.13690902370409289
0.10395678521573641 0.09668347149663735 0.21319935139337717 0.1316081582467655 0.0970394190868231 0.09233219719777483 0.14673327494079674 0.11844734242208893
0.08347876645049657 0.13224667459295208 0.12388130610146736 0.12935800578241166 0.10278475335494339 0.16953448215290562 0.09701850433680874 0.16169750722801454
0.09610516660285962 0.17015910013913205 0.09442323940801563 0.11685464495460134 0.12539340007852143 0.23931067812815815 0.08764098371595101 0.07011278697276081
0.08696338829973346 0.17988320688883722 0.07552215261350366 0.10460509784947196 0.1113570599946557 0.24519343230609406 0.0709495446283375 0.12552611741936634
0.07343235988773253 0.15787859430549195 0.08935230652099142 0.1296110686261937 0.09310922442327417 0.21317304777320462 0.08791011611167922 0.15553328235143243
0.10329619731522117 0.09252850014640264 0.2142526380969982 0.1348662647308852 0.09418015262464617 0.09399803010515323 0.14930249901017814 0.1175757179705153
0.08342960703243035 0.13131564418303715 0.12418656980932094 0.12951051786647316 0.10222695291595674 0.17030967245983536 0.09713288839985487 0.16188814733309145
0.09609775446053366 0.16988023674836417 0.09448569786073842 0.11686104680722988 0.12524523141593202 0.2396676195174415 0.08764578510542241 0.07011662808433793
0.08695958878967609 0.1797801368417593 0.07553098259871695 0.10460242780235358 0.11131863901019803 0.24533757795461447 0.07094773363985721 0.12552291336282428
0.07343064872671143 0.15784532191322925 0.08935288868117909 0.12960911731155664 0.09310002739108723 0.2132222625910517 0.08790879261131668 0.15553094077386792
0.10329571725842661 0.09252318584978157 0.21425280087335913 0.13486608655682764 0.09417817446312882 0.09400617059501831 0.14930230176417225 0.11757556263928565
0.10316685846835362 0.16237997706793972 0.11517454621492135 0.120112087846682 0.1264107399147945 0.21060447189428813 0.09008406588501151 0.0720672527080092
0.08922552216985534 0.1788146963659763 0.07988726699332485 0.10568651387026946 0.11266851899548816 0.23521063816179702 0.07168302679896538 0.12682381664432335
0.10292447036967618 0.10021638655659534 0.20141348321972938 0.1319567901784458 0.09764272250125734 0.09996306248638279 0.14712197352731196 0.11876111116060122
0.10671904208592656 0.08060404822339835 0.25905906723479466 0.130538014348451 0.09197066143598646 0.07279584727292109 0.14451094791525707 0.11380237148326496
0.08095002746017642 0.1350832225676777 0.1345930754772158 0.13762118689828398 0.09403532996430292 0.15922866745817502 0.09334306589622739 0.16514542427794074
0.10391200349720535 0.08786264846291864 0.23320188227041555 0.13350293066630295 0.09328836775858058 0.0840517648620517 0.14779323215805615 0.11638717032446923
0.08039302953950102 0.13723513044509472 0.1287514815305632 0.1376075683895731 0.09424240470174945 0.16330747433136383 0.09333382899466698 0.16512908206748772
0.10397261253835514 0.08836186953054583 0.23086342093763723 0.13375301417554983 0.09350381501764618 0.08486999107192905 0.14807008488298556 0.11660519184535113
0.070934227146615 0.12120945469961808 0.07890238317090065 0.08467447812220691 0.13863907108733317 0.2405724542603307 0.09571897526858172 0.16934895624441382
0.11083852698758963 0.10013057381879911 0.14117179079135314 0.09298633398581611 0.1544073312704113 0.1506514115423458 0.13823043082070574 0.11158360078297931
0.10650759502742152 0.08395081614129112 0.22706749809057833 0.13050283785853903 0.10493957116833634 0.0840782024466281 0.1455009251945204 0.11745255407268515
0.12014231986983069 0.09222366822945065 0.18938306582006587 0.09326919680701501 0.1436812707574844 0.11072651694506826 0.1386509254026671 0.111923036168418
0.1223936788101141 0.0928975803339563 0.17556718565038254 0.09187975094461612 0.15424001446901875 0.11618066785115248 0.1365854208072204 0.11025570113353934
0.08239853127912608 0.13661438428380782 0.11462964120072225 0.1348597402195272 0.10556583720938587 0.1726300928733623 0.09147008467063586 0.16183168826343264
0.07825240791458957 0.1399750889021691 0.10078497881654071 0.1271814874585541 0.10296837431171739 0.1964746876793209 0.09538611559391558 0.1589768593231926
0.08660576919941078 0.1750530093548109 0.07943987742875054 0.10938869839374481 0.1098718242669594 0.23418030959068115 0.07419407369314863 0.13126643807249375
0.11441972854787186 0.11122287278752548 0.1406527507680275 0.0923132088228685 0.14469669510757072 0.14868910832260876 0.13722978505608513 0.1107758505874422
0.08045976509517891 0.14132714575741293 0.10627208275725789 0.13397436870483556 0.10286434584047877 0.18346347758184053 0.09086957181719282 0.16076924244580268
0.13910417076989717 0.11908430168517663 0.17677090075576812 0.1072845038975606 0.12747895714605434 0.11797872946148141 0.11876835596311146 0.09353008032095028
0.09996048319347303 0.16953218986685034 0.0939106423456995 0.109974475997645 0.11707838209017385 0.20298307158884255 0.07459138372014182 0.131969371197174
0.1051454171935502 0.09810937908054852 0.2074360608698736 0.13167671523320648 0.0982657605152592 0.09404791253319052 0.1468097108644854 0.11850904370988584
0.10700408970739513 0.08010861356625289 0.26130389293847706 0.13024660614679473 0.09189905585811513 0.07170107141840845 0.14418834705709466 0.11354832330746208
0.09651577476368113 0.16079371196731093 0.11226717704661184 0.11435888816220242 0.11202910443922537 0.1892395188989185 0.07756515892740684 0.13723066579464288
0.10401919631584648 0.09611288397609591 0.21542243492558788 0.13141131003173467 0.0968898733822314 0.09136031846873958 0.14651380387120272 0.11827017902856123
0.14401124078429237 0.10766383450317604 0.21452163312335623 0.10542250591144964 0.12360913409646096 0.09615780390463965 0.11670704765125886 0.09190680002536634
0.0860185335865781 0.14086541777255762 0.12301512697061 0.1342531385337095 0.09891896151644132 0.1647664048959187 0.09105865048373339 0.16110376624045136
0.07896870059795859 0.14116462832362892 0.10267166347879239 0.12728864494139938 0.1015836658575317 0.19374540691789024 0.09546648370604954 0.15911080617674922
0.06356292044829409 0.12859773710654004 0.05844850266670687 0.08015237770227245 0.1337681808894806 0.28455849011872264 0.09060703566343842 0.1603047554045449
0.0980821713467118 0.0916877273634624 0.19372368818222768 0.13386393481433387 0.10335016753979295 0.1095664719484703 0.14924829747210058 0.12047754133290048
0.0791146498863153 0.1379882189417552 0.1196969408410606 0.1372194166672278 0.09603762199702204 0.17220929079599986 0.09307056086994582 0.16466330000067336
0.09338099979135074 0.16867801312884076 0.12245463407121426 0.15297922731475136 0.08455899283561413 0.1645617234756011 0.08001990351848533 0.1333665058641422
0.07991207083183147 0.14747535302729625 0.10210824561687934 0.12656106136165493 0.09792604126603428 0.1928951051729938 0.09492079602124122 0.15820132670206868
0.09448599556891861 0.17328599449044957 0.08936206447645677 0.11577908561789226 0.12298223274643492 0.2478028615156933 0.0868343142134192 0.06946745137073536
0.11508910808648241 0.10972748946277996 0.14216532925204184 0.09088257892708933 0.14716207910094162 0.1508112628292307 0.13510305762892683 0.10905909471250719
0.09300489670515656 0.16262100775520036 0.12305349716074554 0.15456612825402813 0.08950169598253585 0.15951614129752867 0.07862711741617953 0.1391095154286253
0.10671808495635175 0.09217073693700185 0.22772239877917508 0.13325930290745983 0.09231026646708605 0.08412090684504192 0.14752352621420053 0.11617477689368294
0.10412687555303798 0.16255985235049533 0.11813751326347946 0.12029062212190435 0.12611962972607155 0.2063731671204404 0.09021796659142826 0.07217437327314262
0.08951275888217403 0.17910581533813333 0.08049050371329074 0.10580106853719973 0.11271703468585897 0.23365081185173328 0.07176072474697025 0.12696128224463968
0.13283393397556528 0.1293544110755548 0.16258824005527378 0.10637048192484325 0.12594685861636276 0.12857749136950702 0.11859514925053419 0.0957334337323589
0.1104930372690803 0.08853234995905025 0.23471204407109542 0.12892124271519056 0.09801404790829493 0.07956059499444187 0.14373756463917514 0.1160291184436715
0.0814829533630693 0.13734184239811983 0.12905124902629464 0.13740096314233288 0.09515657903446591 0.16149156052490105 0.09319369674001708 0.16488115577079945
0.10419931600692227 0.08835284371300181 0.23093922615286125 0.13370751656642627 0.09366475875075793 0.08455109438757856 0.14801971715941367 0.11656552726303829
0.08044281135807811 0.137405440975819 0.12825204678786326 0.13761279326360853 0.09432117712519901 0.1634930057508282 0.09333737282227363 0.16513535191633022
0.10400013828875462 0.08840182475924409 0.23066133932119456 0.13377360958740717 0.09353420325055044 0.0849128531225302 0.14809288485052807 0.11662314681979087
0.08040541896800045 0.13741645286241375 0.12818573905762926 0.13761054895005176 0.09429089115476254 0.16362243967487122 0.09333585059220903 0.16513265874006208
0.10399375393279593 0.08840566378308283 0.23063543482588464 0.13377675647692513 0.0935301778421005 0.08493595429069226 0.14809636858658376 0.11662589026193473
0.09556237449283515 0.16332405921491794 0.1062508057044483 0.1140680426645259 0.11206590900904104 0.19447926790955694 0.07736788980724364 0.13688165119743106
0.13479471592349815 0.1254427023240247 0.17256124372020187 0.1066541987384398 0.12583755401784755 0.11980933408659429 0.11891147232479779 0.09598877886459581
0.1260498647883185 0.0997589215429619 0.16993084301904116 0.0915536059788771 0.14844371192162412 0.11829814116413434 0.1361005844103904 0.10986432717465251
0.12393219335474644 0.0944855678580089 0.1692458883618314 0.09182219717231502 0.15573947774980698 0.11808817563737023 0.13649986325914293 0.11018663660677802
0.12333295571266646 0.09334085442453144 0.168955359370709 0.0917965207633917 0.15796534288478448 0.11799144837510359 0.13646169355274348 0.11015582491607002
0.10835966660085314 0.08190066590513925 0.23767797298918625 0.1292058383675213 0.10468315343915563 0.0778325806143326 0.14405486755304242 0.1162852545307692
0.10395405498098123 0.07911300938063778 0.26595682279649974 0.1285652197937762 0.09281600454557852 0.07054556503745525 0.14334062565067285 0.11570869781439856
0.10218993866346644 0.07801395854052738 0.276590526833862 0.12757744033245202 0.08973685558888009 0.06883225847542361 0.14223932526618158 0.11481969629920684
0.135100439494486 0.10326988899051585 0.23340882350519646 0.10579728574033569 0.11827263425030078 0.09097729257222023 0.11795607828064295 0.09521755716630213
0.10879750734008063 0.08200356043456127 0.2620596145360407 0.12632282821167998 0.09449273100551717 0.07179268670231735 0.14084052637929095 0.11369054539051199
0.10324001932029536 0.0785025513525422 0.27489997557971246 0.12746966490157685 0.09004231715870123 0.06900360957205426 0.14211916370369837 0.11472269841141916
0.10173902245094966 0.07767739499136814 0.2798433268868097 0.1271791648541705 0.08892308987398184 0.06838147474401829 0.1417952778299483 0.11446124836875345
0.1012651849004211 0.0774212638920432 0.2816721603302502 0.12699485321376533 0.08857598756555188 0.06818539810008306 0.14158978410549658 0.11429536789238881
0.1011038894547001 0.07733185046552436 0.2823406111670345 0.12691898702730425 0.08845718175773276 0.06811519283388186 0.14150519896924818 0.11422708832457384
0.10104710805157152 0.07729952738781762 0.28258396718331086 0.1268903889171019 0.08841493672294658 0.06808940750129996 0.14147331421055986 0.1142013500253917
0.09156405610860827 0.15352773310823514 0.160122317994308 0.15752479050748 0.08011967944158374 0.13523693534229111 0.08013217604076157 0.141772311456732
0.0802094581672466 0.14479053876141684 0.11097453271361248 0.1276459553216878 0.09770168549900786 0.18338591889365288 0.09573446649126585 0.15955744415210973
0.0944343569068331 0.1768660015973904 0.09099462978999384 0.11556382503718796 0.12278398930924454 0.24334603355914639 0.08667286877789097 0.06933829502231277
0.0743189208459345 0.1564035932480602 0.09216322232876666 0.12863753470389713 0.09500152961107247 0.21186035147060164 0.0872498061469911 0.15436504164467654
0.07568445694861135 0.1469222096409141 0.09460653878335186 0.12509430093102078 0.09917563210669372 0.20832825972736665 0.09382072569826558 0.15636787616377595
0.06264828899794765 0.12923653978372374 0.05702705159718159 0.0795703967190177 0.1321621334236043 0.2902656519233391 0.08994914411715042 0.1591407934380354
0.10831250333705021 0.10162338140046112 0.13353369629115264 0.09258531822442664 0.15201983733418883 0.16318858758590268 0.13763429395750587 0.11110238186931197
0.10616231508474193 0.08443293832597361 0.22404010832916726 0.1307811483153284 0.10468219157111892 0.08638704430547098 0.14581122058440346 0.11770303348379556
0.10394641330746977 0.07995007108709991 0.2609860147038184 0.12921829254607964 0.09325177472301382 0.07228221730832825 0.14406875303271865 0.11629646329147168
0.0922868641231248 0.15472092134022075 0.1548473764507826 0.15785159692672798 0.08112191928581557 0.1368064635939376 0.08029842104533555 0.14206643723405518
0.0800241977617046 0.14858214602923892 0.10945835030992189 0.12703105125933215 0.09753370284474833 0.18330844927638984 0.09527328844449913 0.1587888140741652
0.09410365368100604 0.1798235935522752 0.09043217124853872 0.11515113617927543 0.12237107924699814 0.24266433224988454 0.08636335213445656 0.06909068170756526
0.07423410970381458 0.1572455163666649 0.09200773787892554 0.1285786842545614 0.09488229343665462 0.21154734706385503 0.08720989019005035 0.15429442110547367
0.1029680060307375 0.09585749243371539 0.21450290947077857 0.1339971689262963 0.09410521756052456 0.09341078664443025 0.14834037422854127 0.11681804470497625
0.08304461107248776 0.13531263760663823 0.12384951025398208 0.1288600465623759 0.10180298885262237 0.16941011252714194 0.09664503492178193 0.16107505820296986
0.09535854594841241 0.17627580186442632 0.09381745639277937 0.11592007217270119 0.12430271564447512 0.237833310544059 0.08694005412952589 0.0695520433036207
0.07455914445872486 0.15639151900292006 0.09286915467546285 0.12878809338548203 0.09541695224324527 0.21007749996230313 0.08735192420928348 0.15454571206257844
0.11387734069564875 0.1057569811767882 0.1425036609225183 0.08885196256911854 0.14928936800351963 0.14762087220018524 0.14103486122082307 0.11106495321139816
0.08042738431673027 0.13977935897545035 0.1067552467865905 0.1340840334145567 0.10390070734894949 0.18320847596168574 0.0909439530985689 0.16090084009746805
0.10416863756714854 0.09234760057584442 0.22093637004051633 0.13375614033448782 0.09571014825268256 0.08839964034520162 0.14807354566943703 0.1166079172146817
0.10301138696155457 0.1661424133368664 0.11622037251263517 0.11956139591098583 0.12639889946982244 0.20725764732830465 0.08967104693323938 0.0717368375465915
0.07644494734756804 0.15444115614606607 0.09839735461644417 0.12985990571072778 0.09656322460824626 0.2003826321490591 0.08807889256901538 0.15583188685287333
0.10333106506381314 0.09517200208123336 0.21721480441736335 0.13380767995220927 0.09429905412819103 0.09139194302318843 0.14813060214489587 0.11665284918910553
0.10271242065612685 0.1669796350936584 0.1153442159118783 0.11943396389525922 0.12586772222508305 0.20842619095939421 0.08957547292144444 0.07166037833715555
0.06534245955220504 0.1323324844414618 0.05858620614946698 0.07746500752310542 0.13750171115529305 0.28627297719309414 0.08756913893916266 0.15493001504621084
0.06985849931126335 0.1437095395262378 0.0858892327483385 0.12995951933256278 0.0985321031030321 0.22795322618870867 0.08814645659078173 0.15595142319907535
0.07200669233407785 0.14964831660461791 0.09342167630960432 0.13292918711256974 0.09226908809680086 0.21004934896567665 0.09016066604156905 0.15951502453508368
0.11352805139767334 0.10464184263557758 0.14307313831447704 0.08917358778901459 0.1486510688642528 0.14791994881985615 0.1415453774428803 0.11146698473626825
0.09447935813597107 0.16393964212106113 0.08762929931730958 0.10994811439598326 0.12198676132982733 0.2155055837473923 0.0745735036772756 0.1319377372751799
0.10407310782949145 0.09726541841954565 0.20490682510434327 0.13195525555752716 0.0995195058980255 0.09639989464978108 0.1471202625395116 0.11875973000177444
0.12128246269298633 0.09343174912593116 0.17741991442744728 0.0886991066864969 0.15010336009011724 0.11739729078319058 0.14079223283570938 0.11087388335812112
0.08220046675038509 0.1368096806810385 0.11502484304019142 0.13487304839802838 0.10469008602412867 0.17307510594123554 0.09147911108735839 0.16184765807763402
0.10434558119214532 0.09158356611666793 0.22435226553923612 0.13345906936034885 0.09564521064911438 0.08652069899026281 0.14774467588935644 0.11634893226286822
0.07255229799494141 0.11677640473982857 0.08231253505830509 0.08417025414923898 0.1423632508083651 0.232480443971756 0.10100430497908677 0.16834050829847796
0.08440219331804247 0.1649400684637278 0.07527979510945677 0.1078460231960567 0.1180038936893747 0.24696506091596568 0.07314773747210802 0.12941522783526804
0.0732097489642362 0.1538181774119578 0.08956767006743303 0.13007587484849845 0.09472768523039528 0.21428441767508213 0.08822537598419895 0.15609104981819813
0.1028848686111321 0.09536262329879061 0.21365712430607342 0.1342449655570211 0.09421711933758412 0.0939845310675685 0.14861469528493987 0.11703407253689017
0.08303642759247343 0.13518022791133188 0.12367150520586133 0.12887797852578697 0.1018370595080632 0.16964084420490913 0.09665848389434024 0.16109747315723372
0.06659767893512274 0.12307935502727096 0.0654981819348681 0.080959471129753 0.13891218108755235 0.26588282427022314 0.09715136535570361 0.161918942259506
0.05947635504932309 0.11953832980577786 0.051713877737687146 0.07702268303066945 0.13966980816335275 0.3114644602041376 0.08706911994771328 0.1540453660613389
0.06863847644908289 0.13942713486902053 0.08415507679101088 0.12952402585451428 0.0986610953435515 0.2363142812617322 0.08785107840567055 0.1554288310254171
0.09929726790606512 0.09361936682276525 0.20590795033746162 0.13419637621720987 0.09573527203091545 0.10084808326284639 0.14961894482724744 0.12077673859548888
0.14267225829071414 0.11019631024451021 0.21120184020576543 0.1054897328025379 0.12341013588975164 0.0982828438992648 0.11678147058319215 0.09196540808426382
0.10131727313400359 0.1673218412452021 0.10073011157502425 0.11059032858348118 0.11678236742703133 0.1955405913045451 0.07500909243053505 0.1327083943001774
0.10527259316658988 0.09751780503375282 0.2102687571766335 0.13145411033231202 0.09802169162178968 0.0925948203575471 0.14656152301229414 0.11830869929908082
0.14408641242377318 0.11076952818807993 0.2122560406228297 0.10509009849174127 0.12363945368017012 0.09620239867853171 0.11633905897335621 0.09161700894151803
0.085991210569364 0.14177611012991753 0.12246358750415313 0.13417505583855552 0.0988776039844002 0.16470067492032284 0.09100569004702026 0.16101006700626658
0.1049615433594076 0.09223743497539331 0.22728611870276538 0.13307657686883526 0.09417903225117806 0.08492257559403744 0.14732124097811636 0.11601547727026665
0.10325842535565803 0.166211582545707 0.11759170423767516 0.11962272315965872 0.12605411350384985 0.205770774931912 0.08971704236974405 0.07177363389579523
0.0765052718804517 0.15451982057722005 0.09871524457894572 0.12989094636407378 0.09651440951080305 0.19988522522207156 0.08809994622954569 0.1558691356368885
0.10333622284512682 0.09517742767632645 0.21734768309589186 0.13379635902086612 0.09428019093381013 0.09130106736023297 0.14811806940852904 0.11664297965921662
0.08313494602816235 0.13515255845174654 0.12450641628855204 0.12889059113872023 0.10187131125949109 0.1686629945558874 0.09666794335404018 0.16111323892340024
0.09539997975063107 0.17625943008614747 0.09396740341155907 0.11594719760320353 0.12434955739334792 0.23754771499078597 0.08696039820240266 0.06956831856192214
0.07456898184529509 0.15641564454406828 0.09290465959740964 0.12879269873372076 0.09543010907561998 0.20998161988663674 0.08735504783678451 0.15455123848046487
0.1030257736141008 0.09568138241935757 0.21488586554766703 0.13397221217823052 0.09419859233541901 0.0931271402826947 0.14831274608253436 0.11679628753999584
0.10259944908732387 0.16709073929536092 0.11482265825988709 0.11938665144857226 0.12578513592141646 0.20914338653186687 0.0895399885864292 0.07163199086914336
0.08904214062169072 0.18042347099517528 0.07976457225246067 0.10558721056496062 0.11243305650254241 0.23442922313246178 0.0716156732527559 0.12670465267795275
0.11475102909898975 0.11216884757776749 0.1403664436363971 0.09198514949646565 0.1451374845220812 0.14846676343898813 0.13674210283355193 0.11038217939575877
0.10737132703647857 0.086187954161741 0.22661682492796015 0.130407155650019 0.10297281060937635 0.08368324085692402 0.14539424667248385 0.1173664400850171
0.08096258903924564 0.1366798387686684 0.1272890377083512 0.13749575911124567 0.09623138834266425 0.16308848296000697 0.09325799313632314 0.1649949109334948
