Timestep: 0, Trans probs: [0.125, 0.125, 0.125, 0.125, 0.125, 0.125, 0.125, 0.125]
Timestep: 1, Trans probs: [0.1111111111111111, 0.1111111111111111, 0.1111111111111111, 0.1111111111111111, 0.2222222222222222, 0.1111111111111111, 0.1111111111111111, 0.1111111111111111]
Timestep: 2, Trans probs: [0.1111111111111111, 0.1111111111111111, 0.1111111111111111, 0.1111111111111111, 0.2222222222222222, 0.1111111111111111, 0.1111111111111111, 0.1111111111111111]
Timestep: 3, Trans probs: [0.10017163131700295, 0.10017163131700295, 0.2003432626340059, 0.10017163131700295, 0.1986269494639764, 0.10017163131700295, 0.10017163131700295, 0.10017163131700295]
Timestep: 4, Trans probs: [0.125, 0.125, 0.125, 0.125, 0.125, 0.125, 0.125, 0.125]
Timestep: 5, Trans probs: [0.1111111111111111, 0.1111111111111111, 0.2222222222222222, 0.1111111111111111, 0.1111111111111111, 0.1111111111111111, 0.1111111111111111, 0.1111111111111111]
Timestep: 6, Trans probs: [0.1111111111111111, 0.1111111111111111, 0.1111111111111111, 0.1111111111111111, 0.2222222222222222, 0.1111111111111111, 0.1111111111111111, 0.1111111111111111]
Timestep: 7, Trans probs: [0.18292881789805715, 0.09146440894902857, 0.18063851094261651, 0.09146440894902857, 0.17911062641418346, 0.09146440894902857, 0.09146440894902857, 0.09146440894902857]
Timestep: 8, Trans probs: [0.10017163131700295, 0.10017163131700295, 0.2003432626340059, 0.10017163131700295, 0.1986269494639764, 0.10017163131700295, 0.10017163131700295, 0.10017163131700295]
Timestep: 9, Trans probs: [0.25080068763458396, 0.08435991664289207, 0.1643854321578912, 0.08435991664289207, 0.16301429699306455, 0.08435991664289207, 0.08435991664289207, 0.08435991664289207]
Timestep: 10, Trans probs: [0.2274846439830527, 0.07885160574124675, 0.2291666842661832, 0.07885160574124675, 0.1490906430445304, 0.07885160574124675, 0.07885160574124675, 0.07885160574124675]
Timestep: 11, Trans probs: [0.125, 0.125, 0.125, 0.125, 0.125, 0.125, 0.125, 0.125]
Timestep: 12, Trans probs: [0.20721783949038655, 0.074476112429854, 0.20872004206129066, 0.074476112429854, 0.13720544386919872, 0.148952224859708, 0.074476112429854, 0.074476112429854]
Timestep: 13, Trans probs: [0.1111111111111111, 0.1111111111111111, 0.2222222222222222, 0.1111111111111111, 0.1111111111111111, 0.1111111111111111, 0.1111111111111111, 0.1111111111111111]
Timestep: 14, Trans probs: [0.19055775045254952, 0.07048839566575812, 0.19191654318066628, 0.07048839566575812, 0.12722918485779752, 0.20834293884595426, 0.07048839566575812, 0.07048839566575812]
Timestep: 15, Trans probs: [0.1759803138425886, 0.06722031490203603, 0.24443143652178667, 0.06722031490203603, 0.11861667814035333, 0.19209031188712722, 0.06722031490203603, 0.06722031490203603]
Timestep: 16, Trans probs: [0.09146440894902857, 0.09146440894902857, 0.2721029198916451, 0.09146440894902857, 0.17911062641418346, 0.09146440894902857, 0.09146440894902857, 0.09146440894902857]
Timestep: 17, Trans probs: [0.10017163131700295, 0.10017163131700295, 0.2987985807809793, 0.10017163131700295, 0.10017163131700295, 0.10017163131700295, 0.10017163131700295, 0.10017163131700295]
Timestep: 18, Trans probs: [0.22768335959241567, 0.06467790889633605, 0.22489061704439062, 0.06467790889633605, 0.1111442393845586, 0.17757014839329086, 0.06467790889633605, 0.06467790889633605]
Timestep: 19, Trans probs: [0.2100181277302236, 0.06262805759282984, 0.2701209782316872, 0.06262805759282984, 0.1046430680138964, 0.1647055956528734, 0.06262805759282984, 0.06262805759282984]
Timestep: 20, Trans probs: [0.08479855458168208, 0.08479855458168208, 0.24424687476376447, 0.08479855458168208, 0.16216324316446104, 0.16959710916336415, 0.08479855458168208, 0.08479855458168208]
Timestep: 21, Trans probs: [0.2551427816012829, 0.06111544447247128, 0.2482262638729539, 0.06111544447247128, 0.09900330591275873, 0.15316587072311935, 0.06111544447247128, 0.06111544447247128]
Timestep: 22, Trans probs: [0.23473275735759924, 0.059960150217212606, 0.2884627657112957, 0.059960150217212606, 0.09408812631006945, 0.14287574975218512, 0.059960150217212606, 0.059960150217212606]
Timestep: 23, Trans probs: [0.09184888393351062, 0.09184888393351062, 0.3570578124654257, 0.09184888393351062, 0.09184888393351062, 0.09184888393351062, 0.09184888393351062, 0.09184888393351062]
Timestep: 24, Trans probs: [0.21617311463415104, 0.05917881476768416, 0.264437571984337, 0.05917881476768416, 0.08983520766713798, 0.1928388466436374, 0.05917881476768416, 0.05917881476768416]
Timestep: 25, Trans probs: [0.2003432626340059, 0.10017163131700295, 0.1986269494639764, 0.10017163131700295, 0.10017163131700295, 0.10017163131700295, 0.10017163131700295, 0.10017163131700295]
Timestep: 26, Trans probs: [0.19993905263542464, 0.05834127823471524, 0.24347018560813222, 0.05834127823471524, 0.1443324584684747, 0.1788931903491075, 0.05834127823471524, 0.05834127823471524]
Timestep: 27, Trans probs: [0.18063851094261651, 0.09146440894902857, 0.27057503536321204, 0.09146440894902857, 0.09146440894902857, 0.09146440894902857, 0.09146440894902857, 0.09146440894902857]
Timestep: 28, Trans probs: [0.18599984112156231, 0.05722452800872816, 0.22558898934399907, 0.05722452800872816, 0.1926532594833058, 0.16685979801622028, 0.05722452800872816, 0.05722452800872816]
Timestep: 29, Trans probs: [0.17359315838226952, 0.05618337478205425, 0.2658715983857175, 0.05618337478205425, 0.17965935531995064, 0.15614238878384534, 0.05618337478205425, 0.05618337478205425]
Timestep: 30, Trans probs: [0.16226437324111323, 0.05547290516458359, 0.3016702333742136, 0.05547290516458359, 0.16778195496856244, 0.14639181775777638, 0.05547290516458359, 0.05547290516458359]
Timestep: 31, Trans probs: [0.15187817590225186, 0.05510972013585817, 0.3333096898372048, 0.05510972013585817, 0.1568778998778367, 0.13749535383927394, 0.05510972013585817, 0.05510972013585817]
Timestep: 32, Trans probs: [0.16352339966438098, 0.08479277807441675, 0.32771993188911847, 0.08479277807441675, 0.08479277807441675, 0.08479277807441675, 0.08479277807441675, 0.08479277807441675]
Timestep: 33, Trans probs: [0.14867826452141908, 0.07988027499081336, 0.2921598105428873, 0.07988027499081336, 0.15976054998162673, 0.07988027499081336, 0.07988027499081336, 0.07988027499081336]
Timestep: 34, Trans probs: [0.1423583250928933, 0.055077255684760004, 0.306001905381159, 0.055077255684760004, 0.20194512112195714, 0.12938562566495046, 0.055077255684760004, 0.055077255684760004]
Timestep: 35, Trans probs: [0.13383225699924203, 0.05490978483886502, 0.3367140591049071, 0.05490978483886502, 0.1877126377349486, 0.12210190680544215, 0.05490978483886502, 0.05490978483886502]
Timestep: 36, Trans probs: [0.13658592844480374, 0.07550121327819145, 0.33948227972317674, 0.07550121327819145, 0.14642572544106217, 0.07550121327819145, 0.07550121327819145, 0.07550121327819145]
Timestep: 37, Trans probs: [0.07917518050419735, 0.07917518050419735, 0.3008488891136595, 0.07917518050419735, 0.14831579131639594, 0.1549594170489579, 0.07917518050419735, 0.07917518050419735]
Timestep: 38, Trans probs: [0.14999228848811139, 0.07499614424405569, 0.27153714693734454, 0.07499614424405569, 0.13629779819796042, 0.1421881894003609, 0.07499614424405569, 0.07499614424405569]
Timestep: 39, Trans probs: [0.209725680487422, 0.07114990993617964, 0.24785161088786184, 0.07114990993617964, 0.12626363367000212, 0.13155943520999563, 0.07114990993617964, 0.07114990993617964]
Timestep: 40, Trans probs: [0.1260720764719127, 0.05502802093375467, 0.3087012519390335, 0.05502802093375467, 0.22960188221577907, 0.11551270563825608, 0.05502802093375467, 0.05502802093375467]
Timestep: 41, Trans probs: [0.1928389247927616, 0.06798370886741605, 0.2951736695848986, 0.06798370886741605, 0.11764055616376007, 0.12241201398891549, 0.06798370886741605, 0.06798370886741605]
Timestep: 42, Trans probs: [0.2432803127301054, 0.06568260888710989, 0.26932637209139526, 0.06568260888710989, 0.11019297026202554, 0.11446990936803426, 0.06568260888710989, 0.06568260888710989]
Timestep: 43, Trans probs: [0.17415079875911704, 0.055068350271858975, 0.2836400865161066, 0.055068350271858975, 0.21236776423826367, 0.10956794939907663, 0.055068350271858975, 0.055068350271858975]
Timestep: 44, Trans probs: [0.16264312944432333, 0.05483474848738947, 0.3166013255527273, 0.05483474848738947, 0.19724192402516103, 0.1041746270282304, 0.05483474848738947, 0.05483474848738947]
Timestep: 45, Trans probs: [0.15209253796669345, 0.05486075091710928, 0.34580734091274806, 0.05486075091710928, 0.18329700089430365, 0.09936011655781776, 0.05486075091710928, 0.05486075091710928]
Timestep: 46, Trans probs: [0.2230395796519309, 0.06384955409242292, 0.3102355665288323, 0.06384955409242292, 0.1037464976429981, 0.10758013980654706, 0.06384955409242292, 0.06384955409242292]
Timestep: 47, Trans probs: [0.26728178408982095, 0.06258998364691573, 0.28252775849980666, 0.06258998364691573, 0.09820420095241164, 0.10162632187029774, 0.06258998364691573, 0.06258998364691573]
Timestep: 48, Trans probs: [0.3058446493044815, 0.06162349493703091, 0.25782150004312404, 0.06162349493703091, 0.09339356441885077, 0.09644630648542016, 0.06162349493703091, 0.06162349493703091]
Timestep: 49, Trans probs: [0.19756840191200872, 0.055136776352691985, 0.3163490760700568, 0.055136776352691985, 0.17044704076967718, 0.09508837583748947, 0.055136776352691985, 0.055136776352691985]
Timestep: 50, Trans probs: [0.125, 0.125, 0.125, 0.125, 0.125, 0.125, 0.125, 0.125]
Timestep: 51, Trans probs: [0.2782752740897308, 0.06098968677065633, 0.2965383665193182, 0.06098968677065633, 0.08925578118170248, 0.09197183112662312, 0.06098968677065633, 0.06098968677065633]
Timestep: 52, Trans probs: [0.31414750455293855, 0.06057099691023076, 0.2697988329493137, 0.06057099691023076, 0.08567856182297019, 0.08809111303385443, 0.06057099691023076, 0.06057099691023076]
Timestep: 53, Trans probs: [0.3454483825089714, 0.06035312762019868, 0.24578950495795623, 0.06035312762019868, 0.08260569195069864, 0.08474391010157901, 0.06035312762019868, 0.06035312762019868]
Timestep: 54, Trans probs: [0.1834718475012207, 0.11034388722199068, 0.2904673902302273, 0.05517194361099534, 0.159041402266401, 0.09115964194717435, 0.05517194361099534, 0.05517194361099534]
Timestep: 55, Trans probs: [0.31219248579245806, 0.060349577721370666, 0.2845069906490068, 0.060349577721370666, 0.08000669377971568, 0.0818955188933367, 0.060349577721370666, 0.060349577721370666]
Timestep: 56, Trans probs: [0.2260149641271512, 0.10482431755243127, 0.2690010706345957, 0.05453687359309808, 0.14921052906640317, 0.08733849784012433, 0.05453687359309808, 0.05453687359309808]
Timestep: 57, Trans probs: [0.2103079686881182, 0.09985898505503157, 0.30351276611798433, 0.05402873963762041, 0.14031105035545743, 0.08392301087054731, 0.05402873963762041, 0.05402873963762041]
Timestep: 58, Trans probs: [0.19571630919773014, 0.09544599350038326, 0.3341709491342788, 0.05383933470344276, 0.13217011014556637, 0.08097863391171313, 0.05383933470344276, 0.05383933470344276]
Timestep: 59, Trans probs: [0.18215500469921528, 0.09155061250359536, 0.3612175832866996, 0.053954779625539656, 0.12473457372299646, 0.07847788691087425, 0.053954779625539656, 0.053954779625539656]
Timestep: 60, Trans probs: [0.16958334259359448, 0.08813939009383892, 0.38488666634064866, 0.05434463519389776, 0.11796832990363863, 0.07638836548658609, 0.05434463519389776, 0.05434463519389776]
Timestep: 61, Trans probs: [0.15798224486449272, 0.0851788185553032, 0.405413082273951, 0.05496940616213168, 0.11184315586543708, 0.07467447995442092, 0.05496940616213168, 0.05496940616213168]
Timestep: 62, Trans probs: [0.282848130082881, 0.06033722293582375, 0.3187243718206719, 0.06033722293582375, 0.07770488581558495, 0.07937372053756696, 0.06033722293582375, 0.06033722293582375]
Timestep: 63, Trans probs: [0.20312593173668045, 0.0826346437044833, 0.3672519762490729, 0.05578516709557767, 0.10633333375454977, 0.07329861326848038, 0.05578516709557767, 0.05578516709557767]
Timestep: 64, Trans probs: [0.18768491600645662, 0.08017086283772668, 0.3903472922260668, 0.05621314686650161, 0.10131714041251073, 0.07184034791773446, 0.05621314686650161, 0.05621314686650161]
Timestep: 65, Trans probs: [0.2566947684876742, 0.06040690717110725, 0.34874988047299765, 0.06040690717110725, 0.07572778041028923, 0.0771999419446098, 0.06040690717110725, 0.06040690717110725]
Timestep: 66, Trans probs: [0.08575306549704306, 0.08575306549704306, 0.39972854152069853, 0.08575306549704306, 0.08575306549704306, 0.08575306549704306, 0.08575306549704306, 0.08575306549704306]
Timestep: 67, Trans probs: [0.23037416709127298, 0.07810387297284205, 0.35342321394722837, 0.056838483512216674, 0.09687376860105527, 0.07070952685095143, 0.056838483512216674, 0.056838483512216674]
Timestep: 68, Trans probs: [0.23328603237354306, 0.060598289709026205, 0.3142731570120706, 0.060598289709026205, 0.07407710086717822, 0.13597055091110333, 0.060598289709026205, 0.060598289709026205]
Timestep: 69, Trans probs: [0.2688149766384396, 0.07611948551018817, 0.3211151146740557, 0.05719626910308045, 0.09282206213448002, 0.0695395537335952, 0.05719626910308045, 0.05719626910308045]
Timestep: 70, Trans probs: [0.24580369046903763, 0.07431461572639435, 0.349822049517693, 0.057473926544674654, 0.08917904973233343, 0.06845881492051753, 0.057473926544674654, 0.057473926544674654]
Timestep: 71, Trans probs: [0.22488919972515933, 0.07281829269223279, 0.37501380099464254, 0.057884519897860816, 0.08599958698288382, 0.06762555991149899, 0.057884519897860816, 0.057884519897860816]
Timestep: 72, Trans probs: [0.20590854481825152, 0.07161506485986151, 0.39691032978526347, 0.05842708330182485, 0.0832554365468924, 0.06702937408425669, 0.05842708330182485, 0.05842708330182485]
Timestep: 73, Trans probs: [0.18874468566728597, 0.0706809332383155, 0.4157501468769932, 0.05908675465132599, 0.08091453476137254, 0.0666494355020548, 0.05908675465132599, 0.05908675465132599]
Timestep: 74, Trans probs: [0.0814020184772461, 0.0814020184772461, 0.4301858706592773, 0.0814020184772461, 0.0814020184772461, 0.0814020184772461, 0.0814020184772461, 0.0814020184772461]
Timestep: 75, Trans probs: [0.1733012459189503, 0.06998665339090797, 0.37194796215500264, 0.05984088204476323, 0.0789418182886616, 0.12629967411218768, 0.05984088204476323, 0.05984088204476323]
Timestep: 76, Trans probs: [0.16044904211942795, 0.0686733329425889, 0.3965702396323572, 0.05966071103067698, 0.07662832351242345, 0.11869692870117157, 0.05966071103067698, 0.05966071103067698]
Timestep: 77, Trans probs: [0.14883462102425085, 0.06777196760620655, 0.41720458909632596, 0.05981139663393054, 0.07479836543293177, 0.11195626693849313, 0.05981139663393054, 0.05981139663393054]
Timestep: 78, Trans probs: [0.13840611449304716, 0.06721042310379535, 0.4343288519491318, 0.060218814387243774, 0.07338156641278411, 0.10601660087951038, 0.060218814387243774, 0.060218814387243774]
Timestep: 79, Trans probs: [0.21403967849206107, 0.06007027269646064, 0.3463185472665484, 0.06007027269646064, 0.07208805990492244, 0.12727262355062555, 0.06007027269646064, 0.06007027269646064]
Timestep: 80, Trans probs: [0.256440708757293, 0.059865827972195855, 0.31402495967498373, 0.059865827972195855, 0.07053639137202394, 0.11953462830691577, 0.059865827972195855, 0.059865827972195855]
Timestep: 81, Trans probs: [0.18992277744512434, 0.0669219327400139, 0.38758070076468465, 0.06081512779259876, 0.07231210401795236, 0.10081710165442842, 0.06081512779259876, 0.06081512779259876]
Timestep: 82, Trans probs: [0.17457048534157363, 0.06624186981757214, 0.4095141840374516, 0.06086351874352363, 0.07098907129717344, 0.09609383327565837, 0.06086351874352363, 0.06086351874352363]
Timestep: 83, Trans probs: [0.16078841642777564, 0.06587164147425818, 0.4278036092337634, 0.061159167895166185, 0.07003110619481012, 0.09202772298389413, 0.061159167895166185, 0.061159167895166185]
Timestep: 84, Trans probs: [0.14849349114801869, 0.0657494957940437, 0.4429062026030887, 0.06164138221638502, 0.06937552217010756, 0.08855114163558632, 0.06164138221638502, 0.06164138221638502]
Timestep: 85, Trans probs: [0.1375983931197949, 0.0658190295125643, 0.45525296911219865, 0.06225529323213585, 0.06896456127693532, 0.08559916728209925, 0.06225529323213585, 0.06225529323213585]
Timestep: 86, Trans probs: [0.1280090934574221, 0.06603031303204213, 0.465245031753196, 0.06295316080724328, 0.06874636138838854, 0.08310971794722137, 0.06295316080724328, 0.06295316080724328]
Timestep: 87, Trans probs: [0.11962512912751629, 0.06634041693281126, 0.4732502364159422, 0.06369491197849693, 0.06867547183356171, 0.08102400975467787, 0.06369491197849693, 0.06369491197849693]
Timestep: 88, Trans probs: [0.23437575191485485, 0.059648973297737884, 0.3452088369451975, 0.059648973297737884, 0.06913356848831029, 0.112685949460686, 0.059648973297737884, 0.059648973297737884]
Timestep: 89, Trans probs: [0.1767896072302517, 0.06671351094030395, 0.4151522551170047, 0.06444815291781773, 0.06871302915845513, 0.07928713880053138, 0.06444815291781773, 0.06444815291781773]
Timestep: 90, Trans probs: [0.2144158417797112, 0.059661292632405445, 0.37224138971531257, 0.059661292632405445, 0.06806174655354211, 0.10663585142181228, 0.059661292632405445, 0.059661292632405445]
Timestep: 91, Trans probs: [0.22629807305862767, 0.06633969229307957, 0.3689104636933335, 0.06437254272714664, 0.06807599682237168, 0.07725814595114762, 0.06437254272714664, 0.06437254272714664]
Timestep: 92, Trans probs: [0.20556901840465316, 0.06571239957425436, 0.3942519542916975, 0.06399245913907134, 0.06723050496869833, 0.07525874534348262, 0.06399245913907134, 0.06399245913907134]
Timestep: 93, Trans probs: [0.1871769100368378, 0.06538419565626434, 0.4153759291546832, 0.06388640301744851, 0.06670622230220621, 0.07369753379766304, 0.06388640301744851, 0.06388640301744851]
Timestep: 94, Trans probs: [0.17092299585950155, 0.0652982900786537, 0.4328278766426008, 0.0639993297295043, 0.0664448174076671, 0.07250803082306394, 0.0639993297295043, 0.0639993297295043]
Timestep: 95, Trans probs: [0.19852418817092307, 0.07236838508007798, 0.30481376735085147, 0.07236838508007798, 0.13482011907783562, 0.07236838508007798, 0.07236838508007798, 0.07236838508007798]
Timestep: 96, Trans probs: [0.1566290177230367, 0.06540059036552358, 0.3828371781573305, 0.06427867377435659, 0.13066952379906746, 0.07162766863197206, 0.06427867377435659, 0.06427867377435659]
Timestep: 97, Trans probs: [0.14488164943541587, 0.06460109362714143, 0.40755750203772506, 0.06361381268721637, 0.12203742575335387, 0.07008089108471471, 0.06361381268721637, 0.06361381268721637]
Timestep: 98, Trans probs: [0.1344744441594582, 0.064232600958513, 0.42767266989624325, 0.0633687749388836, 0.11448678510843141, 0.06902717506070337, 0.0633687749388836, 0.0633687749388836]
Timestep: 99, Trans probs: [0.1963789224758926, 0.05988565729636894, 0.39546646097817306, 0.05988565729636894, 0.06729484423790859, 0.10131714312254995, 0.05988565729636894, 0.05988565729636894]
Timestep: 100, Trans probs: [0.24042742486279403, 0.06029195168180595, 0.35493788317049296, 0.06029195168180595, 0.06679734997638109, 0.09666953526310827, 0.06029195168180595, 0.06029195168180595]
Timestep: 101, Trans probs: [0.18150847865645728, 0.06961738140602214, 0.3453970497291578, 0.06961738140602214, 0.1250075645842742, 0.06961738140602214, 0.06961738140602214, 0.06961738140602214]
Timestep: 102, Trans probs: [0.18875439919162526, 0.0641916345816135, 0.3804486933849423, 0.06343995335646882, 0.10792165179811672, 0.06836376097429568, 0.06343995335646882, 0.06343995335646882]
Timestep: 103, Trans probs: [0.173133959920612, 0.0636955761679281, 0.4045879430103426, 0.06303516389597327, 0.1021159052336375, 0.06736112397956004, 0.06303516389597327, 0.06303516389597327]
Timestep: 104, Trans probs: [0.1592030085312087, 0.06354323461186237, 0.4244822342041199, 0.06296597015982579, 0.09712633284765404, 0.06674727932567756, 0.06296597015982579, 0.06296597015982579]
Timestep: 105, Trans probs: [0.14685336081283104, 0.06365494069874753, 0.4407282160311785, 0.06315287500875376, 0.0928632547191182, 0.06644160271186351, 0.06315287500875376, 0.06315287500875376]
Timestep: 106, Trans probs: [0.21917244183457604, 0.060420833814202914, 0.32008937435475954, 0.060420833814202914, 0.12657481070033796, 0.09248003785351468, 0.060420833814202914, 0.060420833814202914]
Timestep: 107, Trans probs: [0.1995009088081412, 0.06396049728588808, 0.3903457762632904, 0.0635259216715088, 0.08924248978878753, 0.06637256283936638, 0.0635259216715088, 0.0635259216715088]
Timestep: 108, Trans probs: [0.20172217311076496, 0.059788782053512804, 0.35173670233181104, 0.059788782053512804, 0.11893437678769177, 0.08845161955568111, 0.059788782053512804, 0.059788782053512804]
Timestep: 109, Trans probs: [0.16634884938066863, 0.06771489274391379, 0.3785343801795828, 0.06771489274391379, 0.11654230672017966, 0.06771489274391379, 0.06771489274391379, 0.06771489274391379]
Timestep: 110, Trans probs: [0.18582571597326605, 0.05953338548855883, 0.3193086431461252, 0.05953338548855883, 0.17169452080570055, 0.08503757812067267, 0.05953338548855883, 0.05953338548855883]
Timestep: 111, Trans probs: [0.24554431736348234, 0.06373846868091067, 0.34896267458604796, 0.06335869823015561, 0.08583210065454631, 0.06584634402454592, 0.06335869823015561, 0.06335869823015561]
Timestep: 112, Trans probs: [0.22291345979388422, 0.06335787275249609, 0.3766995685983223, 0.06302458040986637, 0.08274758130683782, 0.06520777631886045, 0.06302458040986637, 0.06302458040986637]
Timestep: 113, Trans probs: [0.20275094626096773, 0.06323089801206107, 0.4001654523414101, 0.06293945748912515, 0.08018582339698202, 0.06484850752120368, 0.06293945748912515, 0.06293945748912515]
Timestep: 114, Trans probs: [0.17214524290308195, 0.05895629777280841, 0.35073502642763665, 0.05895629777280841, 0.15948022145397311, 0.0818143181240745, 0.05895629777280841, 0.05895629777280841]
Timestep: 115, Trans probs: [0.24789930973952423, 0.06331894197575254, 0.35677274520305047, 0.06306511128735572, 0.07808586710619388, 0.06472780211341161, 0.06306511128735572, 0.06306511128735572]
Timestep: 116, Trans probs: [0.224676366564781, 0.0631587143287082, 0.3828830199708565, 0.06293659895776155, 0.07608056027966682, 0.06439154198270289, 0.06293659895776155, 0.06293659895776155]
Timestep: 117, Trans probs: [0.20405658315565559, 0.06319132615503052, 0.4050318124590332, 0.06299761148434882, 0.07446092502304667, 0.0642665187541875, 0.06299761148434882, 0.06299761148434882]
Timestep: 118, Trans probs: [0.18579063395959447, 0.06339072801114001, 0.42364339065337236, 0.06322240646772231, 0.07318304920440533, 0.06432497876832073, 0.06322240646772231, 0.06322240646772231]
Timestep: 119, Trans probs: [0.16967184296590707, 0.06372478667578434, 0.43913180594783957, 0.06357909071387056, 0.07220083571058299, 0.06453345655827426, 0.06357909071387056, 0.06357909071387056]
Timestep: 120, Trans probs: [0.15551468493371326, 0.06416016323650167, 0.45189532612739863, 0.0640345345934802, 0.0714687703141325, 0.06485745160781335, 0.0640345345934802, 0.0640345345934802]
Timestep: 121, Trans probs: [0.14314429719653535, 0.06466523417585446, 0.46231051685416064, 0.06455731156830623, 0.0709437699810098, 0.06526424708752107, 0.06455731156830623, 0.06455731156830623]
Timestep: 122, Trans probs: [0.1597053713620492, 0.05875113901471149, 0.3777423353312023, 0.05875113901471149, 0.14840932547536148, 0.07913841177254105, 0.05875113901471149, 0.05875113901471149]
Timestep: 123, Trans probs: [0.19751150284452412, 0.06521176442286296, 0.40560768369159234, 0.06511937953410275, 0.07058637355355007, 0.06572453688516211, 0.06511937953410275, 0.06511937953410275]
Timestep: 124, Trans probs: [0.1797112130658209, 0.06506728681187507, 0.42502354139382303, 0.06498723097427206, 0.06972463761372209, 0.06551162819194277, 0.06498723097427206, 0.06498723097427206]
Timestep: 125, Trans probs: [0.16409418022690295, 0.0651326864405283, 0.44091319670920165, 0.06506358164331502, 0.06915294645340525, 0.06551624524001669, 0.06506358164331502, 0.06506358164331502]
Timestep: 126, Trans probs: [0.15045719233977106, 0.06535500449559359, 0.4538039860551672, 0.06529557764977341, 0.06881223730108098, 0.06568484685906692, 0.06529557764977341, 0.06529557764977341]
Timestep: 127, Trans probs: [0.1386085669571501, 0.06568804688327677, 0.46417092593754217, 0.06563712649434984, 0.0686504056730907, 0.06597067506589072, 0.06563712649434984, 0.06563712649434984]
Timestep: 128, Trans probs: [0.12836516548635798, 0.06609298635694423, 0.4724362380130898, 0.06604950170300342, 0.06862276174826075, 0.06633434328633703, 0.06604950170300342, 0.06604950170300342]
Timestep: 129, Trans probs: [0.1484341551581123, 0.05886330504317711, 0.4007490447966089, 0.05886330504317711, 0.13841182712408986, 0.07695175274848037, 0.05886330504317711, 0.05886330504317711]
Timestep: 130, Trans probs: [0.21941305465503463, 0.06649706281442157, 0.3388240396544744, 0.06649706281442157, 0.1092775916183832, 0.06649706281442157, 0.06649706281442157, 0.06649706281442157]
Timestep: 131, Trans probs: [0.2000496066754028, 0.06527938962347048, 0.3052906882199255, 0.06527938962347048, 0.16826275698731932, 0.06527938962347048, 0.06527938962347048, 0.06527938962347048]
Timestep: 132, Trans probs: [0.2222222222222222, 0.1111111111111111, 0.1111111111111111, 0.1111111111111111, 0.1111111111111111, 0.1111111111111111, 0.1111111111111111, 0.1111111111111111]
Timestep: 133, Trans probs: [0.18605344138425228, 0.06653826303282967, 0.41246890185980967, 0.06650124340950479, 0.06869192699461596, 0.06674373649997814, 0.06650124340950479, 0.06650124340950479]
Timestep: 134, Trans probs: [0.16948125691775512, 0.06621290358540169, 0.43129884552496817, 0.06618091638850773, 0.06807379969945795, 0.06639044510689379, 0.06618091638850773, 0.06618091638850773]
Timestep: 135, Trans probs: [0.15502052038704936, 0.06613881214402158, 0.44647474326385556, 0.06611128118598748, 0.06774046085965296, 0.06629161978745805, 0.06611128118598748, 0.06611128118598748]
Timestep: 136, Trans probs: [0.1424640902475161, 0.06624900594637143, 0.45860826957941087, 0.06622539845357074, 0.06762240205110079, 0.06638003681488856, 0.06622539845357074, 0.06622539845357074]
Timestep: 137, Trans probs: [0.18384297007693698, 0.1276893480319876, 0.2775487660399065, 0.0638446740159938, 0.15554021978719368, 0.0638446740159938, 0.0638446740159938, 0.0638446740159938]
Timestep: 138, Trans probs: [0.13161485972140216, 0.06648792161244797, 0.4017648253043332, 0.06646774865408106, 0.13412925793532132, 0.0665998894642522, 0.06646774865408106, 0.06646774865408106]
Timestep: 139, Trans probs: [0.12256110635880282, 0.06571723241491659, 0.42405211113731983, 0.06569962512159402, 0.12475571490738287, 0.06581495981679567, 0.06569962512159402, 0.06569962512159402]
Timestep: 140, Trans probs: [0.11471304663538784, 0.06537662534858987, 0.4417470417785563, 0.06536134347596557, 0.11661781005843033, 0.06546144575113896, 0.06536134347596557, 0.06536134347596557]
Timestep: 141, Trans probs: [0.10795041982593727, 0.0653497028756015, 0.4556722785682503, 0.06533650737594508, 0.1095951335146478, 0.06542294308772799, 0.06533650737594508, 0.06533650737594508]
Timestep: 142, Trans probs: [0.10215535407425191, 0.06554205571807106, 0.46653653597824646, 0.06553071481114589, 0.1035689075847587, 0.06560500221123415, 0.06553071481114589, 0.06553071481114589]
Timestep: 143, Trans probs: [0.09721464023171142, 0.06587897001616733, 0.47494131822819285, 0.06586926384558703, 0.09842443690739901, 0.06593284307976828, 0.06586926384558703, 0.06586926384558703]
Timestep: 144, Trans probs: [0.0930215842780724, 0.0663027523161583, 0.4813904111335607, 0.0662944762033787, 0.09405313566546682, 0.06634868799660573, 0.0662944762033787, 0.0662944762033787]
Timestep: 145, Trans probs: [0.0894773802110614, 0.06677005920604624, 0.48630032885364927, 0.06676302565196617, 0.09035405657626042, 0.06680909819708411, 0.06676302565196617, 0.06676302565196617]
Timestep: 146, Trans probs: [0.08649200865100552, 0.067249379995772, 0.49001096870196725, 0.06724341962425749, 0.08723492137693294, 0.06728246240154989, 0.06724341962425749, 0.06724341962425749]
Timestep: 147, Trans probs: [0.0839846821373736, 0.0677187380685959, 0.4927961056913013, 0.06771369972007182, 0.0846126720583157, 0.06774670288419801, 0.06771369972007182, 0.06771369972007182]
Timestep: 148, Trans probs: [0.08188388184541968, 0.06816364814816607, 0.4948734508396976, 0.068159398329102, 0.0824135878642289, 0.06818723631518173, 0.068159398329102, 0.068159398329102]
Timestep: 149, Trans probs: [0.080127056056694, 0.06857535090681802, 0.49641402351523606, 0.0685717727857851, 0.08057304027827641, 0.06859521088562037, 0.0685717727857851, 0.0685717727857851]
Timestep: 150, Trans probs: [0.13827514066221802, 0.059233761848128015, 0.3609292379132872, 0.059233761848128015, 0.18866474589332455, 0.07519582813865813, 0.059233761848128015, 0.059233761848128015]
Timestep: 151, Trans probs: [0.188574615930758, 0.05917897207766372, 0.32719115173391294, 0.05917897207766372, 0.1741594172650961, 0.07335892675957802, 0.05917897207766372, 0.05917897207766372]
Timestep: 152, Trans probs: [0.14760638970998227, 0.06894933096048243, 0.42860430885633594, 0.06894632307661548, 0.07903497534458079, 0.0689660258987722, 0.06894632307661548, 0.06894632307661548]
Timestep: 153, Trans probs: [0.13592888448922774, 0.0682291528795743, 0.44600893261689945, 0.06822656400918246, 0.07690981585844789, 0.06824352212830322, 0.06822656400918246, 0.06822656400918246]
Timestep: 154, Trans probs: [0.12588024043512303, 0.06787342158582879, 0.45943576416124593, 0.0678712033770963, 0.07531123016992507, 0.06788573351658835, 0.0678712033770963, 0.0678712033770963]
Timestep: 155, Trans probs: [0.17445367595971287, 0.05883122050257649, 0.3571467496071978, 0.05883122050257649, 0.1615728662508595, 0.07150182617192369, 0.05883122050257649, 0.05883122050257649]
Timestep: 156, Trans probs: [0.1850518624493144, 0.06777403577733819, 0.4019513271474515, 0.06777214265610228, 0.07412180331293554, 0.06778454334465353, 0.06777214265610228, 0.06777214265610228]
Timestep: 157, Trans probs: [0.1616347681463722, 0.058798910994779435, 0.38292286647001833, 0.058798910994779435, 0.15017843726341884, 0.07006828414107279, 0.058798910994779435, 0.058798910994779435]
Timestep: 158, Trans probs: [0.20907643822735297, 0.05903633758473255, 0.3458672199487755, 0.05903633758473255, 0.1399019129514518, 0.06900907853348945, 0.05903633758473255, 0.05903633758473255]
Timestep: 159, Trans probs: [0.23568289039307716, 0.06705381026248736, 0.3564921249020769, 0.06705217058847573, 0.07255175157888978, 0.06706291109804159, 0.06705217058847573, 0.06705217058847573]
Timestep: 160, Trans probs: [0.17038576956685994, 0.11967602142662224, 0.3170279940267246, 0.06202083870563841, 0.14482686015723956, 0.06202083870563841, 0.06202083870563841, 0.06202083870563841]
Timestep: 161, Trans probs: [0.07834143721108557, 0.07834143721108557, 0.45160993952240097, 0.07834143721108557, 0.07834143721108557, 0.07834143721108557, 0.07834143721108557, 0.07834143721108557]
Timestep: 162, Trans probs: [0.19237906813524908, 0.05897986099051759, 0.3729782945366849, 0.05897986099051759, 0.13087666453184107, 0.0678465288341545, 0.05897986099051759, 0.05897986099051759]
Timestep: 163, Trans probs: [0.21324032218760672, 0.06619687316131567, 0.3185851802789417, 0.06619544337635949, 0.1371864852129825, 0.06620480903007496, 0.06619544337635949, 0.06619544337635949]
Timestep: 164, Trans probs: [0.19516077941022647, 0.06475653335976582, 0.35334024616573917, 0.06475526536700274, 0.12771307374503055, 0.06476357121822987, 0.06475526536700274, 0.06475526536700274]
Timestep: 165, Trans probs: [0.17893715182165792, 0.06385231324913111, 0.3823854753361296, 0.06385119421545798, 0.11941295262063847, 0.06385852432606888, 0.06385119421545798, 0.06385119421545798]
Timestep: 166, Trans probs: [0.1986269494639764, 0.10017163131700295, 0.2003432626340059, 0.10017163131700295, 0.10017163131700295, 0.10017163131700295, 0.10017163131700295, 0.10017163131700295]
Timestep: 167, Trans probs: [0.17723291774418892, 0.059175778182311047, 0.3962374425314872, 0.059175778182311047, 0.12280382479072875, 0.06702270220435086, 0.059175778182311047, 0.059175778182311047]
Timestep: 168, Trans probs: [0.22313484856234939, 0.05958345504347773, 0.3564194321941984, 0.05958345504347773, 0.11561798933461367, 0.06649390973492755, 0.05958345504347773, 0.05958345504347773]
Timestep: 169, Trans probs: [0.16443253128631308, 0.12677815386755406, 0.3430574631318975, 0.06338858568540953, 0.11217107323262313, 0.06339502142538357, 0.06338858568540953, 0.06338858568540953]
Timestep: 170, Trans probs: [0.15240508641069875, 0.11880616827852024, 0.37403551617152025, 0.0622437960448747, 0.10577230236314135, 0.062249538641495086, 0.0622437960448747, 0.0622437960448747]
Timestep: 171, Trans probs: [0.14159695082972687, 0.11180198621164472, 0.39977855897590875, 0.06164341048648672, 0.10024376959711587, 0.061648502926143475, 0.06164341048648672, 0.06164341048648672]
Timestep: 172, Trans probs: [0.13194329018878465, 0.10568338915449434, 0.42096853976333914, 0.06147594499581796, 0.09549651266979406, 0.06148043323613385, 0.06147594499581796, 0.06147594499581796]
Timestep: 173, Trans probs: [0.1233782282020513, 0.10037120362363997, 0.4382410728673252, 0.06163984081388285, 0.09144619978014876, 0.06164377308518604, 0.06163984081388285, 0.06163984081388285]
Timestep: 174, Trans probs: [0.11583137822323729, 0.09578812000236937, 0.4521797051692897, 0.06204613379305627, 0.08801283571701284, 0.06204955950892211, 0.06204613379305627, 0.06204613379305627]
Timestep: 175, Trans probs: [0.10922742250271673, 0.09185868359531874, 0.46331345786200145, 0.06261913869555717, 0.0851209126603243, 0.06262210729296729, 0.06261913869555717, 0.06261913869555717]
Timestep: 176, Trans probs: [0.20434344320879008, 0.059677478408451466, 0.3819150126993087, 0.059677478408451466, 0.10924165387008995, 0.06578997658800542, 0.059677478408451466, 0.059677478408451466]
Timestep: 177, Trans probs: [0.247353967799169, 0.05997541330675907, 0.3437607123108134, 0.05997541330675907, 0.10362515257200136, 0.06535851409097976, 0.05997541330675907, 0.05997541330675907]
Timestep: 178, Trans probs: [0.1667833048652889, 0.08850982118593058, 0.40881970075665336, 0.06329621308509262, 0.08269976099482441, 0.06329877294202489, 0.06329621308509262, 0.06329621308509262]
Timestep: 179, Trans probs: [0.22555071310108718, 0.060064483650464594, 0.3707582841558672, 0.060064483650464594, 0.09861441689696283, 0.0648186512442244, 0.060064483650464594, 0.060064483650464594]
Timestep: 180, Trans probs: [0.1581744119529356, 0.11261483267681822, 0.2899234009644612, 0.0608152090503818, 0.13521130915387597, 0.1216304181007636, 0.0608152090503818, 0.0608152090503818]
Timestep: 181, Trans probs: [0.21679640177943665, 0.08521289089349902, 0.365141321623, 0.06317796097452401, 0.0801353046700582, 0.0631801981104341, 0.06317796097452401, 0.06317796097452401]
Timestep: 182, Trans probs: [0.14778482931858608, 0.10633102899546865, 0.3268602752136808, 0.05919953022527351, 0.12689113597558294, 0.114534139820861, 0.05919953022527351, 0.05919953022527351]
Timestep: 183, Trans probs: [0.20592985531168428, 0.06032521303902745, 0.33369212597856907, 0.06032521303902745, 0.1545689536717118, 0.06450821288192496, 0.06032521303902745, 0.06032521303902745]
Timestep: 184, Trans probs: [0.24946481788949842, 0.05997554580163093, 0.30313240526402957, 0.05997554580163093, 0.1438043155302503, 0.06369627810969783, 0.05997554580163093, 0.05997554580163093]
Timestep: 185, Trans probs: [0.1978859697342886, 0.08216022405120271, 0.32835312592740284, 0.06278083009234732, 0.14047539238987317, 0.06278279762019064, 0.06278083009234732, 0.06278083009234732]
Timestep: 186, Trans probs: [0.18224963498773694, 0.0790837184798083, 0.36036465143901464, 0.061807589237067626, 0.13106988415506116, 0.06180934322717599, 0.061807589237067626, 0.061807589237067626]
Timestep: 187, Trans probs: [0.16810621422880492, 0.07661937300466408, 0.38735643116712476, 0.06129901773135165, 0.12272035524736265, 0.06130057315798852, 0.06129901773135165, 0.06129901773135165]
Timestep: 188, Trans probs: [0.15537118886090323, 0.07468398687718178, 0.4099119695513459, 0.06117213551298859, 0.11534294084359148, 0.061173507328011835, 0.06117213551298859, 0.06117213551298859]
Timestep: 189, Trans probs: [0.2284002153307629, 0.059632139153865275, 0.3358312371045119, 0.059632139153865275, 0.13429399224713642, 0.06294599870212772, 0.059632139153865275, 0.059632139153865275]
Timestep: 190, Trans probs: [0.20531744862739904, 0.0731977833153401, 0.36723813375577535, 0.06134605936755692, 0.10886119356365774, 0.06134726263515695, 0.06134605936755692, 0.06134605936755692]
Timestep: 191, Trans probs: [0.18826248964388007, 0.07162212310792314, 0.3923713140799591, 0.061158961381867556, 0.1031071653494455, 0.06116002367318942, 0.061158961381867556, 0.061158961381867556]
Timestep: 192, Trans probs: [0.17292062261985078, 0.0704490439035278, 0.4134923895460948, 0.061256885714427806, 0.09810946782241464, 0.06125781896482851, 0.061256885714427806, 0.061256885714427806]
Timestep: 193, Trans probs: [0.19653959621730116, 0.10083762458021203, 0.30031311327372723, 0.058205733748192, 0.11943487395996598, 0.10825759072421762, 0.058205733748192, 0.058205733748192]
Timestep: 194, Trans probs: [0.20933849699637944, 0.05953594006142035, 0.3642327661944915, 0.05953594006142035, 0.1258075759788139, 0.062477400584633906, 0.05953594006142035, 0.05953594006142035]
Timestep: 195, Trans probs: [0.1591933669978707, 0.06961556995218841, 0.36949449812709706, 0.06158004155504621, 0.15537558288117906, 0.06158085737652602, 0.06158004155504621, 0.06158004155504621]
Timestep: 196, Trans probs: [0.19209407575675802, 0.05967236349068795, 0.3886890977593509, 0.05967236349068795, 0.11825483152336046, 0.06227254099777888, 0.05967236349068795, 0.05967236349068795]
Timestep: 197, Trans probs: [0.23998870559353433, 0.09592745904766543, 0.27684881130904815, 0.05726095726689072, 0.11279489237576149, 0.1026572598733185, 0.05726095726689072, 0.05726095726689072]
Timestep: 198, Trans probs: [0.20883282564964714, 0.06834350975500827, 0.3336661133082331, 0.06123394947936225, 0.14422103155876234, 0.06123467129026232, 0.06123394947936225, 0.06123394947936225]
Timestep: 199, Trans probs: [0.1919508195364283, 0.06703471346073238, 0.36365961104891953, 0.0607132463805582, 0.13450122863336675, 0.06071388817887848, 0.0607132463805582, 0.0607132463805582]
Timestep: 200, Trans probs: [0.17668514578941477, 0.06613265774954881, 0.3891878816709983, 0.06053807162506719, 0.12584146028934606, 0.06053863962549048, 0.06053807162506719, 0.06053807162506719]
Timestep: 201, Trans probs: [0.1765400351195241, 0.060011517503907985, 0.3495398105531895, 0.060011517503907985, 0.17157446144153596, 0.06229962287011846, 0.060011517503907985, 0.060011517503907985]
Timestep: 202, Trans probs: [0.2235855042987605, 0.06557864614413905, 0.350068105087191, 0.06065193188072544, 0.11815951675347702, 0.06065243207425625, 0.06065193188072544, 0.06065193188072544]
Timestep: 203, Trans probs: [0.20463996050639502, 0.06487394965671488, 0.37703697310682477, 0.060515991988069215, 0.11138470632829427, 0.060516434437563306, 0.060515991988069215, 0.060515991988069215]
Timestep: 204, Trans probs: [0.1875599726246404, 0.06446832080330607, 0.4000199597587208, 0.06063027602589607, 0.10543025304534628, 0.060630665690298326, 0.06063027602589607, 0.06063027602589607]
Timestep: 205, Trans probs: [0.1722221151013535, 0.06431764083362575, 0.419421703472603, 0.06095313806033007, 0.10022564676389925, 0.060953479647528265, 0.06095313806033007, 0.06095313806033007]
Timestep: 206, Trans probs: [0.15852067815433074, 0.06437544584429439, 0.43563902400108273, 0.061439961497150704, 0.09570470798135879, 0.06144025952748121, 0.061439961497150704, 0.061439961497150704]
Timestep: 207, Trans probs: [0.16328304600758925, 0.0598212167297531, 0.37670506018388283, 0.0598212167297531, 0.15887427683545247, 0.0618527500540631, 0.0598212167297531, 0.0598212167297531]
Timestep: 208, Trans probs: [0.2221654327728261, 0.09158069383657838, 0.31210871360449577, 0.05653133002996474, 0.10687022818732186, 0.09768094150888379, 0.05653133002996474, 0.05653133002996474]
Timestep: 209, Trans probs: [0.20840136268738563, 0.06459639439286478, 0.38700994364846775, 0.0620471544920761, 0.09180342248680931, 0.062047413308244176, 0.0620471544920761, 0.0620471544920761]
Timestep: 210, Trans probs: [0.19024183089862232, 0.06435821736711081, 0.40871840948434884, 0.062126670472202744, 0.08817463379929316, 0.06212689703401673, 0.062126670472202744, 0.062126670472202744]
Timestep: 211, Trans probs: [0.17406395905031205, 0.06434530827828464, 0.4268858485742704, 0.06240031871550464, 0.085103411766549, 0.06240051618406984, 0.06240031871550464, 0.06240031871550464]
Timestep: 212, Trans probs: [0.1597240675563013, 0.06451168664811048, 0.4419433799553078, 0.06282385066206063, 0.08252529183145237, 0.06282402202264623, 0.06282385066206063, 0.06282385066206063]
Timestep: 213, Trans probs: [0.1470850484536702, 0.06481370100702279, 0.45430107514085943, 0.06335527155155986, 0.08037894112253341, 0.06335541962123462, 0.06335527155155986, 0.06335527155155986]
Timestep: 214, Trans probs: [0.15134010411616444, 0.0599144469331538, 0.33993379165856535, 0.0599144469331538, 0.20735867348998777, 0.06170964300266712, 0.0599144469331538, 0.0599144469331538]
Timestep: 215, Trans probs: [0.2006540365586539, 0.05972315244767082, 0.30844694079822826, 0.05972315244767082, 0.1906886992587143, 0.061317713593720326, 0.05972315244767082, 0.05972315244767082]
Timestep: 216, Trans probs: [0.19996760020226617, 0.06521191821522608, 0.4003862766243904, 0.06395686300809157, 0.07860662550401268, 0.06395699042982983, 0.06395686300809157, 0.06395686300809157]
Timestep: 217, Trans probs: [0.18512177729590054, 0.059313508383697915, 0.3406614519237568, 0.059313508383697915, 0.1762257724014425, 0.06073696484410844, 0.059313508383697915, 0.059313508383697915]
Timestep: 218, Trans probs: [0.24613263347657818, 0.06500700820307283, 0.3565410924595212, 0.06391536332832802, 0.07665770171630551, 0.06391547415953823, 0.06391536332832802, 0.06391536332832802]
Timestep: 219, Trans probs: [0.22294262375229687, 0.0645969241409963, 0.38310773369308115, 0.06364257397018232, 0.07478232564077805, 0.06364267086230066, 0.06364257397018232, 0.06364257397018232]
Timestep: 220, Trans probs: [0.20238923371348333, 0.06442166743992118, 0.4055321995779809, 0.06359013636100222, 0.07329626940191657, 0.06359022078369125, 0.06359013636100222, 0.06359013636100222]
Timestep: 221, Trans probs: [0.18421536456618806, 0.06444680624073622, 0.42428713493057985, 0.06372496065619164, 0.0721507783510574, 0.0637250339428635, 0.06372496065619164, 0.06372496065619164]
Timestep: 222, Trans probs: [0.16820715878170195, 0.06463357716833329, 0.4398260191908621, 0.0640093387738131, 0.0712958263869239, 0.06400940215073936, 0.0640093387738131, 0.0640093387738131]
Timestep: 223, Trans probs: [0.17106511677248265, 0.05918913415496357, 0.3685691175531392, 0.05918913415496357, 0.16315427515974013, 0.060454953894783836, 0.05918913415496357, 0.05918913415496357]
Timestep: 224, Trans probs: [0.21857804880579154, 0.06494348145508722, 0.38817259649731, 0.06440569870352522, 0.07068302382834878, 0.06440575330288675, 0.06440569870352522, 0.06440569870352522]
Timestep: 225, Trans probs: [0.2056903989474347, 0.08781075236256587, 0.34305422765938814, 0.056171476194428124, 0.10161270901075244, 0.09331748343657442, 0.056171476194428124, 0.056171476194428124]
Timestep: 226, Trans probs: [0.1983106916166231, 0.06475701003833356, 0.34573829603134837, 0.06428951846011044, 0.13403588101032948, 0.06428956592303413, 0.06428951846011044, 0.06428951846011044]
Timestep: 227, Trans probs: [0.1819070284260298, 0.06380195339497799, 0.37566972081383265, 0.0633885381504865, 0.1250671027904869, 0.0633885801232131, 0.0633885381504865, 0.0633885381504865]
Timestep: 228, Trans probs: [0.16720500217386236, 0.06328833056546063, 0.40061483965459116, 0.06292458043712422, 0.11719346892720267, 0.06292461736751051, 0.06292458043712422, 0.06292458043712422]
Timestep: 229, Trans probs: [0.15409260138305383, 0.06312952946038947, 0.4212181564765167, 0.06281112213869972, 0.11031519179836484, 0.06281115446557599, 0.06281112213869972, 0.06281112213869972]
Timestep: 230, Trans probs: [0.15836551163884924, 0.05932305161313136, 0.3925364764909956, 0.05932305161313136, 0.1513621388338166, 0.060443666583813026, 0.05932305161313136, 0.05932305161313136]
Timestep: 231, Trans probs: [0.20661326800919855, 0.059676570316641545, 0.35325011332695627, 0.059676570316641545, 0.140766463200507, 0.06066387419677183, 0.059676570316641545, 0.059676570316641545]
Timestep: 232, Trans probs: [0.2054339054493428, 0.06324481558922403, 0.37511145339843205, 0.06296750820390809, 0.1043397645932375, 0.06296753635803937, 0.06296750820390809, 0.06296750820390809]
Timestep: 233, Trans probs: [0.1877687077243686, 0.06295108868927578, 0.3994241359093334, 0.06270766039523412, 0.0990254013815902, 0.06270768510972971, 0.06270766039523412, 0.06270766039523412]
Timestep: 234, Trans probs: [0.1898500229530153, 0.059666047131378755, 0.3794343806574988, 0.059666047131378755, 0.13151062251894022, 0.0605407853450306, 0.059666047131378755, 0.059666047131378755]
Timestep: 235, Trans probs: [0.23473413722406614, 0.06294114205906708, 0.35694838779936544, 0.06272843651591062, 0.09446256525854586, 0.06272845811122364, 0.06272843651591062, 0.06272843651591062]
Timestep: 236, Trans probs: [0.2135558874406584, 0.06268737299103674, 0.3833849505912953, 0.06250057509930436, 0.09036946961480005, 0.06250059406429645, 0.06250057509930436, 0.06250057509930436]
Timestep: 237, Trans probs: [0.17471283357708844, 0.05988826534545769, 0.40181785412991294, 0.05988826534545769, 0.1232564509965409, 0.06065979991462691, 0.05988826534545769, 0.05988826534545769]
Timestep: 238, Trans probs: [0.2571650132756247, 0.06267675797870381, 0.34321263754956854, 0.06251335321820871, 0.08689216173330591, 0.06251336980817104, 0.06251335321820871, 0.06251335321820871]
Timestep: 239, Trans probs: [0.23320370700295484, 0.06250482273410893, 0.3710875824457465, 0.062361405280658345, 0.08375825213384114, 0.062361419841373375, 0.062361405280658345, 0.062361405280658345]
Timestep: 240, Trans probs: [0.190464740644859, 0.0845739975957728, 0.3700106163530814, 0.05615258168520458, 0.09697223161962125, 0.08952066873105179, 0.05615258168520458, 0.05615258168520458]
Timestep: 241, Trans probs: [0.21186335636660844, 0.0625253433914497, 0.33249275630755987, 0.06239987287290469, 0.14351903970414298, 0.062399885611524854, 0.06239987287290469, 0.06239987287290469]
Timestep: 242, Trans probs: [0.19433832093472905, 0.061859868407499574, 0.36309779095930916, 0.06174856292135118, 0.13370975671256774, 0.06174857422184095, 0.06174856292135118, 0.06174856292135118]
Timestep: 243, Trans probs: [0.17855038611890728, 0.061558261832702, 0.38904235490493594, 0.06145996761941072, 0.125009116686315, 0.0614599775989076, 0.06145996761941072, 0.06145996761941072]
Timestep: 244, Trans probs: [0.16110182405430792, 0.06030433555140359, 0.4207678123484145, 0.06030433555140359, 0.11593140267635917, 0.06098161871530408, 0.06030433555140359, 0.06030433555140359]
Timestep: 245, Trans probs: [0.2258521299594736, 0.061560842303273036, 0.34936548268784406, 0.0614744578610768, 0.11732370483476623, 0.06147446663141274, 0.0614744578610768, 0.0614744578610768]
Timestep: 246, Trans probs: [0.14892984750661642, 0.06087225252485794, 0.4366486491603412, 0.06087225252485794, 0.10946856002880226, 0.06146393320480856, 0.06087225252485794, 0.06087225252485794]
Timestep: 247, Trans probs: [0.1996624772212777, 0.06155061406939122, 0.38826758048315235, 0.06155061406939122, 0.10380243804970492, 0.06206504796830004, 0.06155061406939122, 0.06155061406939122]
Timestep: 248, Trans probs: [0.2676448120956701, 0.06132898994390427, 0.31544980051250693, 0.061252715689110844, 0.11056552694759422, 0.06125272343299182, 0.061252715689110844, 0.061252715689110844]
Timestep: 249, Trans probs: [0.2434753029405804, 0.061085532350792546, 0.34675454169628994, 0.06101810347554397, 0.10461220226432323, 0.061018110321381866, 0.06101810347554397, 0.06101810347554397]
Timestep: 250, Trans probs: [0.22179468294928073, 0.06104580916397207, 0.37380602239478744, 0.060986380854359264, 0.0994079560409565, 0.06098638688792534, 0.060986380854359264, 0.060986380854359264]
Timestep: 251, Trans probs: [0.20234825732702616, 0.06120064333468696, 0.396972228572876, 0.06114846154387299, 0.09488501929206855, 0.0611484668417232, 0.06114846154387299, 0.06114846154387299]
Timestep: 252, Trans probs: [0.182756678082083, 0.06165998220591269, 0.4097859074270311, 0.06165998220591269, 0.09870644702067427, 0.06211103864656069, 0.06165998220591269, 0.06165998220591269]
Timestep: 253, Trans probs: [0.24643226560752704, 0.061525517534703866, 0.3551417652049453, 0.061479887045737265, 0.09098089883715724, 0.06147989167845476, 0.061479887045737265, 0.061479887045737265]
Timestep: 254, Trans probs: [0.2239269203071694, 0.06157657920315722, 0.3809116790349102, 0.061536515086916564, 0.08743875703951547, 0.06153651915449806, 0.061536515086916564, 0.061536515086916564]
Timestep: 255, Trans probs: [0.20383433876247756, 0.06178987506934874, 0.40293913922080343, 0.06175482194986625, 0.08441735558907427, 0.06175482550869727, 0.06175482194986625, 0.06175482194986625]
Timestep: 256, Trans probs: [0.18594229585084085, 0.062145885293350835, 0.42158399738646446, 0.06211533534963637, 0.08186647696916038, 0.06211533845127437, 0.06211533534963637, 0.06211533534963637]
Timestep: 257, Trans probs: [0.17007505499855635, 0.06261766656684165, 0.4372072056400219, 0.06259114869646472, 0.07973547531644674, 0.06259115138873922, 0.06259114869646472, 0.06259114869646472]
Timestep: 258, Trans probs: [0.1676654522425659, 0.061969007251800864, 0.42779166169657895, 0.061969007251800864, 0.09430415563933252, 0.06236270141431898, 0.061969007251800864, 0.061969007251800864]
Timestep: 259, Trans probs: [0.21669743056487983, 0.06243090717640487, 0.38028028137443687, 0.06243090717640487, 0.09052568631242168, 0.06277297304264194, 0.06243090717640487, 0.06243090717640487]
Timestep: 260, Trans probs: [0.21922655533199026, 0.06317576066227198, 0.38701206579946096, 0.06315283570503956, 0.0779742730586211, 0.06315283803253709, 0.06315283570503956, 0.06315283570503956]
Timestep: 261, Trans probs: [0.1992234344806321, 0.06321742860007666, 0.4086542754489973, 0.06319744836303418, 0.0761150659896278, 0.0631974503915637, 0.06319744836303418, 0.06319744836303418]
Timestep: 262, Trans probs: [0.19745284092892862, 0.06243308449121843, 0.4030596755543434, 0.06243308449121843, 0.08702267238621372, 0.06273247316564054, 0.06243308449121843, 0.06243308449121843]
Timestep: 263, Trans probs: [0.24493140512131129, 0.06343000909750507, 0.3633594129453775, 0.06341266103333777, 0.07462852694116168, 0.0634126627946312, 0.06341266103333777, 0.06341266103333777]
Timestep: 264, Trans probs: [0.1764387752861049, 0.08182554161646133, 0.3932938144423656, 0.056431045484517134, 0.09290334671077002, 0.08624538549074671, 0.056431045484517134, 0.056431045484517134]
Timestep: 265, Trans probs: [0.18032186094883226, 0.062635928231398, 0.42216883758064877, 0.062635928231398, 0.08406870712916543, 0.06289688141576148, 0.062635928231398, 0.062635928231398]
Timestep: 266, Trans probs: [0.2217898260807749, 0.06333248376534999, 0.3251817987411422, 0.06331733827224365, 0.13642653678608482, 0.06331733980991709, 0.06331733827224365, 0.06331733827224365]
Timestep: 267, Trans probs: [0.20302366153033802, 0.0625013444949823, 0.35720110679186035, 0.062487913247475275, 0.12732223282928667, 0.062487914611106844, 0.062487913247475275, 0.062487913247475275]
Timestep: 268, Trans probs: [0.18613259989387224, 0.06206220092334475, 0.38430976909520526, 0.06205034216473597, 0.11929406022465187, 0.06205034336871778, 0.06205034216473597, 0.06205034216473597]
Timestep: 269, Trans probs: [0.17097560938447828, 0.0619525862670619, 0.407059828988185, 0.061942165749962926, 0.11224331130246154, 0.061942166807924665, 0.061942165749962926, 0.061942165749962926]
Timestep: 270, Trans probs: [0.15240928707677492, 0.07620464353838746, 0.3903628516929003, 0.07620464353838746, 0.07620464353838746, 0.07620464353838746, 0.07620464353838746, 0.07620464353838746]
Timestep: 271, Trans probs: [0.2205406075286926, 0.07951970445422754, 0.35626084120979606, 0.05695656611873077, 0.08936239034560622, 0.08344675810548517, 0.05695656611873077, 0.05695656611873077]
Timestep: 272, Trans probs: [0.15744002486051323, 0.062107367377575856, 0.36387840274669137, 0.06209825539774824, 0.10608292710136821, 0.12419651172060664, 0.06209825539774824, 0.06209825539774824]
Timestep: 273, Trans probs: [0.14616663010503844, 0.06140854175218344, 0.3911067172926042, 0.06140044049903797, 0.10050620749283011, 0.11661058186022996, 0.06140044049903797, 0.06140044049903797]
Timestep: 274, Trans probs: [0.13605972034024236, 0.06116233558829035, 0.4136588060380819, 0.06115517682992759, 0.0957114030671322, 0.10994220447647039, 0.06115517682992759, 0.06115517682992759]
Timestep: 275, Trans probs: [0.12705697706494037, 0.06126813391662961, 0.4321580805991455, 0.061261845760739723, 0.09161556445527325, 0.10411570668179215, 0.061261845760739723, 0.061261845760739723]
Timestep: 276, Trans probs: [0.1190926122301335, 0.06163621018361741, 0.4471820618356115, 0.06163071844982714, 0.08814000758549953, 0.09905695281565662, 0.06163071844982714, 0.06163071844982714]
Timestep: 277, Trans probs: [0.11209579618551882, 0.06218904785473522, 0.4592592408640203, 0.06218427772353297, 0.08521030048512006, 0.0946927814400067, 0.06218427772353297, 0.06218427772353297]
Timestep: 278, Trans probs: [0.1059909959054684, 0.06286152071494026, 0.468867483370483, 0.06285739836150664, 0.08275651642967057, 0.09095128849491797, 0.06285739836150664, 0.06285739836150664]
Timestep: 279, Trans probs: [0.16514118468725453, 0.06299730034258344, 0.43804623729706416, 0.06299730034258344, 0.08159958558065715, 0.06322379106469035, 0.06299730034258344, 0.06299730034258344]
Timestep: 280, Trans probs: [0.2152358904848701, 0.06347598419017653, 0.387634315821107, 0.06347598419017653, 0.0795541146769949, 0.06367174225632183, 0.06347598419017653, 0.06347598419017653]
Timestep: 281, Trans probs: [0.1642962762157761, 0.06360048794343719, 0.4128361956934617, 0.06359694200285648, 0.08071364279385572, 0.08776257134489983, 0.06359694200285648, 0.06359694200285648]
Timestep: 282, Trans probs: [0.20299130936292137, 0.077318135430503, 0.38115131302019695, 0.05721061132111056, 0.08608961220466765, 0.08081779601837938, 0.05721061132111056, 0.05721061132111056]
Timestep: 283, Trans probs: [0.15134935201191763, 0.06349324932195789, 0.36819803121515826, 0.06349015552304994, 0.1419144671633368, 0.08457443371847947, 0.06349015552304994, 0.06349015552304994]
Timestep: 284, Trans probs: [0.14049437866083064, 0.06270036497959286, 0.3952051779888676, 0.0626976255109936, 0.13214006361021235, 0.08136713822751562, 0.0626976255109936, 0.0626976255109936]
Timestep: 285, Trans probs: [0.13084158344795688, 0.062370249280002725, 0.4173961864671603, 0.062367838103859145, 0.12348843285825777, 0.07880003363504502, 0.062367838103859145, 0.062367838103859145]
Timestep: 286, Trans probs: [0.19572830265026064, 0.06343978161317687, 0.40944712221017054, 0.06343978161317687, 0.07745502552754939, 0.06361042315931195, 0.06343978161317687, 0.06343978161317687]
Timestep: 287, Trans probs: [0.18470671937984862, 0.062396431068001273, 0.3730625316730626, 0.062394321163873334, 0.11587801024150067, 0.07677334414596686, 0.062394321163873334, 0.062394321163873334]
Timestep: 288, Trans probs: [0.16996318208792438, 0.06198388430776989, 0.398231528634965, 0.06198202161928094, 0.10919907317728074, 0.07467626693421711, 0.06198202161928094, 0.06198202161928094]
Timestep: 289, Trans probs: [0.1567408077568025, 0.06192611392690127, 0.4191036463486649, 0.06192447833339019, 0.1033849284294568, 0.07307106853800385, 0.06192447833339019, 0.06192447833339019]
Timestep: 290, Trans probs: [0.14495563462532884, 0.062142100068842424, 0.4362505977489625, 0.062140671500397184, 0.09835326975988017, 0.07187638329579461, 0.062140671500397184, 0.062140671500397184]
Timestep: 291, Trans probs: [0.13452084020310173, 0.0625593669934199, 0.45020201868916815, 0.06255812562761597, 0.09402534814696495, 0.07101804908449735, 0.06255812562761597, 0.06255812562761597]
Timestep: 292, Trans probs: [0.12534384542372395, 0.06311531747621908, 0.4614427041389495, 0.06311424400783139, 0.09032545646133364, 0.07042994447627964, 0.06311424400783139, 0.06311424400783139]
Timestep: 293, Trans probs: [0.186949181415634, 0.07550829031813333, 0.40261076467484785, 0.05767791065635939, 0.08328641159387669, 0.07861162002842993, 0.05767791065635939, 0.05767791065635939]
Timestep: 294, Trans probs: [0.11732641918205065, 0.06375754097764834, 0.40665415070645433, 0.0637566168918759, 0.15093776548640514, 0.07005427297181385, 0.0637566168918759, 0.0637566168918759]
Timestep: 295, Trans probs: [0.17235975167858, 0.0740497886113239, 0.42093056329751094, 0.058320338238475385, 0.0809114244778386, 0.07678745721932033, 0.058320338238475385, 0.058320338238475385]
Timestep: 296, Trans probs: [0.11035128024806674, 0.0634991406284423, 0.3634016282782513, 0.06349833240924707, 0.20324659729914918, 0.06900635631834925, 0.06349833240924707, 0.06349833240924707]
Timestep: 297, Trans probs: [0.15917404616523753, 0.07290079630101697, 0.43640795694180223, 0.059097202444357275, 0.07892231850608723, 0.07530327475278413, 0.059097202444357275, 0.059097202444357275]
Timestep: 298, Trans probs: [0.1042249167789339, 0.06294217396761154, 0.3271947218050862, 0.06294146182286335, 0.24901906480419586, 0.06779473717558249, 0.06294146182286335, 0.06294146182286335]
Timestep: 299, Trans probs: [0.0988493189693317, 0.0623787343883606, 0.35820656319263927, 0.062378105255374176, 0.22676541326858582, 0.06666565441496007, 0.062378105255374176, 0.062378105255374176]
Timestep: 300, Trans probs: [0.0942199058690748, 0.06212268333453113, 0.3845985134232437, 0.06212212964388699, 0.20679697014281426, 0.06589553829867525, 0.06212212964388699, 0.06212212964388699]
Timestep: 301, Trans probs: [0.09025980237121853, 0.062131763991290494, 0.4068610935925278, 0.0621312787707493, 0.18891544091388185, 0.06543806281883348, 0.0621312787707493, 0.0621312787707493]
Timestep: 302, Trans probs: [0.17846257859073308, 0.06359835015034546, 0.42762991930419675, 0.06359835015034546, 0.07576758574242647, 0.06374651576126182, 0.06359835015034546, 0.06359835015034546]
Timestep: 303, Trans probs: [0.14925359404849092, 0.06235709478180601, 0.36311032450462605, 0.06235667145941258, 0.1729673534293982, 0.06524161885744113, 0.06235667145941258, 0.06235667145941258]
Timestep: 304, Trans probs: [0.14733917787458445, 0.07201940178202877, 0.44934310577131736, 0.05996834771611065, 0.07727641603541599, 0.07411685538832138, 0.05996834771611065, 0.05996834771611065]
Timestep: 305, Trans probs: [0.1387120498300526, 0.061873844984163526, 0.3278148031185337, 0.06187347066145712, 0.22155440550244895, 0.06442448458043003, 0.06187347066145712, 0.06187347066145712]
Timestep: 306, Trans probs: [0.1632476426756902, 0.06390909994918557, 0.44264524463801336, 0.06390909994918557, 0.07443347421458382, 0.06403723867497044, 0.06390909994918557, 0.06390909994918557]
Timestep: 307, Trans probs: [0.21423866413734763, 0.06433137031097726, 0.39059642776846354, 0.06433137031097726, 0.07339767048474449, 0.06444175636553531, 0.06433137031097726, 0.06433137031097726]
Timestep: 308, Trans probs: [0.1908038029574104, 0.0612909750274464, 0.29741144853721957, 0.06129064267828401, 0.20306623907245736, 0.0635556063706144, 0.06129064267828401, 0.06129064267828401]
Timestep: 309, Trans probs: [0.17621580591940544, 0.060524395738037626, 0.3319705398442509, 0.060524098856687074, 0.1871696129598623, 0.06254734896838259, 0.060524098856687074, 0.060524098856687074]
Timestep: 310, Trans probs: [0.1630612241510554, 0.0601115333662476, 0.36177311779342, 0.06011126918204247, 0.1728086293038115, 0.06191168783933814, 0.06011126918204247, 0.06011126918204247]
Timestep: 311, Trans probs: [0.15121459522135688, 0.06001639533265675, 0.38726010502133756, 0.060016161304523565, 0.15984935455614038, 0.06161106595493777, 0.060016161304523565, 0.060016161304523565]
Timestep: 312, Trans probs: [0.13679354976468103, 0.07136480096184254, 0.46003448114975987, 0.0608962968027295, 0.07593146170994598, 0.07318681600558205, 0.0608962968027295, 0.0608962968027295]
Timestep: 313, Trans probs: [0.1405853927781103, 0.060190606386220036, 0.3486687580451215, 0.06019040008125129, 0.2083876715270601, 0.06159637101973437, 0.06019040008125129, 0.06019040008125129]
Timestep: 314, Trans probs: [0.1313078945063582, 0.06004995768459974, 0.3757924064754987, 0.06004977482614476, 0.19140445937454084, 0.06129595748056824, 0.06004977482614476, 0.06004977482614476]
Timestep: 315, Trans probs: [0.12304480541360825, 0.06016891238709799, 0.39893944898869843, 0.06016875103821298, 0.17607223439129924, 0.06126834570465719, 0.06016875103821298, 0.06016875103821298]
Timestep: 316, Trans probs: [0.12746523757110617, 0.07089832835897927, 0.4687732836561904, 0.06184770557938501, 0.07484646872032062, 0.07247356495524858, 0.06184770557938501, 0.06184770557938501]
Timestep: 317, Trans probs: [0.1157199865323302, 0.060504316852777615, 0.3580021518063425, 0.060504175161164055, 0.22279121404778235, 0.061469805277275205, 0.060504175161164055, 0.060504175161164055]
Timestep: 318, Trans probs: [0.19457029369232667, 0.06421824795867082, 0.41214062135003443, 0.06421824795867082, 0.07210185885391376, 0.06431423426904191, 0.06421824795867082, 0.06421824795867082]
Timestep: 319, Trans probs: [0.16976215006818615, 0.06051664614367884, 0.32306470495646844, 0.06051652109786767, 0.2037382256753408, 0.061368709862722796, 0.06051652109786767, 0.06051652109786767]
Timestep: 320, Trans probs: [0.15734585055363248, 0.06007585128982381, 0.353919101756791, 0.060075739951548794, 0.1875974648587742, 0.06083451168633219, 0.060075739951548794, 0.060075739951548794]
Timestep: 321, Trans probs: [0.1461849734436128, 0.05994472763464527, 0.3804127896944172, 0.05994462892137008, 0.17300626133853517, 0.06061736112467918, 0.05994462892137008, 0.05994462892137008]
Timestep: 322, Trans probs: [0.13618432869241584, 0.06008205285952711, 0.4029594655122333, 0.06008196575048856, 0.1598526407481829, 0.06067561493617505, 0.06008196575048856, 0.06008196575048856]
Timestep: 323, Trans probs: [0.17722923911782243, 0.0643073091864432, 0.4300143060305298, 0.0643073091864432, 0.07113675748630237, 0.06439046061957256, 0.0643073091864432, 0.0643073091864432]
Timestep: 324, Trans probs: [0.11927259708894507, 0.07058431545374032, 0.4758375897018517, 0.06279426156880195, 0.07398255963086953, 0.07194015341818755, 0.06279426156880195, 0.06279426156880195]
Timestep: 325, Trans probs: [0.11212633235151556, 0.0703907366092628, 0.4177738493255254, 0.06371310230316585, 0.1370168138716348, 0.07155296093256387, 0.06371310230316585, 0.06371310230316585]
Timestep: 326, Trans probs: [0.18770582317191722, 0.06043975713861212, 0.36152481494276334, 0.06043968064704708, 0.1480495911874838, 0.060960971618082394, 0.06043968064704708, 0.06043968064704708]
Timestep: 327, Trans probs: [0.17295187799903852, 0.06032563121075281, 0.38710148333651034, 0.06032556351825513, 0.13785742816349883, 0.06078688873543409, 0.06032556351825513, 0.06032556351825513]
Timestep: 328, Trans probs: [0.15967300208340476, 0.06047914651743712, 0.40876109999922705, 0.06047908689829833, 0.12876409863128602, 0.06088539207375011, 0.06047908689829833, 0.06047908689829833]
Timestep: 329, Trans probs: [0.1620039029371343, 0.06455380201455835, 0.38015400272141076, 0.06455380201455835, 0.13500132570453638, 0.06462556057868522, 0.06455380201455835, 0.06455380201455835]
Timestep: 330, Trans probs: [0.21342428950305337, 0.06388617093175916, 0.3412770777656762, 0.06388617093175916, 0.12580470722165882, 0.06394924178257508, 0.06388617093175916, 0.06388617093175916]
Timestep: 331, Trans probs: [0.20862947804260634, 0.06084852531476494, 0.36607926430744997, 0.06084847306516198, 0.1206927583777335, 0.06120455476195935, 0.06084847306516198, 0.06084847306516198]
Timestep: 332, Trans probs: [0.10581573880210028, 0.06937031203181844, 0.4362601956139362, 0.06353909702761536, 0.1275512431212629, 0.07038521934803597, 0.06353909702761536, 0.06353909702761536]
Timestep: 333, Trans probs: [0.19115701342452748, 0.060817709028240144, 0.33002400027429885, 0.06081766294532635, 0.1744165698585299, 0.06113171857842469, 0.06081766294532635, 0.06081766294532635]
Timestep: 334, Trans probs: [0.17630378358983498, 0.060362251048307745, 0.360193208627891, 0.06036221005588666, 0.16141255264874063, 0.06064157391756582, 0.06036221005588666, 0.06036221005588666]
Timestep: 335, Trans probs: [0.16290533847251573, 0.060229027668202054, 0.385984409054552, 0.06022899136584797, 0.14971785834481452, 0.060476392362371706, 0.06022899136584797, 0.06022899136584797]
Timestep: 336, Trans probs: [0.10038172032081234, 0.06873229754725854, 0.45101006459624504, 0.06366843617132312, 0.11925695999709787, 0.06961364902461686, 0.06366843617132312, 0.06366843617132312]
Timestep: 337, Trans probs: [0.1508605205978452, 0.060369808071490144, 0.3474646241983169, 0.060369776077490146, 0.19960790331278871, 0.06058781558708872, 0.060369776077490146, 0.060369776077490146]
Timestep: 338, Trans probs: [0.09572952377003227, 0.06838580229215757, 0.46266797394634734, 0.06401084682908839, 0.11203690795928671, 0.06914725154491098, 0.06401084682908839, 0.06401084682908839]
Timestep: 339, Trans probs: [0.19528408600007383, 0.0630874155024251, 0.3713976187469893, 0.0630874155024251, 0.11782546101093579, 0.0631431722323009, 0.0630874155024251, 0.0630874155024251]
Timestep: 340, Trans probs: [0.24169388860756114, 0.06268818938860128, 0.33396487859491, 0.06268818938860128, 0.11085122649507706, 0.06273724874804676, 0.06268818938860128, 0.06268818938860128]
Timestep: 341, Trans probs: [0.14041318084965482, 0.06016402136890306, 0.3147660356778164, 0.0601639929959183, 0.24380742787436538, 0.060357355241505484, 0.0601639929959183, 0.0601639929959183]
Timestep: 342, Trans probs: [0.13121068095999794, 0.05989438643508271, 0.34604996156199386, 0.05989436122041191, 0.22309568786483314, 0.060066199516856655, 0.05989436122041191, 0.05989436122041191]
Timestep: 343, Trans probs: [0.22024899340434784, 0.06221056776735294, 0.3639226768892086, 0.06221056776735294, 0.10473217792510033, 0.062253880711931525, 0.06221056776735294, 0.06221056776735294]
Timestep: 344, Trans probs: [0.18288140170730727, 0.059864878209412234, 0.31326000883692806, 0.05986485588143627, 0.20438212228558078, 0.060017021316462714, 0.05986485588143627, 0.05986485588143627]
Timestep: 345, Trans probs: [0.16917944161109627, 0.05948175520793615, 0.344923863837934, 0.05948173529738077, 0.18835230746986667, 0.0596174259810247, 0.05948173529738077, 0.05948173529738077]
Timestep: 346, Trans probs: [0.15681923408691095, 0.059381446766365004, 0.37230375154827533, 0.059381429081028836, 0.17384932548743853, 0.05950195486792361, 0.059381429081028836, 0.059381429081028836]
Timestep: 347, Trans probs: [0.15626140318924495, 0.06825514391986127, 0.4073030774301906, 0.06449306763137443, 0.10579124936888352, 0.0689099231976965, 0.06449306763137443, 0.06449306763137443]
Timestep: 348, Trans probs: [0.14569433132921866, 0.05953487350819839, 0.3362367246228773, 0.05953485786992275, 0.2202880640162061, 0.059641432913731404, 0.05953485786992275, 0.05953485786992275]
Timestep: 349, Trans probs: [0.13594326949754162, 0.05944486958738333, 0.3645650045660557, 0.05944485570262714, 0.20217280875177368, 0.05953948048936448, 0.05944485570262714, 0.05944485570262714]
Timestep: 350, Trans probs: [0.1272277095926515, 0.05958727518087352, 0.3889639520068159, 0.05958726290387242, 0.18578834368838879, 0.059670930819653044, 0.05958726290387242, 0.05958726290387242]
Timestep: 351, Trans probs: [0.2010123469458216, 0.06202710065649985, 0.3893917711208053, 0.06202710065649985, 0.09942228753318824, 0.06206519177418536, 0.06202710065649985, 0.06202710065649985]
Timestep: 352, Trans probs: [0.14428879184508214, 0.06741923736696515, 0.427695763311162, 0.06413323100094662, 0.1002053565210348, 0.06799115795291609, 0.06413323100094662, 0.06413323100094662]
Timestep: 353, Trans probs: [0.13374358161222616, 0.06696316019080685, 0.3799533732100268, 0.06410844233266375, 0.15955454181909162, 0.0674600161698572, 0.06410844233266375, 0.06410844233266375]
Timestep: 354, Trans probs: [0.17940155342269892, 0.05993226935939834, 0.34984920707800815, 0.05993225855319737, 0.17101429153260156, 0.06000590294770086, 0.05993225855319737, 0.05993225855319737]
Timestep: 355, Trans probs: [0.18379922751799105, 0.06209513642501881, 0.3487559204903395, 0.06209513642501881, 0.15693581492437556, 0.062128491367218784, 0.06209513642501881, 0.06209513642501881]
Timestep: 356, Trans probs: [0.22558833015463473, 0.05978683633019598, 0.31705336199052214, 0.05978682674098811, 0.15835881398939877, 0.059852177312284024, 0.05978682674098811, 0.05978682674098811]
Timestep: 357, Trans probs: [0.20711234356967553, 0.059504793292897276, 0.34804540121909927, 0.05950478475594475, 0.1472601434565012, 0.05956296419399246, 0.05950478475594475, 0.05950478475594475]
Timestep: 358, Trans probs: [0.19038728012658362, 0.059479854083581536, 0.37485520337811506, 0.059479846512488596, 0.13730667926887158, 0.05953144360538238, 0.059479846512488596, 0.059479846512488596]
Timestep: 359, Trans probs: [0.17527401866423228, 0.05968693339915571, 0.39784024274183766, 0.05968692671412193, 0.12840553974962574, 0.05973248530278279, 0.05968692671412193, 0.05968692671412193]
Timestep: 360, Trans probs: [0.16167075224901664, 0.06009005961210439, 0.4173573222192372, 0.06009005373713696, 0.12048161299469617, 0.060130091713534735, 0.06009005373713696, 0.06009005373713696]
Timestep: 361, Trans probs: [0.1694069846115452, 0.06156398182813748, 0.3771404578643301, 0.06156398182813748, 0.14560309229298704, 0.06159353791858776, 0.06156398182813748, 0.06156398182813748]
Timestep: 362, Trans probs: [0.21787323732773645, 0.0613905707145784, 0.33965460035069006, 0.0613905707145784, 0.13549324724710102, 0.06141663221615889, 0.0613905707145784, 0.0613905707145784]
Timestep: 363, Trans probs: [0.21013988371825254, 0.06064889839965952, 0.373113503725829, 0.060648893261435084, 0.11346712404681707, 0.060683910325136634, 0.060648893261435084, 0.060648893261435084]
Timestep: 364, Trans probs: [0.1923552888290956, 0.06075629329146608, 0.3965795241522188, 0.06075628876821557, 0.10725291264568532, 0.06078711477688746, 0.06075628876821557, 0.06075628876821557]
Timestep: 365, Trans probs: [0.1996580205818008, 0.06101558942984729, 0.36857095483540486, 0.06101558942984729, 0.12666998714492217, 0.061038679718483035, 0.06101558942984729, 0.06101558942984729]
Timestep: 366, Trans probs: [0.24418052686369476, 0.06093993916927074, 0.3322437552806935, 0.06093993916927074, 0.11885565337282149, 0.06096030780570709, 0.06093993916927074, 0.06093993916927074]
Timestep: 367, Trans probs: [0.23746125920518107, 0.06106307870726158, 0.355383013962392, 0.06106307474302482, 0.10181333283006411, 0.06109009106602674, 0.06106307474302482, 0.06106307474302482]
Timestep: 368, Trans probs: [0.21634874648089084, 0.06108866875582742, 0.38122839619759435, 0.0610886652666321, 0.09695574858943733, 0.061112444176353746, 0.0610886652666321, 0.0610886652666321]
Timestep: 369, Trans probs: [0.12476545461564083, 0.06597220080606131, 0.40498662707667227, 0.06345891700197447, 0.14748933539103928, 0.06640963110466294, 0.06345891700197447, 0.06345891700197447]
Timestep: 370, Trans probs: [0.1974305442394406, 0.06130092418756495, 0.3419944553175163, 0.06130092112829279, 0.1540495427643012, 0.06132177010629851, 0.06130092112829279, 0.06130092112829279]
Timestep: 371, Trans probs: [0.18164918852818265, 0.06087775485912355, 0.3707811060124544, 0.06087775214499942, 0.1431624452304666, 0.060896248934774674, 0.06087775214499942, 0.06087775214499942]
Timestep: 372, Trans probs: [0.16742814874596232, 0.06077807376945631, 0.39522363944829436, 0.06077807137268472, 0.13344151851724015, 0.060794405400992776, 0.06077807137268472, 0.06077807137268472]
Timestep: 373, Trans probs: [0.15466545008845767, 0.06094659876864298, 0.415787543384754, 0.06094659666247774, 0.12479966756585936, 0.06096095020485259, 0.06094659666247774, 0.06094659666247774]
Timestep: 374, Trans probs: [0.11689190978954528, 0.06542230366694005, 0.42542910709049475, 0.06322208988238513, 0.13678516483671246, 0.06580524496915202, 0.06322208988238513, 0.06322208988238513]
Timestep: 375, Trans probs: [0.2228387512730471, 0.060738100694495055, 0.36148048018690043, 0.060738100694495055, 0.11197224630186992, 0.06075611946020233, 0.060738100694495055, 0.060738100694495055]
Timestep: 376, Trans probs: [0.26440006081728734, 0.06076830749860847, 0.32582025198535775, 0.06076830749860847, 0.10592226930562701, 0.060784187897293965, 0.06076830749860847, 0.06076830749860847]
Timestep: 377, Trans probs: [0.17332603979925815, 0.06521368595986422, 0.3786702065614203, 0.06329796839306381, 0.12734905104109304, 0.06554711145917282, 0.06329796839306381, 0.06329796839306381]
Timestep: 378, Trans probs: [0.24047929375022342, 0.06070568682369479, 0.2947032992132658, 0.06070568682369479, 0.16127495311756562, 0.06071970662416596, 0.06070568682369479, 0.06070568682369479]
Timestep: 379, Trans probs: [0.1432732226654375, 0.061326738100441446, 0.3715948173770906, 0.06132673625883929, 0.17848572628011092, 0.061339286800401745, 0.06132673625883929, 0.06132673625883929]
Timestep: 380, Trans probs: [0.13348573031865688, 0.061151848522626236, 0.3961762683630341, 0.06115184689705032, 0.16456768688734755, 0.06116292521718417, 0.06115184689705032, 0.06115184689705032]
Timestep: 381, Trans probs: [0.12479515773810251, 0.061263569445562834, 0.4167825124101554, 0.06126356801780287, 0.15209475813307285, 0.06127329821969778, 0.06126356801780287, 0.06126356801780287]
Timestep: 382, Trans probs: [0.11712096623116755, 0.061600164063563674, 0.43389139300359386, 0.06160016281583195, 0.1409783221311108, 0.0616086661230682, 0.06160016281583195, 0.06160016281583195]
Timestep: 383, Trans probs: [0.2204346653001884, 0.060159083906502174, 0.32893668535657467, 0.060159083906502174, 0.14982073058066697, 0.06017158313656134, 0.060159083906502174, 0.060159083906502174]
Timestep: 384, Trans probs: [0.26221137953785834, 0.0598959038965917, 0.2987294839105975, 0.0598959038965917, 0.13956851035490744, 0.059907010610270005, 0.0598959038965917, 0.0598959038965917]
Timestep: 385, Trans probs: [0.29920537652409873, 0.05965230649622146, 0.2720253010253387, 0.05965230649622146, 0.13049791377849784, 0.05966218268717878, 0.05965230649622146, 0.05965230649622146]
Timestep: 386, Trans probs: [0.1724892316580332, 0.06210390427673498, 0.38585194185480703, 0.06210390319169545, 0.1311319148857896, 0.06211129774954871, 0.06210390319169545, 0.06210390319169545]
Timestep: 387, Trans probs: [0.15901461183613283, 0.06195021877678476, 0.40857963733348407, 0.0619502178226842, 0.12264815855566598, 0.06195672002987963, 0.0619502178226842, 0.0619502178226842]
Timestep: 388, Trans probs: [0.22251766256768854, 0.0645104646810296, 0.3404811705988773, 0.06282384502406878, 0.11921515077600048, 0.06480401630419767, 0.06282384502406878, 0.06282384502406878]
Timestep: 389, Trans probs: [0.14699813427224614, 0.062080046449427995, 0.3653334484355989, 0.06208004561472031, 0.17726249984055747, 0.06208573415800853, 0.06208004561472031, 0.06208004561472031]
Timestep: 390, Trans probs: [0.27224669376670213, 0.05953205685027629, 0.3076438067800784, 0.05953205685027629, 0.12244044549425984, 0.05954082655785448, 0.05953205685027629, 0.05953205685027629]
Timestep: 391, Trans probs: [0.19842453322103243, 0.061705146561433534, 0.32959063849863546, 0.061705145824076324, 0.16345407332408748, 0.06171017092258205, 0.061705145824076324, 0.061705145824076324]
Timestep: 392, Trans probs: [0.18262394978555868, 0.06110368904809497, 0.36031197711285856, 0.06110368839270993, 0.15154116402550857, 0.061108154849849376, 0.06110368839270993, 0.06110368839270993]
Timestep: 393, Trans probs: [0.16837954012534195, 0.06085645919235609, 0.3864572228134502, 0.060856458612460876, 0.1408769914259037, 0.060860410605565345, 0.060856458612460876, 0.060856458612460876]
Timestep: 394, Trans probs: [0.15558257165249093, 0.060907649473290575, 0.408509343006073, 0.06090764896268827, 0.1313663602562437, 0.06091112872383696, 0.06090764896268827, 0.06090764896268827]
Timestep: 395, Trans probs: [0.1441438464603038, 0.061198368677319544, 0.42693343875615575, 0.061198368229976666, 0.12292782453895958, 0.06120141687733126, 0.061198368229976666, 0.061198368229976666]
Timestep: 396, Trans probs: [0.13397978372214484, 0.061671660276000025, 0.44217464530112977, 0.06167165988602669, 0.11548461348346808, 0.0616743175591772, 0.06167165988602669, 0.06167165988602669]
Timestep: 397, Trans probs: [0.12500597391958698, 0.06227528139000419, 0.45465476958485507, 0.062275281051684006, 0.1089605452425608, 0.06227758670794092, 0.062275281051684006, 0.062275281051684006]
Timestep: 398, Trans probs: [0.2481001305455505, 0.05952002451106335, 0.3390011235792448, 0.05952002451106335, 0.11529084862037062, 0.05952779921058079, 0.05952002451106335, 0.05952002451106335]
Timestep: 399, Trans probs: [0.1800979686075484, 0.06296321147595796, 0.40180537336815003, 0.06296321118379909, 0.10327861074691118, 0.06296520225003517, 0.06296321118379909, 0.06296321118379909]
Timestep: 400, Trans probs: [0.16527365144985662, 0.06293102715841385, 0.4219141987693483, 0.0629310269031497, 0.098155275381437, 0.06293276653149509, 0.0629310269031497, 0.0629310269031497]
Timestep: 401, Trans probs: [0.1521279753253516, 0.06313591749045565, 0.43842575294243596, 0.06313591726849063, 0.09376517247347553, 0.0631374299628093, 0.06313591726849063, 0.06313591726849063]
Timestep: 402, Trans probs: [0.22636796641045254, 0.059656280377774824, 0.36638403727387103, 0.059656280377774824, 0.10895972130910078, 0.05966315349547639, 0.059656280377774824, 0.059656280377774824]
Timestep: 403, Trans probs: [0.2040558874692849, 0.06351502162929983, 0.38834194635451974, 0.06351502143718107, 0.09002574950653273, 0.0635163307288196, 0.06351502143718107, 0.06351502143718107]
Timestep: 404, Trans probs: [0.18613574190561477, 0.06337026127601392, 0.41048385423994, 0.06337026110819405, 0.08652795445114088, 0.06337140480270828, 0.06337026110819405, 0.06337026110819405]
Timestep: 405, Trans probs: [0.20679685989797694, 0.05994819518120289, 0.39007877891394427, 0.05994819518120289, 0.10337733106846395, 0.05995424939480324, 0.05994819518120289, 0.05994819518120289]
Timestep: 406, Trans probs: [0.23370380963594836, 0.06346620860597882, 0.36535727367284593, 0.0634662084600228, 0.08360687955301761, 0.06346720315214091, 0.0634662084600228, 0.0634662084600228]
Timestep: 407, Trans probs: [0.27057503536321204, 0.09146440894902857, 0.18063851094261651, 0.09146440894902857, 0.09146440894902857, 0.09146440894902857, 0.09146440894902857, 0.09146440894902857]
Timestep: 408, Trans probs: [0.20348165547477756, 0.06371575887033055, 0.3700505993604936, 0.062223852730998175, 0.11210500697289434, 0.06397542112850951, 0.062223852730998175, 0.062223852730998175]
Timestep: 409, Trans probs: [0.18921007527405143, 0.060383909076636946, 0.41038201062025925, 0.060383909076636946, 0.09848305753272306, 0.06038922026641847, 0.060383909076636946, 0.060383909076636946]
Timestep: 410, Trans probs: [0.23441011751946692, 0.06094092884665787, 0.36666047691429904, 0.06094092884665787, 0.09422012206623852, 0.06094556811336402, 0.06094092884665787, 0.06094092884665787]
Timestep: 411, Trans probs: [0.21220043240743172, 0.1265114782108681, 0.32738699927677517, 0.06325573904158395, 0.08087726366015768, 0.06325660932001541, 0.06325573904158395, 0.06325573904158395]
Timestep: 412, Trans probs: [0.19480314509507585, 0.11856017462746331, 0.35956951513965024, 0.06227747753295096, 0.07795648066334632, 0.062278251875611236, 0.06227747753295096, 0.06227747753295096]
Timestep: 413, Trans probs: [0.13945878811703494, 0.07366045547661071, 0.34491802354669004, 0.07366045547661071, 0.14732091095322142, 0.07366045547661071, 0.07366045547661071, 0.07366045547661071]
Timestep: 414, Trans probs: [0.24833620496887113, 0.06328812137399575, 0.33303746815683677, 0.06197439321332595, 0.10589825362696932, 0.06351677223334905, 0.06197439321332595, 0.06197439321332595]
Timestep: 415, Trans probs: [0.1790761634621931, 0.11157972898174073, 0.32494065998020016, 0.061753740388646304, 0.07563406012197943, 0.12350816628794774, 0.061753740388646304, 0.061753740388646304]
Timestep: 416, Trans probs: [0.21340699835833812, 0.06112414594384812, 0.3906293523791996, 0.06112414594384812, 0.09033884688471365, 0.06112821860235612, 0.06112414594384812, 0.06112414594384812]
Timestep: 417, Trans probs: [0.226610638451631, 0.10536763510777006, 0.2970539891696693, 0.0606032912035479, 0.0730735587002494, 0.11608430496003683, 0.0606032912035479, 0.0606032912035479]
Timestep: 418, Trans probs: [0.19463253447420056, 0.06145655678042587, 0.41107542025823746, 0.06145655678042587, 0.08700569970192266, 0.06146011844393569, 0.06145655678042587, 0.06145655678042587]
Timestep: 419, Trans probs: [0.2685728867437563, 0.09988679077228454, 0.2723255870620217, 0.0596173119284684, 0.0708354183349779, 0.10952738130155433, 0.0596173119284684, 0.0596173119284684]
Timestep: 420, Trans probs: [0.17790907201905887, 0.06191552145968903, 0.42834191657387377, 0.06191552145968903, 0.08416830197260981, 0.061918623595701515, 0.06191552145968903, 0.06191552145968903]
Timestep: 421, Trans probs: [0.3055079779159036, 0.09507866892507551, 0.24997237325320038, 0.05890647981398179, 0.06898318003596508, 0.10373836042790993, 0.05890647981398179, 0.05890647981398179]
Timestep: 422, Trans probs: [0.279321607078027, 0.09089415083103186, 0.28809665396059814, 0.05850401652048424, 0.06752712741362794, 0.09864841115526231, 0.05850401652048424, 0.05850401652048424]
Timestep: 423, Trans probs: [0.2556542548900332, 0.08722998594109654, 0.3217760970635434, 0.05827834162626305, 0.06634357206609261, 0.09416106516044512, 0.05827834162626305, 0.05827834162626305]
Timestep: 424, Trans probs: [0.1630825760850238, 0.062473266389115385, 0.4427737437655259, 0.062473266389115385, 0.08177465750459471, 0.06247595708839387, 0.062473266389115385, 0.062473266389115385]
Timestep: 425, Trans probs: [0.2924014359189331, 0.08406178386045203, 0.29305541799407375, 0.058264258032610705, 0.06545082706877398, 0.09023776105993521, 0.058264258032610705, 0.058264258032610705]
Timestep: 426, Trans probs: [0.15000870044986964, 0.0631008523396607, 0.45471102676855896, 0.0631008523396607, 0.07977368681640923, 0.06310317660651941, 0.0631008523396607, 0.0631008523396607]
Timestep: 427, Trans probs: [0.3250001253395901, 0.08127941478635649, 0.2672594810686992, 0.05832261237813171, 0.06471782432431823, 0.08677531734664093, 0.05832261237813171, 0.05832261237813171]
Timestep: 428, Trans probs: [0.29519167690664133, 0.07888329104307164, 0.302453912870529, 0.05850853970478769, 0.06418445444422415, 0.08376104562117068, 0.05850853970478769, 0.05850853970478769]
Timestep: 429, Trans probs: [0.26851807808639233, 0.07678184429490754, 0.33367695962198546, 0.05872161944304009, 0.06375276287798544, 0.08110549678960907, 0.05872161944304009, 0.05872161944304009]
Timestep: 430, Trans probs: [0.13854611638228592, 0.06377071047047371, 0.46448233466582234, 0.06377071047047371, 0.07811599680316889, 0.06377271026682799, 0.06377071047047371, 0.06377071047047371]
Timestep: 431, Trans probs: [0.3035376526130871, 0.07498937786828665, 0.3021280066486504, 0.05902109173293001, 0.06346947145224016, 0.07881221621894559, 0.05902109173293001, 0.05902109173293001]
Timestep: 432, Trans probs: [0.2753175671387894, 0.07340560534497648, 0.33337056321070563, 0.059298353895911864, 0.06322829419816373, 0.0767829084196291, 0.059298353895911864, 0.059298353895911864]
Timestep: 433, Trans probs: [0.2500694000932379, 0.07206063693739356, 0.3608732970969408, 0.05962346204361055, 0.06308815926246347, 0.07503812047913273, 0.05962346204361055, 0.05962346204361055]
Timestep: 434, Trans probs: [0.1285541860685922, 0.06445819878955976, 0.4723984135413788, 0.06445819878955976, 0.07675469225666187, 0.06445991297512813, 0.06445819878955976, 0.06445819878955976]
Timestep: 435, Trans probs: [0.22620560592460554, 0.06280088822714588, 0.36264095907522204, 0.06164081472054625, 0.10042730670490736, 0.06300279590648022, 0.06164081472054625, 0.06164081472054625]
Timestep: 436, Trans probs: [0.20633989120715976, 0.06258491095923109, 0.326368625834024, 0.061564338564643675, 0.15725101746111095, 0.06276253884454315, 0.061564338564643675, 0.061564338564643675]
Timestep: 437, Trans probs: [0.18972838073119483, 0.06186502898838803, 0.2964883433312376, 0.060957277431933625, 0.20702339394366176, 0.062023020709717026, 0.060957277431933625, 0.060957277431933625]
Timestep: 438, Trans probs: [0.2874612223667268, 0.07096328430583194, 0.32482477671279664, 0.06003121582199884, 0.06307662666455116, 0.07358044248409712, 0.06003121582199884, 0.06003121582199884]
Timestep: 439, Trans probs: [0.17529414956528636, 0.061065666397922255, 0.3309243439738786, 0.06025471406503511, 0.1907448873935379, 0.061206810474269596, 0.06025471406503511, 0.06025471406503511]
Timestep: 440, Trans probs: [0.1198931742122756, 0.06514245831313001, 0.41360450328454246, 0.06514245831313001, 0.1407885666822635, 0.06514392256839835, 0.06514245831313001, 0.06514245831313001]
Timestep: 441, Trans probs: [0.26038173776409895, 0.06992448043786778, 0.2932511505097782, 0.06030733674134098, 0.12329377796607403, 0.07222684309815831, 0.06030733674134098, 0.06030733674134098]
Timestep: 442, Trans probs: [0.2384457635240733, 0.06834096775494898, 0.3275542385575703, 0.05975152208432343, 0.116007166375183, 0.07039729753525417, 0.05975152208432343, 0.05975152208432343]
Timestep: 443, Trans probs: [0.2221658873603531, 0.0606101116609213, 0.30079399861412237, 0.05988833504363324, 0.17602926229032181, 0.060735734943381726, 0.05988833504363324, 0.05988833504363324]
Timestep: 444, Trans probs: [0.11245590329712857, 0.06476953398361604, 0.433039935405349, 0.06476953398361604, 0.13065521605333277, 0.06477080930972544, 0.06476953398361604, 0.06476953398361604]
Timestep: 445, Trans probs: [0.17076671507021765, 0.06472562298988185, 0.38379508887512037, 0.06472562298988185, 0.12180897616274579, 0.06472672793238873, 0.06472562298988185, 0.06472562298988185]
Timestep: 446, Trans probs: [0.21852992262070745, 0.06713703140629539, 0.29783626790057993, 0.0594924437970779, 0.169052286328064, 0.06896716035311962, 0.0594924437970779, 0.0594924437970779]
Timestep: 447, Trans probs: [0.20150422754706593, 0.06575307743321206, 0.33151505146319626, 0.05889831990944136, 0.15713856428663733, 0.06739411954156434, 0.05889831990944136, 0.05889831990944136]
Timestep: 448, Trans probs: [0.18599337002322802, 0.06475912865252512, 0.3607385449579047, 0.05863740277780896, 0.14637206645581743, 0.06622468157709784, 0.05863740277780896, 0.05863740277780896]
Timestep: 449, Trans probs: [0.17188122906751988, 0.06411841927089404, 0.3858858229277885, 0.05867693365094491, 0.13666260640815425, 0.06542112137280848, 0.05867693365094491, 0.05867693365094491]
Timestep: 450, Trans probs: [0.15909038577145665, 0.06378462104733444, 0.4073288695344783, 0.058972154211852916, 0.12794292616627626, 0.06493673484489584, 0.058972154211852916, 0.058972154211852916]
Timestep: 451, Trans probs: [0.14755885271383312, 0.063707848314782, 0.42543544596570315, 0.059473789871829136, 0.12015499335723107, 0.06472149003296317, 0.059473789871829136, 0.059473789871829136]
Timestep: 452, Trans probs: [0.1571437686365544, 0.06410157684237926, 0.40815993136551676, 0.06410157684237926, 0.1141874462913713, 0.06410254633704052, 0.06410157684237926, 0.06410157684237926]
Timestep: 453, Trans probs: [0.1973602848176314, 0.06383832901479988, 0.38043538773063185, 0.060132528135422615, 0.11324290917235652, 0.06472550485831269, 0.060132528135422615, 0.060132528135422615]
Timestep: 454, Trans probs: [0.18125980696587396, 0.06354393166518497, 0.4029396366862149, 0.06027681659348748, 0.10710008961794694, 0.06432608528431676, 0.06027681659348748, 0.06027681659348748]
Timestep: 455, Trans probs: [0.16677995392109587, 0.06350217282059967, 0.42190607275091924, 0.06063577613159734, 0.10171607842282611, 0.06418839368976718, 0.06063577613159734, 0.06063577613159734]
Timestep: 456, Trans probs: [0.15383126170323042, 0.06366359334867529, 0.43773265182517984, 0.06116105792166934, 0.0970266142245883, 0.06426270513331812, 0.06116105792166934, 0.06116105792166934]
Timestep: 457, Trans probs: [0.1423247675136035, 0.06398089683548436, 0.45080433980006246, 0.061806521968765724, 0.09296898359243634, 0.06450144635211633, 0.061806521968765724, 0.061806521968765724]
Timestep: 458, Trans probs: [0.1321671768702086, 0.06441084184717338, 0.461488564954477, 0.0625303160235214, 0.08948142491870159, 0.06486104333887534, 0.0625303160235214, 0.0625303160235214]
Timestep: 459, Trans probs: [0.12325956509763171, 0.06491536570967954, 0.47013048446884675, 0.06329606659068138, 0.0865033559249144, 0.0653030290268835, 0.06329606659068138, 0.06329606659068138]
Timestep: 460, Trans probs: [0.11549822006283933, 0.0654621586021321, 0.47704861831122325, 0.0640734455665361, 0.08397604715581906, 0.06579461916837794, 0.0640734455665361, 0.0640734455665361]
Timestep: 461, Trans probs: [0.10877669274921904, 0.06602481076912214, 0.48253135695737503, 0.06483826462482489, 0.08184347345626132, 0.0663088721935478, 0.06483826462482489, 0.06483826462482489]
Timestep: 462, Trans probs: [0.263757801642874, 0.060083614246088185, 0.27451677008373027, 0.05943922115287017, 0.16312838143475852, 0.06019576913393843, 0.05943922115287017, 0.05943922115287017]
Timestep: 463, Trans probs: [0.1029883708441725, 0.06658262101478832, 0.42126251861297165, 0.06557220696774317, 0.1456253525477777, 0.06682451607706026, 0.06557220696774317, 0.06557220696774317]
Timestep: 464, Trans probs: [0.2414947079931925, 0.05965857413154688, 0.31018336738185565, 0.05908327320482886, 0.15165482716560647, 0.05975870371331193, 0.05908327320482886, 0.05908327320482886]
Timestep: 465, Trans probs: [0.09773190113311346, 0.06612085047792497, 0.37408880229590535, 0.06524350967946466, 0.19999702950560003, 0.06633088754906222, 0.06524350967946466, 0.06524350967946466]
Timestep: 466, Trans probs: [0.09303330360111912, 0.06533091136059747, 0.39978114598063513, 0.06456205241969507, 0.18265350413175002, 0.06551497766681304, 0.06456205241969507, 0.06456205241969507]
Timestep: 467, Trans probs: [0.22138707772800023, 0.05943947970838503, 0.3414899391400135, 0.058927102980823653, 0.14137353697890873, 0.05952865750222162, 0.058927102980823653, 0.058927102980823653]
Timestep: 468, Trans probs: [0.1450693170735202, 0.0638684743101645, 0.4280074797451258, 0.0638684743101645, 0.1075799855220938, 0.0638693204186023, 0.0638684743101645, 0.0638684743101645]
Timestep: 469, Trans probs: [0.08908997483199589, 0.06493135763209311, 0.35659769173245126, 0.06426085348672138, 0.23150653773182117, 0.06509187761147443, 0.06426085348672138, 0.06426085348672138]
Timestep: 470, Trans probs: [0.13443415528367264, 0.06393041869964634, 0.4440294835052863, 0.06393041869964634, 0.10188353306764576, 0.06393115334480999, 0.06393041869964634, 0.06393041869964634]
Timestep: 471, Trans probs: [0.14929525920928588, 0.06434766489869896, 0.32014964781415756, 0.06375960837696097, 0.21044015618824388, 0.06448844675873071, 0.06375960837696097, 0.06375960837696097]
Timestep: 472, Trans probs: [0.12512615798334348, 0.06420546606407582, 0.4568459789462585, 0.06420546606407582, 0.09699989795966804, 0.06420610085442668, 0.06420546606407582, 0.06420546606407582]
Timestep: 473, Trans probs: [0.18165594345330924, 0.06462562385388758, 0.4023796113205582, 0.06462562385388758, 0.0928357799025684, 0.06462616990801388, 0.06462562385388758, 0.06462562385388758]
Timestep: 474, Trans probs: [0.20148471655009478, 0.06325961355699464, 0.29057618439907035, 0.06273704140779056, 0.19308364293791885, 0.06338471833254974, 0.06273704140779056, 0.06273704140779056]
Timestep: 475, Trans probs: [0.16631376753081986, 0.06435739844594228, 0.4229647854752803, 0.06435739844594228, 0.08893397904391158, 0.06435787416621916, 0.06435739844594228, 0.06435739844594228]
Timestep: 476, Trans probs: [0.2472831138638461, 0.062144804245924806, 0.2651800114107318, 0.06167805189179961, 0.17810136914870217, 0.06225654565539637, 0.06167805189179961, 0.06167805189179961]
Timestep: 477, Trans probs: [0.15277708874777124, 0.06437022874153446, 0.4396906545807349, 0.06437022874153446, 0.08568070046447201, 0.06437064124088392, 0.06437022874153446, 0.06437022874153446]
Timestep: 478, Trans probs: [0.2875048576765717, 0.06121512474531869, 0.24270467174038884, 0.06079790314867066, 0.16486662799532906, 0.06131500839637987, 0.06079790314867066, 0.06079790314867066]
Timestep: 479, Trans probs: [0.14090390083614313, 0.06458972121793151, 0.45316188440762645, 0.06458972121793151, 0.08298525259070447, 0.06459007729379988, 0.06458972121793151, 0.06458972121793151]
Timestep: 480, Trans probs: [0.3226761037401626, 0.060557240080221765, 0.22251288284049944, 0.060184924467684385, 0.15305262678356962, 0.06064637315249339, 0.060184924467684385, 0.060184924467684385]
Timestep: 481, Trans probs: [0.29336099412851274, 0.06019206522542549, 0.26412125334832726, 0.059860870318744284, 0.14247172241971437, 0.06027135392178724, 0.059860870318744284, 0.059860870318744284]
Timestep: 482, Trans probs: [0.26738266777293884, 0.05987727832462864, 0.3009437102469298, 0.05958253610310931, 0.13310089516798032, 0.059947840178194614, 0.05958253610310931, 0.05958253610310931]
Timestep: 483, Trans probs: [0.24407846911222508, 0.059706879699276856, 0.3333429456900369, 0.059444996901952415, 0.12476713984898459, 0.059769574943619515, 0.059444996901952415, 0.059444996901952415]
Timestep: 484, Trans probs: [0.22306197826843446, 0.059717770513590215, 0.36163169237859566, 0.05948575516789737, 0.11735797790300342, 0.05977331543268408, 0.05948575516789737, 0.05948575516789737]
Timestep: 485, Trans probs: [0.204093468325345, 0.059913323601687885, 0.38611427099071716, 0.05970852903578378, 0.11079099816104637, 0.059962351813852205, 0.05970852903578378, 0.05970852903578378]
Timestep: 486, Trans probs: [0.18700977028292914, 0.06027759344695881, 0.4071008979320857, 0.06009758210634773, 0.10499830351156458, 0.06032068850741855, 0.06009758210634773, 0.06009758210634773]
Timestep: 487, Trans probs: [0.17168534354325166, 0.060784205222504405, 0.4249099671101034, 0.06062668040850038, 0.09991852593330598, 0.060821916965333324, 0.06062668040850038, 0.06062668040850038]
Timestep: 488, Trans probs: [0.13055160162479862, 0.06495313237633792, 0.4639167884237472, 0.06495313237633792, 0.0807656419925452, 0.06495343845355736, 0.06495313237633792, 0.06495313237633792]
Timestep: 489, Trans probs: [0.21927539439069518, 0.061402071486007084, 0.37860020879383843, 0.06126484807911927, 0.09549285805909605, 0.06143492303300544, 0.06126484807911927, 0.06126484807911927]
Timestep: 490, Trans probs: [0.12157739203808028, 0.06540907964684119, 0.47242849749753585, 0.06540907964684119, 0.07894845015331751, 0.06540934172370173, 0.06540907964684119, 0.06540907964684119]
Timestep: 491, Trans probs: [0.2614196224226485, 0.061556055189580086, 0.33968443122747455, 0.06143573379161722, 0.09144782942224547, 0.061584860363199746, 0.06143573379161722, 0.06143573379161722]
Timestep: 492, Trans probs: [0.23725828757360745, 0.061541691143997816, 0.3675032623974064, 0.06143590664900263, 0.08782202278283599, 0.06156701615514459, 0.06143590664900263, 0.06143590664900263]
Timestep: 493, Trans probs: [0.21568659673238968, 0.06168475419781189, 0.39142816459391483, 0.06159204236824163, 0.08471740778339461, 0.061706949587763994, 0.06159204236824163, 0.06159204236824163]
Timestep: 494, Trans probs: [0.19645216432349416, 0.06197533507463999, 0.41180684104505144, 0.061894377647967194, 0.08208781017493608, 0.0619947164379768, 0.061894377647967194, 0.061894377647967194]
Timestep: 495, Trans probs: [0.11384020159821469, 0.06591668889701031, 0.47910747969577205, 0.06591668889701031, 0.0774686506136781, 0.06591691250429385, 0.06591668889701031, 0.06591668889701031]
Timestep: 496, Trans probs: [0.2416793640119214, 0.06239180664612792, 0.3666706208786725, 0.062321390947796276, 0.07988537132042367, 0.06240866429946585, 0.062321390947796276, 0.062321390947796276]
Timestep: 497, Trans probs: [0.10720310450458916, 0.06644445977303863, 0.4843050762355246, 0.06644445977303863, 0.07626933021811144, 0.06644464994962034, 0.06644445977303863, 0.06644445977303863]
Timestep: 498, Trans probs: [0.2816217636916407, 0.06245433619564615, 0.32852527757950806, 0.062392762499854815, 0.07775125797703618, 0.062469077056604407, 0.062392762499854815, 0.062392762499854815]
Timestep: 499, Trans probs: [0.26215812174912706, 0.059440350686187075, 0.30976653056197156, 0.05898560471936199, 0.13215868484378768, 0.059519498000840804, 0.05898560471936199, 0.05898560471936199]
