0.0,0.5,1
6353.9234682731585,0.5342465753424657,0
6292.423999650825,0.3205991132207469,0
575.0,0.3333333333333333,1
2639.0,0.5446609595932059,1
5529.89977104965,0.524582031494917,0
6225.985506476954,0.45218370987632867,0
3450.0,0.3447257300217156,1
2640.0,0.47222862999171356,1
6102.0960584450795,0.5155866284442949,0
2025.0,0.35135590341027456,1
3248.0,0.5644468567929581,1
1700.0,0.4795709777486334,1
7077.291942331344,0.517273840145041,0
2079.0,0.3577957953480261,1
780.0,0.5738131587869615,1
3124.0,0.5804884651900502,1
3888.0,0.5061346661382978,0
616.0,0.48015909441331006,1
5376.577699621578,0.5163138429206152,0
2370.0,0.4846459998845867,1
3547.1557804048225,0.5158834306476072,1
3080.0,0.4845741204815831,1
5071.637844604258,0.43134952384209174,0
1015.0,0.4894326194554527,1
5967.853592826856,0.5225644958162399,0
4228.0,0.4869140938447898,0
5110.544748175573,0.42342170373887933,0
836.0,0.4777159870188832,1
4060.0,0.5671648983384215,0
3525.0,0.4644464855334204,1
728.0,0.47154105944777014,1
5973.319275943701,0.5149642830038503,0
3562.0,0.4667061115193768,1
2024.0,0.49594191762060763,1
1900.0,0.5734178773067556,1
2040.0,0.5792499416734924,1
1452.0,0.5878182315723927,1
3040.0,0.5921723345513172,1
616.0,0.49832572399150726,1
5556.412299828307,0.5137794180261297,0
2820.0,0.4942970415424449,1
748.0,0.5692610932837645,1
5354.529522854304,0.5114954132390832,0
3456.0,0.4954355182118362,1
2639.0,0.5018677947667806,1
1053.0,0.5880893928451008,1
1675.0,0.5987915350592974,1
3297.0,0.6032802284993057,1
2000.0,0.5035522534544318,1
924.0,0.5898356045527694,1
3528.0,0.6009894627460213,1
4077.0,0.5040564102248208,0
1150.0,0.49178956657167777,1
2175.0,0.5874591778451085,1
2310.0,0.593064508653392,1
3886.0,0.5650122933720819,0
2040.0,0.49032939916575435,1
1755.0,0.5872509587766312,1
1242.0,0.5912553739585462,1
1716.0,0.5952789411857842,1
1220.0,0.5972087445233301,1
3480.0,0.5974557578952915,1
4495.0,0.5116275210837448,0
3036.0,0.4851147046619817,1
3168.0,0.4901184989467353,1
3105.0,0.5132681883450652,1
1200.0,0.5195576315567064,1
3325.0,0.5993403308088127,1
3248.0,0.5227280774058392,1
1100.0,0.5048533516156071,1
3197.0,0.5964247678868639,1
1100.0,0.5027166682209502,1
1472.0,0.5966601442443864,1
3744.0,0.6019145702831965,0
1298.0,0.4793090711783451,1
3892.0,0.5940093751780059,0
2838.0,0.4874020714794495,1
1988.0,0.5769515610080992,1
3750.0,0.584981143019415,0
2256.0,0.4782133901762473,1
1742.0,0.585111502291178,1
3186.0,0.5846552001381893,1
3690.0,0.5118623246678308,0
900.0,0.4911942765435515,1
2680.0,0.5888274705719434,1
3416.0,0.5794603924876168,1
960.0,0.49927711485390025,1
1593.0,0.5965607565803266,1
540.0,0.5996113146360637,1
3692.0,0.6066382064144984,0
2058.0,0.49850622132904904,1
984.0,0.5942809300237893,1
4170.0,0.5957136434377932,0
2025.0,0.49007360171242725,1
1900.0,0.5899769022908457,1
1700.0,0.5913126917134901,1
782.0,0.6006758092777127,1
2232.0,0.6054953415997153,1
2420.0,0.6075035083372657,1
1809.0,0.5942029432760136,1
2349.0,0.6099526884401291,1
1320.0,0.6098321270187319,1
3870.0,0.6124386394125841,0
3584.0,0.49807714760381994,1
1914.0,0.5112402863544095,1
2970.0,0.5923461162547077,1
1404.0,0.5654103825379172,1
1825.0,0.5951321789623627,1
4590.0,0.5993038522863308,0
3042.0,0.49748242115130215,1
1728.0,0.5126293530451171,1
2354.0,0.5910968144273059,1
1716.0,0.5816978666572155,1
4170.0,0.5978964253175068,0
1188.0,0.49240493567403903,1
1650.0,0.5898124422349786,1
1725.0,0.5900750328237989,1
3536.0,0.600845106316568,1
3624.0,0.5020056125002317,0
1560.0,0.5132819261424029,1
1675.0,0.5944018723164994,1
2736.0,0.5971070882463076,1
2744.0,0.5888857938615121,1
4147.0,0.605310500715451,0
2592.0,0.49584787459160956,1
2024.0,0.5909181785966557,1
1081.0,0.5921192771053512,1
2112.0,0.6014309909386194,1
2662.0,0.6061336708675445,1
960.0,0.5929101483308425,1
2500.0,0.6089783111526887,1
3648.0,0.6003476079938012,0
3874.0,0.48621628405536355,0
1586.0,0.4761419969889902,1
1596.0,0.5888186529321412,1
3277.0,0.5954461682697862,1
4110.0,0.49168609603438823,0
1302.0,0.5065411027019177,1
2291.0,0.5910302765701422,1
1978.0,0.5949611541749373,1
1650.0,0.599505620290472,1
2464.0,0.6014235929664338,1
1560.0,0.6016052842435464,1
891.0,0.601299778892241,1
1288.0,0.6009941181466206,1
2940.0,0.6007903533873592,1
1161.0,0.5654415438804883,1
2376.0,0.5942592649828573,1
1248.0,0.6025478413662193,1
2314.0,0.6060656095925097,1
3427.0,0.6068464494640079,1
540.0,0.4984324215880927,1
2475.0,0.5960646185959524,1
870.0,0.6056093444714835,1
2376.0,0.6091092180138374,1
1488.0,0.6096986312359822,1
928.0,0.6091770196635603,1
1460.0,0.6085701670859971,1
1496.0,0.6081454255651972,1
2070.0,0.6078943305321528,1
1680.0,0.6077567189852051,1
4320.0,0.607684041123651,0
2150.0,0.47702123201110225,1
2599.0,0.5856286483019786,1
1694.0,0.5585265875008234,1
1958.0,0.5912534380119914,1
1495.0,0.5979389336593138,1
1679.0,0.6060560666832395,1
1650.0,0.609233498856754,1
1748.0,0.6097528447294951,1
1170.0,0.609445068519613,1
850.0,0.6090774138491327,1
2842.0,0.6088252255671842,1
3624.0,0.6086786496768589,0
1242.0,0.4898532047416879,1
2156.0,0.5897460079336336,1
1680.0,0.5933725995746815,1
884.0,0.6019746706054584,1
1992.0,0.6059941550395356,1
1728.0,0.6075569744176154,1
1972.0,0.6080994552946037,1
1596.0,0.6082826417878205,1
1978.0,0.6083468372070487,1
2926.0,0.608371168490817,1
1722.0,0.571005448095588,1
1148.0,0.5987159683150232,1
1482.0,0.606968887122418,1
3799.0,0.610495133749414,0
1350.0,0.4808891021527833,1
3807.0,0.5879057577233767,0
1474.0,0.47037506702073417,1
2075.0,0.5822361837672225,1
2403.0,0.5858350730091764,1
1380.0,0.597922198426271,1
3040.0,0.6043509652058711,1
2320.0,0.5201649898266635,1
2548.0,0.6040351301585855,1
3484.0,0.6069981093387415,1
840.0,0.5023538953426928,1
3808.0,0.5979917753645645,0
2184.0,0.4824754403318371,1
2976.0,0.5877873707228479,1
2478.0,0.561756667427558,1
2646.0,0.5631191916504455,1
2568.0,0.5835019496347215,1
2220.0,0.5891678343419583,1
3302.0,0.5965613739682485,1
1276.0,0.5161605118205632,1
4228.0,0.6003285312379133,0
2240.0,0.4796360978701391,1
2240.0,0.575367358140439,1
972.0,0.5580944676847401,1
3510.0,0.5831887312703504,1
2222.0,0.504839264435121,1
1568.0,0.5872571077303714,1
1428.0,0.6027829238693683,1
1936.0,0.6034049291420388,1
952.0,0.6075338823610875,1
2268.0,0.6087693273537574,1
2926.0,0.6085714722920531,1
3060.0,0.5724874108235858,1
2010.0,0.520783979167251,1
2010.0,0.6083157028455005,1
810.0,0.6096334251387772,1
484.0,0.6095826029521585,1
2403.0,0.608896676054354,1
2800.0,0.608237651975799,1
3625.0,0.5943650782375534,0
1562.0,0.4931592710320888,1
2800.0,0.5890530013058803,1
1148.0,0.5859092788110155,1
1525.0,0.600977879751851,1
1480.0,0.6008600509887854,1
462.0,0.6050083853149187,1
672.0,0.6068747337397514,1
2220.0,0.606851174831351,1
2349.0,0.591693995640565,1
3000.0,0.6062846329510742,1
1827.0,0.5277645058556875,1
2632.0,0.6112656376155712,1
3016.0,0.6100196629609411,1
3375.0,0.5271903980446832,1
3124.0,0.5258267544565541,1
1820.0,0.5016671923020224,1
3410.0,0.5969748775731951,1
2538.0,0.525813192874934,1
1628.0,0.6061343633910066,1
1958.0,0.6062506462861994,1
1196.0,0.6102784057904053,1
1656.0,0.6117373568797198,1
2700.0,0.6114202126866617,1
3480.0,0.5762495192494068,1
1508.0,0.5219442704951744,1
1298.0,0.6058368819779083,1
783.0,0.608606818872382,1
836.0,0.6113020586389355,1
3948.0,0.6115844338064255,0
550.0,0.4810251018295878,1
672.0,0.5888242429637867,1
1978.0,0.5955912007486976,1
1955.0,0.6042409905056939,1
726.0,0.6080152392862452,1
1600.0,0.6093806470506175,1
660.0,0.6098063822622131,1
1890.0,0.6099269934052735,1
3450.0,0.6099588883172077,1
2856.0,0.5088392432198608,1
3151.0,0.5710117754141305,1
3634.0,0.5191150428455019,0
2310.0,0.49908380745114544,1
3016.0,0.564924741460896,1
3612.0,0.5141292140002403,0
650.0,0.5015598524236086,1
3720.0,0.5844935673182976,0
1416.0,0.47900527978195584,1
2040.0,0.5800079376416782,1
2568.0,0.5814380591394746,1
3690.0,0.5789278244387439,0
2760.0,0.48841844011082014,1
4379.0,0.5824157863463951,0
1520.0,0.4660674332647053,1
3528.0,0.5818460689834667,1
1300.0,0.4961922665354352,1
3164.0,0.5912737653042732,1
2208.0,0.48781260302328666,1
3570.0,0.5934285102190939,1
2400.0,0.5161559683948878,1
3224.0,0.6010552162408076,1
2464.0,0.5198889847749858,1
3444.0,0.60182935492948,1
924.0,0.5209338178078612,1
828.0,0.6018249979938222,1
2592.0,0.6002017749542911,1
2877.0,0.6075396565181025,1
3528.0,0.5990782197703727,1
3875.0,0.5335568895850762,0
1012.0,0.4972523721672276,1
3780.0,0.5909718875460207,0
1856.0,0.48972443775124264,1
2300.0,0.5818475503511535,1
4116.0,0.5574130484553835,0
3094.0,0.48114109231033797,1
3744.0,0.502704806633291,0
864.0,0.47815028212246946,1
2160.0,0.5748884166327941,1
4031.0,0.5763267858283276,0
3483.0,0.4784350264644056,1
3220.0,0.4742751507344787,1
609.0,0.49834548526724587,1
3900.0,0.5784771509184188,0
2574.0,0.4689707257004734,1
2660.0,0.5698075349540801,1
952.0,0.5760725372288986,1
1804.0,0.5809198058847044,1
4031.0,0.5914237907151757,0
4350.0,0.4771690096941775,0
2116.0,0.4769572039058039,1
4004.0,0.5780545864022674,0
3174.0,0.4714025537047624,1
3159.0,0.47438825632992854,1
2360.0,0.49785788188058977,1
735.0,0.5488168608550354,1
2520.0,0.5767029317000254,1
1470.0,0.5780751468628345,1
504.0,0.5892156546296988,1
2919.0,0.5961837404484857,1
3406.0,0.5891611796007309,1
3192.0,0.5004114328480053,1
2322.0,0.49561475572586744,1
1012.0,0.5908339939656942,1
4290.0,0.5981847291427554,0
3625.0,0.48193414332526396,0
930.0,0.483974728697659,1
1904.0,0.5832863058203082,1
4089.0,0.5882199398663651,0
1722.0,0.48694470224152203,1
1368.0,0.5857340595355417,1
2268.0,0.5887354477436555,1
1863.0,0.5976005585805759,1
4379.0,0.6024787175343583,0
644.0,0.49151277070165844,1
924.0,0.5898863001384884,1
875.0,0.5923608267592806,1
552.0,0.6005539925182114,1
1056.0,0.6046830689113227,1
3925.0,0.6063525969019546,0
1449.0,0.48052658525543634,1
912.0,0.5880641301774299,1
782.0,0.592546063635568,1
3948.0,0.6012108584487975,0
1550.0,0.4798204771567024,1
3926.0,0.587562770544337,0
2950.0,0.4648398669393033,1
2900.0,0.5761064262932722,1
3105.0,0.5731809707426563,1
4147.0,0.5133723467451401,0
3564.0,0.4997000414355108,1
3427.0,0.49939400031994646,1
1701.0,0.5048163803075734,1
1320.0,0.5845456647597076,1
720.0,0.5871151183187657,1
1161.0,0.5964850868589178,1
3344.0,0.6015676209177212,1
1540.0,0.5219901892350018,1
728.0,0.6017737684198288,1
3700.0,0.6041069663840651,0
1782.0,0.48496862086363746,1
3213.0,0.5881500324399566,1
2380.0,0.5119549971397045,1
2552.0,0.5985724861165829,1
1610.0,0.5908386845778566,1
528.0,0.6033608162398625,1
1976.0,0.6012628269666691,1
1848.0,0.607106691433956,1
3836.0,0.6100440757097011,0
2574.0,0.49856411154286256,1
2436.0,0.5942235266522162,1
483.0,0.5829013707351123,1
1817.0,0.6000424134834266,1
2793.0,0.6005806533126784,1
2668.0,0.5743533922430109,1
3150.0,0.5945471994979297,1
2380.0,0.5325815438489642,1
3036.0,0.6012624743893993,1
1430.0,0.531768297804577,1
3780.0,0.6026466911357089,0
2834.0,0.4858747705750641,1
868.0,0.5819837844344816,1
1792.0,0.5900145539254255,1
3120.0,0.591657058539502,1
1872.0,0.520003730929755,1
1248.0,0.60092599404585,1
3660.0,0.6023848174109867,0
962.0,0.5011080491274911,1
1196.0,0.5943316311864091,1
1032.0,0.5958233142850216,1
1885.0,0.6036099487711925,1
2997.0,0.6074238456786645,1
2220.0,0.5969614066003996,1
1944.0,0.6086889297801314,1
2160.0,0.6080301953994738,1
3458.0,0.6005158163797177,1
567.0,0.5351974348324389,1
1512.0,0.6072119855702961,1
1050.0,0.6069290844926829,1
1100.0,0.6095913506651849,1
1950.0,0.6102202675701087,1
1180.0,0.6097090493628026,1
2860.0,0.6090355693274487,1
1995.0,0.5824307657969928,1
5136.093108038997,0.5114953792011466,0
3366.0,0.5052576790566191,1
1863.0,0.5068399821204108,1
3864.0,0.5988143444247347,0
4379.0,0.5026647794347603,0
3266.0,0.49097890672675343,1
2106.0,0.4965274310204041,1
2280.0,0.5850770600696807,1
2059.0,0.5899115928667146,1
1450.0,0.5987087356115159,1
2262.0,0.6033342724698976,1
3420.0,0.6049700158058133,1
1975.0,0.5227342224918552,1
630.0,0.5994010955283184,1
2277.0,0.6041604304817816,1
3304.0,0.6071140971957432,1
2910.0,0.5053681091928048,1
2442.0,0.5953702192564985,1
2328.0,0.5952271927400377,1
1664.0,0.6038827150664607,1
3103.0,0.6018618462800303,1
1380.0,0.5256739074578425,1
2016.0,0.600100047393596,1
1092.0,0.6024588840447267,1
2898.0,0.6059354952859772,1
575.0,0.5962201991409413,1
966.0,0.6052383068904066,1
4230.0,0.6043085046840895,0
2793.0,0.49783699899346884,1
3700.0,0.582058149090657,0
2256.0,0.49635326505795047,1
3654.0,0.581264754755066,0
1794.0,0.47723160351809363,1
2002.0,0.577901886441534,1
2163.0,0.5799024148846699,1
1400.0,0.5798440674646489,1
968.0,0.6022988867108003,1
3161.0,0.6005298118436514,1
975.0,0.5164888102423069,1
1200.0,0.6011086826639622,1
1508.0,0.6041758396064725,1
3900.0,0.6073975510765539,0
675.0,0.4830475742822377,1
1125.0,0.5887658534535115,1
782.0,0.5929396479813025,1
3496.0,0.601574665704198,1
2574.0,0.5000186299415795,1
3048.0,0.5982216465237716,1
1392.0,0.5032920390472557,1
900.0,0.5995468364376134,1
1870.0,0.6057627696963361,1
520.0,0.610983196378766,1
2530.0,0.6127616548122146,1
2596.0,0.599885871855369,1
2600.0,0.5818533145613332,1
2523.0,0.6013855689028746,1
1334.0,0.6176800060969926,1
528.0,0.6138482498782286,1
2910.0,0.6132260111128147,1
1856.0,0.6124889880105301,1
1250.0,0.6118238453985102,1
2300.0,0.6113743818864186,1
1680.0,0.5768143789482865,1
3059.0,0.6038187566227619,1
2268.0,0.5308506242851957,1
2241.0,0.609567418057152,1
3224.0,0.6089271760933173,1
2079.0,0.508408589100009,1
1320.0,0.601995905313246,1
700.0,0.6088478046325076,1
2754.0,0.6129807317715528,1
2184.0,0.5815239964965673,1
1220.0,0.6097780519957829,1
4380.0,0.6123571667814806,0
1275.0,0.49715050853267045,1
2133.0,0.5948601028870957,1
858.0,0.5974487361268621,1
840.0,0.6054636434889306,1
2180.0,0.6092426825502906,1
2000.0,0.5970997779220327,1
4582.0,0.6050379156445854,0
2112.0,0.4955585371565945,1
2912.0,0.5907508663620723,1
3596.0,0.5661292097115802,1
2184.0,0.5194008944005276,1
1508.0,0.599095582539443,1
3289.0,0.6004068552550341,1
3344.0,0.5044473149010249,1
3302.0,0.505630256858402,1
