Timestep: 0 State: 2 Beliefs: [0.125, 0.125, 0.125, 0.125, 0.125, 0.125, 0.125, 0.125]
Timestep: 1 State: 5 Beliefs: [0.099626400996264, 0.07845579078455792, 0.199252801992528, 0.15691158156911583, 0.08685378548392246, 0.06839735606858895, 0.17370757096784492, 0.1367947121371779]
Timestep: 2 State: 4 Beliefs: [0.07365212545839338, 0.12275354243065564, 0.08838255055007205, 0.14730425091678676, 0.09206515682299173, 0.181233871987527, 0.11047818818759007, 0.18413031364598345]
Timestep: 3 State: 5 Beliefs: [0.07365768557270229, 0.12276280928783717, 0.08838922268724277, 0.14731537114540458, 0.1073626923560112, 0.16588147665999287, 0.11048652835905345, 0.18414421393175576]
Timestep: 4 State: 5 Beliefs: [0.07262318118790645, 0.12103863531317743, 0.08714781742548774, 0.1452463623758129, 0.10472471539763735, 0.17872656354835242, 0.10893477178185969, 0.1815579529697661]
Timestep: 5 State: 5 Beliefs: [0.06045064068974379, 0.10075106781623965, 0.05440557662076941, 0.09067596103461568, 0.1344712873384371, 0.26908239118942406, 0.10881115324153882, 0.18135192206923137]
Timestep: 6 State: 0 Beliefs: [0.07295173961840629, 0.12906846240179573, 0.09118967452300787, 0.16133557800224468, 0.08754208754208756, 0.1548821548821549, 0.10942760942760946, 0.1936026936026936]
Timestep: 7 State: 5 Beliefs: [0.13021090507752245, 0.10254108774854893, 0.15625308609302693, 0.12304930529825872, 0.1207191273346877, 0.12373209595298836, 0.13622063915802346, 0.1072737533369435]
Timestep: 8 State: 2 Beliefs: [0.08043276445303574, 0.1280269153606548, 0.09045379889611481, 0.16003364420081853, 0.08683564694027023, 0.15363229843278578, 0.10854455867533779, 0.19204037304098223]
Timestep: 9 State: 5 Beliefs: [0.09606968984853283, 0.07565488075571962, 0.19213937969706565, 0.15130976151143924, 0.08907156022212456, 0.09633752793719084, 0.16750612588974953, 0.1319110741381778]
Timestep: 10 State: 4 Beliefs: [0.06886138918328888, 0.11476898197214813, 0.08263366701994666, 0.13772277836657776, 0.08955519509087426, 0.23101243163400884, 0.10329208377493333, 0.17215347295822217]
Timestep: 11 State: 2 Beliefs: [0.08108930181140724, 0.12548906885038968, 0.10623257622052551, 0.15686133606298713, 0.08511432495939476, 0.15058688262046765, 0.10639290619924345, 0.18823360327558455]
Timestep: 12 State: 1 Beliefs: [0.09543301175488003, 0.07515349675696803, 0.19086602350976006, 0.15030699351393606, 0.09662244402178476, 0.0941851438066284, 0.16639602049568825, 0.1310368661403545]
Timestep: 13 State: 4 Beliefs: [0.0691519280680321, 0.13452990851056, 0.08298231368163851, 0.1383038561360642, 0.09524515814959077, 0.2031791231819861, 0.10372789210204815, 0.17287982017008022]
Timestep: 14 State: 5 Beliefs: [0.06859284701833246, 0.12276784831252743, 0.08231141642199896, 0.13718569403666492, 0.11618688372221447, 0.19858392241493192, 0.1028892705274987, 0.17148211754583115]
Timestep: 15 State: 5 Beliefs: [0.08355071232675891, 0.14954163000031911, 0.07519564109408304, 0.1253260684901384, 0.14008791125823622, 0.2571078443687775, 0.0939945513676038, 0.07519564109408304]
Timestep: 16 State: 2 Beliefs: [0.07256454944070524, 0.11040290413559697, 0.0738745361999135, 0.0962486856566743, 0.12480328293589224, 0.22080580827119395, 0.10880286204667529, 0.1924973713133486]
Timestep: 17 State: 0 Beliefs: [0.09699002161945079, 0.0717477304623997, 0.25406781927287425, 0.1434954609247994, 0.07999336515733219, 0.06457295741615973, 0.15998673031466437, 0.12914591483231946]
Timestep: 18 State: 5 Beliefs: [0.12516383200498454, 0.1209474204329723, 0.15019659840598146, 0.1182798212447104, 0.12141093907111589, 0.1299450229909143, 0.13094062425136843, 0.10311574159795264]
Timestep: 19 State: 2 Beliefs: [0.1007977780070353, 0.14920472912367697, 0.0953596646205217, 0.13007591769756457, 0.10119972931866787, 0.1790456749484124, 0.08822540504704378, 0.15609110123707745]
Timestep: 20 State: 4 Beliefs: [0.09276151458181005, 0.07937730857564919, 0.1855230291636201, 0.14609938546635085, 0.1025253879777665, 0.10460665378816188, 0.16173802542469445, 0.1273686950219469]
Timestep: 21 State: 4 Beliefs: [0.0670950262033364, 0.12367378501778496, 0.08051403144400368, 0.1341900524066728, 0.10990633481252707, 0.21624066530232947, 0.10064253930500461, 0.167737565508341]
Timestep: 22 State: 4 Beliefs: [0.07005047568975284, 0.11007979059094215, 0.07888670630781247, 0.09596699692543674, 0.12443802414628242, 0.2201595811818843, 0.10848443130701545, 0.19193399385087348]
Timestep: 23 State: 4 Beliefs: [0.07760314670684455, 0.12186556998347153, 0.12400455187548547, 0.15233196247933942, 0.0918369206656731, 0.14623868398016585, 0.10332080933381282, 0.1827983549752073]
Timestep: 24 State: 5 Beliefs: [0.10136603454918568, 0.08546270114350274, 0.12163924145902284, 0.09579090264898048, 0.17844654115095232, 0.1455068989133519, 0.15204905182377854, 0.1197386283112256]
Timestep: 25 State: 4 Beliefs: [0.09486561504308472, 0.145756850907789, 0.09441971198098997, 0.12707007515038016, 0.12430877598073858, 0.1749082210893468, 0.08618665966721435, 0.15248409018045617]
Timestep: 26 State: 2 Beliefs: [0.07683852317842223, 0.12239482528583517, 0.10336992907794601, 0.15299353160729395, 0.1101676367929309, 0.14687379034300221, 0.10376952578581677, 0.18359223792875276]
Timestep: 27 State: 4 Beliefs: [0.09285386768621343, 0.07743647388788566, 0.18570773537242685, 0.14624484160578616, 0.11106110217040598, 0.09730142498858343, 0.16189905135032084, 0.1274955029383777]
Timestep: 28 State: 4 Beliefs: [0.0557095609093907, 0.09956279127949008, 0.05013860481845163, 0.08356434136408605, 0.164539325227623, 0.2790794840358831, 0.10027720963690326, 0.1671286827281721]
Timestep: 29 State: 2 Beliefs: [0.10822212676013679, 0.08070264862225486, 0.17710263782730118, 0.10087831077781857, 0.16523474035224037, 0.09684317834670583, 0.14996238438016016, 0.12105397293338228]
Timestep: 30 State: 0 Beliefs: [0.10481250418330597, 0.07159787513462955, 0.234865956993894, 0.1431957502692591, 0.09256107525520785, 0.0644380876211666, 0.1596525753002038, 0.1288761752423332]
Timestep: 31 State: 5 Beliefs: [0.12177007122452158, 0.10468341201392241, 0.1461240854694259, 0.11507271730717289, 0.16658619774509928, 0.11805348305000252, 0.12739022835796102, 0.10031980483189432]
Timestep: 32 State: 2 Beliefs: [0.08499216212865536, 0.12118367568092546, 0.11537574301349163, 0.15147959460115684, 0.0970302186817047, 0.14542041081711057, 0.10274268155556726, 0.1817755135213882]
Timestep: 33 State: 5 Beliefs: [0.09237564126636601, 0.0759970534597277, 0.18475128253273201, 0.14549163499452647, 0.12087028336376691, 0.09261002243604011, 0.16106522066956122, 0.12683886127727947]
Timestep: 34 State: 0 Beliefs: [0.08902624501976346, 0.12192567215316918, 0.1125137811117034, 0.15240709019146148, 0.09155613118918049, 0.146310806583803, 0.10337176552116517, 0.18288850822975375]
Timestep: 35 State: 4 Beliefs: [0.0671281141597656, 0.1146566938196332, 0.08055373699171872, 0.1342562283195312, 0.11921867570066956, 0.21567409436961943, 0.1006921712396484, 0.167820285399414]
Timestep: 36 State: 2 Beliefs: [0.09023800148930546, 0.1211316982561413, 0.11518089728736189, 0.15141462282017662, 0.09228058111653079, 0.14535803790736956, 0.10269861373890242, 0.18169754738421195]
Timestep: 37 State: 5 Beliefs: [0.09243909418607639, 0.07464703328452835, 0.18487818837215278, 0.14559157334307032, 0.12125398969360461, 0.09308827757396279, 0.16117585652956906, 0.12692598701703567]
Timestep: 38 State: 5 Beliefs: [0.09439271104125518, 0.12215327043908239, 0.10966050947417542, 0.15269158804885297, 0.08772336152580262, 0.14658392452689886, 0.10356472928530899, 0.18322990565862357]
Timestep: 39 State: 5 Beliefs: [0.06724281368374765, 0.11373987211187703, 0.08069137642049719, 0.1344856273674953, 0.12315066112971729, 0.21171839455167485, 0.1008642205256215, 0.16810703420936915]
Timestep: 40 State: 2 Beliefs: [0.10081446105894093, 0.14280954614352442, 0.09230752242694258, 0.12450062997127773, 0.10402041262711285, 0.20170276626093206, 0.08444390554573618, 0.14940075596553323]
Timestep: 41 State: 2 Beliefs: [0.10677607130346005, 0.07033524445120297, 0.24535950523243566, 0.14067048890240594, 0.08269712613603158, 0.07072102663379536, 0.1568370973285033, 0.1266034400121653]
Timestep: 42 State: 5 Beliefs: [0.09194313911720835, 0.07484706902274854, 0.1838862782344167, 0.14481044410960317, 0.11395862050951597, 0.10399833209120793, 0.1603111143582094, 0.12624500255708992]
Timestep: 43 State: 2 Beliefs: [0.06014066122853455, 0.08948948045819906, 0.0930686496298879, 0.11186185057274882, 0.10551858705124444, 0.189744543179476, 0.1264525267344117, 0.22372370114549764]
Timestep: 44 State: 4 Beliefs: [0.09282631314429442, 0.07360595842131107, 0.18565262628858883, 0.14620144320226372, 0.11051469117326325, 0.10189029180389453, 0.16185100753364154, 0.12745766843274273]
Timestep: 45 State: 5 Beliefs: [0.0671737757486211, 0.11274686252724242, 0.08060853089834533, 0.1343475514972422, 0.12758891960070415, 0.20883925673336035, 0.10076066362293166, 0.16793443937155275]
Timestep: 46 State: 2 Beliefs: [0.07550263404751247, 0.11942848905604635, 0.13595867611244752, 0.1492856113200579, 0.08512082567374195, 0.1543064416586068, 0.10125458854751755, 0.1791427335840695]
Timestep: 47 State: 4 Beliefs: [0.09256895760639776, 0.07327399989237798, 0.18513791521279552, 0.14579610823007647, 0.11649413560802387, 0.09822229891038893, 0.16140228505730891, 0.12710429948263077]
Timestep: 48 State: 0 Beliefs: [0.0670005215687323, 0.11214540790737888, 0.08040062588247877, 0.1340010431374646, 0.13013506193590318, 0.20831525329311285, 0.10050078235309848, 0.16750130392183077]
Timestep: 49 State: 2 Beliefs: [0.1101166002961454, 0.08126802589421547, 0.2065356308021672, 0.10158503236776932, 0.12598620611947384, 0.10159349218890822, 0.15101297348999737, 0.12190203884132318]
Timestep: 50 State: 0 Beliefs: [0.09941871504971468, 0.06786082842785797, 0.28273553989146966, 0.13572165685571594, 0.07846142882883869, 0.06233282086399038, 0.15131951891226836, 0.12214949117014434]
Timestep: 51 State: 0 Beliefs: [0.15956206626406816, 0.09193081126575009, 0.2134077203549194, 0.11491351408218761, 0.10485867498832106, 0.08378505780452489, 0.12811999256625992, 0.10342216267396885]
Timestep: 52 State: 2 Beliefs: [0.11196298051400261, 0.13556645958440675, 0.1490624498969776, 0.1694580744805084, 0.07111916116803348, 0.12411602160961598, 0.08620258571399776, 0.15251226703245757]
Timestep: 53 State: 5 Beliefs: [0.09778476623774021, 0.07273623515754143, 0.18409404464036452, 0.14497406015428707, 0.12318969006478542, 0.09034131751404646, 0.160492244045446, 0.1263876421857887]
Timestep: 54 State: 2 Beliefs: [0.10768536605667703, 0.14341180036500267, 0.11300561821887974, 0.12502567211307927, 0.10077295659521249, 0.17526775903006078, 0.08480002108539288, 0.1500308065356951]
Timestep: 55 State: 2 Beliefs: [0.10337124567579488, 0.06757911975910262, 0.2820120764451559, 0.13515823951820524, 0.07761843104648944, 0.06192712136185337, 0.1506913506270139, 0.12164241556638472]
Timestep: 56 State: 1 Beliefs: [0.106893655122755, 0.06699354956802997, 0.28516469793552385, 0.13398709913605994, 0.07630255468582155, 0.06068443782989784, 0.14938561649945786, 0.12058838922245395]
Timestep: 57 State: 2 Beliefs: [0.07934943948389563, 0.1463752668574804, 0.1306385029112256, 0.1463311228061735, 0.08108656217148463, 0.14137108380336216, 0.09925067459896986, 0.17559734736740817]
Timestep: 58 State: 4 Beliefs: [0.09900643824983578, 0.07293448385436929, 0.18492900683891103, 0.14563159288564245, 0.11349930628143404, 0.09581813623250432, 0.16122015980828142, 0.12696087584902163]
Timestep: 59 State: 2 Beliefs: [0.11344682408570783, 0.09245401905020384, 0.20913907241258023, 0.09942935940602284, 0.12199695398688673, 0.09641011892301479, 0.14780842084835635, 0.11931523128722742]
Timestep: 60 State: 2 Beliefs: [0.09602973819050428, 0.07835021224075486, 0.29218354261864793, 0.13212638485622072, 0.07502010692822589, 0.060065209858335994, 0.14731105893671176, 0.11891374637059865]
Timestep: 61 State: 2 Beliefs: [0.09382086337018287, 0.0770370346321077, 0.29976219918421826, 0.13130656596367601, 0.0740352081147468, 0.05946519731572128, 0.14639702205203878, 0.11817590936730842]
Timestep: 62 State: 0 Beliefs: [0.09003290634001994, 0.07192019730610154, 0.313266124817681, 0.13016952609514928, 0.07338306540233198, 0.058946299100729016, 0.145129307452353, 0.11715257348563436]
Timestep: 63 State: 4 Beliefs: [0.09066964953015923, 0.12406462150437533, 0.141208313263249, 0.14661325153889973, 0.08043956436060422, 0.14162666647747488, 0.09944203147855807, 0.17593590184667962]
Timestep: 64 State: 4 Beliefs: [0.07212265567955241, 0.11241465072927176, 0.0808550019735441, 0.1347583366225735, 0.12475380019157856, 0.20557888155833262, 0.10106875246693013, 0.16844792077821688]
Timestep: 65 State: 2 Beliefs: [0.07445204454970132, 0.11946822026503813, 0.1515367391480944, 0.14716189858351403, 0.08665233020192462, 0.14432033165138816, 0.09981415730012257, 0.17659427830021682]
Timestep: 66 State: 4 Beliefs: [0.0966381998802094, 0.07253785231340061, 0.184018532725472, 0.14491459452130923, 0.12377932515440399, 0.09134928190801102, 0.16042641314528328, 0.12633580035191058]
Timestep: 67 State: 2 Beliefs: [0.09820349436020567, 0.14729561598687427, 0.11835541253799493, 0.12424429942421877, 0.10588494958123645, 0.17265302223441548, 0.08427004656599187, 0.14909315930906253]
Timestep: 68 State: 4 Beliefs: [0.09511408317047035, 0.06744561293963924, 0.29833171967505656, 0.1320182622816363, 0.0805926643563983, 0.060490711188427616, 0.14719051033489897, 0.11881643605347268]
Timestep: 69 State: 2 Beliefs: [0.0808103361778862, 0.12102320811589963, 0.12882566151360247, 0.1462301728549107, 0.10717013435472993, 0.14128207535983445, 0.09918220419724377, 0.17547620742589282]
Timestep: 70 State: 5 Beliefs: [0.09762336302123477, 0.07241190853587064, 0.1838056598371669, 0.14474695712176897, 0.126468862109312, 0.08851276279506165, 0.16024083165291472, 0.12618965492667036]
Timestep: 71 State: 2 Beliefs: [0.07683163962936496, 0.12042536826751424, 0.13557877764701864, 0.1474341439762381, 0.09996050938426038, 0.14284977762719134, 0.09999881069692672, 0.17692097277148572]
Timestep: 72 State: 5 Beliefs: [0.09754693949497441, 0.07263314303752583, 0.1844118714643387, 0.14522434877816676, 0.11814971221498889, 0.0946588186447443, 0.16076932384070555, 0.12660584252455562]
Timestep: 73 State: 0 Beliefs: [0.09239565666861374, 0.1451921465985144, 0.11371630128066121, 0.12396819620393532, 0.12041037659942247, 0.1714727106484179, 0.08408277655571263, 0.14876183544472235]
Timestep: 74 State: 2 Beliefs: [0.08393161635664102, 0.11929796114829998, 0.13661135904738417, 0.1471996157117914, 0.09455494551666728, 0.14192522401272104, 0.0998397393523455, 0.17663953885414968]
Timestep: 75 State: 5 Beliefs: [0.097267012068648, 0.07262566448966627, 0.1844141752149316, 0.14522616298175864, 0.1144244213313995, 0.09866380753699412, 0.1607713322386583, 0.12660742413794343]
Timestep: 76 State: 4 Beliefs: [0.08183534294962894, 0.12059475261363145, 0.13293736698379677, 0.14763072367846536, 0.09763488067378133, 0.1420779216698395, 0.10013214301669825, 0.1771568684141584]
Timestep: 77 State: 4 Beliefs: [0.07068369011954881, 0.11150640736061478, 0.08027734657700504, 0.13379557762834174, 0.11648752026943707, 0.21965830278836906, 0.10034668322125631, 0.16724447203542717]
Timestep: 78 State: 4 Beliefs: [0.07943586928531923, 0.11890030479460195, 0.1314101491622746, 0.14726913559181778, 0.10450427622313727, 0.14187041026604358, 0.09988689196662424, 0.17672296271018134]
Timestep: 79 State: 4 Beliefs: [0.11594898813958529, 0.08050365651129587, 0.1798536512535902, 0.09914311983357277, 0.16280576369669053, 0.09539017026611456, 0.1473829064988634, 0.11897174380028733]
Timestep: 80 State: 4 Beliefs: [0.07856402613245618, 0.11868597368147166, 0.12203850597171033, 0.14530358899133788, 0.12278365919202312, 0.13970620062118358, 0.09855373862021179, 0.17436430678960546]
Timestep: 81 State: 2 Beliefs: [0.07825529348237938, 0.11961974715658912, 0.11713478705141309, 0.14746330922005524, 0.11867463883754709, 0.14187766084739065, 0.10001859234055921, 0.17695597106406627]
Timestep: 82 State: 2 Beliefs: [0.09923373373959526, 0.06930410633798173, 0.25263286697212833, 0.1367783746761861, 0.10476468265852008, 0.06168801798446739, 0.1524976804225537, 0.12310053720856748]
Timestep: 83 State: 0 Beliefs: [0.0961149385284509, 0.06783369579565486, 0.27449758395315516, 0.13299186628823584, 0.10068762369608346, 0.059905605933765725, 0.14827600614524203, 0.11969267965941226]
Timestep: 84 State: 0 Beliefs: [0.10363672458172249, 0.13588705305334545, 0.14723779422655284, 0.16758307671458508, 0.08880561149416973, 0.12077618838386107, 0.08524878250263676, 0.15082476904312656]
Timestep: 85 State: 4 Beliefs: [0.0689359588358887, 0.11129092613702146, 0.08012141093827878, 0.1335356848971313, 0.12137753236214925, 0.21766711703526784, 0.10015176367284848, 0.16691960612141413]
Timestep: 86 State: 0 Beliefs: [0.0855576921079515, 0.11823384749009692, 0.1226972995462102, 0.14721636330498744, 0.10796751497776003, 0.14181654801753935, 0.09985109858946974, 0.1766596359659849]
Timestep: 87 State: 5 Beliefs: [0.10370410320370248, 0.0785693597908984, 0.11971469964931228, 0.09427532597383342, 0.18681170473470482, 0.14943727461861667, 0.14964337456164034, 0.11784415746729177]
Timestep: 88 State: 0 Beliefs: [0.09876325517242722, 0.11727147308208767, 0.12031104398076845, 0.1457221619310763, 0.10399636604705649, 0.1402314652029971, 0.09883764026629524, 0.17486659431729154]
Timestep: 89 State: 5 Beliefs: [0.12677712702682448, 0.09618115797187195, 0.14654970268899586, 0.11540789086758427, 0.15380812035136954, 0.1329027144030021, 0.12776127926732972, 0.10061200742302216]
Timestep: 90 State: 2 Beliefs: [0.1261399643515343, 0.13976008273171597, 0.1003087385199707, 0.12095481021994127, 0.11891754913501344, 0.16673416802002167, 0.0820389147578732, 0.14514577226392952]
Timestep: 91 State: 2 Beliefs: [0.12183120401608839, 0.06682878840745425, 0.261026620587849, 0.13299497299465649, 0.0894295990334237, 0.059913869374279886, 0.14827946989105734, 0.11969547569519084]
Timestep: 92 State: 2 Beliefs: [0.11781207798346008, 0.0667856970846245, 0.2696460794619602, 0.13250093400974236, 0.08662666307258224, 0.0596490544874035, 0.147728653291459, 0.11925084060876813]
Timestep: 93 State: 4 Beliefs: [0.1105363846642031, 0.06617728357651519, 0.2827959167936106, 0.13171316451633971, 0.08409079225642951, 0.059294261033112895, 0.1468503490950832, 0.11854184806470573]
Timestep: 94 State: 4 Beliefs: [0.12506918283191729, 0.07821913657577093, 0.1839732322400547, 0.09751132064578423, 0.1596090755103851, 0.0936473400133837, 0.14495712740776284, 0.11701358477494109]
Timestep: 95 State: 5 Beliefs: [0.08780454539051596, 0.116249682134339, 0.12455783454975233, 0.14505468615813205, 0.11454341509709726, 0.1393392957122806, 0.09838491756812436, 0.17406562338975845]
Timestep: 96 State: 0 Beliefs: [0.08352800813827156, 0.11712095295134549, 0.12212764238246068, 0.14622905793620256, 0.10197181049713373, 0.1543662105796317, 0.09918144799151131, 0.17547486952344307]
Timestep: 97 State: 0 Beliefs: [0.15203587447066755, 0.09076308070272301, 0.19975089170746305, 0.11332311822471981, 0.12697790561246736, 0.08881150300827013, 0.12634681987144133, 0.10199080640224784]
Timestep: 98 State: 0 Beliefs: [0.13811805960513626, 0.07717908418547112, 0.1726265264138036, 0.09628751758742833, 0.15426510664779836, 0.10284082248965921, 0.143137861965789, 0.115545021104914]
Timestep: 99 State: 5 Beliefs: [0.14168057914107043, 0.07750874677961811, 0.1660632719599448, 0.09672463996417098, 0.15265073376642632, 0.10551478669398165, 0.1437876737377825, 0.11606956795700517]
Timestep: 100 State: 4 Beliefs: [0.088229304258925, 0.11462486332748517, 0.11011785914301897, 0.14305226292757053, 0.10176529957044293, 0.17352094301294674, 0.0970267522465261, 0.1716627155130846]
Timestep: 101 State: 2 Beliefs: [0.12466825825448319, 0.07912002194689692, 0.16152551394975964, 0.09879727812366333, 0.15979479473249902, 0.11066860967539345, 0.1468687895689085, 0.11855673374839601]
Timestep: 102 State: 2 Beliefs: [0.10662881579515025, 0.06756434961342708, 0.2431387629316617, 0.13491874137870427, 0.10241285731317848, 0.07348527765257862, 0.1504243280744658, 0.12142686724083383]
Timestep: 103 State: 4 Beliefs: [0.10082166797198987, 0.06724475556708506, 0.2610530700554069, 0.13429201025287318, 0.09603348335850284, 0.06996663392641281, 0.14972556964014366, 0.12086280922758585]
Timestep: 104 State: 2 Beliefs: [0.11493964550773977, 0.07809759015098501, 0.1718857761287548, 0.09753487929340929, 0.16797141794586098, 0.10753668690140432, 0.1449921489197547, 0.11704185515209113]
Timestep: 105 State: 2 Beliefs: [0.10177435473490874, 0.06674969316771884, 0.2553109120250083, 0.13341980333456796, 0.10346132045587632, 0.07045296926450674, 0.1487531240163019, 0.12007782300111118]
Timestep: 106 State: 2 Beliefs: [0.09729039222763432, 0.06686875967894025, 0.2679737390617658, 0.13366918342874481, 0.09668390423299629, 0.06818059207319391, 0.1490311642108543, 0.12030226508587033]
Timestep: 107 State: 2 Beliefs: [0.09566840496719933, 0.06641334402111564, 0.2801349076873662, 0.1327864110255349, 0.0901280661903396, 0.06731415732565006, 0.1480469388598128, 0.11950776992298143]
Timestep: 108 State: 2 Beliefs: [0.09498477545260868, 0.0663207993997148, 0.28583069021140106, 0.1326197608358839, 0.08606148040173352, 0.06696357261142936, 0.14786113633493322, 0.1193577847522955]
Timestep: 109 State: 2 Beliefs: [0.09479595740935699, 0.06640771592360342, 0.28764226786914027, 0.1328043535896055, 0.08385860364716052, 0.06690023985073418, 0.14806694347975416, 0.11952391823064494]
Timestep: 110 State: 2 Beliefs: [0.09479016528814918, 0.06650989494542837, 0.2879648472320216, 0.13301434346418853, 0.0827790538497681, 0.06692771958364646, 0.1483010665190281, 0.11971290911776968]
Timestep: 111 State: 2 Beliefs: [0.09482269418791968, 0.06657980770565114, 0.28790524361579783, 0.13315697006532695, 0.08226945395282939, 0.06696447287815968, 0.14846008453552123, 0.11984127305879425]
Timestep: 112 State: 4 Beliefs: [0.09485036954521626, 0.0666196198614585, 0.287807479159368, 0.13323796021655177, 0.08202993718260483, 0.06699008732980825, 0.14855038251009575, 0.11991416419489659]
Timestep: 113 State: 2 Beliefs: [0.07588201148848661, 0.11682830902835313, 0.12207707302927569, 0.14603470911347663, 0.1082639528056623, 0.1566226648085634, 0.09904962879001024, 0.17524165093617192]
Timestep: 114 State: 0 Beliefs: [0.10157596113218459, 0.06846700277303842, 0.2510834788375051, 0.1369337376456309, 0.09873666291781903, 0.06729189427352092, 0.15267089853923327, 0.12324036388106782]
Timestep: 115 State: 0 Beliefs: [0.0908923522804978, 0.11691623451143757, 0.11709019415698337, 0.14614492142841176, 0.09823490669832359, 0.15622310371967674, 0.09912438149057495, 0.1753739057140941]
Timestep: 116 State: 5 Beliefs: [0.06881865589828189, 0.11072168551097178, 0.0797132268200156, 0.1328553780333593, 0.11656555288009243, 0.2256147447905603, 0.0996415335250195, 0.16606922254169915]
Timestep: 117 State: 0 Beliefs: [0.07926633106209144, 0.10321235231607163, 0.0740018501961678, 0.08997992651957003, 0.15160503040755632, 0.22025821778510615, 0.10171643867429656, 0.17995985303914006]
Timestep: 118 State: 4 Beliefs: [0.1653310813104266, 0.08888467152664807, 0.2033737203105141, 0.11110575488528154, 0.12089967962343375, 0.08653528772409878, 0.12387462522284375, 0.09999517939675337]
Timestep: 119 State: 2 Beliefs: [0.13898618905399746, 0.07711449273661379, 0.17309912545172979, 0.0963929130723979, 0.15519690664343488, 0.10024433792195123, 0.14329453943299747, 0.11567149568687747]
Timestep: 120 State: 0 Beliefs: [0.11792020689704187, 0.06714059217590997, 0.24765500483931316, 0.13428094537843824, 0.09809751553386019, 0.06433965120395664, 0.1497132331308856, 0.12085285084059441]
Timestep: 121 State: 0 Beliefs: [0.17295519611860086, 0.08970359274140595, 0.18877626298827013, 0.1121292995996782, 0.12568758179681488, 0.08481589592005746, 0.12501580119546213, 0.10091636963971037]
Timestep: 122 State: 4 Beliefs: [0.12427477365459964, 0.13268882304807805, 0.13335164912416445, 0.16586080933577405, 0.08437569564879854, 0.12580084821123388, 0.08437267257515461, 0.14927472840219663]
Timestep: 123 State: 1 Beliefs: [0.10289222606510194, 0.07860045846581819, 0.11976117840315065, 0.09431192799248111, 0.17217809785176838, 0.1646647282271402, 0.14970147300393827, 0.1178899099906014]
Timestep: 124 State: 2 Beliefs: [0.09842911767902611, 0.11604975373321823, 0.12164521828799171, 0.14506207122543743, 0.10236016479962205, 0.1439892622338829, 0.09838992657029672, 0.17407448547052493]
Timestep: 125 State: 2 Beliefs: [0.12247731064984918, 0.06760570968703979, 0.24404612626798572, 0.13521130613327398, 0.0958706315272897, 0.06234822427199447, 0.1507505159426204, 0.12169017551994658]
Timestep: 126 State: 5 Beliefs: [0.1156116557503396, 0.06677875509474063, 0.2597146614703717, 0.13355738161109126, 0.09351070893358396, 0.061718680162300935, 0.1489065135275898, 0.12020164344998215]
Timestep: 127 State: 2 Beliefs: [0.08554283724514204, 0.11462993637426053, 0.11926835535702861, 0.14328733000034946, 0.09551059120721624, 0.17262996477186845, 0.09718618904371529, 0.17194479600041931]
Timestep: 128 State: 0 Beliefs: [0.1054611678856463, 0.066830545908269, 0.2678592196696309, 0.13366105332266204, 0.08910136061026488, 0.06776960486383485, 0.1490220997492963, 0.12029494799039583]
Timestep: 129 State: 0 Beliefs: [0.11028030102025019, 0.1323387333375022, 0.13739037775464008, 0.1654233425812631, 0.08019828064343403, 0.14133782120060945, 0.08415013513916426, 0.14888100832313678]
Timestep: 130 State: 5 Beliefs: [0.12434832172263338, 0.10311597673398974, 0.1468467284389211, 0.11564179864565036, 0.14081381950007363, 0.14039720314141324, 0.12802022479290556, 0.10081592702441314]
Timestep: 131 State: 4 Beliefs: [0.09553933848202643, 0.11450087883740964, 0.13335739433202656, 0.1431260630480758, 0.09122368513648413, 0.15342455652585255, 0.09707680798043404, 0.17175127565769094]
Timestep: 132 State: 2 Beliefs: [0.1325490831989272, 0.07780919880150557, 0.18256505072362145, 0.09726147697945155, 0.14596084654653516, 0.10255485335740264, 0.14458571801721454, 0.11671377237534186]
Timestep: 133 State: 4 Beliefs: [0.12031525619452649, 0.06626725079120901, 0.25491869039920373, 0.13253446084052212, 0.09150064668936515, 0.06741664712292736, 0.14776603320577614, 0.1192810147564699]
Timestep: 134 State: 0 Beliefs: [0.09119963515288464, 0.11547794326370803, 0.11387521012326315, 0.14434739065777902, 0.1100115839720032, 0.15396618133401174, 0.09790518670701535, 0.17321686878933482]
Timestep: 135 State: 4 Beliefs: [0.0917869589087597, 0.11681551084725253, 0.11711710446399597, 0.1460193713896447, 0.1064374022742663, 0.1475611806364004, 0.09903922581210683, 0.1752232456675736]
Timestep: 136 State: 2 Beliefs: [0.12917972312637496, 0.07826284090567842, 0.17131697817788252, 0.09782853932325021, 0.16190243468767526, 0.09868654231369035, 0.14542869427754807, 0.11739424718790024]
Timestep: 137 State: 2 Beliefs: [0.11409606719879864, 0.06667127649724595, 0.2453602392447019, 0.13334252894420914, 0.10740770167012924, 0.06444694155732957, 0.14866696883779734, 0.12000827604978821]
Timestep: 138 State: 2 Beliefs: [0.1081646227739638, 0.0664540854080857, 0.2585099460069299, 0.13290814765342845, 0.10216083025575502, 0.0640023688986605, 0.1481826661150911, 0.1196173328880856]
Timestep: 139 State: 2 Beliefs: [0.10300390849312965, 0.06556974399826691, 0.27719962393864844, 0.1311394719681242, 0.0968350444086827, 0.06201595770513669, 0.14621072471669966, 0.11802552477131178]
Timestep: 140 State: 2 Beliefs: [0.09908468492852418, 0.0653350721576665, 0.2881858427971929, 0.1306701345684009, 0.09267649997261412, 0.060757195922853495, 0.14568744854118726, 0.11760312111156081]
Timestep: 141 State: 2 Beliefs: [0.09669795869131628, 0.0655049462228829, 0.2925594843263723, 0.13100988720264406, 0.09009375298885373, 0.060158824711856955, 0.14606624737369417, 0.11790889848237963]
Timestep: 142 State: 2 Beliefs: [0.09547507405471832, 0.06572909898692504, 0.29377994825460974, 0.13145819532982062, 0.08875245553067887, 0.0599267745667432, 0.14656607747966566, 0.11831237579683855]
Timestep: 143 State: 2 Beliefs: [0.09489936944792518, 0.06588635010139451, 0.29397151226320034, 0.1317726989053811, 0.08811425034821287, 0.05984366442304354, 0.1469167254959995, 0.11859542901484299]
Timestep: 144 State: 4 Beliefs: [0.09463433702122426, 0.06597627707044686, 0.2939310192283954, 0.13195255351077767, 0.0878178517853085, 0.059813413265116334, 0.1471172499590312, 0.11875729815969989]
Timestep: 145 State: 4 Beliefs: [0.07658497500634365, 0.1172584348262667, 0.12645647284975337, 0.1465730431944092, 0.11621319060181508, 0.14161147195626062, 0.09941475973186016, 0.17588765183329105]
Timestep: 146 State: 2 Beliefs: [0.07755422115812781, 0.11747877364534494, 0.12313216831137712, 0.14684846691110373, 0.1175160255043404, 0.14165061531493717, 0.09960156886144428, 0.1762181602933245]
Timestep: 147 State: 2 Beliefs: [0.12889616635756865, 0.08997389253066751, 0.2163542597113219, 0.11246736555451309, 0.14435855316903698, 0.08133641417152954, 0.12539271950630043, 0.10122062899906178]
Timestep: 148 State: 2 Beliefs: [0.09505315432697861, 0.065249594252362, 0.27956437399050016, 0.13049918836203814, 0.10755520482917422, 0.05913235843484029, 0.14549685627827239, 0.11744926952583432]
Timestep: 149 State: 2 Beliefs: [0.09172243805071274, 0.06566019092196773, 0.28883888859913165, 0.13132038174221158, 0.09846504418060718, 0.05939228732330114, 0.14641242561407766, 0.1181883435679904]
Timestep: 150 State: 0 Beliefs: [0.09135570627630982, 0.06569834349955336, 0.2927959722090973, 0.13139668694551201, 0.09459278524997558, 0.059405987347251686, 0.14649750022133948, 0.1182570182509608]
Timestep: 151 State: 4 Beliefs: [0.13450867742941652, 0.07818445796877176, 0.18586828814196787, 0.09773057244106867, 0.14689858484088086, 0.09424967232129194, 0.14528305992732, 0.1172766869292824]
Timestep: 152 State: 2 Beliefs: [0.12518083254381934, 0.07698102358952735, 0.18655578075059215, 0.09622627947431044, 0.16375730783938408, 0.09278041303556239, 0.14304682739763164, 0.11547153536917251]
Timestep: 153 State: 2 Beliefs: [0.1061982018658511, 0.06608696965909555, 0.2676302779161299, 0.13217393930081195, 0.10188649704876718, 0.05970349024502172, 0.14736407859359182, 0.11895654537073075]
Timestep: 154 State: 2 Beliefs: [0.10192778178555786, 0.06600294466535411, 0.2796122592062404, 0.13200588931503046, 0.09488600537858541, 0.05958310386521509, 0.14717671540048916, 0.1188053003835274]
Timestep: 155 State: 5 Beliefs: [0.09581462196878476, 0.06562189999242231, 0.29044392512480993, 0.1312437999757432, 0.09319905529921797, 0.05923023500133025, 0.14632704265952265, 0.11811941997816888]
Timestep: 156 State: 2 Beliefs: [0.0734807189083159, 0.11479636457197008, 0.12633661553626663, 0.14349545570967648, 0.09797186697269383, 0.1743970788811631, 0.09732735256830231, 0.17219454685161176]
Timestep: 157 State: 2 Beliefs: [0.09245369714303232, 0.06656761333440275, 0.2779428610877015, 0.1331352266666756, 0.09474988731058652, 0.0668931681889267, 0.14843584226866666, 0.11982170400000804]
Timestep: 158 State: 5 Beliefs: [0.12120926365346431, 0.08858710198334681, 0.24153364366272081, 0.11073387747665832, 0.1218829233254036, 0.09293269050513933, 0.12346000966427426, 0.09966048972899247]
Timestep: 159 State: 2 Beliefs: [0.07107475544949152, 0.11272098500473858, 0.13390858175322923, 0.1409012312543218, 0.10033989370637215, 0.17640528369329447, 0.0955677916333661, 0.16908147750518615]
Timestep: 160 State: 2 Beliefs: [0.08888512781109739, 0.06608493698996885, 0.2869696036983955, 0.13216987397912122, 0.0902551472389738, 0.06932287763794523, 0.14735954606328888, 0.11895288658120912]
Timestep: 161 State: 5 Beliefs: [0.08768663046147515, 0.06588462058366984, 0.2888639088414911, 0.1317692411663151, 0.0886492668961026, 0.07164114462628136, 0.14691287037498119, 0.11859231704968362]
Timestep: 162 State: 5 Beliefs: [0.06867223987468532, 0.11359153960600489, 0.1284260813130448, 0.14198942450687846, 0.09281861811660815, 0.18780891663942412, 0.09630587053510017, 0.1703873094082541]
Timestep: 163 State: 2 Beliefs: [0.06879140647187164, 0.11444341755059559, 0.12972529350646042, 0.14305427193796533, 0.09202203913782091, 0.18327033019006433, 0.09702811487966344, 0.17166512632555836]
Timestep: 164 State: 0 Beliefs: [0.08713250388154879, 0.06655846416099821, 0.28159584192403203, 0.13311692832173333, 0.08688640891349658, 0.07648917632902698, 0.14841544097960413, 0.11980523548955997]
Timestep: 165 State: 2 Beliefs: [0.09819538794419382, 0.13265216573656477, 0.13986432226307205, 0.1658152071702977, 0.07990092732541026, 0.14998882815534628, 0.08434947495184711, 0.1492336864532679]
Timestep: 166 State: 5 Beliefs: [0.09374521488969306, 0.07771948291781706, 0.18452542682529474, 0.1453137736249196, 0.10523568323705275, 0.10590829503580507, 0.16086832082205182, 0.1266838026473658]
Timestep: 167 State: 5 Beliefs: [0.07906015763008789, 0.11586260018467508, 0.1326344607938179, 0.1448282502306123, 0.08891117260654331, 0.16667812333850485, 0.09823133493902401, 0.17379390027673475]
Timestep: 168 State: 0 Beliefs: [0.07503334072615446, 0.11495363744561957, 0.13031177611917616, 0.14369204680685907, 0.08669259097768425, 0.17942545913944943, 0.09746069261682616, 0.1724304561682309]
Timestep: 169 State: 2 Beliefs: [0.1457033153312958, 0.08998698931429834, 0.2152954110139977, 0.11248373664274564, 0.11063416062544226, 0.09925005204579257, 0.12541097204795673, 0.10123536297847108]
Timestep: 170 State: 0 Beliefs: [0.10762105505122509, 0.06551226702911048, 0.27664093099864406, 0.13102453405797027, 0.08228432979071507, 0.07291222489582777, 0.146082577524334, 0.11792208065217326]
Timestep: 171 State: 2 Beliefs: [0.14455847690324766, 0.07759282147705676, 0.1833265311047745, 0.09699102684616448, 0.1260598536684483, 0.11089838205538874, 0.14418367572952212, 0.11638923221539738]
Timestep: 172 State: 2 Beliefs: [0.11387984941470221, 0.06544621467320551, 0.27695178512982316, 0.13089242934627004, 0.07996691684916149, 0.06912432754584566, 0.14593529062934882, 0.11780318641164304]
Timestep: 173 State: 1 Beliefs: [0.10697265292809124, 0.0656049851796839, 0.2871356980208893, 0.13120997035924736, 0.07805723117138642, 0.06664116385565129, 0.14628932516172805, 0.11808897332332263]
Timestep: 174 State: 2 Beliefs: [0.07950972002505573, 0.1431601236664438, 0.133076765453333, 0.14280803036497092, 0.08247012448924212, 0.15074450070674836, 0.09686109885624114, 0.17136963643796507]
Timestep: 175 State: 5 Beliefs: [0.09408340167146292, 0.07809879943541988, 0.18511287339305035, 0.14577638779702717, 0.10471649305674977, 0.10374448360878633, 0.16138045372727466, 0.12708710731022882]
Timestep: 176 State: 2 Beliefs: [0.09479951016247967, 0.1608197397766663, 0.11240050252189289, 0.12071582836082098, 0.10053652367024084, 0.18399207876061816, 0.08187682271429597, 0.14485899403298516]
Timestep: 177 State: 2 Beliefs: [0.09495141496613077, 0.07060356801776957, 0.3066676622801547, 0.12834296224342281, 0.07668228181712068, 0.06415061958790767, 0.1430928250684132, 0.11550866601908052]
Timestep: 178 State: 0 Beliefs: [0.09323374823091847, 0.07642382463450849, 0.3046438549464241, 0.12863074492506482, 0.07596924670712117, 0.061917228841280085, 0.1434136812821245, 0.11576767043255834]
Timestep: 179 State: 0 Beliefs: [0.10295589596407569, 0.14586389353975251, 0.16213105021404187, 0.16371682943617097, 0.07051351946571857, 0.12419162556580825, 0.08328203932187828, 0.14734514649255387]
Timestep: 180 State: 5 Beliefs: [0.12470485778070202, 0.1027646124794052, 0.14756086532520238, 0.11620418144359689, 0.1368432281959296, 0.14197323964339015, 0.12864280566812514, 0.10130620946364854]
Timestep: 181 State: 0 Beliefs: [0.08967239745762925, 0.12053273115095972, 0.1475580845890965, 0.14275449579918925, 0.08314776698761579, 0.14820434060138019, 0.09682478845510228, 0.17130539495902708]
Timestep: 182 State: 0 Beliefs: [0.13894569359587242, 0.08207894997776673, 0.20056955386423173, 0.09730178243082764, 0.12107358652146008, 0.09862265991508057, 0.14464563477776765, 0.11676213891699315]
Timestep: 183 State: 2 Beliefs: [0.16933906629313702, 0.09342175691878463, 0.22547288255219003, 0.10859556872691553, 0.10258708009021797, 0.08177167858094007, 0.12107595498359092, 0.09773601185422398]
Timestep: 184 State: 4 Beliefs: [0.1203738991941031, 0.06969283998240564, 0.28742883878379105, 0.12843210996219256, 0.07502848135821488, 0.06026271363129293, 0.14319221812202662, 0.11558889896597332]
Timestep: 185 State: 2 Beliefs: [0.09019653049153266, 0.12292510662032595, 0.1296419531040445, 0.14391160987599735, 0.10042024014923193, 0.1426010142526466, 0.0976096136550243, 0.17269393185119683]
Timestep: 186 State: 0 Beliefs: [0.11055458601304943, 0.06822349644181984, 0.27532371270791045, 0.1324548106752729, 0.08403575270568386, 0.06252108263295263, 0.14767722921556545, 0.1192093296077456]
Timestep: 187 State: 2 Beliefs: [0.11562989848933303, 0.138251389921871, 0.1453437921575221, 0.16532893021565956, 0.08014784242972083, 0.12240000161252938, 0.0841021079792703, 0.14879603719409357]
Timestep: 188 State: 5 Beliefs: [0.09403029734337713, 0.07794654729324578, 0.18508970150058301, 0.14575813993170914, 0.10241310308404562, 0.10633075934196418, 0.16136025259025183, 0.12707119891482335]
Timestep: 189 State: 0 Beliefs: [0.08424098187735865, 0.10734928601036228, 0.08300380952231143, 0.0908557009515821, 0.1337636289253931, 0.21636874625586594, 0.10270644455396237, 0.1817114019031642]
Timestep: 190 State: 1 Beliefs: [0.1446386451423214, 0.07804698633372423, 0.202503297478402, 0.09624719670380853, 0.12367321891181672, 0.09631609712118767, 0.1430779222641691, 0.11549663604457024]
Timestep: 191 State: 5 Beliefs: [0.09558710195994552, 0.13335538622576756, 0.12997306451604887, 0.14289110686842355, 0.08924712378731513, 0.14055944200267786, 0.09691744639771335, 0.17146932824210823]
Timestep: 192 State: 5 Beliefs: [0.06775761727751477, 0.11951983641558486, 0.07988461214924994, 0.13314102024874988, 0.10581621690211765, 0.22759865650928315, 0.09985576518656243, 0.16642627531093737]
Timestep: 193 State: 2 Beliefs: [0.09775668163758566, 0.12375267319001275, 0.12062218310604111, 0.14398013456826333, 0.08371051995454361, 0.15974555478925018, 0.09765609127238732, 0.172776161481916]
Timestep: 194 State: 2 Beliefs: [0.11059681695960277, 0.0743716850671571, 0.2598993381606132, 0.13430739874934033, 0.08163744111657392, 0.06856793440699704, 0.1497427266653093, 0.1208766588744063]
Timestep: 195 State: 1 Beliefs: [0.10708922515473954, 0.07451337650877404, 0.2728947828065566, 0.13232078968213923, 0.08215744381371382, 0.06440786551036368, 0.14752780580978808, 0.11908871071392532]
Timestep: 196 State: 2 Beliefs: [0.07930744145762882, 0.1538305471600202, 0.1260060048045311, 0.142350890479242, 0.08356637863387656, 0.1475666301297774, 0.09655103875983369, 0.17082106857509036]
Timestep: 197 State: 5 Beliefs: [0.09439577478070543, 0.0783902036634698, 0.18570102511716646, 0.14623955727976862, 0.10210613181461915, 0.10378320987001939, 0.1618932013841964, 0.12749089609005468]
Timestep: 198 State: 2 Beliefs: [0.07928337857932263, 0.14470732029885344, 0.13180146938295115, 0.1440649062578586, 0.08318836934971123, 0.14636308002958587, 0.09771358859228671, 0.1728778875094303]
Timestep: 199 State: 4 Beliefs: [0.09443650751854965, 0.07840349992460939, 0.18579652920030473, 0.14631476674523997, 0.10120282853121701, 0.10431294340960455, 0.1619764613541118, 0.12755646331636306]
Timestep: 200 State: 2 Beliefs: [0.11476740486149217, 0.09850461000055234, 0.2019824149503348, 0.09804851701235819, 0.12404412257697696, 0.09923900429642765, 0.145755705887028, 0.11765822041482983]
Timestep: 201 State: 4 Beliefs: [0.09640788898211854, 0.08443099470938369, 0.28589822287138833, 0.13047375138499137, 0.07724350336460635, 0.06265076649387234, 0.14546849594714706, 0.11742637624649223]
Timestep: 202 State: 2 Beliefs: [0.11108794902056167, 0.09794623514557615, 0.18895324552409457, 0.09635017991041367, 0.14910243333794587, 0.09770872745134157, 0.1432310137175702, 0.11562021589249641]
Timestep: 203 State: 2 Beliefs: [0.09300115770326019, 0.07973138014123761, 0.2841494607628607, 0.13040030512132475, 0.08743132396751137, 0.06253948885039011, 0.14538660884422322, 0.11736027460919227]
Timestep: 204 State: 0 Beliefs: [0.09096782445766373, 0.0786437396349343, 0.288829782167058, 0.130214936276094, 0.08728310552044385, 0.06168723288003453, 0.1451799364152869, 0.11719344264848461]
Timestep: 205 State: 4 Beliefs: [0.14682777279736506, 0.1020295156638654, 0.22662966150642336, 0.1096596759602838, 0.11088547135333694, 0.08301183921666098, 0.12226235513780893, 0.09869370836425541]
Timestep: 206 State: 2 Beliefs: [0.08341419135350335, 0.13027399692233715, 0.13963577317516074, 0.14129293952055266, 0.09522571516236475, 0.14477238441878248, 0.09583347202263573, 0.1695515274246632]
Timestep: 207 State: 4 Beliefs: [0.10035998128390802, 0.07155359197842263, 0.2835424880710348, 0.131592668829352, 0.08352377446462672, 0.06427808802993176, 0.14671600539630736, 0.11843340194641677]
Timestep: 208 State: 2 Beliefs: [0.08048487220605675, 0.12734168728598155, 0.126066717370206, 0.14313276069432598, 0.11026906766389716, 0.1438642312145378, 0.09708135073180371, 0.17175931283319115]
Timestep: 209 State: 2 Beliefs: [0.09603721155621599, 0.07070906599443347, 0.28084066174824335, 0.13212840510246135, 0.08964650047278633, 0.06440927917313878, 0.1473133113605054, 0.11891556459221522]
Timestep: 210 State: 2 Beliefs: [0.09488419161526626, 0.07123451040184074, 0.2840430206633533, 0.13067726060721793, 0.09433960616573442, 0.06151648245741679, 0.1456953935426743, 0.11760953454649616]
Timestep: 211 State: 2 Beliefs: [0.09018511608333989, 0.06965657611894, 0.30163286289853647, 0.12930903849466496, 0.08779964367478968, 0.060868700091224984, 0.14416992799330558, 0.11637813464519847]
Timestep: 212 State: 2 Beliefs: [0.087385687056474, 0.06879342225935521, 0.31043122641713483, 0.12911714112713685, 0.08340950762942394, 0.06070161174684124, 0.1439559767492108, 0.11620542701442318]
Timestep: 213 State: 0 Beliefs: [0.08588141936473626, 0.06851031250322018, 0.31339775124146985, 0.12953584774864413, 0.08082213983301288, 0.0608474629497085, 0.14442280338542857, 0.11658226297377972]
Timestep: 214 State: 4 Beliefs: [0.14828150706756796, 0.09383799428902322, 0.22954308170751886, 0.11134752080012005, 0.10897906716774698, 0.08365388407225872, 0.1241441761756562, 0.10021276872010802]
Timestep: 215 State: 2 Beliefs: [0.1217988939814809, 0.08140873295267492, 0.2056957311737673, 0.09568731743367657, 0.14090605338797657, 0.09743286602472552, 0.14224562412528638, 0.11482478092041191]
Timestep: 216 State: 2 Beliefs: [0.1204832033331541, 0.08096162912019093, 0.20981893546439923, 0.09619954237436061, 0.1367730060029884, 0.09731715195289314, 0.14300708090278086, 0.11543945084923274]
Timestep: 217 State: 2 Beliefs: [0.09543017843796635, 0.06786517614119526, 0.3004245151210386, 0.1291554791810905, 0.08564436210498907, 0.06124163693241828, 0.14399872081832027, 0.11623993126298145]
Timestep: 218 State: 2 Beliefs: [0.0919212169377209, 0.06745809204180807, 0.30550386002135466, 0.12973301894750022, 0.08306713339740562, 0.06091432704357592, 0.1446426345578846, 0.1167597170527502]
Timestep: 219 State: 4 Beliefs: [0.08809593675969642, 0.06740907139546053, 0.3093617931132719, 0.12990180618950442, 0.08252152307225764, 0.06096742416259869, 0.14483081973665643, 0.116911625570554]
Timestep: 220 State: 0 Beliefs: [0.07011257652302369, 0.12029661549467742, 0.13502231119450914, 0.14515998756344684, 0.11144289388658234, 0.1453172908707648, 0.0984563393908596, 0.1741919850761362]
Timestep: 221 State: 0 Beliefs: [0.07883510661244804, 0.11975294615844403, 0.13485015014525328, 0.14556384854542626, 0.0969296223499352, 0.15066144544230145, 0.09873026249168043, 0.17467661825451153]
Timestep: 222 State: 2 Beliefs: [0.13911365216575203, 0.09133210383475605, 0.22552459469245803, 0.11207989030360246, 0.11911815181926029, 0.08699899239333027, 0.12496071351759858, 0.10087190127324222]
Timestep: 223 State: 2 Beliefs: [0.102588983681489, 0.06692444870045657, 0.2789944240286627, 0.130952844806293, 0.09426346123035186, 0.06241562786842516, 0.14600264935865798, 0.11785756032566369]
Timestep: 224 State: 4 Beliefs: [0.09735489685654906, 0.06658362981792366, 0.2901540879469511, 0.13104909155242458, 0.08930404271601683, 0.06150011141495081, 0.14610995729800172, 0.11794418239718212]
Timestep: 225 State: 2 Beliefs: [0.11352826687852542, 0.07854602353642975, 0.19229121770841712, 0.096706374575155, 0.1623295487502143, 0.09679039805084198, 0.1437605210102304, 0.11604764949018599]
Timestep: 226 State: 4 Beliefs: [0.098638446593822, 0.0661790155973605, 0.28704682145811605, 0.13001912756679324, 0.0945683512371735, 0.0615693984196139, 0.1449616243170068, 0.1170172148101139]
Timestep: 227 State: 0 Beliefs: [0.11007280658070351, 0.07815828673529075, 0.18684100500552758, 0.09620720734629853, 0.17396678340905847, 0.09628678670918504, 0.14301847539837811, 0.11544864881555823]
Timestep: 228 State: 4 Beliefs: [0.10010537117391705, 0.13442890541707056, 0.15055115023164425, 0.1651568426922766, 0.09199313854540273, 0.1251088657123079, 0.08401456780433203, 0.14864115842304895]
Timestep: 229 State: 2 Beliefs: [0.11695188182439807, 0.07798578682797677, 0.19189086185927617, 0.09647672894912086, 0.15689220593951117, 0.10061132249760125, 0.14341913736317072, 0.11577207473894503]
Timestep: 230 State: 2 Beliefs: [0.1320010226933265, 0.0884477766697006, 0.2252497263935314, 0.10921286343397528, 0.14228258938049265, 0.08275025182320249, 0.12176419251519334, 0.09829157709057774]
Timestep: 231 State: 2 Beliefs: [0.09626611301909979, 0.06535971618669273, 0.29038847042543037, 0.12891811174861825, 0.09793938498486827, 0.06136782921643292, 0.14373407384510123, 0.11602630057375643]
Timestep: 232 State: 0 Beliefs: [0.09205088060276542, 0.06560167447398961, 0.2980892533329744, 0.12989966023503366, 0.09170484161747208, 0.06091556836866715, 0.14482842715756736, 0.11690969421153029]
Timestep: 233 State: 0 Beliefs: [0.13498369084115078, 0.07819230437222915, 0.19555472627793183, 0.09681512169499742, 0.13750141201694677, 0.09685241785496002, 0.14392218090778722, 0.1161781460339969]
Timestep: 234 State: 0 Beliefs: [0.1408917924312292, 0.07733012070323766, 0.19977395295038194, 0.0958223102530555, 0.13196472974135745, 0.09678402159909655, 0.14244630001797506, 0.1149867723036666]
Timestep: 235 State: 2 Beliefs: [0.10126542801240607, 0.11589575023515808, 0.1350307212255526, 0.14403996018943108, 0.08780275195021635, 0.14542076750969565, 0.09769666865022282, 0.17284795222731728]
Timestep: 236 State: 5 Beliefs: [0.12523852769140884, 0.10428372525194057, 0.14769740198004389, 0.11631170405928455, 0.14461456419565882, 0.1316922920694284, 0.12876183762362797, 0.10139994712860705]
Timestep: 237 State: 0 Beliefs: [0.09228877052491373, 0.1152467989741616, 0.14772690814407924, 0.14365022629434723, 0.08376227975471863, 0.14751241735491866, 0.0974323273996442, 0.17238027155321667]
Timestep: 238 State: 4 Beliefs: [0.10922997087724647, 0.13392515230741872, 0.1531746663062486, 0.16706310133641192, 0.07235501650777754, 0.12891102817360345, 0.0849842732885226, 0.1503567912027707]
Timestep: 239 State: 4 Beliefs: [0.06737307700835335, 0.11763588143969571, 0.07969168659045155, 0.13281947765075255, 0.10920996121433545, 0.22763096079490627, 0.09961460823806442, 0.1660243470634407]
Timestep: 240 State: 2 Beliefs: [0.09566904896390357, 0.11639769505605177, 0.13326898475235033, 0.14535968915710554, 0.08613962430866916, 0.15014154160596493, 0.09859178916742811, 0.17443162698852666]
Timestep: 241 State: 4 Beliefs: [0.09344466241638018, 0.07635756588716529, 0.1847771778306059, 0.1455120275416022, 0.10873524029618226, 0.10322889057536995, 0.1610877960574513, 0.12685663939524291]
Timestep: 242 State: 2 Beliefs: [0.09140624611340083, 0.11729563244002504, 0.1315473309025044, 0.14642889204746337, 0.09104581990751048, 0.1472444204825561, 0.09931698764958385, 0.17571467045695602]
Timestep: 243 State: 5 Beliefs: [0.09339251074071077, 0.07646887227764726, 0.18455663713666098, 0.14533835174512053, 0.11570215703514257, 0.09694071152675447, 0.16089552981144803, 0.12670522972651535]
Timestep: 244 State: 2 Beliefs: [0.08963141164329355, 0.11734084370812531, 0.1330706932988435, 0.14648564784363866, 0.09105736760745538, 0.14727577560102662, 0.09935548288525056, 0.17578277741236636]
Timestep: 245 State: 5 Beliefs: [0.09346032432421343, 0.07652672866663049, 0.18468884833097554, 0.14544246806064326, 0.11055375989103858, 0.101521082077395, 0.16101079085264533, 0.12679599779645823]
Timestep: 246 State: 2 Beliefs: [0.08659995034735153, 0.11721727287769398, 0.13706872364085246, 0.14633115039432124, 0.09096915421709684, 0.14696567473856761, 0.09925069331093093, 0.1755973804731855]
Timestep: 247 State: 4 Beliefs: [0.10213430127051945, 0.06624903652043952, 0.2858373582101407, 0.1323381483455107, 0.08309169422767583, 0.0636979684907295, 0.1475471594240246, 0.11910433351095961]
Timestep: 248 State: 2 Beliefs: [0.08299681776239132, 0.11600236510902079, 0.1289218955255292, 0.1447940588004267, 0.11081612547312578, 0.1445077225391397, 0.09820814422985463, 0.173752870560512]
Timestep: 249 State: 0 Beliefs: [0.09738423188858379, 0.06623438786365234, 0.28367897586035434, 0.13231532113472153, 0.0901272629030096, 0.06365432254091098, 0.14752170878751786, 0.11908378902124939]
Timestep: 250 State: 0 Beliefs: [0.15823681035630913, 0.08851844791486639, 0.20961155652417549, 0.11049594513476685, 0.12778222082818838, 0.08271393576119337, 0.1231947328592102, 0.09944635062129016]
Timestep: 251 State: 2 Beliefs: [0.09784292765323495, 0.11462359269777611, 0.13357435674025223, 0.14307015042663138, 0.09741288622674081, 0.1447530211062134, 0.09703888463719347, 0.17168418051195766]
Timestep: 252 State: 2 Beliefs: [0.10657745762776054, 0.06589190038753338, 0.28404344240500035, 0.13171251454957536, 0.083050977536454, 0.06333281996841277, 0.14684962443064595, 0.11854126309461782]
Timestep: 253 State: 4 Beliefs: [0.10744691275882359, 0.06526014956299885, 0.28851919932193604, 0.1304427719216638, 0.08448130484154058, 0.0610172107061023, 0.14543395615743712, 0.11739849472949744]
Timestep: 254 State: 0 Beliefs: [0.0816468075816858, 0.11545723567904759, 0.1363803942174668, 0.14423505077047047, 0.10747884965445514, 0.14389061021494698, 0.0978289909573626, 0.17308206092456455]
Timestep: 255 State: 0 Beliefs: [0.0844633773228949, 0.11627642943001316, 0.13845164616851072, 0.14528017238539695, 0.09357981704184919, 0.14907449473615472, 0.09853785605270403, 0.17433620686247633]
Timestep: 256 State: 2 Beliefs: [0.1461481212742265, 0.08894094322589223, 0.22751362894934118, 0.11114395398793507, 0.1167300949567133, 0.08557648464512704, 0.1239172143716231, 0.10002955858914156]
Timestep: 257 State: 4 Beliefs: [0.11069296637587521, 0.06489793523260502, 0.27872269696708146, 0.12975676273312875, 0.09293204162694725, 0.06154740349761042, 0.14466910710693606, 0.11678108645981586]
Timestep: 258 State: 4 Beliefs: [0.12246648066742626, 0.07687675846814501, 0.18389258357104052, 0.09607429503830016, 0.16675723315933494, 0.09582260272420032, 0.1428208923255925, 0.11528915404596018]
Timestep: 259 State: 2 Beliefs: [0.12192990611591373, 0.07612884410694644, 0.1896952536210684, 0.09513715106786061, 0.16591121250184898, 0.09560528643390047, 0.1414277648710286, 0.11416458128143271]
Timestep: 260 State: 4 Beliefs: [0.10141943659936248, 0.06488323030879663, 0.27822176733001747, 0.1297338268078843, 0.10323716400307142, 0.06110059556184696, 0.14464353526192472, 0.11676044412709588]
Timestep: 261 State: 2 Beliefs: [0.07778740927880821, 0.1154810936514382, 0.12438649970156355, 0.14432162167514145, 0.12300989971958164, 0.14393982134885328, 0.09788770861444378, 0.17318594601016973]
Timestep: 262 State: 2 Beliefs: [0.09536166572458754, 0.06593088119611767, 0.28402771262185333, 0.1318411087686684, 0.09376280269709321, 0.06342583371152719, 0.14699299738835114, 0.11865699789180155]
Timestep: 263 State: 0 Beliefs: [0.09327747526161546, 0.06569594141831273, 0.28803560961512914, 0.13136663398643758, 0.09549400438958723, 0.06143637132639437, 0.14646399341472965, 0.11822997058779382]
Timestep: 264 State: 2 Beliefs: [0.1333759986767192, 0.0772425738205328, 0.1984010146389081, 0.09653499542021804, 0.13878319212163162, 0.09631447643185226, 0.14350575438587637, 0.11584199450426162]
Timestep: 265 State: 2 Beliefs: [0.10572926369560248, 0.06442594134860714, 0.2963388802586619, 0.12883140573595825, 0.08439258248773344, 0.060696258199491086, 0.14363740311158327, 0.11594826516236241]
Timestep: 266 State: 2 Beliefs: [0.13784604834623074, 0.0868642480087331, 0.2553791753034235, 0.10856667910212442, 0.11138816061612611, 0.081201932223559, 0.12104374520789096, 0.09771001119191197]
Timestep: 267 State: 2 Beliefs: [0.09482573749886977, 0.06254803883803885, 0.32869982154458727, 0.12507530453621032, 0.07756022198460569, 0.05927347093517477, 0.13944963057992404, 0.11256777408258929]
Timestep: 268 State: 4 Beliefs: [0.09091460296196324, 0.0636689219621562, 0.3257113107643614, 0.12732357139235634, 0.07638795290079309, 0.05944614542183076, 0.1419562803434182, 0.11459121425312073]
Timestep: 269 State: 0 Beliefs: [0.10664985906002544, 0.07711022114763694, 0.2098670706190199, 0.0963774940366991, 0.15503945236342373, 0.09603129192833172, 0.14327161800082433, 0.1156529928440389]
Timestep: 270 State: 0 Beliefs: [0.08269513842063818, 0.11531496762830531, 0.14489715724997415, 0.14412552614919671, 0.09745980220889593, 0.14480207227145506, 0.09775470469249865, 0.17295063137903605]
Timestep: 271 State: 4 Beliefs: [0.0832587632656213, 0.11657757158217696, 0.1393558481865327, 0.14571452486012101, 0.09193656709592334, 0.14946683483757137, 0.09883246033990815, 0.1748574298321452]
Timestep: 272 State: 0 Beliefs: [0.11815803703050969, 0.07809396385726591, 0.20107490440213807, 0.09761447958248753, 0.1426129215888781, 0.10019783794397796, 0.1451104800957576, 0.11713737549898505]
Timestep: 273 State: 2 Beliefs: [0.12951030008212158, 0.076905228651407, 0.1911628066640021, 0.09612730783444202, 0.15140764204875679, 0.09663424591032176, 0.1428996994076183, 0.11535276940133043]
Timestep: 274 State: 0 Beliefs: [0.10948466951622175, 0.06546471432684897, 0.2747116373461199, 0.13092522149901312, 0.0939458130014399, 0.06166339352876294, 0.14597185143248176, 0.11783269934911178]
Timestep: 275 State: 2 Beliefs: [0.09717559723793216, 0.11608221127163022, 0.12622662554251396, 0.1450988525458135, 0.09813190274081732, 0.14475131370567804, 0.09841487390063872, 0.17411862305497616]
Timestep: 276 State: 0 Beliefs: [0.11086518272429341, 0.06616991977083574, 0.27729113512398545, 0.13233790332370504, 0.08300455920014843, 0.06368030062270089, 0.14754688624299653, 0.11910411299133454]
Timestep: 277 State: 4 Beliefs: [0.17485512793170557, 0.08796375625563349, 0.20913526785505232, 0.1099528387278201, 0.11423155170741615, 0.08231469292154082, 0.12258920974579345, 0.09895755485503809]
Timestep: 278 State: 2 Beliefs: [0.14676887992846213, 0.07594023205595088, 0.18494522442147407, 0.09492389868574268, 0.14638804178428955, 0.09601429381910047, 0.14111075088208913, 0.1139086784228912]
Timestep: 279 State: 0 Beliefs: [0.11905074608072892, 0.06542733756094864, 0.26826689254278585, 0.13085307599703652, 0.09113536859693255, 0.06160739624246405, 0.14589141458177055, 0.11776776839733286]
Timestep: 280 State: 2 Beliefs: [0.15265735081970974, 0.07764644918953247, 0.17673591883256737, 0.09705711212265415, 0.13833459107046278, 0.09681812748630104, 0.14428191593158737, 0.11646853454718496]
Timestep: 281 State: 2 Beliefs: [0.11985299450338925, 0.06529653177412618, 0.27562409033120844, 0.13059205926385617, 0.08396621054012332, 0.061534859846690985, 0.14560040040313516, 0.11753285333747057]
Timestep: 282 State: 0 Beliefs: [0.11011744811186118, 0.06572270565312599, 0.2845060266091562, 0.13144462862688178, 0.08190918991623634, 0.06144888370021545, 0.14655095161832937, 0.11830016576419361]
Timestep: 283 State: 2 Beliefs: [0.09957219631134386, 0.11627054435583296, 0.13410431302624268, 0.14533738281260722, 0.08673516253792403, 0.14499888193410865, 0.09857665964681185, 0.17440485937512865]
Timestep: 284 State: 4 Beliefs: [0.09346042216659724, 0.0763908007882889, 0.1847927448095168, 0.14552428653749447, 0.10683503401239278, 0.10502801769087954, 0.16110136726983515, 0.1268673267249952]
Timestep: 285 State: 2 Beliefs: [0.13571266997965448, 0.0783038181672829, 0.20405692990738947, 0.09787951850682532, 0.12285264257523716, 0.09823452039751274, 0.1455044782579075, 0.11745542220819039]
Timestep: 286 State: 2 Beliefs: [0.11253083559649284, 0.06464282696499278, 0.29487706233916355, 0.12928515671317278, 0.07722761663572245, 0.06093655911943592, 0.14414330158916427, 0.1163566410418555]
Timestep: 287 State: 2 Beliefs: [0.10501987634486261, 0.06485621505579817, 0.3019622155775316, 0.1297120201316786, 0.07646712082095823, 0.06062251150534086, 0.14461922244531927, 0.11674081811851075]
Timestep: 288 State: 0 Beliefs: [0.09630721276732833, 0.06429138517047152, 0.31638500121777036, 0.12858239102513488, 0.07524808695493768, 0.060102000649533104, 0.14335977029220262, 0.1157241519226214]
Timestep: 289 State: 5 Beliefs: [0.13754950523355478, 0.07761776487723916, 0.21008454030740034, 0.09702194432345164, 0.12036424103718311, 0.09670603439697247, 0.14422963663605648, 0.11642633318814197]
Timestep: 290 State: 1 Beliefs: [0.08722844272718587, 0.11468671270938173, 0.14363811500374, 0.1433581025715408, 0.08047440006690325, 0.1613503125260065, 0.09723419130939288, 0.17202972308584896]
Timestep: 291 State: 5 Beliefs: [0.06741328625237472, 0.11631174503950334, 0.08004064832611855, 0.1334010805435309, 0.11860199117521074, 0.21742908757619978, 0.1000508104076482, 0.16675135067941363]
Timestep: 292 State: 0 Beliefs: [0.07770160015202807, 0.13758650739960226, 0.1357226930083622, 0.14371952278320418, 0.07945604621333094, 0.15587087460719312, 0.09747932849643415, 0.17246342733984502]
Timestep: 293 State: 5 Beliefs: [0.1231761635432889, 0.10039914949719621, 0.14625671329490927, 0.11517716171974106, 0.1477951325959464, 0.13927896779768434, 0.12750585261607475, 0.10041085893515887]
Timestep: 294 State: 0 Beliefs: [0.10739028860909769, 0.14781995201440834, 0.1144679585570952, 0.11901317181524176, 0.09557451352360594, 0.19219633189714064, 0.08072197740512049, 0.1428158061782901]
Timestep: 295 State: 2 Beliefs: [0.09547210370163353, 0.12224661380261857, 0.13174870950835418, 0.1421846263269707, 0.07920565126590637, 0.16208247551081517, 0.09643826829133666, 0.17062155159236483]
Timestep: 296 State: 5 Beliefs: [0.10062408898433461, 0.08201156541548925, 0.11948147858557392, 0.09409166438613946, 0.1711965444037857, 0.1656282295100355, 0.14935184823196737, 0.11761458048267431]
Timestep: 297 State: 0 Beliefs: [0.09611279364650141, 0.12185566760977612, 0.1383884536408917, 0.14312628620896783, 0.07932235515523532, 0.1523659409461317, 0.0970769593417347, 0.17175154345076138]
Timestep: 298 State: 5 Beliefs: [0.10069331751513691, 0.08207457088541185, 0.11956066717630928, 0.09415402540134356, 0.16429990416129414, 0.1720741491384384, 0.14945083397038658, 0.11769253175167943]
Timestep: 299 State: 2 Beliefs: [0.09920917998940354, 0.11919322645214998, 0.13577330627662262, 0.14362784827911773, 0.07957413147404427, 0.1528517403261451, 0.09741714926757551, 0.17235341793494127]
Timestep: 300 State: 5 Beliefs: [0.0929211171230083, 0.07574621405091624, 0.1838818003122712, 0.1448069177459136, 0.10536688274505902, 0.11072792920287565, 0.16030721052864666, 0.12624192829130926]
Timestep: 301 State: 0 Beliefs: [0.08978099695810818, 0.11808478210084307, 0.13807276326828308, 0.1458447531892952, 0.08056522441774608, 0.15371698711887433, 0.09892078911969589, 0.17501370382715425]
Timestep: 302 State: 5 Beliefs: [0.081247980899938, 0.14022196354931957, 0.09645800181202088, 0.16076333635336812, 0.08944691517383918, 0.20761755868271375, 0.08409159132330027, 0.14015265220550044]
Timestep: 303 State: 2 Beliefs: [0.09512356423036644, 0.11701264796480507, 0.13682917200030387, 0.14421900530092407, 0.0794360996260694, 0.1564985965731867, 0.09781810794323546, 0.17306280636110888]
Timestep: 304 State: 5 Beliefs: [0.0930169011787086, 0.07581829230899576, 0.18407592208482426, 0.14495978864179912, 0.10220683173078068, 0.11307061880604044, 0.16047644489446217, 0.12637520035438898]
Timestep: 305 State: 2 Beliefs: [0.08915136939375079, 0.11710920292110406, 0.1400296350024235, 0.14576378220550548, 0.08051263247298426, 0.15365096968780415, 0.09886586966982112, 0.17491653864660658]
Timestep: 306 State: 5 Beliefs: [0.10385513986438126, 0.06606032745037792, 0.29213256700296064, 0.13167555704025952, 0.07458696543436374, 0.06637302230564156, 0.14680841956578183, 0.11850800133623354]
Timestep: 307 State: 0 Beliefs: [0.08162160347318763, 0.11397647816193184, 0.1303396049010847, 0.142261258494277, 0.0786004658670108, 0.18599683401760522, 0.09649024489177051, 0.17071351019313238]
Timestep: 308 State: 0 Beliefs: [0.14846712729284597, 0.08949940049486461, 0.2255765022037155, 0.11163196329321029, 0.10099653749141912, 0.098898393931655, 0.12446130832840012, 0.10046876696388925]
Timestep: 309 State: 2 Beliefs: [0.15850778988337066, 0.08783972913781764, 0.2202227619053506, 0.1096705047353994, 0.09944066640418393, 0.103340665258073, 0.1222744284139453, 0.09870345426185946]
Timestep: 310 State: 2 Beliefs: [0.1146631665211147, 0.06520518198031945, 0.27827464581466504, 0.13024936294708062, 0.0735811716112337, 0.07558372488893156, 0.1452183195842824, 0.11722442665237257]
Timestep: 311 State: 2 Beliefs: [0.1068644899796128, 0.06532312514885953, 0.2883938986194715, 0.1305295081921727, 0.07348187264030845, 0.07239988742042112, 0.14553066062619852, 0.11747655737295543]
Timestep: 312 State: 0 Beliefs: [0.10135414283883541, 0.06461418410279819, 0.30412910576582664, 0.1291177517442416, 0.07262430878949809, 0.06799787264726849, 0.1439566575417141, 0.11620597656981743]
Timestep: 313 State: 2 Beliefs: [0.16302327052488028, 0.0880933239374114, 0.22932277305899212, 0.11002850506499268, 0.09894975129663287, 0.08888314949359805, 0.12267357206499928, 0.0990256545584934]
Timestep: 314 State: 2 Beliefs: [0.11585748275237441, 0.06428647052080452, 0.2956007730076398, 0.12843648142677871, 0.0722441492514269, 0.06478471777806334, 0.14319709197881147, 0.11559283328410083]
Timestep: 315 State: 2 Beliefs: [0.14525931516321558, 0.08729431407278772, 0.2552713710636058, 0.10903447444892359, 0.09787879104613414, 0.08556540509183036, 0.1215653021094715, 0.09813102700403122]
Timestep: 316 State: 4 Beliefs: [0.10141014084614702, 0.06318673073930942, 0.32193527164273383, 0.12624421841044048, 0.07095699645853687, 0.061893963016123876, 0.140752882317312, 0.11361979656939644]
Timestep: 317 State: 2 Beliefs: [0.07865741672439085, 0.11575624615927853, 0.14019281145727558, 0.14459021763105395, 0.10183449459317878, 0.14739066553649482, 0.09806988674106268, 0.17350826115726473]
Timestep: 318 State: 4 Beliefs: [0.10255357967874146, 0.06640546265244857, 0.28319156730344586, 0.13258376192196755, 0.08354551959647542, 0.06457372288474768, 0.14782100023240263, 0.1193253857297708]
Timestep: 319 State: 2 Beliefs: [0.11146618608548338, 0.07714322981484484, 0.19525794648303657, 0.09635592782684368, 0.16296616162331054, 0.09794387639287121, 0.14323955838139749, 0.11562711339221243]
Timestep: 320 State: 0 Beliefs: [0.09663877436813116, 0.06512015934362525, 0.2897869943613503, 0.13008943096644918, 0.09391599367336805, 0.06232815205617098, 0.1450400073611008, 0.11708048786980425]
Timestep: 321 State: 2 Beliefs: [0.1534743890764113, 0.08875652180376441, 0.2163130700146542, 0.11086457815395924, 0.12304241582751417, 0.0841651736194503, 0.12360573116568292, 0.09977812033856333]
Timestep: 322 State: 2 Beliefs: [0.10896826885055154, 0.06504055779161827, 0.2859905248214943, 0.12995126142419747, 0.08587104079994036, 0.06233625239777039, 0.14488595863264997, 0.11695613528177772]
Timestep: 323 State: 2 Beliefs: [0.10351066139674328, 0.06525606178127102, 0.2924858461722763, 0.13041649000043298, 0.0840460907194995, 0.06150535515278515, 0.14540465377660214, 0.11737484100038968]
Timestep: 324 State: 2 Beliefs: [0.09712853680022472, 0.06442865702310531, 0.31040084255623984, 0.1287639737370101, 0.07916051724310894, 0.06066767481200749, 0.14356222146499484, 0.11588757636330908]
Timestep: 325 State: 0 Beliefs: [0.09279038312938688, 0.06424554319179121, 0.3194902734465546, 0.12839959117134928, 0.07596274521332678, 0.06039586969636518, 0.1431559620970118, 0.11555963205421435]
Timestep: 326 State: 2 Beliefs: [0.10700284589215314, 0.1333626473545145, 0.16310394400925554, 0.1665857952904819, 0.07003506024934353, 0.12524102166461623, 0.08474146977820167, 0.1499272157614337]
Timestep: 327 State: 5 Beliefs: [0.09292042427429532, 0.07544030240607323, 0.1841132740003419, 0.14498920327526924, 0.10002487084055751, 0.11560207321959655, 0.16050900810286212, 0.12640084388100395]
Timestep: 328 State: 2 Beliefs: [0.08000429786842096, 0.10599913934196578, 0.08920630307735374, 0.09228647561348877, 0.12197751989531995, 0.22162947097861635, 0.10432384199785687, 0.18457295122697753]
Timestep: 329 State: 2 Beliefs: [0.10168029647488572, 0.06500010808614223, 0.3066577642001583, 0.12980174516642395, 0.0731228122163789, 0.06219644404306719, 0.14471925916316222, 0.11682157064978155]
Timestep: 330 State: 2 Beliefs: [0.10041540743141068, 0.06470571509432836, 0.3107001048720448, 0.12935588577111887, 0.07354159953116896, 0.060638830895435036, 0.14422215921048626, 0.11642029719400698]
Timestep: 331 State: 2 Beliefs: [0.09311759955265518, 0.06434128522935238, 0.3219016970795928, 0.12862878894077256, 0.07255803277785289, 0.06027518586747145, 0.1434115005056076, 0.11576591004669529]
Timestep: 332 State: 2 Beliefs: [0.08899648961529719, 0.06436710849202172, 0.32617829111380436, 0.12868092062011544, 0.07223412211256762, 0.060260616050438774, 0.14346962343765104, 0.11581282855810388]
Timestep: 333 State: 2 Beliefs: [0.0868408586232657, 0.06451315918255217, 0.32722441438504324, 0.12897309215873798, 0.07219731957371815, 0.060380000234449484, 0.14379537289936903, 0.11607578294286419]
Timestep: 334 State: 2 Beliefs: [0.11734428222079395, 0.0883974360733714, 0.27974419167959785, 0.11045122273723652, 0.0987855541740422, 0.0827263419279891, 0.12314487072345624, 0.09940610046351286]
Timestep: 335 State: 2 Beliefs: [0.08542764914055302, 0.06352478609866115, 0.3369304607810598, 0.12697679560005884, 0.07096066813586278, 0.060330872989954605, 0.14156965121379694, 0.11427911604005296]
Timestep: 336 State: 0 Beliefs: [0.08486507119227417, 0.06459639372554528, 0.32866548140415985, 0.12913956408227317, 0.07211227531849106, 0.060414629932377596, 0.14398097667083293, 0.11622560767404586]
Timestep: 337 State: 4 Beliefs: [0.1325522189614055, 0.07862555863097878, 0.21153854210742098, 0.09824147127034841, 0.11701228677426505, 0.0980976113800183, 0.1460425453511448, 0.11788976552441809]
Timestep: 338 State: 2 Beliefs: [0.12383631761771585, 0.07785134763857464, 0.21200425882135723, 0.09724859232464572, 0.129955889369184, 0.09783871932648915, 0.1445665641124584, 0.11669831078957485]
Timestep: 339 State: 0 Beliefs: [0.10415266790364089, 0.06584621794299586, 0.28939307581786544, 0.13160391724477596, 0.08180380934183784, 0.062028239688514474, 0.14672854654007111, 0.11844352552029837]
Timestep: 340 State: 4 Beliefs: [0.1121929263443756, 0.13419964616230767, 0.14935470516915247, 0.167678236312047, 0.07481314934736112, 0.12555373420778557, 0.08529718977612827, 0.1509104126808423]
Timestep: 341 State: 5 Beliefs: [0.06609305944042035, 0.11378877163501237, 0.0785261139392021, 0.13087685656533682, 0.1011518352172786, 0.24780965007207612, 0.09815764242400263, 0.163596070706671]
Timestep: 342 State: 2 Beliefs: [0.08490744246893227, 0.11636994867763192, 0.14545311539049624, 0.14521461257435936, 0.08653946114353801, 0.14876449525754992, 0.09849338939826113, 0.17425753508923122]
Timestep: 343 State: 4 Beliefs: [0.10538034053240657, 0.06657186768224677, 0.279419399159491, 0.13306796873143303, 0.08346542903063221, 0.06397296831538064, 0.1483608546901201, 0.11976117185828973]
Timestep: 344 State: 2 Beliefs: [0.08312692235296115, 0.11673850530978515, 0.1232337776217306, 0.1458872770357238, 0.11137023736232075, 0.14562891649385815, 0.0989496313807518, 0.17506473244286855]
Timestep: 345 State: 0 Beliefs: [0.09588650964384923, 0.06673933092086853, 0.27938569683264686, 0.13340442944065242, 0.0916445316555416, 0.06413953173796275, 0.14873598327189158, 0.1200639864965872]
Timestep: 346 State: 0 Beliefs: [0.13740321683548687, 0.07780417000038006, 0.1780501233089072, 0.09723112248897978, 0.15121407164323375, 0.09707935470784293, 0.1445405940283938, 0.11667734698677573]
Timestep: 347 State: 4 Beliefs: [0.13594827823679229, 0.07715011241240027, 0.19475193356614046, 0.0964012217491067, 0.13989693205943035, 0.0968631650382313, 0.14330689083897055, 0.11568146609892804]
Timestep: 348 State: 0 Beliefs: [0.09151827361009801, 0.11542865399599826, 0.13040407509288607, 0.14423121729786065, 0.10265615306689035, 0.14485777531593705, 0.0978263908628968, 0.17307746075743277]
Timestep: 349 State: 2 Beliefs: [0.10528150261348776, 0.13411892251154608, 0.14599944818805077, 0.16755537695399927, 0.08222186760651107, 0.1287883511129451, 0.0852346917548605, 0.15079983925859933]
Timestep: 350 State: 2 Beliefs: [0.150837777667024, 0.08897832447377334, 0.22248693809960893, 0.11116770241928164, 0.11620506579310227, 0.08632956726955261, 0.12394369210030354, 0.10005093217735346]
Timestep: 351 State: 2 Beliefs: [0.11119380739673793, 0.06498913379106061, 0.2834428854063954, 0.12993425714218046, 0.08705003851138046, 0.06158204619710528, 0.14486700012717732, 0.11694083142796241]
Timestep: 352 State: 2 Beliefs: [0.10428038401913886, 0.06513224654074957, 0.29337612192462614, 0.1302333445940713, 0.08370737996746545, 0.06086005250320791, 0.1452004603160765, 0.11721001013466419]
Timestep: 353 State: 2 Beliefs: [0.09844010051571771, 0.06495225898785881, 0.30321171418465986, 0.1298739354690518, 0.08114806064918562, 0.060687642308123346, 0.14479974596325626, 0.1168865419221466]
Timestep: 354 State: 4 Beliefs: [0.0949368623888056, 0.06505492108602313, 0.30737950295320454, 0.13007944574164038, 0.07968296455806352, 0.06076592752418164, 0.14502887458060498, 0.11707150116747633]
Timestep: 355 State: 2 Beliefs: [0.11123373224011122, 0.07791689236025413, 0.19661978613172884, 0.09737342058984652, 0.15822490137164424, 0.0970310328859319, 0.14475212971266738, 0.11684810470781583]
Timestep: 356 State: 2 Beliefs: [0.09578760196790907, 0.06532613988449043, 0.29054499961987684, 0.13060305012074497, 0.09310225492689167, 0.061480553983063645, 0.14561265438835294, 0.11754274510867048]
Timestep: 357 State: 0 Beliefs: [0.09083110384866953, 0.06519406017455256, 0.29910032634524625, 0.13035711297529923, 0.09093865875483813, 0.06091888339892563, 0.1453384528246993, 0.11732140167776932]
Timestep: 358 State: 2 Beliefs: [0.09103476611542112, 0.11634058741145883, 0.13663230198041523, 0.14539149504676527, 0.09258551814030098, 0.14493217539171407, 0.09861336185780602, 0.17446979405611832]
Timestep: 359 State: 5 Beliefs: [0.10225342138813061, 0.0658242290747156, 0.2918880904456028, 0.13157516639985636, 0.08011780020436678, 0.06322715123388586, 0.1466964914935712, 0.11841764975987072]
Timestep: 360 State: 2 Beliefs: [0.08182333598550878, 0.11387767901050944, 0.13120928914101948, 0.1423120981203609, 0.08627421478702861, 0.17720413779037314, 0.09652472742076654, 0.17077451774443309]
Timestep: 361 State: 2 Beliefs: [0.0963433215511717, 0.06580194835829938, 0.29273564665952323, 0.13155748666769312, 0.07853346849721599, 0.06994961035358065, 0.14667677991159217, 0.11840173800092381]
Timestep: 362 State: 2 Beliefs: [0.09691781198834207, 0.06484378353869698, 0.2968912310406393, 0.12966923658144006, 0.07918861547880203, 0.07121548646917801, 0.14457152197960552, 0.11670231292329604]
Timestep: 363 State: 2 Beliefs: [0.09222422431025006, 0.06405494303115497, 0.3139158749707431, 0.12809144385076768, 0.07708958564118921, 0.06652922789957195, 0.142812400830632, 0.11528229946569091]
Timestep: 364 State: 2 Beliefs: [0.08350749907878684, 0.13133546199922314, 0.18811164058765276, 0.16414737311587402, 0.0711263643778718, 0.13053797001649053, 0.08350105501981418, 0.1477326358042866]
Timestep: 365 State: 0 Beliefs: [0.08800351900089985, 0.06462263881907268, 0.3185174413259213, 0.12921168560140894, 0.07550996658023561, 0.06378284484872733, 0.14406138678246638, 0.11629051704126804]
Timestep: 366 State: 5 Beliefs: [0.13319438415200596, 0.0780011803370162, 0.20900692979218743, 0.0974891200852731, 0.12170180181044399, 0.09869551493726497, 0.14492412478348063, 0.11698694410232774]
Timestep: 367 State: 2 Beliefs: [0.08495802814079799, 0.11491799696737447, 0.14345362666872696, 0.14361908853331767, 0.08117835087460197, 0.1621187947004277, 0.09741120787477199, 0.1723429062399812]
Timestep: 368 State: 2 Beliefs: [0.0992623721848507, 0.06630636948040923, 0.2902783454443564, 0.13259169352443692, 0.07586060349555877, 0.06853824832114937, 0.14782984337724536, 0.11933252417199325]
Timestep: 369 State: 0 Beliefs: [0.1002617244657657, 0.06545862926276247, 0.29740127228425894, 0.13090839054491413, 0.07525457126363154, 0.0669447745135418, 0.1459530861747028, 0.11781755149042272]
Timestep: 370 State: 2 Beliefs: [0.1380367537789763, 0.07798380049194605, 0.19918487385816946, 0.09747329849296374, 0.1194563965220641, 0.1059963137404552, 0.1449006049238685, 0.1169679581915565]
Timestep: 371 State: 2 Beliefs: [0.10767338059254884, 0.06483551709378944, 0.29622775421019953, 0.1296572932496925, 0.07429823309912416, 0.06605805177392182, 0.14455820605600042, 0.11669156392472324]
Timestep: 372 State: 2 Beliefs: [0.1023011746684002, 0.06493195330594176, 0.3027282215624207, 0.1298553893283933, 0.07396050462973333, 0.06457383770909435, 0.14477906840046237, 0.11686985039555399]
Timestep: 373 State: 0 Beliefs: [0.11287303769121913, 0.0771661253515592, 0.23545331516134832, 0.09645147806809665, 0.11703482286934346, 0.10189784694414372, 0.14338160023257354, 0.11574177368171597]
Timestep: 374 State: 2 Beliefs: [0.12918276586188535, 0.07701359947302246, 0.21902953289994054, 0.09625721184598945, 0.11702115289257224, 0.10289427236572257, 0.14309281044567984, 0.11550865421518734]
Timestep: 375 State: 0 Beliefs: [0.10677286692819257, 0.06469302025943124, 0.3018037047627581, 0.1293727654417902, 0.07318866774666341, 0.06349250717994555, 0.14424097878360784, 0.11643548889761114]
Timestep: 376 State: 2 Beliefs: [0.1671029000052768, 0.08838825171568451, 0.22617346835277438, 0.11047836068684536, 0.09973731691369406, 0.08551405019551403, 0.12317512751204998, 0.09943052461816082]
Timestep: 377 State: 5 Beliefs: [0.11432949621900662, 0.06454479836108955, 0.29637020743314657, 0.12907852342312448, 0.07268125201880346, 0.06291213057286218, 0.1439129208911552, 0.11617067108081205]
Timestep: 378 State: 2 Beliefs: [0.08409413928945604, 0.11449607637280668, 0.12919650521388662, 0.1431112053241923, 0.07818054989387668, 0.18212134694903792, 0.09706673056771303, 0.17173344638903074]
Timestep: 379 State: 4 Beliefs: [0.0954964763841887, 0.06626960469453302, 0.2930565452581187, 0.13252767817639693, 0.07424479447015493, 0.07137151961640499, 0.14775847104144552, 0.11927491035875723]
Timestep: 380 State: 0 Beliefs: [0.11643999340378156, 0.07769514778703145, 0.1872533509055021, 0.09711558367902035, 0.14601985942265341, 0.1145685265598669, 0.1443688378273198, 0.11653870041482443]
Timestep: 381 State: 2 Beliefs: [0.0837068159663153, 0.11457374576434982, 0.13636572085559093, 0.14320919025892206, 0.09118346554185329, 0.16197684338751508, 0.09713318991474713, 0.17185102831070645]
Timestep: 382 State: 0 Beliefs: [0.09850511268578821, 0.06662035223656412, 0.28072955313878306, 0.13323037216400102, 0.08330582293129264, 0.06915952949819568, 0.14854192239777428, 0.11990733494760093]
Timestep: 383 State: 0 Beliefs: [0.1602706956449505, 0.08881295691156894, 0.20682087681113764, 0.11101246812794296, 0.11640446825729918, 0.09299669548184249, 0.12377061745010953, 0.09991122131514867]
Timestep: 384 State: 4 Beliefs: [0.1160261105814115, 0.1314605526053884, 0.1455083212448274, 0.16431818650678034, 0.07563298988562336, 0.13557952427076542, 0.0835879470491013, 0.1478863678561023]
Timestep: 385 State: 0 Beliefs: [0.08804308553972023, 0.11557049100176496, 0.12893040168555361, 0.1444536432782946, 0.09361737574315623, 0.158063377115757, 0.09797725370179983, 0.1733443719339535]
Timestep: 386 State: 2 Beliefs: [0.10328570950843582, 0.13362781729139722, 0.14712598135012317, 0.16702208145699923, 0.07870294816204919, 0.13495218226548342, 0.08496340665421268, 0.1503198733112993]
Timestep: 387 State: 4 Beliefs: [0.11174722270396864, 0.06647889873024036, 0.2671969724086003, 0.1329491098916187, 0.08550300185757195, 0.06824225955175343, 0.1482283359537898, 0.11965419890245683]
Timestep: 388 State: 0 Beliefs: [0.09087155793288071, 0.11525449295801773, 0.11589312468276257, 0.14406332541984096, 0.10979097082766033, 0.15353802130331035, 0.09771251637171822, 0.17287599050380914]
Timestep: 389 State: 4 Beliefs: [0.12804612990927583, 0.07805311966473343, 0.19226111154893147, 0.09755919439489799, 0.13911698249490118, 0.10286413376216114, 0.14502829495122146, 0.11707103327387758]
Timestep: 390 State: 4 Beliefs: [0.09319025346621913, 0.11487567179714354, 0.11787185918801947, 0.1435873479264868, 0.10947280567378133, 0.15130756497338313, 0.09738967946318236, 0.17230481751178417]
Timestep: 391 State: 2 Beliefs: [0.07985865433283651, 0.11618556808477633, 0.12562332496184828, 0.1452213981014665, 0.10728679377621705, 0.1530605912653183, 0.09849799175577728, 0.1742656777217598]
Timestep: 392 State: 2 Beliefs: [0.09797431268083577, 0.06684310652492502, 0.26776493144303676, 0.13367636485073472, 0.09818666276408337, 0.06620672241027707, 0.14903917096044603, 0.12030872836566125]
Timestep: 393 State: 0 Beliefs: [0.09914638228216795, 0.06624601070535403, 0.2684989961573341, 0.13248775782221706, 0.10215896859454626, 0.06450893957271946, 0.14771396282566585, 0.11923898203999533]
Timestep: 394 State: 2 Beliefs: [0.13361906633402718, 0.07687607695523833, 0.18555625328092856, 0.0960920690585511, 0.1511357928229182, 0.09856294407760229, 0.14284731460047298, 0.11531048287026131]
Timestep: 395 State: 0 Beliefs: [0.10723197585413503, 0.06497348266442966, 0.28045498316768885, 0.12994066076511662, 0.09322473269719313, 0.06235343047396292, 0.1448741396888688, 0.11694659468860497]
Timestep: 396 State: 5 Beliefs: [0.16598921767820163, 0.08780931228787421, 0.21159718444678055, 0.10975829327025322, 0.12009487155326198, 0.08359635074147627, 0.1223723060789241, 0.09878246394322789]
Timestep: 397 State: 4 Beliefs: [0.09173792370244208, 0.11313854639066871, 0.1295076668712456, 0.14141732663979234, 0.09319733301842738, 0.16538257247137908, 0.09591783893829395, 0.1697007919677508]
Timestep: 398 State: 4 Beliefs: [0.12261126702639699, 0.07790612615509594, 0.18323812047279373, 0.09737889262990614, 0.1491914753457797, 0.1080591829463991, 0.14476026426774105, 0.11685467115588737]
Timestep: 399 State: 2 Beliefs: [0.08813119912434456, 0.11399716457868687, 0.11898367514229653, 0.14249278275698374, 0.10876088618943498, 0.15999567416035335, 0.09664727873951943, 0.1709913393083805]
Timestep: 400 State: 2 Beliefs: [0.10191240101933077, 0.06712623237074104, 0.2587641557988217, 0.13424743911219927, 0.09781780834265859, 0.06963339201077233, 0.14967587614449682, 0.12082269520097937]
Timestep: 401 State: 0 Beliefs: [0.10373141455672448, 0.06637121733015192, 0.2706500934415994, 0.13274026370772213, 0.09097355467465375, 0.06807173090791722, 0.14799548804428125, 0.11946623733694993]
Timestep: 402 State: 2 Beliefs: [0.13606169475884622, 0.07752274924480446, 0.18420343670945474, 0.09690188396528727, 0.13914350972113892, 0.10583330599223406, 0.14405115884988973, 0.11628226075834472]
Timestep: 403 State: 4 Beliefs: [0.10586738414282869, 0.06533440049832, 0.2758700594865871, 0.13066550513332562, 0.09237230019383295, 0.066609108858554, 0.14568228706655853, 0.11759895461999305]
Timestep: 404 State: 4 Beliefs: [0.08152792234886026, 0.11525620585742649, 0.12408464175583689, 0.14406799576994594, 0.1115793201067891, 0.15288663514976475, 0.09771568408744159, 0.17288159492393512]
Timestep: 405 State: 4 Beliefs: [0.10816920854846601, 0.07781531125277591, 0.18572953586720378, 0.09726567122496625, 0.16540320045049647, 0.104306314141257, 0.1445919530448752, 0.11671880546995951]
Timestep: 406 State: 2 Beliefs: [0.11106586647988921, 0.07645372339150927, 0.17779333243838835, 0.09556478847451348, 0.18019688145613252, 0.10218418499221762, 0.14206347659793347, 0.11467774616941617]
Timestep: 407 State: 2 Beliefs: [0.1265457513319763, 0.08800798693002719, 0.22242558727503361, 0.11000731811205021, 0.14307783389873013, 0.08827898595775285, 0.12264995019358434, 0.09900658630084518]
Timestep: 408 State: 4 Beliefs: [0.09074133557253644, 0.06459530767945572, 0.28936154772379336, 0.12918788303117124, 0.10002087746093113, 0.06578910511109554, 0.14403484869296254, 0.1162690947280541]
Timestep: 409 State: 2 Beliefs: [0.10497134267203137, 0.07653624856716358, 0.18963720858372962, 0.09566882144404039, 0.17566115239435084, 0.10050451201141165, 0.14221812859442423, 0.11480258573284848]
Timestep: 410 State: 4 Beliefs: [0.08676616555343183, 0.06507798588721961, 0.2847208893451831, 0.13015285408263902, 0.10600943443589611, 0.06502438261867113, 0.14511071940258408, 0.11713756867437511]
Timestep: 411 State: 1 Beliefs: [0.06920303072611714, 0.11486688878261304, 0.12681431104696622, 0.1435814055916918, 0.12540875097374213, 0.15044227715882255, 0.09738564901001706, 0.17229768671003015]
Timestep: 412 State: 4 Beliefs: [0.06741243444935713, 0.12833972469711694, 0.12633250421695585, 0.14419152528319357, 0.10948001586336964, 0.1534144958276606, 0.0977994693225139, 0.17302983033983227]
Timestep: 413 State: 2 Beliefs: [0.06757775358723339, 0.12703805876592522, 0.12045693114258398, 0.1445942469898034, 0.11856898753607377, 0.15017830589318443, 0.09807261969743186, 0.17351309638776402]
Timestep: 414 State: 2 Beliefs: [0.0861343682064911, 0.07206495048187214, 0.25805425219097955, 0.1347453589283363, 0.11190789120215194, 0.06559133637337196, 0.15023101958129437, 0.1212708230355027]
Timestep: 415 State: 2 Beliefs: [0.08502416987443508, 0.07070125127435575, 0.2768070819308875, 0.13264833132298123, 0.10335665798725696, 0.06418601912347957, 0.14789299029592085, 0.11938349819068311]
Timestep: 416 State: 4 Beliefs: [0.08306519970083968, 0.06942210519057025, 0.2939616651216571, 0.13084373111214367, 0.09581456822368806, 0.06325237691767752, 0.1458809957324945, 0.11775935800092929]
Timestep: 417 State: 5 Beliefs: [0.06622586190687449, 0.12171155403550549, 0.13126022530525797, 0.14399216124647352, 0.11811137155806194, 0.14824398395445032, 0.0976642484976081, 0.1727905934957682]
Timestep: 418 State: 0 Beliefs: [0.06594134245801951, 0.11982764725856987, 0.1240507047510092, 0.1440786128925091, 0.11189211883763976, 0.16359235306501824, 0.09772288526622357, 0.1728943354710109]
Timestep: 419 State: 0 Beliefs: [0.1289827571670881, 0.09331956874092531, 0.20510802102641748, 0.1124161159789379, 0.13838256230063833, 0.09528089035081953, 0.1253355800541293, 0.10117450438104411]
Timestep: 420 State: 4 Beliefs: [0.09003934849432313, 0.1372264782058938, 0.14150216646118371, 0.16374755417211107, 0.09506953805469202, 0.14174444699543112, 0.08329766886146521, 0.14737279875489998]
Timestep: 421 State: 2 Beliefs: [0.11422246574713814, 0.07994794083963835, 0.1722948245586172, 0.09681767851819814, 0.16964784529523083, 0.10696204902213746, 0.143925981797202, 0.11618121422183775]
Timestep: 422 State: 0 Beliefs: [0.09639690880535313, 0.06868567874831137, 0.2591135485943097, 0.1322160750662741, 0.10837284998661523, 0.06880941441186769, 0.14741105682762204, 0.11899446755964672]
Timestep: 423 State: 2 Beliefs: [0.10229977458472127, 0.1362554865782987, 0.1344071775950889, 0.1662282645296836, 0.09377879534139581, 0.13286546785943146, 0.08455959543466512, 0.14960543807671522]
Timestep: 424 State: 5 Beliefs: [0.10697081676373524, 0.06844341958211206, 0.2507319014756451, 0.1340325615035417, 0.10238191956355677, 0.0673737721117355, 0.14943630364648605, 0.12062930535318754]
Timestep: 425 State: 0 Beliefs: [0.08072599626587383, 0.1158983824070828, 0.11645687354562015, 0.1415644773371349, 0.09970368227016745, 0.17975556987132832, 0.09601764549823065, 0.1698773728045619]
Timestep: 426 State: 5 Beliefs: [0.13165116314902586, 0.07900312110880758, 0.17251213532808685, 0.0965588250530599, 0.14836940152152794, 0.11249358504022637, 0.14354117873559355, 0.1158705900636719]
Timestep: 427 State: 2 Beliefs: [0.08290015753702941, 0.11537658212816469, 0.11705856440809449, 0.13942741564478847, 0.09584024185276484, 0.18751597947894671, 0.09456816017646524, 0.16731289877374617]
Timestep: 428 State: 2 Beliefs: [0.1038554134467382, 0.0683030785801137, 0.2552092786038409, 0.1336879997117682, 0.09265485096057914, 0.07691803599414333, 0.14905214296222513, 0.1203191997405914]
Timestep: 429 State: 0 Beliefs: [0.09845572806905024, 0.06736752491924308, 0.26756781638419375, 0.1319283858593437, 0.08934321584170733, 0.07951147682181417, 0.1470903048312384, 0.11873554727340932]
Timestep: 430 State: 2 Beliefs: [0.15252844314141453, 0.08951397652367289, 0.2099958379184299, 0.10963766140089272, 0.11606237100214459, 0.10135000420567633, 0.12223781054696545, 0.09867389526080343]
Timestep: 431 State: 0 Beliefs: [0.10866411401983574, 0.06604370946057901, 0.2762887593820623, 0.12858488519772782, 0.08652281040275273, 0.07480677375057596, 0.14336255110851143, 0.11572639667795502]
Timestep: 432 State: 2 Beliefs: [0.11274638778386864, 0.13293358475959527, 0.14230811428921017, 0.16291241824233743, 0.07652012914706392, 0.14308535051480573, 0.08287283884501512, 0.14662117641810365]
Timestep: 433 State: 4 Beliefs: [0.14812464225911678, 0.08926033787619476, 0.22228578146181116, 0.10965453291971815, 0.1172214632149468, 0.09250754160907869, 0.12225662103138725, 0.09868907962774633]
Timestep: 434 State: 2 Beliefs: [0.0826467905167836, 0.11555394726866912, 0.13239365814032938, 0.14060717359997188, 0.10352319494407665, 0.16117828337717868, 0.09536834383302441, 0.16872860831996625]
Timestep: 435 State: 0 Beliefs: [0.1038717854987555, 0.06722814483529951, 0.2667166331311904, 0.1326383514354439, 0.09511558830951046, 0.06717311703181623, 0.14788186346608445, 0.1193745162918995]
Timestep: 436 State: 2 Beliefs: [0.10883184318442907, 0.13374770105923547, 0.14143325195137277, 0.1650929977938805, 0.08500351368570028, 0.13332490412878498, 0.08398209018210445, 0.14858369801449248]
Timestep: 437 State: 0 Beliefs: [0.10876273839244016, 0.06698895987356591, 0.26612369690144705, 0.1324856901563865, 0.09253918270474322, 0.0661509532981011, 0.1477116575325682, 0.11923712114074786]
Timestep: 438 State: 0 Beliefs: [0.14590884735719226, 0.07841163107118661, 0.18085179689394867, 0.09682821478510081, 0.13641675648610369, 0.1014472509987346, 0.14394164466561257, 0.11619385774212097]
Timestep: 439 State: 2 Beliefs: [0.09998401788773503, 0.11695618520605856, 0.12693880869732857, 0.14358037065281737, 0.09134631313665063, 0.15151291258455288, 0.09738494705147613, 0.17229644478338083]
Timestep: 440 State: 2 Beliefs: [0.11617340220111347, 0.06751957322778074, 0.2603411482239618, 0.1334332598045599, 0.0886262648593121, 0.06504829088303953, 0.1487681269761287, 0.12008993382410389]
Timestep: 441 State: 0 Beliefs: [0.1110155330408697, 0.06681226325508978, 0.277213564513011, 0.13208382193940493, 0.08326974300883302, 0.06346603003652801, 0.1472636044607992, 0.11887543974546443]
Timestep: 442 State: 2 Beliefs: [0.16656802658620995, 0.08912060945022475, 0.21821494430966287, 0.11018644648654569, 0.10953660630652758, 0.08435590005958059, 0.12284966496335765, 0.09916780183789112]
Timestep: 443 State: 0 Beliefs: [0.11616080350279473, 0.06543417670806603, 0.2853478407535144, 0.12896736768292286, 0.08162085029455711, 0.06260933960747934, 0.1437889905360349, 0.11607063091463056]
Timestep: 444 State: 2 Beliefs: [0.15209898549717094, 0.07837267091578767, 0.18733012994578263, 0.09691925528018831, 0.12654363385470566, 0.0983552356939185, 0.14407698247622022, 0.11630310633622595]
Timestep: 445 State: 2 Beliefs: [0.11605574460791045, 0.06635239423637845, 0.2800156136614847, 0.13050506188445074, 0.08097800309294988, 0.06313522200338022, 0.14550340481743987, 0.11745455569600566]
Timestep: 446 State: 4 Beliefs: [0.10746630532000852, 0.06638479708684057, 0.2881402534163584, 0.13137221627310697, 0.07966599508522994, 0.06226522092488177, 0.14647021724777745, 0.11823499464579627]
Timestep: 447 State: 5 Beliefs: [0.08021209936405158, 0.11707564828219673, 0.13410904763162818, 0.1448249233723328, 0.10546769918204664, 0.14629159565971037, 0.09822907846123444, 0.17378990804679936]
Timestep: 448 State: 0 Beliefs: [0.0790211208683823, 0.11654646184683774, 0.1289093386056556, 0.14463577501089822, 0.09909714569826751, 0.1601264414277497, 0.09810078652913096, 0.17356293001307785]
Timestep: 449 State: 0 Beliefs: [0.1449268066851962, 0.09022922709231496, 0.21004600702549134, 0.11202372400444213, 0.12459396147721122, 0.09246082982579647, 0.12489809228554964, 0.10082135160399791]
Timestep: 450 State: 2 Beliefs: [0.1519853234111696, 0.0888989539574562, 0.20721090559088756, 0.11016440032468605, 0.12710277799916833, 0.09266459328629463, 0.12282508513812011, 0.09914796029221744]
Timestep: 451 State: 4 Beliefs: [0.1267122130600122, 0.0770310526561118, 0.19063991994337312, 0.09543725542918666, 0.14651019836869272, 0.10727076386719653, 0.14187389016040286, 0.114524706515024]
Timestep: 452 State: 5 Beliefs: [0.08366277263830488, 0.11492820124708007, 0.12375925716133113, 0.1421988046914207, 0.1062328080728021, 0.16213170563821874, 0.09644788492113752, 0.17063856562970484]
Timestep: 453 State: 2 Beliefs: [0.08601168943149723, 0.11549808405281208, 0.1165398813422462, 0.14373364723446508, 0.10231131394697332, 0.16593609875161955, 0.09748890855902849, 0.17248037668135807]
Timestep: 454 State: 0 Beliefs: [0.1021894826490604, 0.06753521059988686, 0.2555505168096645, 0.13449639919735745, 0.09683166573726383, 0.07239651766880796, 0.1499534480603373, 0.12104675927762168]
Timestep: 455 State: 1 Beliefs: [0.10528062847827897, 0.13367807849521218, 0.13264544062876518, 0.16642429793035696, 0.08702311999980615, 0.1405072495569908, 0.08465931677326854, 0.14978186813732122]
Timestep: 456 State: 0 Beliefs: [0.08387389000009328, 0.12610760612244992, 0.1177001213510066, 0.14348976591712148, 0.09697310298049136, 0.1623443011236354, 0.09732349340465632, 0.17218771910054578]
Timestep: 457 State: 4 Beliefs: [0.1550398300341287, 0.09668156349903935, 0.19725447715874347, 0.1119329548180142, 0.118678560985078, 0.09487606275228122, 0.1247968914165024, 0.10073965933621276]
Timestep: 458 State: 2 Beliefs: [0.09061937499060659, 0.12409568004857127, 0.10972807063099226, 0.1411112285769504, 0.10556501300441536, 0.16383693385610498, 0.09571022460001856, 0.1693334742923405]
Timestep: 459 State: 2 Beliefs: [0.11508652396965126, 0.07105697913769086, 0.24613698625239933, 0.1345331103780949, 0.09455201449462147, 0.06756020814003778, 0.1499943782872192, 0.1210797993402854]
Timestep: 460 State: 0 Beliefs: [0.10822661254316271, 0.07145362725513595, 0.2569653605848468, 0.13345835784454538, 0.09519142391608246, 0.0657959863784113, 0.14879610941772448, 0.12011252206009085]
Timestep: 461 State: 2 Beliefs: [0.14169363499677587, 0.08254904989457171, 0.17575097331388673, 0.09671179523974081, 0.14167433678608932, 0.10179747628903482, 0.14376857919221173, 0.11605415428768896]
Timestep: 462 State: 4 Beliefs: [0.11451490284480687, 0.06949792387050405, 0.2667325260553295, 0.13071851694224904, 0.08808159363708354, 0.0670664801245997, 0.14574139127740302, 0.11764666524802413]
Timestep: 463 State: 2 Beliefs: [0.08714075106933782, 0.12046309524229694, 0.11986834449746274, 0.14340544941319408, 0.10968285291138355, 0.15008666275110832, 0.09726630481938381, 0.17208653929583287]
Timestep: 464 State: 2 Beliefs: [0.10992265463663087, 0.06901044735609194, 0.2614303299336774, 0.133001932095711, 0.09398655060170204, 0.06465911772064964, 0.14828722876939718, 0.11970173888613991]
Timestep: 465 State: 2 Beliefs: [0.10229746049870776, 0.06863458138672758, 0.2767210953800474, 0.13106777704205727, 0.09455307938499566, 0.06263421674511017, 0.14613079022450265, 0.11796099933785155]
Timestep: 466 State: 2 Beliefs: [0.09728129795392483, 0.06754151387423575, 0.29466566855733606, 0.12936180105656406, 0.08865818155953653, 0.06183716173517669, 0.1442287543123184, 0.11642562095090765]
Timestep: 467 State: 2 Beliefs: [0.09394500723137565, 0.06720580458958932, 0.3038668237398272, 0.12900828421629065, 0.08456237924905143, 0.0614696357619369, 0.14383460941726733, 0.11610745579466158]
Timestep: 468 State: 4 Beliefs: [0.09212730515027175, 0.06727126983032407, 0.3069794341727391, 0.1293415922441891, 0.08217993224170293, 0.06148681034636237, 0.14420622299464064, 0.11640743301977016]
Timestep: 469 State: 2 Beliefs: [0.07423883824919392, 0.1201631867734281, 0.13327719711059585, 0.1445297816300766, 0.10994560366751217, 0.14638075924661464, 0.09802889536648675, 0.1734357379560919]
Timestep: 470 State: 0 Beliefs: [0.10209814783805818, 0.06858864868942686, 0.271944011249652, 0.13299636967700748, 0.09328333466359194, 0.06311172808530813, 0.1482810270876486, 0.11969673270930671]
Timestep: 471 State: 0 Beliefs: [0.1513768513961554, 0.09240237938813273, 0.21364543952216405, 0.11073069124319992, 0.12585940754917263, 0.08287115153054857, 0.12345645725174678, 0.09965762211887992]
Timestep: 472 State: 2 Beliefs: [0.16128391181218216, 0.0902847940072294, 0.21804362375455263, 0.1083828454055145, 0.12135835201632995, 0.0822631277841248, 0.12083878435510348, 0.09754456086496305]
Timestep: 473 State: 2 Beliefs: [0.11705799017529428, 0.06653738965724666, 0.27622992560744436, 0.12922348120202315, 0.08936320379705662, 0.06121233848223177, 0.1440745379968825, 0.11630113308182081]
Timestep: 474 State: 2 Beliefs: [0.10914655320784454, 0.06625714232924654, 0.2868005632489602, 0.12974189708968004, 0.08601392477369935, 0.06061967894599017, 0.14465253302386713, 0.11676770738071203]
Timestep: 475 State: 0 Beliefs: [0.10269599348936746, 0.06560137456333125, 0.3016813831381524, 0.1286391056806934, 0.08213653314647654, 0.06004741196864147, 0.1434230029007134, 0.11577519511262406]
Timestep: 476 State: 0 Beliefs: [0.16364885663752876, 0.08929689051387008, 0.22632188417094526, 0.10957515270974097, 0.10864004405151093, 0.08173141645647831, 0.12216811802115898, 0.09861763743876688]
Timestep: 477 State: 4 Beliefs: [0.15166344399543163, 0.07735961564796218, 0.19901253865355512, 0.09496322798563309, 0.12625789953947283, 0.09561818406728902, 0.14116921652789635, 0.11395587358275971]
Timestep: 478 State: 0 Beliefs: [0.09636202241150123, 0.11609262007550428, 0.13346230242775892, 0.14360796213111537, 0.09590647475817018, 0.14483540236707226, 0.09740366127153913, 0.17232955455733845]
Timestep: 479 State: 0 Beliefs: [0.1470765746576027, 0.07842394139940675, 0.18035592807916562, 0.0974134942191397, 0.13799733911779677, 0.09702482760979679, 0.1448117018541241, 0.11689619306296763]
Timestep: 480 State: 4 Beliefs: [0.1097100818005268, 0.11633707252014192, 0.12247077704872644, 0.14447070523906153, 0.09203759689458967, 0.14362009404793383, 0.09798882616214608, 0.17336484628687382]
Timestep: 481 State: 2 Beliefs: [0.14708967758063682, 0.0781902107058007, 0.17549451260053348, 0.09744786971452489, 0.14296330828764156, 0.09701417411661653, 0.14486280333681611, 0.11693744365742989]
Timestep: 482 State: 2 Beliefs: [0.1265371400716551, 0.06619382801019746, 0.25557783334230183, 0.13186804272311176, 0.09304034448702356, 0.06107854617735084, 0.14702302673755893, 0.11868123845080059]
Timestep: 483 State: 4 Beliefs: [0.11732768733309548, 0.06618243657501954, 0.26798294842049275, 0.13193091458894432, 0.09005884097113931, 0.060686224805226695, 0.14709312417603193, 0.11873782313004988]
Timestep: 484 State: 4 Beliefs: [0.08887517887197857, 0.11635841775371812, 0.12148722861872722, 0.14500536092644822, 0.11366363739010231, 0.14225228113369656, 0.09835146219359098, 0.17400643311173786]
Timestep: 485 State: 2 Beliefs: [0.09015303031528323, 0.11668908356889719, 0.11922936394543071, 0.14552773085219373, 0.11112000432050298, 0.14394174470139806, 0.09870576527366183, 0.17463327702263243]
Timestep: 486 State: 4 Beliefs: [0.11281784914516864, 0.06714690966380575, 0.2515885566718145, 0.13398878955164506, 0.10246459734734165, 0.062015885837059026, 0.14938750118668484, 0.12058991059648055]
Timestep: 487 State: 2 Beliefs: [0.12214706501478965, 0.07693477818040484, 0.1681906575055883, 0.09589642786271252, 0.18550208347252164, 0.09369679370594933, 0.1425564808227786, 0.11507571343525504]
Timestep: 488 State: 1 Beliefs: [0.10656288114582287, 0.0657940178172701, 0.2599517423200649, 0.13118039407583015, 0.11196282186993384, 0.06022943828992784, 0.14625634981290317, 0.11806235466824713]
Timestep: 489 State: 2 Beliefs: [0.09263907072784026, 0.16283825949989586, 0.1305973828583243, 0.16479196305236513, 0.09641155281891071, 0.12058004917759284, 0.08382895511794226, 0.1483127667471286]
Timestep: 490 State: 2 Beliefs: [0.10701046921040996, 0.07415786120778474, 0.25931585859034734, 0.13247481052638244, 0.09892776755809046, 0.06118637587621448, 0.14769952755702637, 0.11922732947374419]
Timestep: 491 State: 0 Beliefs: [0.09945014846818419, 0.07626043222600659, 0.26791499760350473, 0.1316750430947587, 0.09935671185447692, 0.060027281412883604, 0.1468078465549026, 0.11850753878528282]
Timestep: 492 State: 0 Beliefs: [0.1367869017485863, 0.08486427895607232, 0.18424240661123642, 0.09578657337533403, 0.14779403317699671, 0.09318874333236939, 0.142393174749004, 0.11494388805040082]
Timestep: 493 State: 2 Beliefs: [0.1421126164110484, 0.08147997133025306, 0.19178012948847495, 0.09474376144632571, 0.14295957128322723, 0.09238847152815363, 0.14084296477692598, 0.11369251373559086]
Timestep: 494 State: 1 Beliefs: [0.11507756404186928, 0.0694729072251885, 0.27944316447783035, 0.12899045002002305, 0.08818407272305799, 0.05892571087467087, 0.1438147256193391, 0.11609140501802073]
Timestep: 495 State: 2 Beliefs: [0.08812523090860862, 0.1495330214218461, 0.12537327019032776, 0.14174203337593455, 0.09126101274069796, 0.1377369164999602, 0.09613807481150344, 0.17009044005112142]
Timestep: 496 State: 0 Beliefs: [0.10777134863236865, 0.07465469327997049, 0.279663601455278, 0.13074961841731647, 0.08393923620174654, 0.05977077833663739, 0.1457760671010976, 0.11767465657558483]
Timestep: 497 State: 2 Beliefs: [0.14597733279610245, 0.09279734348947828, 0.18325902983414732, 0.09601809079472563, 0.13101044526744707, 0.09297870792182147, 0.14273734094260707, 0.11522170895367076]
Timestep: 498 State: 2 Beliefs: [0.11480871747683569, 0.07300618158809506, 0.28461350018633913, 0.12830695692354546, 0.08233851130428035, 0.05839718946599925, 0.1430526818237141, 0.11547626123119091]
Timestep: 499 State: 2 Beliefs: [0.10940953565361869, 0.0728089336626151, 0.2906367583320822, 0.1288872957277651, 0.08006636949542584, 0.05849282469195157, 0.143699716281553, 0.11599856615498859]
