Timestep: 0, Trans probs: [0.125, 0.125, 0.125, 0.125, 0.125, 0.125, 0.125, 0.125]
Timestep: 1, Trans probs: [0.1111111111111111, 0.1111111111111111, 0.1111111111111111, 0.1111111111111111, 0.1111111111111111, 0.2222222222222222, 0.1111111111111111, 0.1111111111111111]
Timestep: 2, Trans probs: [0.10089316186663021, 0.10089316186663021, 0.10089316186663021, 0.10089316186663021, 0.10089316186663021, 0.2937478669335886, 0.10089316186663021, 0.10089316186663021]
Timestep: 3, Trans probs: [0.125, 0.125, 0.125, 0.125, 0.125, 0.125, 0.125, 0.125]
Timestep: 4, Trans probs: [0.1111111111111111, 0.1111111111111111, 0.2222222222222222, 0.1111111111111111, 0.1111111111111111, 0.1111111111111111, 0.1111111111111111, 0.1111111111111111]
Timestep: 5, Trans probs: [0.125, 0.125, 0.125, 0.125, 0.125, 0.125, 0.125, 0.125]
Timestep: 6, Trans probs: [0.1111111111111111, 0.1111111111111111, 0.1111111111111111, 0.1111111111111111, 0.2222222222222222, 0.1111111111111111, 0.1111111111111111, 0.1111111111111111]
Timestep: 7, Trans probs: [0.10089316186663021, 0.10089316186663021, 0.10089316186663021, 0.10089316186663021, 0.2937478669335886, 0.10089316186663021, 0.10089316186663021, 0.10089316186663021]
Timestep: 8, Trans probs: [0.125, 0.125, 0.125, 0.125, 0.125, 0.125, 0.125, 0.125]
Timestep: 9, Trans probs: [0.10089316186663021, 0.10089316186663021, 0.10089316186663021, 0.10089316186663021, 0.10089316186663021, 0.2937478669335886, 0.10089316186663021, 0.10089316186663021]
Timestep: 10, Trans probs: [0.1111111111111111, 0.1111111111111111, 0.2222222222222222, 0.1111111111111111, 0.1111111111111111, 0.1111111111111111, 0.1111111111111111, 0.1111111111111111]
Timestep: 11, Trans probs: [0.10089316186663021, 0.10089316186663021, 0.10089316186663021, 0.10089316186663021, 0.10089316186663021, 0.2937478669335886, 0.10089316186663021, 0.10089316186663021]
Timestep: 12, Trans probs: [0.10089316186663021, 0.10089316186663021, 0.10089316186663021, 0.10089316186663021, 0.2937478669335886, 0.10089316186663021, 0.10089316186663021, 0.10089316186663021]
Timestep: 13, Trans probs: [0.1111111111111111, 0.1111111111111111, 0.2222222222222222, 0.1111111111111111, 0.1111111111111111, 0.1111111111111111, 0.1111111111111111, 0.1111111111111111]
Timestep: 14, Trans probs: [0.09515993219173625, 0.09515993219173625, 0.09515993219173625, 0.09515993219173625, 0.1903198643834725, 0.23872054246610985, 0.09515993219173625, 0.09515993219173625]
Timestep: 15, Trans probs: [0.09032070492446319, 0.09032070492446319, 0.09032070492446319, 0.09032070492446319, 0.16490885139354403, 0.29316691905967684, 0.09032070492446319, 0.09032070492446319]
Timestep: 16, Trans probs: [0.1111111111111111, 0.1111111111111111, 0.2222222222222222, 0.1111111111111111, 0.1111111111111111, 0.1111111111111111, 0.1111111111111111, 0.1111111111111111]
Timestep: 17, Trans probs: [0.09032070492446319, 0.09032070492446319, 0.09032070492446319, 0.09032070492446319, 0.16490885139354403, 0.29316691905967684, 0.09032070492446319, 0.09032070492446319]
Timestep: 18, Trans probs: [0.10089316186663021, 0.10089316186663021, 0.10089316186663021, 0.10089316186663021, 0.2937478669335886, 0.10089316186663021, 0.10089316186663021, 0.10089316186663021]
Timestep: 19, Trans probs: [0.1111111111111111, 0.1111111111111111, 0.2222222222222222, 0.1111111111111111, 0.1111111111111111, 0.1111111111111111, 0.1111111111111111, 0.1111111111111111]
Timestep: 20, Trans probs: [0.10089316186663021, 0.10089316186663021, 0.10089316186663021, 0.10089316186663021, 0.2937478669335886, 0.10089316186663021, 0.10089316186663021, 0.10089316186663021]
Timestep: 21, Trans probs: [0.08828692650636163, 0.08828692650636163, 0.08828692650636163, 0.08828692650636163, 0.23180033103676648, 0.2384781099250637, 0.08828692650636163, 0.08828692650636163]
Timestep: 22, Trans probs: [0.125, 0.125, 0.125, 0.125, 0.125, 0.125, 0.125, 0.125]
Timestep: 23, Trans probs: [0.2222222222222222, 0.1111111111111111, 0.1111111111111111, 0.1111111111111111, 0.1111111111111111, 0.1111111111111111, 0.1111111111111111, 0.1111111111111111]
Timestep: 24, Trans probs: [0.1687407899840363, 0.09360296836787194, 0.26964139980873203, 0.09360296836787194, 0.09360296836787194, 0.09360296836787194, 0.09360296836787194, 0.09360296836787194]
Timestep: 25, Trans probs: [0.14718873735884339, 0.0897923450812006, 0.2242648470727524, 0.0897923450812006, 0.1795846901624012, 0.0897923450812006, 0.0897923450812006, 0.0897923450812006]
Timestep: 26, Trans probs: [0.09032070492446319, 0.09032070492446319, 0.09032070492446319, 0.09032070492446319, 0.2931669190596768, 0.16490885139354403, 0.09032070492446319, 0.09032070492446319]
Timestep: 27, Trans probs: [0.1111111111111111, 0.1111111111111111, 0.2222222222222222, 0.1111111111111111, 0.1111111111111111, 0.1111111111111111, 0.1111111111111111, 0.1111111111111111]
Timestep: 28, Trans probs: [0.10089316186663021, 0.10089316186663021, 0.2937478669335886, 0.10089316186663021, 0.10089316186663021, 0.10089316186663021, 0.10089316186663021, 0.10089316186663021]
Timestep: 29, Trans probs: [0.09515993219173627, 0.09515993219173627, 0.33388047465784615, 0.09515993219173627, 0.09515993219173627, 0.09515993219173627, 0.09515993219173627, 0.09515993219173627]
Timestep: 30, Trans probs: [0.1928547050669584, 0.10089316186663021, 0.10089316186663021, 0.10089316186663021, 0.20178632373326041, 0.10089316186663021, 0.10089316186663021, 0.10089316186663021]
Timestep: 31, Trans probs: [0.13207548051305762, 0.08597406501888162, 0.2799579271843469, 0.08597406501888162, 0.15809626720818734, 0.08597406501888162, 0.08597406501888162, 0.08597406501888162]
Timestep: 32, Trans probs: [0.08828692650636163, 0.08828692650636163, 0.08828692650636163, 0.08828692650636163, 0.23180033103676648, 0.2384781099250637, 0.08828692650636163, 0.08828692650636163]
Timestep: 33, Trans probs: [0.1687407899840363, 0.09360296836787194, 0.09360296836787194, 0.09360296836787194, 0.26964139980873203, 0.09360296836787194, 0.09360296836787194, 0.09360296836787194]
Timestep: 34, Trans probs: [0.1851498787328349, 0.09257493936641745, 0.2594004850686605, 0.09257493936641745, 0.09257493936641745, 0.09257493936641745, 0.09257493936641745, 0.09257493936641745]
Timestep: 35, Trans probs: [0.15995066583643563, 0.08903098049224002, 0.3058634512101242, 0.08903098049224002, 0.08903098049224002, 0.08903098049224002, 0.08903098049224002, 0.08903098049224002]
Timestep: 36, Trans probs: [0.14718873735884339, 0.0897923450812006, 0.1795846901624012, 0.0897923450812006, 0.2242648470727524, 0.0897923450812006, 0.0897923450812006, 0.0897923450812006]
Timestep: 37, Trans probs: [0.22730539551836013, 0.08780973262649974, 0.2458362087226414, 0.08780973262649974, 0.08780973262649974, 0.08780973262649974, 0.08780973262649974, 0.08780973262649974]
Timestep: 38, Trans probs: [0.19091579627579225, 0.08632491395397286, 0.29113472000037055, 0.08632491395397286, 0.08632491395397286, 0.08632491395397286, 0.08632491395397286, 0.08632491395397286]
Timestep: 39, Trans probs: [0.1624407996588158, 0.08597895827488454, 0.3216854506918768, 0.08597895827488454, 0.08597895827488454, 0.08597895827488454, 0.08597895827488454, 0.08597895827488454]
Timestep: 40, Trans probs: [0.14085769981674146, 0.08641368156988549, 0.34066021076394565, 0.08641368156988549, 0.08641368156988549, 0.08641368156988549, 0.08641368156988549, 0.08641368156988549]
Timestep: 41, Trans probs: [0.125156323894469, 0.08719776247911037, 0.3516571012308688, 0.08719776247911037, 0.08719776247911037, 0.08719776247911037, 0.08719776247911037, 0.08719776247911037]
Timestep: 42, Trans probs: [0.11410294240671345, 0.08803529134098499, 0.35768530954737665, 0.08803529134098499, 0.08803529134098499, 0.08803529134098499, 0.08803529134098499, 0.08803529134098499]
Timestep: 43, Trans probs: [0.1064957035503249, 0.08877623707656217, 0.360846873990302, 0.08877623707656217, 0.08877623707656217, 0.08877623707656217, 0.08877623707656217, 0.08877623707656217]
Timestep: 44, Trans probs: [0.10133422018583055, 0.08936957487350797, 0.3624483305731216, 0.08936957487350797, 0.08936957487350797, 0.08936957487350797, 0.08936957487350797, 0.08936957487350797]
Timestep: 45, Trans probs: [0.13207548051305762, 0.08597406501888162, 0.2799579271843469, 0.08597406501888162, 0.15809626720818734, 0.08597406501888162, 0.08597406501888162, 0.08597406501888162]
Timestep: 46, Trans probs: [0.13207548051305762, 0.08597406501888162, 0.24407033222706898, 0.08597406501888162, 0.1939838621654653, 0.08597406501888162, 0.08597406501888162, 0.08597406501888162]
Timestep: 47, Trans probs: [0.20407627948660662, 0.08406939745193825, 0.20731034579330035, 0.08406939745193825, 0.1682663874604017, 0.08406939745193825, 0.08406939745193825, 0.08406939745193825]
Timestep: 48, Trans probs: [0.09786123528318719, 0.0898168184696573, 0.27342103542921165, 0.0898168184696573, 0.1796336369393146, 0.0898168184696573, 0.0898168184696573, 0.0898168184696573]
Timestep: 49, Trans probs: [0.09352650057363932, 0.08743692478767928, 0.3138611521622374, 0.08743692478767928, 0.15542772332572682, 0.08743692478767928, 0.08743692478767928, 0.08743692478767928]
Timestep: 50, Trans probs: [0.09134910703979347, 0.08694093870510881, 0.3377875654910184, 0.08694093870510881, 0.13615863394364394, 0.08694093870510881, 0.08694093870510881, 0.08694093870510881]
Timestep: 51, Trans probs: [0.09045496095625165, 0.0873601525938383, 0.35083024004472513, 0.0873601525938383, 0.12191403602983181, 0.0873601525938383, 0.0873601525938383, 0.0873601525938383]
Timestep: 52, Trans probs: [0.09020478444228881, 0.0880738544020133, 0.3575600155826278, 0.0880738544020133, 0.11186592796501688, 0.0880738544020133, 0.0880738544020133, 0.0880738544020133]
Timestep: 53, Trans probs: [0.09022964645223337, 0.08877987158633616, 0.3609042245974435, 0.08877987158633616, 0.10496677101864248, 0.08877987158633616, 0.08877987158633616, 0.08877987158633616]
Timestep: 54, Trans probs: [0.09034570661095544, 0.08936654624870409, 0.36252258032720885, 0.08936654624870409, 0.10029898181831531, 0.08936654624870409, 0.08936654624870409, 0.08936654624870409]
Timestep: 55, Trans probs: [0.1773298929826598, 0.08230098094064989, 0.2621918087412649, 0.08230098094064989, 0.14897339357282574, 0.08230098094064989, 0.08230098094064989, 0.08230098094064989]
Timestep: 56, Trans probs: [0.1802869476032109, 0.08981429403450074, 0.2734766299453732, 0.08981429403450074, 0.09716495227891223, 0.08981429403450074, 0.08981429403450074, 0.08981429403450074]
Timestep: 57, Trans probs: [0.15496778766866381, 0.08194617400140275, 0.3021231058603009, 0.08194617400140275, 0.13317823646402158, 0.08194617400140275, 0.08194617400140275, 0.08194617400140275]
Timestep: 58, Trans probs: [0.24334197656910567, 0.08745285523721001, 0.22638063060551236, 0.08745285523721001, 0.09301311663933184, 0.08745285523721001, 0.08745285523721001, 0.08745285523721001]
Timestep: 59, Trans probs: [0.20354247254356153, 0.08593095345878102, 0.2766768328375534, 0.08593095345878102, 0.09012592732497998, 0.08593095345878102, 0.08593095345878102, 0.08593095345878102]
Timestep: 60, Trans probs: [0.1724002620446708, 0.0854310572833158, 0.31191137207276876, 0.0854310572833158, 0.08853307946598143, 0.0854310572833158, 0.0854310572833158, 0.0854310572833158]
Timestep: 61, Trans probs: [0.1483926679120315, 0.0857952363345343, 0.3346031855895211, 0.0857952363345343, 0.08802796482577575, 0.0857952363345343, 0.0857952363345343, 0.0857952363345343]
Timestep: 62, Trans probs: [0.13062230797151203, 0.0866076878960628, 0.3481616488616852, 0.0866076878960628, 0.08817760368648879, 0.0866076878960628, 0.0866076878960628, 0.0866076878960628]
Timestep: 63, Trans probs: [0.11794308913698744, 0.08753216125869123, 0.35577924473126143, 0.08753216125869123, 0.08861685983829509, 0.08753216125869123, 0.08753216125869123, 0.08753216125869123]
Timestep: 64, Trans probs: [0.10913589677359155, 0.08837850718582245, 0.35985268444479757, 0.08837850718582245, 0.08911888285249871, 0.08837850718582245, 0.08837850718582245, 0.08837850718582245]
Timestep: 65, Trans probs: [0.10312511475783187, 0.08907104469756086, 0.3619473357446037, 0.08907104469756086, 0.08957232600976012, 0.08907104469756086, 0.08907104469756086, 0.08907104469756086]
Timestep: 66, Trans probs: [0.09906650088933819, 0.08960064577906814, 0.3629919958168981, 0.08960064577906814, 0.08993827439842288, 0.08960064577906814, 0.08960064577906814, 0.08960064577906814]
Timestep: 67, Trans probs: [0.13686391458173672, 0.08275089009158232, 0.3286649740306514, 0.08275089009158232, 0.12071666092970021, 0.08275089009158232, 0.08275089009158232, 0.08275089009158232]
Timestep: 68, Trans probs: [0.186330954212197, 0.08998832298295477, 0.27351246208838437, 0.08998832298295477, 0.09021496878464477, 0.08998832298295477, 0.08998832298295477, 0.08998832298295477]
Timestep: 69, Trans probs: [0.20448633492751014, 0.08468047630184199, 0.23247978463490512, 0.08468047630184199, 0.13963149892837484, 0.08468047630184199, 0.08468047630184199, 0.08468047630184199]
Timestep: 70, Trans probs: [0.12300154987891532, 0.08414314330109086, 0.3448764799419799, 0.08414314330109086, 0.1114062536736504, 0.08414314330109086, 0.08414314330109086, 0.08414314330109086]
Timestep: 71, Trans probs: [0.16009676567993528, 0.08773668712203811, 0.22557619755995312, 0.08773668712203811, 0.17564360114992109, 0.08773668712203811, 0.08773668712203811, 0.08773668712203811]
Timestep: 72, Trans probs: [0.25983232385573835, 0.08310316607449625, 0.19860550439912145, 0.08310316607449625, 0.12604634137265897, 0.08310316607449625, 0.08310316607449625, 0.08310316607449625]
Timestep: 73, Trans probs: [0.14247158149481556, 0.08463743607924229, 0.19480633652203738, 0.08463743607924229, 0.23953490158693558, 0.08463743607924229, 0.08463743607924229, 0.08463743607924229]
Timestep: 74, Trans probs: [0.11289266639930753, 0.0856502680240926, 0.35409242207790287, 0.0856502680240926, 0.10476357140232657, 0.0856502680240926, 0.0856502680240926, 0.0856502680240926]
Timestep: 75, Trans probs: [0.21754478083140624, 0.08269449615383058, 0.2535211567990518, 0.08269449615383058, 0.11546158160038907, 0.08269449615383058, 0.08269449615383058, 0.08269449615383058]
Timestep: 76, Trans probs: [0.24898164632867564, 0.08903098049224002, 0.2168324707178842, 0.08903098049224002, 0.08903098049224002, 0.08903098049224002, 0.08903098049224002, 0.08903098049224002]
Timestep: 77, Trans probs: [0.21134818226754212, 0.08308709498045044, 0.16913953035876994, 0.08308709498045044, 0.2040768124714356, 0.08308709498045044, 0.08308709498045044, 0.08308709498045044]
Timestep: 78, Trans probs: [0.18285731167586414, 0.08173947936127193, 0.23132054587025327, 0.08173947936127193, 0.1771247456475229, 0.08173947936127193, 0.08173947936127193, 0.08173947936127193]
Timestep: 79, Trans probs: [0.1601069103160243, 0.08104483086427981, 0.2790442076687532, 0.08104483086427981, 0.15562472769382346, 0.08104483086427981, 0.08104483086427981, 0.08104483086427981]
Timestep: 80, Trans probs: [0.14140892735292304, 0.0815099686705074, 0.3130280900812158, 0.0815099686705074, 0.13801313921332425, 0.0815099686705074, 0.0815099686705074, 0.0815099686705074]
Timestep: 81, Trans probs: [0.1057794558679609, 0.08700189600848611, 0.2720329107937991, 0.08700189600848611, 0.18717815329580947, 0.08700189600848611, 0.08700189600848611, 0.08700189600848611]
Timestep: 82, Trans probs: [0.20946215419303116, 0.0827890080165718, 0.2524075364516543, 0.0827890080165718, 0.12418526927245555, 0.0827890080165718, 0.0827890080165718, 0.0827890080165718]
Timestep: 83, Trans probs: [0.17913243221571437, 0.08248345971801722, 0.29438232423687194, 0.08248345971801722, 0.11406794495732764, 0.08248345971801722, 0.08248345971801722, 0.08248345971801722]
Timestep: 84, Trans probs: [0.09976204191308947, 0.0855534634994978, 0.3111159431969657, 0.0855534634994978, 0.1613546973924558, 0.0855534634994978, 0.0855534634994978, 0.0855534634994978]
Timestep: 85, Trans probs: [0.2378200443026365, 0.08312592087156255, 0.24003623730950707, 0.08312592087156255, 0.10651411403004361, 0.08312592087156255, 0.08312592087156255, 0.08312592087156255]
Timestep: 86, Trans probs: [0.19946086713699118, 0.08311736124440665, 0.2842449992866859, 0.08311736124440665, 0.10070732735428964, 0.08311736124440665, 0.08311736124440665, 0.08311736124440665]
Timestep: 87, Trans probs: [0.16952207782086334, 0.08362458502605714, 0.3157435763967508, 0.08362458502605714, 0.09661142065210013, 0.08362458502605714, 0.08362458502605714, 0.08362458502605714]
Timestep: 88, Trans probs: [0.14648354300555833, 0.08462597665219289, 0.336408356168069, 0.08462597665219289, 0.09397821756540821, 0.08462597665219289, 0.08462597665219289, 0.08462597665219289]
Timestep: 89, Trans probs: [0.12939757243906527, 0.08584055329073377, 0.3489737252909785, 0.08584055329073377, 0.09242593581628743, 0.08584055329073377, 0.08584055329073377, 0.08584055329073377]
Timestep: 90, Trans probs: [0.18469166337332893, 0.08265743658390985, 0.21191312392360528, 0.08265743658390985, 0.1074505931996066, 0.1653148731678197, 0.08265743658390985, 0.08265743658390985]
Timestep: 91, Trans probs: [0.09594119627226096, 0.08560588937069182, 0.33528571951805203, 0.08560588937069182, 0.14074363735622789, 0.08560588937069182, 0.08560588937069182, 0.08560588937069182]
Timestep: 92, Trans probs: [0.11716518827898138, 0.08702357821591569, 0.269112656398227, 0.08702357821591569, 0.17860426424321313, 0.08702357821591569, 0.08702357821591569, 0.08702357821591569]
Timestep: 93, Trans probs: [0.10834557827502096, 0.08528809932103353, 0.30986919192129175, 0.08528809932103353, 0.1553447331985196, 0.08528809932103353, 0.08528809932103353, 0.08528809932103353]
Timestep: 94, Trans probs: [0.10215010374637117, 0.08527227039265746, 0.3349355508721572, 0.08527227039265746, 0.1365529934181843, 0.08527227039265746, 0.08527227039265746, 0.08527227039265746]
Timestep: 95, Trans probs: [0.09368154924259982, 0.08638302383011952, 0.34908346161507836, 0.08638302383011952, 0.1253198699917243, 0.08638302383011952, 0.08638302383011952, 0.08638302383011952]
Timestep: 96, Trans probs: [0.17976546280586586, 0.08735744894024416, 0.2691456242186721, 0.08735744894024416, 0.11430166827424126, 0.08735744894024416, 0.08735744894024416, 0.08735744894024416]
Timestep: 97, Trans probs: [0.24170022997041257, 0.0855407646799357, 0.2244642647909996, 0.0855407646799357, 0.10613168183890927, 0.0855407646799357, 0.0855407646799357, 0.0855407646799357]
Timestep: 98, Trans probs: [0.18413431331899416, 0.08608715246525321, 0.26300411012529357, 0.08608715246525321, 0.12242581422944618, 0.08608715246525321, 0.08608715246525321, 0.08608715246525321]
Timestep: 99, Trans probs: [0.15985995519655652, 0.08453945122632395, 0.3049877273059492, 0.08453945122632395, 0.1124550613658745, 0.08453945122632395, 0.08453945122632395, 0.08453945122632395]
Timestep: 100, Trans probs: [0.24386348551223272, 0.08067112015894999, 0.18520800550953426, 0.08067112015894999, 0.10072284417943887, 0.14752118416299426, 0.08067112015894999, 0.08067112015894999]
Timestep: 101, Trans probs: [0.2032008312915399, 0.08443525156420535, 0.2745274352762637, 0.08443525156420535, 0.10009547561116966, 0.08443525156420535, 0.08443525156420535, 0.08443525156420535]
Timestep: 102, Trans probs: [0.14009136661690633, 0.08462762021204788, 0.24695907891684812, 0.08462762021204788, 0.18981145340600614, 0.08462762021204788, 0.08462762021204788, 0.08462762021204788]
Timestep: 103, Trans probs: [0.12634200553918412, 0.08319165489763895, 0.2926758849872786, 0.08319165489763895, 0.1650238349853425, 0.08319165489763895, 0.08319165489763895, 0.08319165489763895]
Timestep: 104, Trans probs: [0.11558732888631279, 0.0833277334841352, 0.32326778657528576, 0.0833277334841352, 0.14450621711772543, 0.0833277334841352, 0.0833277334841352, 0.0833277334841352]
Timestep: 105, Trans probs: [0.1076579412895827, 0.08436473866383265, 0.34197939584053444, 0.08436473866383265, 0.12853896955071964, 0.08436473866383265, 0.08436473866383265, 0.08436473866383265]
Timestep: 106, Trans probs: [0.17270998207488525, 0.0842563456734029, 0.3100886002880416, 0.0842563456734029, 0.0959196892700588, 0.0842563456734029, 0.0842563456734029, 0.0842563456734029]
Timestep: 107, Trans probs: [0.18779469232172397, 0.08570559653514172, 0.26690135612334054, 0.08570559653514172, 0.11677596887922681, 0.08570559653514172, 0.08570559653514172, 0.08570559653514172]
Timestep: 108, Trans probs: [0.125, 0.125, 0.125, 0.125, 0.125, 0.125, 0.125, 0.125]
Timestep: 109, Trans probs: [0.16232229184247748, 0.16895531174435632, 0.22264244062051236, 0.08447765587217816, 0.1081693323039411, 0.08447765587217816, 0.08447765587217816, 0.08447765587217816]
Timestep: 110, Trans probs: [0.1449827182065579, 0.15035443978863858, 0.27577330862545174, 0.08194058697875549, 0.10112718546432985, 0.08194058697875549, 0.08194058697875549, 0.08194058697875549]
Timestep: 111, Trans probs: [0.14894014087348761, 0.08488378742376053, 0.3333107745446408, 0.08488378742376053, 0.09333014746306899, 0.08488378742376053, 0.08488378742376053, 0.08488378742376053]
Timestep: 112, Trans probs: [0.28868415433989913, 0.08007698399967962, 0.16241015764100383, 0.08007698399967962, 0.09586970701845088, 0.1327280450019276, 0.08007698399967962, 0.08007698399967962]
Timestep: 113, Trans probs: [0.23893530925617398, 0.0808505347708267, 0.14324350605040626, 0.0808505347708267, 0.17366896620052802, 0.12075007940958495, 0.0808505347708267, 0.0808505347708267]
Timestep: 114, Trans probs: [0.13117461212904657, 0.08591728979380547, 0.26143680702212146, 0.08591728979380547, 0.17780213187980456, 0.08591728979380547, 0.08591728979380547, 0.08591728979380547]
Timestep: 115, Trans probs: [0.28594179317019963, 0.07969517815309048, 0.12964255728148408, 0.07969517815309048, 0.15399901862813792, 0.11163591830781631, 0.07969517815309048, 0.07969517815309048]
Timestep: 116, Trans probs: [0.21178813570638028, 0.13439157650269645, 0.23127027749381177, 0.08154589824480558, 0.09636641731788907, 0.08154589824480558, 0.08154589824480558, 0.08154589824480558]
Timestep: 117, Trans probs: [0.18286527529571336, 0.12224810106350349, 0.2789829730952916, 0.0808592367607942, 0.09246670350231481, 0.0808592367607942, 0.0808592367607942, 0.0808592367607942]
Timestep: 118, Trans probs: [0.15870541645594777, 0.11274331221675096, 0.31294608287856523, 0.08136079860541426, 0.09016199402707901, 0.08136079860541426, 0.08136079860541426, 0.08136079860541426]
Timestep: 119, Trans probs: [0.11923375729634592, 0.08428039788261227, 0.21983850104129443, 0.08428039788261227, 0.2395257522492983, 0.08428039788261227, 0.08428039788261227, 0.08428039788261227]
Timestep: 120, Trans probs: [0.2220491105261803, 0.10568149446621178, 0.25242026137033774, 0.0826796582056218, 0.08913050081478284, 0.0826796582056218, 0.0826796582056218, 0.0826796582056218]
Timestep: 121, Trans probs: [0.1101588445568716, 0.08335599638950597, 0.27066032042933375, 0.08335599638950597, 0.2024008530662647, 0.08335599638950597, 0.08335599638950597, 0.08335599638950597]
Timestep: 122, Trans probs: [0.2707083732419019, 0.10006091411930557, 0.210998589529525, 0.08267102936864808, 0.08754800563467528, 0.08267102936864808, 0.08267102936864808, 0.08267102936864808]
Timestep: 123, Trans probs: [0.2382732530434359, 0.08025754776428767, 0.19878224643024425, 0.08025754776428767, 0.13718538513335168, 0.10472892433581747, 0.08025754776428767, 0.08025754776428767]
Timestep: 124, Trans probs: [0.1034445434204611, 0.0833265714234289, 0.3072420505042288, 0.0833265714234289, 0.17268054895816554, 0.0833265714234289, 0.0833265714234289, 0.0833265714234289]
Timestep: 125, Trans probs: [0.22329166386960028, 0.09601871893839985, 0.17875868310708184, 0.08304892814508773, 0.1697352215045671, 0.08304892814508773, 0.08304892814508773, 0.08304892814508773]
Timestep: 126, Trans probs: [0.19335544149134973, 0.09168294140902286, 0.23910206431432432, 0.08132197226343094, 0.15057166373157937, 0.08132197226343094, 0.08132197226343094, 0.08132197226343094]
Timestep: 127, Trans probs: [0.1684925735494171, 0.08880083957174875, 0.2850289767907963, 0.08067982753572363, 0.13495829994514327, 0.08067982753572363, 0.08067982753572363, 0.08067982753572363]
Timestep: 128, Trans probs: [0.0987731674122456, 0.08410768459190113, 0.3314439795105839, 0.08410768459190113, 0.14924443011766483, 0.08410768459190113, 0.08410768459190113, 0.08410768459190113]
Timestep: 129, Trans probs: [0.22904725336680667, 0.08745042914090416, 0.235905634794959, 0.08130652679839066, 0.12237057550376748, 0.08130652679839066, 0.08130652679839066, 0.08130652679839066]
Timestep: 130, Trans probs: [0.19446963507572662, 0.08608509492660876, 0.2811016242393105, 0.08138227737575723, 0.11281453625532518, 0.08138227737575723, 0.08138227737575723, 0.08138227737575723]
Timestep: 131, Trans probs: [0.16668586615848463, 0.0856341367538053, 0.3135879756210228, 0.08211729297657683, 0.10562284956037993, 0.08211729297657683, 0.08211729297657683, 0.08211729297657683]
Timestep: 132, Trans probs: [0.14487888451422332, 0.08595745482877874, 0.33507180614993254, 0.08340084727880219, 0.10048846539185671, 0.08340084727880219, 0.08340084727880219, 0.08340084727880219]
Timestep: 133, Trans probs: [0.09571285094777475, 0.08529822199028264, 0.3462412400540722, 0.08529822199028264, 0.13155479904673983, 0.08529822199028264, 0.08529822199028264, 0.08529822199028264]
Timestep: 134, Trans probs: [0.18034994756356057, 0.08655098382661396, 0.26815224493609785, 0.08655098382661396, 0.11874288836727172, 0.08655098382661396, 0.08655098382661396, 0.08655098382661396]
Timestep: 135, Trans probs: [0.2133772504355822, 0.08670847211755686, 0.26332014905675044, 0.08489594407859752, 0.09701035207572052, 0.08489594407859752, 0.08489594407859752, 0.08489594407859752]
Timestep: 136, Trans probs: [0.18060304291874757, 0.0857829490992673, 0.3024148091801519, 0.08442615004438837, 0.0934945986242797, 0.08442615004438837, 0.08442615004438837, 0.08442615004438837]
Timestep: 137, Trans probs: [0.15672992425775795, 0.08496123048551106, 0.30887160047080847, 0.08496123048551106, 0.10959232284387828, 0.08496123048551106, 0.08496123048551106, 0.08496123048551106]
Timestep: 138, Trans probs: [0.23973762657581063, 0.08582834178140124, 0.24362827124156583, 0.08484001626422397, 0.09144569534432644, 0.08484001626422397, 0.08484001626422397, 0.08484001626422397]
Timestep: 139, Trans probs: [0.28402438518615863, 0.0797892516653429, 0.17313383802201027, 0.0797892516653429, 0.12462299088767433, 0.09906177924278523, 0.0797892516653429, 0.0797892516653429]
Timestep: 140, Trans probs: [0.1998478309569335, 0.08527213785629222, 0.2027441689509842, 0.08453639224295317, 0.1739902932639774, 0.08453639224295317, 0.08453639224295317, 0.08453639224295317]
Timestep: 141, Trans probs: [0.20772663241898712, 0.08697390676674302, 0.2704299269805548, 0.08697390676674302, 0.08697390676674302, 0.08697390676674302, 0.08697390676674302, 0.08697390676674302]
Timestep: 142, Trans probs: [0.1742439836302492, 0.083077518483035, 0.17654856403158473, 0.08249209477753079, 0.15366945996747708, 0.16498418955506158, 0.08249209477753079, 0.08249209477753079]
Timestep: 143, Trans probs: [0.23575882630617045, 0.08057574858665695, 0.23207710115518798, 0.08057574858665695, 0.11464157026119441, 0.09521950793081933, 0.08057574858665695, 0.08057574858665695]
Timestep: 144, Trans probs: [0.15604752476016445, 0.080136549603601, 0.15796646441971568, 0.07964908873415924, 0.21856496149815602, 0.14833723351588515, 0.07964908873415924, 0.07964908873415924]
Timestep: 145, Trans probs: [0.19972340537947425, 0.08086653280233341, 0.27777005380030756, 0.08086653280233341, 0.10695801832709155, 0.09208239128379311, 0.08086653280233341, 0.08086653280233341]
Timestep: 146, Trans probs: [0.1376263278674981, 0.0850273203945631, 0.3341577142197125, 0.0850273203945631, 0.10307935593997399, 0.0850273203945631, 0.0850273203945631, 0.0850273203945631]
Timestep: 147, Trans probs: [0.14056408294688813, 0.07860731545471236, 0.14213027674262219, 0.07820946126186017, 0.26979881801393735, 0.13427112305625938, 0.07820946126186017, 0.07820946126186017]
Timestep: 148, Trans probs: [0.25251017425784317, 0.08169858778084371, 0.22932709953200692, 0.08169858778084371, 0.10126069189089001, 0.09010768319588502, 0.08169858778084371, 0.08169858778084371]
Timestep: 149, Trans probs: [0.12736946774009125, 0.07885462480983164, 0.12859586558287703, 0.07854308767746258, 0.3071089723175057, 0.12244180651730661, 0.07854308767746258, 0.07854308767746258]
Timestep: 150, Trans probs: [0.21047185878495867, 0.08220869409305896, 0.27527228103326806, 0.08220869409305896, 0.09689796332202205, 0.0885231204875154, 0.08220869409305896, 0.08220869409305896]
Timestep: 151, Trans probs: [0.11676590242521298, 0.08033930881296776, 0.11768672362400177, 0.0801053961414943, 0.3318258298782803, 0.11306604683505422, 0.0801053961414943, 0.0801053961414943]
Timestep: 152, Trans probs: [0.17805666729793868, 0.08288890820406483, 0.3090257159579319, 0.08288890820406483, 0.09378794409332429, 0.08757403983454595, 0.08288890820406483, 0.08288890820406483]
Timestep: 153, Trans probs: [0.10875861771202254, 0.0823573905801816, 0.10942600950483801, 0.08218785560707036, 0.34681737500387155, 0.10607704037787521, 0.08218785560707036, 0.08218785560707036]
Timestep: 154, Trans probs: [0.10300772168948592, 0.08437914870031672, 0.18773815565611632, 0.08425952567654406, 0.270980782705794, 0.10111561421865481, 0.08425952567654406, 0.08425952567654406]
Timestep: 155, Trans probs: [0.12322251062932651, 0.0858978433640989, 0.34858056351439004, 0.0858978433640989, 0.09870770903578904, 0.0858978433640989, 0.0858978433640989, 0.0858978433640989]
Timestep: 156, Trans probs: [0.19987857141647652, 0.08698554024344939, 0.2693167085641529, 0.08698554024344939, 0.09587701880212363, 0.08698554024344939, 0.08698554024344939, 0.08698554024344939]
Timestep: 157, Trans probs: [0.18128940289355944, 0.08358776042129636, 0.16240351365454303, 0.08349654264550337, 0.22587964936122845, 0.09635004573286261, 0.08349654264550337, 0.08349654264550337]
Timestep: 158, Trans probs: [0.15974792233511215, 0.08172121854018806, 0.2263136013115771, 0.08164836999647342, 0.1953586845007861, 0.09191346332291618, 0.08164836999647342, 0.08164836999647342]
Timestep: 159, Trans probs: [0.1423721120772432, 0.08072148563019622, 0.2756310554115415, 0.08066392638269085, 0.17050896380868108, 0.0887746039242656, 0.08066392638269085, 0.08066392638269085]
Timestep: 160, Trans probs: [0.17044044026227176, 0.08576705763708145, 0.30828832073131573, 0.08576705763708145, 0.09243595082100527, 0.08576705763708145, 0.08576705763708145, 0.08576705763708145]
Timestep: 161, Trans probs: [0.20915687004363182, 0.08106398333441266, 0.22988565663046528, 0.08102003442242735, 0.14962050807840102, 0.08721287864580728, 0.08102003442242735, 0.08102003442242735]
Timestep: 162, Trans probs: [0.18058239184687064, 0.08064501734641806, 0.27736560720177805, 0.08061072864398658, 0.13413244560106136, 0.08544235207191218, 0.08061072864398658, 0.08061072864398658]
Timestep: 163, Trans probs: [0.15696470138006902, 0.08123929811749081, 0.31151342475114363, 0.08121331658823858, 0.12176825031687785, 0.08487437566970296, 0.08121331658823858, 0.08121331658823858]
Timestep: 164, Trans probs: [0.13812521838181374, 0.08258190141052586, 0.3340469669190991, 0.08256284439329677, 0.11230921010136222, 0.08524817000730874, 0.08256284439329677, 0.08256284439329677]
Timestep: 165, Trans probs: [0.14722764724488105, 0.08581940622780257, 0.333019389584577, 0.08581940622780257, 0.09065593203152912, 0.08581940622780257, 0.08581940622780257, 0.08581940622780257]
Timestep: 166, Trans probs: [0.20804315637683196, 0.08422217187880912, 0.2635621219761431, 0.0842085807880866, 0.10542310508342904, 0.086123702320527, 0.0842085807880866, 0.0842085807880866]
Timestep: 167, Trans probs: [0.17711237969180252, 0.08379474328263523, 0.30273872670578944, 0.08378450036244209, 0.09977281827811675, 0.08522783095432972, 0.08378450036244209, 0.08378450036244209]
Timestep: 168, Trans probs: [0.1525752805726783, 0.08432320790184177, 0.32877350583613363, 0.08431571627903298, 0.09600949548578822, 0.08537136136645912, 0.08431571627903298, 0.08431571627903298]
Timestep: 169, Trans probs: [0.12987282008293052, 0.08652902080321617, 0.3475392884733616, 0.08652902080321617, 0.08994278742762708, 0.08652902080321617, 0.08652902080321617, 0.08652902080321617]
Timestep: 170, Trans probs: [0.21932661387403993, 0.08537531639983954, 0.25937320551753085, 0.08536998391889838, 0.09369352827526765, 0.08612138417662678, 0.08536998391889838, 0.08536998391889838]
Timestep: 171, Trans probs: [0.18482987540876886, 0.08481236069851733, 0.2995398728067639, 0.08480837909101496, 0.09102332613372606, 0.08536942767917895, 0.08480837909101496, 0.08480837909101496]
Timestep: 172, Trans probs: [0.15793075662626685, 0.08509865336989902, 0.3265575841402834, 0.08509575398922976, 0.08962143797626845, 0.08550430591959293, 0.08509575398922976, 0.08509575398922976]
Timestep: 173, Trans probs: [0.11744330374742291, 0.08743892141636218, 0.35556001637658335, 0.08743892141636218, 0.08980207279418284, 0.08743892141636218, 0.08743892141636218, 0.08743892141636218]
Timestep: 174, Trans probs: [0.15296451713334647, 0.08397606780311129, 0.3318818934566735, 0.08397606780311129, 0.09187693246939925, 0.08737238572813572, 0.08397606780311129, 0.08397606780311129]
Timestep: 175, Trans probs: [0.2235675142261486, 0.08592042686733997, 0.2574156989550289, 0.08591836759342879, 0.0891327171487085, 0.08620854002248758, 0.08591836759342879, 0.08591836759342879]
Timestep: 176, Trans probs: [0.1876404393818922, 0.08527869081145664, 0.2980889223798978, 0.08527715942505117, 0.0876675219623808, 0.08549294718921914, 0.08527715942505117, 0.08527715942505117]
Timestep: 177, Trans probs: [0.10879961217065726, 0.08830002157175666, 0.2714856848181418, 0.08830002157175666, 0.17821459515241778, 0.08830002157175666, 0.08830002157175666, 0.08830002157175666]
Timestep: 178, Trans probs: [0.2452965592476094, 0.0854471166985047, 0.2401319799108417, 0.08544600358333675, 0.08718348067449724, 0.08560285271853672, 0.08544600358333675, 0.08544600358333675]
Timestep: 179, Trans probs: [0.101873628274087, 0.08625285204874962, 0.3120939675536123, 0.08625285204874962, 0.15476814392855265, 0.08625285204874962, 0.08625285204874962, 0.08625285204874962]
Timestep: 180, Trans probs: [0.28855255158938387, 0.08506419464972928, 0.19966298595222745, 0.0850633699946843, 0.08635058563057654, 0.08517957219402998, 0.0850633699946843, 0.0850633699946843]
Timestep: 181, Trans probs: [0.0974010441042356, 0.08602224517576533, 0.3365562025763666, 0.08602224517576533, 0.13593152744057113, 0.08602224517576533, 0.08602224517576533, 0.08602224517576533]
Timestep: 182, Trans probs: [0.1813592197641716, 0.08666534769149077, 0.26343426662142216, 0.08666534769149077, 0.12187977515695235, 0.08666534769149077, 0.08666534769149077, 0.08666534769149077]
Timestep: 183, Trans probs: [0.31887227277787233, 0.08521554547574682, 0.16881368942996472, 0.08521494390193983, 0.0861539489019611, 0.08529971170863557, 0.08521494390193983, 0.08521494390193983]
Timestep: 184, Trans probs: [0.25256341556849055, 0.0858842584466362, 0.23140287051241012, 0.08588382931362448, 0.08655366905564214, 0.08594429847594758, 0.08588382931362448, 0.08588382931362448]
Timestep: 185, Trans probs: [0.2088710522233478, 0.08534298774640676, 0.2785313701677105, 0.08534266971041919, 0.08583909654788324, 0.08538748418339408, 0.08534266971041919, 0.08534266971041919]
Timestep: 186, Trans probs: [0.15774012541136356, 0.08489977522112667, 0.30577360743004967, 0.08489977522112667, 0.11198739105295334, 0.08489977522112667, 0.08489977522112667, 0.08489977522112667]
Timestep: 187, Trans probs: [0.22336387869803312, 0.08487492780591419, 0.24744875822078966, 0.08487492780591419, 0.10481272405160626, 0.08487492780591419, 0.08487492780591419, 0.08487492780591419]
Timestep: 188, Trans probs: [0.2730184266554021, 0.08413290616640241, 0.20710324890271897, 0.08413290616640241, 0.09921379360986678, 0.08413290616640241, 0.08413290616640241, 0.08413290616640241]
Timestep: 189, Trans probs: [0.26110334732206025, 0.08526392880976866, 0.22691738600298325, 0.08526369561304852, 0.0856276956470512, 0.08529655537899107, 0.08526369561304852, 0.08526369561304852]
Timestep: 190, Trans probs: [0.21466194524359958, 0.08508242750003013, 0.27455189521882944, 0.08508225565279137, 0.08535049442009265, 0.08510647065907397, 0.08508225565279137, 0.08508225565279137]
Timestep: 191, Trans probs: [0.18010247508496505, 0.08509579151078477, 0.309108981028211, 0.08509566551374048, 0.08529233606886444, 0.08511341976595332, 0.08509566551374048, 0.08509566551374048]
Timestep: 192, Trans probs: [0.22457207303909202, 0.08409460093924158, 0.2596444010177734, 0.08409460093924158, 0.09531052124692671, 0.08409460093924158, 0.08409460093924158, 0.08409460093924158]
Timestep: 193, Trans probs: [0.1341517911987057, 0.08527702878753189, 0.3461825641844097, 0.08527702878753189, 0.09087438439063031, 0.08768314507612678, 0.08527702878753189, 0.08527702878753189]
Timestep: 194, Trans probs: [0.2395142148072827, 0.08562454783711365, 0.24658488004751902, 0.08562445730438141, 0.08576577111700534, 0.08563721427793498, 0.08562445730438141, 0.08562445730438141]
Timestep: 195, Trans probs: [0.1884981573068695, 0.08408557946663106, 0.21456633834951758, 0.08408557946663106, 0.17650760701045762, 0.08408557946663106, 0.08408557946663106, 0.08408557946663106]
Timestep: 196, Trans probs: [0.2842706983483825, 0.0852230167809133, 0.20427757708266636, 0.08522294981823697, 0.08532747279974097, 0.08523238553358588, 0.08522294981823697, 0.08522294981823697]
Timestep: 197, Trans probs: [0.23067823916941388, 0.08528447198697588, 0.25753193269229824, 0.08528442307429478, 0.08536077156485912, 0.08529131536356857, 0.08528442307429478, 0.08528442307429478]
Timestep: 198, Trans probs: [0.16504369297187524, 0.0822851394447058, 0.26799075841054426, 0.0822851394447058, 0.15553985139405146, 0.0822851394447058, 0.0822851394447058, 0.0822851394447058]
Timestep: 199, Trans probs: [0.2773534967262505, 0.08508724263613712, 0.21206186563602342, 0.08508720657947065, 0.08514348793634129, 0.08509228732683587, 0.08508720657947065, 0.08508720657947065]
Timestep: 200, Trans probs: [0.12054357184070062, 0.08655950802298562, 0.3545343299605304, 0.08655950802298562, 0.0904515144623387, 0.08823255164448784, 0.08655950802298562, 0.08655950802298562]
Timestep: 201, Trans probs: [0.22590885748344902, 0.08513470856163712, 0.17810341267494031, 0.08513468216154647, 0.17031057259519, 0.08513840220014404, 0.08513468216154647, 0.08513468216154647]
Timestep: 202, Trans probs: [0.19460905387429103, 0.08302240710520135, 0.23973776906062524, 0.08302238617879114, 0.15053827650280655, 0.08302533492070244, 0.08302238617879114, 0.08302238617879114]
Timestep: 203, Trans probs: [0.16895572729054315, 0.08205111204657285, 0.2861534444612684, 0.08205109574890927, 0.13463303670107687, 0.08205339225381084, 0.08205109574890927, 0.08205109574890927]
Timestep: 204, Trans probs: [0.14775519522972064, 0.0824015733364636, 0.31829126186225276, 0.08240156108036718, 0.12194399824270143, 0.0824032880877602, 0.08240156108036718, 0.08240156108036718]
Timestep: 205, Trans probs: [0.1755691960734155, 0.08605415927005085, 0.3081058483062795, 0.08605415927005085, 0.08605415927005085, 0.08605415927005085, 0.08605415927005085, 0.08605415927005085]
Timestep: 206, Trans probs: [0.1111111111111111, 0.1111111111111111, 0.2222222222222222, 0.1111111111111111, 0.1111111111111111, 0.1111111111111111, 0.1111111111111111, 0.1111111111111111]
Timestep: 207, Trans probs: [0.14543418878699776, 0.082015084778402, 0.3063391329476239, 0.082015084778402, 0.13815125437336825, 0.082015084778402, 0.082015084778402, 0.082015084778402]
Timestep: 208, Trans probs: [0.13109566122007676, 0.08358235144519433, 0.2550785825482289, 0.08358234253478221, 0.11233043654579916, 0.16716594063635432, 0.08358234253478221, 0.08358234253478221]
Timestep: 209, Trans probs: [0.11956515809908172, 0.08201665341178363, 0.29956220879574175, 0.08201664637012199, 0.10473550026259905, 0.14807054032042796, 0.08201664637012199, 0.08201664637012199]
Timestep: 210, Trans probs: [0.129727545381698, 0.08289597149355035, 0.33144310443052655, 0.08289597149355035, 0.12434949272002377, 0.08289597149355035, 0.08289597149355035, 0.08289597149355035]
Timestep: 211, Trans probs: [0.19297445251896622, 0.08235919368251696, 0.24606697887513843, 0.08235918838351267, 0.09945562249032709, 0.1320661872825133, 0.08235918838351267, 0.08235918838351267]
Timestep: 212, Trans probs: [0.11784398151600278, 0.08432084710069224, 0.34655753717276566, 0.08432084710069224, 0.11399424580777041, 0.08432084710069224, 0.08432084710069224, 0.08432084710069224]
Timestep: 213, Trans probs: [0.1950908147343502, 0.08582326032670373, 0.26921762926300635, 0.08582326032670373, 0.10657525436912484, 0.08582326032670373, 0.08582326032670373, 0.08582326032670373]
Timestep: 214, Trans probs: [0.24950100866255226, 0.08140801799300779, 0.20969959110371678, 0.08140801384037938, 0.09480583987269722, 0.12036150084688792, 0.08140801384037938, 0.08140801384037938]
Timestep: 215, Trans probs: [0.20178632373326041, 0.10089316186663021, 0.1928547050669584, 0.10089316186663021, 0.10089316186663021, 0.10089316186663021, 0.10089316186663021, 0.10089316186663021]
Timestep: 216, Trans probs: [0.167341992852452, 0.08480708596562617, 0.3081405372899583, 0.08480708596562617, 0.10048204002945879, 0.08480708596562617, 0.08480708596562617, 0.08480708596562617]
Timestep: 217, Trans probs: [0.21073151766075213, 0.16253460526635646, 0.18007670452984434, 0.08126730103401347, 0.09158622630279305, 0.11126904313821356, 0.08126730103401347, 0.08126730103401347]
Timestep: 218, Trans probs: [0.26964139980873203, 0.09360296836787194, 0.1687407899840363, 0.09360296836787194, 0.09360296836787194, 0.09360296836787194, 0.09360296836787194, 0.09360296836787194]
Timestep: 219, Trans probs: [0.18521402963623887, 0.2251018035553113, 0.16013848701996797, 0.07931269964141541, 0.08775354869263696, 0.10385403217159872, 0.07931269964141541, 0.07931269964141541]
Timestep: 220, Trans probs: [0.1452295485814221, 0.08506953856581, 0.33292768591888755, 0.08506953856581, 0.0964950726706404, 0.08506953856581, 0.08506953856581, 0.08506953856581]
Timestep: 221, Trans probs: [0.2420529307564607, 0.19562501097874993, 0.14342498491753702, 0.07847897488304174, 0.08526145711996409, 0.09819869157816308, 0.07847897488304174, 0.07847897488304174]
Timestep: 222, Trans probs: [0.20732261639635763, 0.17077516603754012, 0.20824332995708722, 0.07855934074451118, 0.0838984219277798, 0.09408244344770164, 0.07855934074451118, 0.07855934074451118]
Timestep: 223, Trans probs: [0.12858313023051016, 0.08596959386799058, 0.34750618269220107, 0.08596959386799058, 0.0940627177373358, 0.08596959386799058, 0.08596959386799058, 0.08596959386799058]
Timestep: 224, Trans probs: [0.25894329961263657, 0.1515940483879229, 0.18137345751666759, 0.07830161816789563, 0.08254507891685404, 0.09063926106223201, 0.07830161816789563, 0.07830161816789563]
Timestep: 225, Trans probs: [0.2189716500828464, 0.13575033959452873, 0.23776769458777616, 0.07893119998994769, 0.08222089563761288, 0.08849582012739285, 0.07893119998994769, 0.07893119998994769]
Timestep: 226, Trans probs: [0.18769057853632484, 0.12337513251011493, 0.28168054147530747, 0.07946392413029613, 0.08200628066888692, 0.08685569441847739, 0.07946392413029613, 0.07946392413029613]
Timestep: 227, Trans probs: [0.1621539205845847, 0.11369880395278302, 0.31358194889741914, 0.08061619542013948, 0.08253160128620217, 0.08618513901859247, 0.08061619542013948, 0.08061619542013948]
Timestep: 228, Trans probs: [0.11660687136725616, 0.0870363598802699, 0.35555896484241234, 0.0870363598802699, 0.09265236438898197, 0.0870363598802699, 0.0870363598802699, 0.0870363598802699]
Timestep: 229, Trans probs: [0.22414810503526103, 0.1064524072705485, 0.2526448339717395, 0.08225613587241594, 0.08365704354652202, 0.08632920255868108, 0.08225613587241594, 0.08225613587241594]
Timestep: 230, Trans probs: [0.18947930440301683, 0.10070328954522888, 0.2934263614739092, 0.08245242235178324, 0.08350910499059519, 0.08552467253190026, 0.08245242235178324, 0.08245242235178324]
Timestep: 231, Trans probs: [0.2242648470727524, 0.0897923450812006, 0.23698108244004398, 0.0897923450812006, 0.0897923450812006, 0.0897923450812006, 0.0897923450812006, 0.0897923450812006]
Timestep: 232, Trans probs: [0.16208973410552877, 0.1799485518368722, 0.23865846486695702, 0.08325236490105896, 0.08403073083802136, 0.08551542364944371, 0.08325236490105896, 0.08325236490105896]
Timestep: 233, Trans probs: [0.14388218132584066, 0.15790747651197518, 0.2859827036240276, 0.08196781546889195, 0.08257909960835491, 0.08374509252312574, 0.08196781546889195, 0.08196781546889195]
Timestep: 234, Trans probs: [0.1289883849888184, 0.13958418318782023, 0.3185556255902379, 0.08221346028791404, 0.08267527184325323, 0.08355615352612801, 0.08221346028791404, 0.08221346028791404]
Timestep: 235, Trans probs: [0.11748215027315981, 0.12520381687928261, 0.3390239132901542, 0.08339501806438404, 0.08373156230562111, 0.08437350305863019, 0.08339501806438404, 0.08339501806438404]
Timestep: 236, Trans probs: [0.10906019662978547, 0.11453034285125328, 0.3509161085782218, 0.08491235304059772, 0.08515076610651538, 0.08560552671243099, 0.08491235304059772, 0.08491235304059772]
Timestep: 237, Trans probs: [0.10313849228468182, 0.1069355349628957, 0.35739667926918034, 0.08637652853037914, 0.0865420203745972, 0.08685768751750743, 0.08637652853037914, 0.08637652853037914]
Timestep: 238, Trans probs: [0.09908275224680624, 0.10168219240962895, 0.3607544647719532, 0.0876075792020805, 0.08772087425376593, 0.08793697871160425, 0.0876075792020805, 0.0876075792020805]
Timestep: 239, Trans probs: [0.10825404695018837, 0.08801789526069263, 0.3597953500563582, 0.08801789526069263, 0.09186112668999016, 0.08801789526069263, 0.08801789526069263, 0.08801789526069263]
Timestep: 240, Trans probs: [0.18490991973685622, 0.0981108197674198, 0.273866101779223, 0.08856256672226118, 0.08863942637064402, 0.08878603217907366, 0.08856256672226118, 0.08856256672226118]
Timestep: 241, Trans probs: [0.1593563331987584, 0.09388199717332456, 0.3131373549942014, 0.08667955465312885, 0.08673753145757483, 0.08684811921675417, 0.08667955465312885, 0.08667955465312885]
Timestep: 242, Trans probs: [0.13907003918540398, 0.09166276087448108, 0.33686433073202493, 0.08644776798107161, 0.08648974660461779, 0.08656981866025742, 0.08644776798107161, 0.08644776798107161]
Timestep: 243, Trans probs: [0.12401627584992314, 0.09068232216342974, 0.3501088061291068, 0.0870154520587131, 0.08704496890808659, 0.08710127077331432, 0.0870154520587131, 0.0870154520587131]
Timestep: 244, Trans probs: [0.11334341831505504, 0.09035402827374168, 0.35709749943099367, 0.08782510212651662, 0.08784545897855464, 0.0878842886221051, 0.08782510212651662, 0.08782510212651662]
Timestep: 245, Trans probs: [0.10598409019376956, 0.09032284960303524, 0.36063862418308495, 0.08860004961761953, 0.08861391747391603, 0.08864036969333566, 0.08860004961761953, 0.08860004961761953]
Timestep: 246, Trans probs: [0.10254148606921482, 0.08881840614020799, 0.3619418022948442, 0.08881840614020799, 0.09142468093490118, 0.08881840614020799, 0.08881840614020799, 0.08881840614020799]
Timestep: 247, Trans probs: [0.19022812665945732, 0.09040271497402738, 0.2731422073103331, 0.08923806376112293, 0.08924743874126737, 0.08926532103154593, 0.08923806376112293, 0.08923806376112293]
Timestep: 248, Trans probs: [0.1629860219058471, 0.08815496736174484, 0.3124219387767132, 0.08728192234278373, 0.08728895000877271, 0.08730235491857088, 0.08728192234278373, 0.08728192234278373]
Timestep: 249, Trans probs: [0.14154195227548022, 0.08755100257764653, 0.336281749531874, 0.08692109658487593, 0.0869261670781787, 0.08693583878219283, 0.08692109658487593, 0.08692109658487593]
Timestep: 250, Trans probs: [0.12568802262338774, 0.08780117378454509, 0.34970113840168804, 0.08735915242236597, 0.0873627105189428, 0.08736949740433837, 0.08735915242236597, 0.08735915242236597]
Timestep: 251, Trans probs: [0.1109840514270097, 0.08767654389002928, 0.35913997140680515, 0.08767654389002928, 0.09034582352373548, 0.08882397808233249, 0.08767654389002928, 0.08767654389002928]
Timestep: 252, Trans probs: [0.11446608073935062, 0.08836744025077506, 0.2687791986841078, 0.0880629505142743, 0.17612835205010963, 0.08807007673283386, 0.0880629505142743, 0.0880629505142743]
Timestep: 253, Trans probs: [0.10618330922423855, 0.08618130654661003, 0.31039685561674757, 0.08594794555880438, 0.1534412848420242, 0.08595340709396643, 0.08594794555880438, 0.08594794555880438]
Timestep: 254, Trans probs: [0.10440663523962383, 0.08857258532007405, 0.36156495279887074, 0.08857258532007405, 0.09038597128175534, 0.08935209939945386, 0.08857258532007405, 0.08857258532007405]
Timestep: 255, Trans probs: [0.10052070877011395, 0.0858891647278776, 0.24990372537200606, 0.08571846024263936, 0.22080856502488017, 0.08572245537720413, 0.08571846024263936, 0.08571846024263936]
Timestep: 256, Trans probs: [0.0959186633126062, 0.08486757939883768, 0.2934850650236055, 0.08473864771634547, 0.18677108390755315, 0.08474166520836098, 0.08473864771634547, 0.08473864771634547]
Timestep: 257, Trans probs: [0.09303766866001252, 0.08492110813262745, 0.3229683693687664, 0.08482641318568727, 0.15976498487372784, 0.08482862940780411, 0.08482641318568727, 0.08482641318568727]
Timestep: 258, Trans probs: [0.09146470513533801, 0.08566581914436697, 0.3413371225716925, 0.08559816423076477, 0.13913811284310654, 0.08559974761320158, 0.08559816423076477, 0.08559816423076477]
Timestep: 259, Trans probs: [0.09867972099403614, 0.08942742444855181, 0.3629985446130386, 0.08942742444855181, 0.09118461215016624, 0.08942742444855181, 0.08942742444855181, 0.08942742444855181]
Timestep: 260, Trans probs: [0.17736368026918414, 0.08667895765967955, 0.26537689046322765, 0.08663167119051916, 0.12405268016250656, 0.08663277787384459, 0.08663167119051916, 0.08663167119051916]
Timestep: 261, Trans probs: [0.1546719949491189, 0.0849116567322864, 0.3072525204171936, 0.08487528103429907, 0.11366185243444536, 0.08487613236405846, 0.08487528103429907, 0.08487528103429907]
Timestep: 262, Trans probs: [0.13621550691739434, 0.08490358486524865, 0.33332229667801283, 0.084876828874274, 0.10605066985024024, 0.08487745506628183, 0.084876828874274, 0.084876828874274]
Timestep: 263, Trans probs: [0.12225839383407738, 0.08576472611521883, 0.34818885490464957, 0.08574569692658067, 0.10080479208430243, 0.08574614228200972, 0.08574569692658067, 0.08574569692658067]
Timestep: 264, Trans probs: [0.09994130348354507, 0.0892520350292395, 0.3627960684280453, 0.0892520350292395, 0.0904762176896559, 0.0897782702817957, 0.0892520350292395, 0.0892520350292395]
Timestep: 265, Trans probs: [0.15070204872863954, 0.17228899970281622, 0.24628645231150365, 0.08614449985140811, 0.08614449985140811, 0.08614449985140811, 0.08614449985140811, 0.08614449985140811]
Timestep: 266, Trans probs: [0.11223710500519932, 0.08687162562095399, 0.26927351188839016, 0.08685839909366112, 0.18418385155974024, 0.08685870864473287, 0.08685839909366112, 0.08685839909366112]
Timestep: 267, Trans probs: [0.1046172562473586, 0.0852951549244664, 0.30952449320343406, 0.08528507964472767, 0.15942254124594316, 0.08528531544461469, 0.08528507964472767, 0.08528507964472767]
Timestep: 268, Trans probs: [0.09944268775304965, 0.08532504130190309, 0.33447534310016025, 0.08531767982320723, 0.1394860362654427, 0.08531785210982257, 0.08531767982320723, 0.08531767982320723]
Timestep: 269, Trans probs: [0.09613458735524698, 0.08613687540967771, 0.3487096290804117, 0.08613166222178911, 0.12449213725907189, 0.08613178423022431, 0.08613166222178911, 0.08613166222178911]
Timestep: 270, Trans probs: [0.09608604070751485, 0.08987100884733212, 0.3635075530392908, 0.08987100884733212, 0.09105136201653366, 0.08987100884733212, 0.08987100884733212, 0.08987100884733212]
Timestep: 271, Trans probs: [0.18125595426593177, 0.08716451926388631, 0.26918298971058735, 0.08716090542173259, 0.11375283049500537, 0.08716098999939133, 0.08716090542173259, 0.08716090542173259]
Timestep: 272, Trans probs: [0.1572671270339681, 0.08543675391202352, 0.3098255289443292, 0.0854339950676048, 0.10573454527180196, 0.08543405963506286, 0.0854339950676048, 0.0854339950676048]
Timestep: 273, Trans probs: [0.13791516381019842, 0.08540100138815623, 0.33484742238343645, 0.08539898443630696, 0.10024042746863253, 0.08539903164065564, 0.08539898443630696, 0.08539898443630696]
Timestep: 274, Trans probs: [0.12337219331625704, 0.08618650605388184, 0.349006536671324, 0.08618507783457431, 0.09669441919447319, 0.08618511126034112, 0.08618507783457431, 0.08618507783457431]
Timestep: 275, Trans probs: [0.09435006596732369, 0.09018503775597685, 0.3637486891465196, 0.09018503775597685, 0.09097605610627256, 0.09018503775597685, 0.09018503775597685, 0.09018503775597685]
Timestep: 276, Trans probs: [0.18951628958437022, 0.08732917362168054, 0.28650866868554664, 0.08732917362168054, 0.08732917362168054, 0.08732917362168054, 0.08732917362168054, 0.08732917362168054]
Timestep: 277, Trans probs: [0.2001726292454779, 0.08720180530823046, 0.26933839856978997, 0.08720081553968621, 0.09448388155340638, 0.08720083870403667, 0.08720081553968621, 0.08720081553968621]
Timestep: 278, Trans probs: [0.17059262561208804, 0.08593266867737917, 0.30835714834270944, 0.08593192694814845, 0.09138983221594299, 0.08593194430743506, 0.08593192694814845, 0.08593192694814845]
Timestep: 279, Trans probs: [0.14729903568471062, 0.08594409865364518, 0.33308358328897963, 0.08594356110612102, 0.08989902536752278, 0.08594357368677868, 0.08594356110612102, 0.08594356110612102]
Timestep: 280, Trans probs: [0.12990306268335183, 0.08662086039618444, 0.34758332097160427, 0.08662048118887357, 0.08941082231847117, 0.0866204900637677, 0.08662048118887357, 0.08662048118887357]
Timestep: 281, Trans probs: [0.09693414451076501, 0.08974755775596521, 0.2736561138636134, 0.08974755775596521, 0.09057059769835346, 0.1798489129034073, 0.08974755775596521, 0.08974755775596521]
Timestep: 282, Trans probs: [0.11745463853326693, 0.0875050094201066, 0.2680810543920328, 0.08750474702314626, 0.17694030342092135, 0.08750475316423366, 0.08750474702314626, 0.08750474702314626]
Timestep: 283, Trans probs: [0.10852002437617764, 0.08555554289577699, 0.30957120491635054, 0.08555534169762147, 0.15413185631240656, 0.08555534640642395, 0.08555534169762147, 0.08555534169762147]
Timestep: 284, Trans probs: [0.10224927980909085, 0.08542664660818323, 0.3349558414042771, 0.08542649922045432, 0.13566223184719783, 0.08542650266988806, 0.08542649922045432, 0.08542649922045432]
Timestep: 285, Trans probs: [0.09810512371733325, 0.08618407357717447, 0.3491923250375526, 0.08618396913356655, 0.12178259868929567, 0.08618397157794443, 0.08618396913356655, 0.08618396913356655]
Timestep: 286, Trans probs: [0.09545866221001023, 0.08719572001404004, 0.35669258718522623, 0.08719564762012465, 0.11187043841593183, 0.08719564931441777, 0.08719564762012465, 0.08719564762012465]
Timestep: 287, Trans probs: [0.09379261926976261, 0.08814554455314373, 0.3604710700262511, 0.08814549507756474, 0.10500878468266678, 0.0881454962354816, 0.08814549507756474, 0.08814549507756474]
Timestep: 288, Trans probs: [0.0928372568522366, 0.08739905701648959, 0.31396452414402565, 0.08739905701648959, 0.0880218638971718, 0.15558012704060747, 0.08739905701648959, 0.08739905701648959]
Timestep: 289, Trans probs: [0.0927449282495041, 0.0889195542448387, 0.2733950638190073, 0.08891952072968205, 0.1892623699835394, 0.08891952151406428, 0.08891952072968205, 0.08891952072968205]
Timestep: 290, Trans probs: [0.09319019724598605, 0.18080633631916807, 0.27345831562069445, 0.09040316815958403, 0.09093247817581535, 0.09040316815958403, 0.09040316815958403, 0.09040316815958403]
Timestep: 291, Trans probs: [0.17788586572262552, 0.1561511740878477, 0.22610961479642697, 0.08789073618637927, 0.08829040064758269, 0.08789073618637927, 0.08789073618637927, 0.08789073618637927]
Timestep: 292, Trans probs: [0.2414240630755373, 0.1393062136009717, 0.19522449918576065, 0.08474515389100346, 0.08506460857371657, 0.08474515389100346, 0.08474515389100346, 0.08474515389100346]
Timestep: 293, Trans probs: [0.09085629617722428, 0.08692024901070709, 0.33782350560713725, 0.08692024901070709, 0.08737102267332295, 0.1362681794994872, 0.08692024901070709, 0.08692024901070709]
Timestep: 294, Trans probs: [0.17693864013077953, 0.08703337990514347, 0.22552865555756882, 0.0870333547435875, 0.16236590484328206, 0.08703335533246369, 0.0870333547435875, 0.0870333547435875]
Timestep: 295, Trans probs: [0.1558977592602271, 0.08419620733167955, 0.2788456225180057, 0.08419618726474903, 0.14427566136144887, 0.08419618773439158, 0.08419618726474903, 0.08419618726474903]
Timestep: 296, Trans probs: [0.13810443862213964, 0.08347896164147173, 0.3152506138371362, 0.08347894635357878, 0.12925020012714253, 0.08347894671137365, 0.08347894635357878, 0.08347894635357878]
Timestep: 297, Trans probs: [0.20540991472493622, 0.12575859937989975, 0.16937452961722008, 0.08320129725417819, 0.16665176726123115, 0.08320129725417819, 0.08320129725417819, 0.08320129725417819]
Timestep: 298, Trans probs: [0.26158037602772205, 0.11555054720287321, 0.15138873524275664, 0.08058220908069988, 0.14915150520384868, 0.08058220908069988, 0.08058220908069988, 0.08058220908069988]
Timestep: 299, Trans probs: [0.20819177393488017, 0.0841263421658066, 0.25358484187793284, 0.08412633098815231, 0.11759171780717159, 0.08412633124975197, 0.08412633098815231, 0.08412633098815231]
Timestep: 300, Trans probs: [0.1780319869340497, 0.08339781675186775, 0.29605455127090086, 0.08339780822581803, 0.10892441194036752, 0.08339780842536007, 0.08339780822581803, 0.08339780822581803]
Timestep: 301, Trans probs: [0.1536968771318893, 0.08379648885058626, 0.32466930318618215, 0.08379648255292249, 0.10265140047226319, 0.0837964827003118, 0.08379648255292249, 0.08379648255292249]
Timestep: 302, Trans probs: [0.1349688191261465, 0.08485129060559031, 0.34240476675678694, 0.08485128609025996, 0.09836997904476052, 0.08485128619593589, 0.08485128609025996, 0.08485128609025996]
Timestep: 303, Trans probs: [0.12121963190335214, 0.08611072369652738, 0.35264577119632917, 0.08611072053339616, 0.09558099099617719, 0.08611072060742549, 0.08611072053339616, 0.08611072053339616]
Timestep: 304, Trans probs: [0.11148362437736868, 0.08729381454270822, 0.35822854434246076, 0.08729381236333136, 0.09381876723313114, 0.08729381241433706, 0.08729381236333136, 0.08729381236333136]
Timestep: 305, Trans probs: [0.22246844524141676, 0.1075589755836352, 0.21580242771244132, 0.08004272619288624, 0.1339992466909617, 0.08004272619288624, 0.08004272619288624, 0.08004272619288624]
Timestep: 306, Trans probs: [0.27157841188504395, 0.10128296082418271, 0.18676041731792836, 0.07955398818046128, 0.12216225725099991, 0.07955398818046128, 0.07955398818046128, 0.07955398818046128]
Timestep: 307, Trans probs: [0.3074216253046513, 0.09681248030742791, 0.16228518692866237, 0.08016885625215084, 0.11280528245065517, 0.08016885625215084, 0.08016885625215084, 0.08016885625215084]
Timestep: 308, Trans probs: [0.19303385130471515, 0.08827690611574067, 0.2728593962712882, 0.08827690463097417, 0.09272222774961006, 0.08827690466572335, 0.08827690463097417, 0.08827690463097417]
Timestep: 309, Trans probs: [0.16515002437604023, 0.08665020257882924, 0.3116176541133587, 0.08665020146621656, 0.08998131304086629, 0.08665020149225594, 0.08665020146621656, 0.08665020146621656]
Timestep: 310, Trans probs: [0.14319976669769222, 0.0864807707231387, 0.3355087628635318, 0.0864807699192353, 0.08888762001988176, 0.08648076993804969, 0.0864807699192353, 0.0864807699192353]
Timestep: 311, Trans probs: [0.12691422488526483, 0.0870410282631074, 0.3491476036567665, 0.08704102769796696, 0.08873303238976707, 0.08704102771119338, 0.08704102769796696, 0.08704102769796696]
Timestep: 312, Trans probs: [0.11534175417227627, 0.08783158934771601, 0.35650132777742904, 0.08783158895780227, 0.08899897286224409, 0.08783158896692772, 0.08783158895780227, 0.08783158895780227]
Timestep: 313, Trans probs: [0.10734319893819536, 0.08859356697758448, 0.36029976666112346, 0.08859356671183766, 0.08938920056952666, 0.08859356671805713, 0.08859356671183766, 0.08859356671183766]
Timestep: 314, Trans probs: [0.10190597561060662, 0.08922617509704198, 0.3621989119481512, 0.08922617491732555, 0.08976423767069203, 0.0892261749215316, 0.08922617491732555, 0.08922617491732555]
Timestep: 315, Trans probs: [0.09824449845947605, 0.08971137645402223, 0.36312514346913866, 0.0897113763330785, 0.09007347628221847, 0.08971137633590905, 0.0897113763330785, 0.0897113763330785]
Timestep: 316, Trans probs: [0.2497934731012205, 0.0939379373873249, 0.22401050141603168, 0.08162127875699768, 0.10577297306743216, 0.08162127875699768, 0.08162127875699768, 0.08162127875699768]
Timestep: 317, Trans probs: [0.18585745027053266, 0.09006624925075722, 0.2735021183654967, 0.09006624916961495, 0.09030918543285449, 0.090066249171514, 0.09006624916961495, 0.09006624916961495]
Timestep: 318, Trans probs: [0.09011145039585716, 0.08734821354106506, 0.35083891122519656, 0.08734821354106506, 0.0876646717401196, 0.12199211247456644, 0.08734821354106506, 0.08734821354106506]
Timestep: 319, Trans probs: [0.20947223152168817, 0.0911963952731327, 0.27175553355313686, 0.08184951456968355, 0.10017778137330814, 0.08184951456968355, 0.08184951456968355, 0.08184951456968355]
Timestep: 320, Trans probs: [0.15975231568979384, 0.08778022809330586, 0.2256035594610628, 0.08778022803234016, 0.17574298462505017, 0.08778022803376699, 0.08778022803234016, 0.08778022803234016]
Timestep: 321, Trans probs: [0.14219519871014474, 0.08466599843500162, 0.2794978444106365, 0.08466599838627012, 0.15497696489799617, 0.08466599838741061, 0.08466599838627012, 0.08466599838627012]
Timestep: 322, Trans probs: [0.1276261397353873, 0.08379594404413616, 0.3160298620740427, 0.08379594400700872, 0.13736427811753, 0.08379594400787765, 0.08379594400700872, 0.08379594400700872]
Timestep: 323, Trans probs: [0.11637341112410812, 0.08435843998113554, 0.33834793147141046, 0.08435843995401648, 0.12348645760664534, 0.08435843995465116, 0.08435843995401648, 0.08435843995401648]
Timestep: 324, Trans probs: [0.17803559142356357, 0.08806647967213556, 0.2694935090415339, 0.08806647967213556, 0.08828437757699019, 0.11192060326937005, 0.08806647967213556, 0.08806647967213556]
Timestep: 325, Trans probs: [0.10820038657260055, 0.08553195161835768, 0.265371072547015, 0.08553195159915583, 0.19876878286495403, 0.08553195159960522, 0.08553195159915583, 0.08553195159915583]
Timestep: 326, Trans probs: [0.10171233517742621, 0.08455019354829771, 0.30525555042110847, 0.0845501935337601, 0.17028114671778705, 0.08455019353410033, 0.0845501935337601, 0.0845501935337601]
Timestep: 327, Trans probs: [0.17784293313136393, 0.08942519829973822, 0.3068410367038091, 0.08243788757125034, 0.09613928158008753, 0.08243788757125034, 0.08243788757125034, 0.08243788757125034]
Timestep: 328, Trans probs: [0.1821955957405218, 0.08482419166625849, 0.24618150093780738, 0.08482419165563007, 0.14750194503264324, 0.0848241916558788, 0.08482419165563007, 0.08482419165563007]
Timestep: 329, Trans probs: [0.1592791810053738, 0.08321325548879618, 0.2924778212620324, 0.08321325548049334, 0.13217672032163003, 0.08321325548068764, 0.08321325548049334, 0.08321325548049334]
Timestep: 330, Trans probs: [0.15306496019555454, 0.08863328076785552, 0.3306098185582407, 0.08354149498780837, 0.09352596052711586, 0.08354149498780837, 0.08354149498780837, 0.08354149498780837]
Timestep: 331, Trans probs: [0.21924984902254321, 0.08852954528688459, 0.26057524723580894, 0.08490927752579848, 0.0920082483515694, 0.08490927752579848, 0.08490927752579848, 0.08490927752579848]
Timestep: 332, Trans probs: [0.22355468997748776, 0.08328078930209384, 0.24007423687937865, 0.08328078929587286, 0.1199671266574027, 0.08328078929601844, 0.08328078929587286, 0.08328078929587286]
Timestep: 333, Trans probs: [0.18991655928888598, 0.08279057128327243, 0.28532296840145555, 0.0827905712785215, 0.11080761591218889, 0.08279057127863268, 0.0827905712785215, 0.0827905712785215]
Timestep: 334, Trans probs: [0.18477813991731126, 0.08721633980872841, 0.30013532927365383, 0.08451438892923178, 0.0898126352833794, 0.08451438892923178, 0.08451438892923178, 0.08451438892923178]
Timestep: 335, Trans probs: [0.24609039416438785, 0.08320193948748689, 0.23385726823158756, 0.0832019394839529, 0.10404264018064333, 0.08320193948403558, 0.0832019394839529, 0.0832019394839529]
Timestep: 336, Trans probs: [0.15479626902245414, 0.08601149636998395, 0.310730786173185, 0.08601149636998395, 0.08617808752060335, 0.10424887180382174, 0.08601149636998395, 0.08601149636998395]
Timestep: 337, Trans probs: [0.15791455846072944, 0.08687419920672206, 0.32681951770195145, 0.08490675333187667, 0.08876471130309055, 0.08490675333187667, 0.08490675333187667, 0.08490675333187667]
Timestep: 338, Trans probs: [0.22345182146355091, 0.08719216690199771, 0.2576426861902812, 0.08579454775634367, 0.08853513441879549, 0.08579454775634367, 0.08579454775634367, 0.08579454775634367]
Timestep: 339, Trans probs: [0.20539994775970458, 0.08324932198131095, 0.19622628354340726, 0.0832493219786608, 0.18212715880087205, 0.08324932197872281, 0.0832493219786608, 0.0832493219786608]
Timestep: 340, Trans probs: [0.18757783925062077, 0.08623035945828518, 0.29819922483140265, 0.0851908354804993, 0.08722923453769427, 0.0851908354804993, 0.0851908354804993, 0.0851908354804993]
Timestep: 341, Trans probs: [0.2601502975671107, 0.0817420695190659, 0.17114847908207487, 0.08174206951696866, 0.1599908757638248, 0.08174206951701772, 0.08174206951696866, 0.08174206951696866]
Timestep: 342, Trans probs: [0.218833286509719, 0.08151568952381967, 0.23184588076857648, 0.08151568952220546, 0.1417423851090252, 0.08151568952224322, 0.08151568952220546, 0.08151568952220546]
Timestep: 343, Trans probs: [0.18721563878776334, 0.08129658000647287, 0.27854940096376957, 0.08129658000522777, 0.12775206022105398, 0.08129658000525689, 0.08129658000522777, 0.08129658000522777]
Timestep: 344, Trans probs: [0.16155094277865686, 0.08189663992879956, 0.3121333059039539, 0.08189663992786321, 0.11683255167711498, 0.08189663992788511, 0.08189663992786321, 0.08189663992786321]
Timestep: 345, Trans probs: [0.14128025743006387, 0.08315034933951382, 0.334322208545019, 0.0831503493388305, 0.10864578733006527, 0.08315034933884649, 0.0831503493388305, 0.0831503493388305]
Timestep: 346, Trans probs: [0.1598194635785787, 0.08614201262362964, 0.3256251466787714, 0.08538630091726312, 0.08686817344996772, 0.08538630091726312, 0.08538630091726312, 0.08538630091726312]
Timestep: 347, Trans probs: [0.22506733896354003, 0.08665679747541445, 0.25662187158042493, 0.08612045658994302, 0.0871721656208484, 0.08612045658994302, 0.08612045658994302, 0.08612045658994302]
Timestep: 348, Trans probs: [0.21065837580545682, 0.08467070014134295, 0.2631960393309256, 0.08467070014085727, 0.10279208415883408, 0.08467070014086862, 0.08467070014085727, 0.08467070014085727]
Timestep: 349, Trans probs: [0.1788082299316223, 0.08418809948787731, 0.3024535267186752, 0.08418809948751256, 0.09779774591176639, 0.08418809948752108, 0.08418809948751256, 0.08418809948751256]
Timestep: 350, Trans probs: [0.15369115075633588, 0.08463510616827406, 0.3285655652828043, 0.08463510616800786, 0.09456775312054816, 0.08463510616801408, 0.08463510616800786, 0.08463510616800786]
Timestep: 351, Trans probs: [0.1346929371435037, 0.08560742927504401, 0.3446022939532464, 0.08560742927485479, 0.09266762252878226, 0.0856074292748592, 0.08560742927485479, 0.08560742927485479]
Timestep: 352, Trans probs: [0.1209089554270049, 0.08672729635303812, 0.3538107619863477, 0.08672729635290635, 0.09164380082198074, 0.08672729635290943, 0.08672729635290635, 0.08672729635290635]
Timestep: 353, Trans probs: [0.11122192671429318, 0.08776449046564297, 0.3588171400753928, 0.08776449046555254, 0.09113848088245867, 0.08776449046555465, 0.08776449046555254, 0.08776449046555254]
Timestep: 354, Trans probs: [0.13468568172270395, 0.15163819728433856, 0.293737159145552, 0.0839877923694811, 0.0839877923694811, 0.0839877923694811, 0.0839877923694811, 0.0839877923694811]
Timestep: 355, Trans probs: [0.10456013796461174, 0.088620680301576, 0.2728024547764772, 0.08862068030151456, 0.09091332544976079, 0.17724136060303053, 0.08862068030151456, 0.08862068030151456]
Timestep: 356, Trans probs: [0.09862759597413842, 0.086492950620758, 0.3132027493336242, 0.08649295062071123, 0.088238332200389, 0.15395952000895669, 0.08649295062071123, 0.08649295062071123]
Timestep: 357, Trans probs: [0.09504126076034587, 0.0862151848697851, 0.33732665061980893, 0.08621518486975109, 0.08748467976075187, 0.13528666938005499, 0.08621518486975109, 0.08621518486975109]
Timestep: 358, Trans probs: [0.18862976130300316, 0.08584523140208436, 0.2975092950148102, 0.08544694132108967, 0.08622794699574368, 0.08544694132108967, 0.08544694132108967, 0.08544694132108967]
Timestep: 359, Trans probs: [0.17985960766008377, 0.08682046931167992, 0.2637483720619977, 0.08682046931165593, 0.08771492894115214, 0.1213952140901187, 0.08682046931165593, 0.08682046931165593]
Timestep: 360, Trans probs: [0.15662116668685616, 0.08497837489422336, 0.30619628429036894, 0.0849783748942049, 0.08566713433609638, 0.11160191510984062, 0.0849783748942049, 0.0849783748942049]
Timestep: 361, Trans probs: [0.13766242914213314, 0.08492288674061081, 0.33269441492365226, 0.08492288674059723, 0.08542991413136704, 0.10452169484044495, 0.08492288674059723, 0.08492288674059723]
Timestep: 362, Trans probs: [0.1232906735595718, 0.08576055540973689, 0.34783842992093367, 0.08576055540972721, 0.08612136244396201, 0.09970731243661403, 0.08576055540972721, 0.08576055540972721]
Timestep: 363, Trans probs: [0.16052668365325892, 0.0858601592585683, 0.3251916730913737, 0.0855708264564684, 0.08613817817092544, 0.0855708264564684, 0.0855708264564684, 0.0855708264564684]
Timestep: 364, Trans probs: [0.19981284596551457, 0.08685871295736056, 0.26908654912047864, 0.08685871295735383, 0.08710958909576755, 0.09655616398881726, 0.08685871295735383, 0.08685871295735383]
Timestep: 365, Trans probs: [0.1394225397222962, 0.08645241567275166, 0.3424867703056959, 0.08624715642782124, 0.08664964858797122, 0.08624715642782124, 0.08624715642782124, 0.08624715642782124]
Timestep: 366, Trans probs: [0.21128562710940382, 0.08728655407742801, 0.265429076232728, 0.08714373965066868, 0.08742378397776551, 0.08714373965066868, 0.08714373965066868, 0.08714373965066868]
Timestep: 367, Trans probs: [0.2561096479621365, 0.08566340439805384, 0.22244275822547602, 0.0856634043980488, 0.08585171084357028, 0.09294226537661698, 0.0856634043980488, 0.0856634043980488]
Timestep: 368, Trans probs: [0.1784211518249116, 0.08618765181580643, 0.3047757776268294, 0.08608142300207641, 0.08628972672414678, 0.08608142300207641, 0.08608142300207641, 0.08608142300207641]
Timestep: 369, Trans probs: [0.23897163709420838, 0.08615965433150752, 0.24430400576701056, 0.08608279980526662, 0.08623350358620713, 0.08608279980526662, 0.08608279980526662, 0.08608279980526662]
Timestep: 370, Trans probs: [0.22183646021147263, 0.0857966506689641, 0.24994063987101084, 0.0857966506689641, 0.08591833553212104, 0.09911796170953903, 0.0857966506689641, 0.0857966506689641]
Timestep: 371, Trans probs: [0.2972903802961213, 0.08499724255173262, 0.18714939284414484, 0.08499724255172884, 0.08513787714156767, 0.09043337951124707, 0.08499724255172884, 0.08499724255172884]
Timestep: 372, Trans probs: [0.23993214551260644, 0.08519312205592323, 0.24484425131921989, 0.08519312205592047, 0.08529562965144198, 0.08915548529304713, 0.08519312205592047, 0.08519312205592047]
Timestep: 373, Trans probs: [0.19968722442559222, 0.08485193371084598, 0.2881845417360163, 0.08485193371084393, 0.08492800689050618, 0.08779249210450757, 0.08485193371084393, 0.08485193371084393]
Timestep: 374, Trans probs: [0.18742831364888934, 0.08482990766221216, 0.2934538113691045, 0.08482990766221216, 0.0849216798650298, 0.09487656446812781, 0.08482990766221216, 0.08482990766221216]
Timestep: 375, Trans probs: [0.16019976199322408, 0.08490760239965438, 0.23800690352303217, 0.08490760239965438, 0.16988255211600775, 0.0922803727691185, 0.08490760239965438, 0.08490760239965438]
Timestep: 376, Trans probs: [0.19888410370894533, 0.08550080199865137, 0.20284060996668904, 0.08544377754429226, 0.17099937414854527, 0.08544377754429226, 0.08544377754429226, 0.08544377754429226]
Timestep: 377, Trans probs: [0.16892136807614488, 0.08504499037010854, 0.2335603337329532, 0.08504499037010703, 0.1701455450420148, 0.0871927916684575, 0.08504499037010703, 0.08504499037010703]
Timestep: 378, Trans probs: [0.14939306294732818, 0.08299733439894719, 0.2835579767622448, 0.08299733439894598, 0.1503621095817208, 0.08469751311292108, 0.08299733439894598, 0.08299733439894598]
Timestep: 379, Trans probs: [0.13314855554062957, 0.08279787145243114, 0.317689345384155, 0.08279787145243021, 0.13388342451521248, 0.08408718875028111, 0.08279787145243021, 0.08279787145243021]
Timestep: 380, Trans probs: [0.12047730020969433, 0.08374215849616552, 0.3388577896360518, 0.08374215849616486, 0.12101345014312706, 0.08468282602646675, 0.08374215849616486, 0.08374215849616486]
Timestep: 381, Trans probs: [0.11115467867640431, 0.0851329676444598, 0.350979685763153, 0.08513296764445932, 0.11153446593151771, 0.08579929905108717, 0.08513296764445932, 0.08513296764445932]
Timestep: 382, Trans probs: [0.17355213316987983, 0.08310964439468155, 0.25977227826362226, 0.08306415768283341, 0.15130931344048265, 0.08306415768283341, 0.08306415768283341, 0.08306415768283341]
Timestep: 383, Trans probs: [0.19110296861714005, 0.08652448514097191, 0.27097031963818524, 0.0865244851409716, 0.104841981847322, 0.08698678933346608, 0.0865244851409716, 0.0865244851409716]
Timestep: 384, Trans probs: [0.16429589226755423, 0.08526577324594636, 0.30991754415436945, 0.08526577324594611, 0.0991083333669358, 0.08561513722735586, 0.08526577324594611, 0.08526577324594611]
Timestep: 385, Trans probs: [0.1429235053434319, 0.08540598250629793, 0.3343118246053028, 0.08540598250629775, 0.09548049305670872, 0.08566024696936547, 0.08540598250629775, 0.08540598250629775]
Timestep: 386, Trans probs: [0.15217887504445696, 0.08237706851508977, 0.30106391910916264, 0.08234196272904742, 0.13501228641510096, 0.08234196272904742, 0.08234196272904742, 0.08234196272904742]
Timestep: 387, Trans probs: [0.21312253873628736, 0.08623040805335917, 0.2621931375500277, 0.08623040805335906, 0.09335253246732993, 0.08641015903291865, 0.08623040805335906, 0.08623040805335906]
Timestep: 388, Trans probs: [0.22540878547109147, 0.08283931854435107, 0.20429477981286343, 0.08283931854435107, 0.15025093726722982, 0.08868822327141093, 0.08283931854435107, 0.08283931854435107]
Timestep: 389, Trans probs: [0.1802315444140798, 0.08534013119996495, 0.21692710972327786, 0.08534013119996485, 0.17600626998677663, 0.08547455107600628, 0.08534013119996485, 0.08534013119996485]
Timestep: 390, Trans probs: [0.15858932608874124, 0.08304587943393976, 0.27084869688620555, 0.08304587943393968, 0.15522556763590165, 0.08315289165339276, 0.08304587943393968, 0.08304587943393968]
Timestep: 391, Trans probs: [0.1404120115647107, 0.08254431963203776, 0.308949107188926, 0.0825443196320377, 0.13783530972617372, 0.0826262929920386, 0.0825443196320377, 0.0825443196320377]
Timestep: 392, Trans probs: [0.12593945825594574, 0.08331096027295996, 0.33340403518315276, 0.08331096027295992, 0.12404131914829607, 0.0833713463207657, 0.08331096027295992, 0.08331096027295992]
Timestep: 393, Trans probs: [0.11508820442626788, 0.08465918723614978, 0.347839477388221, 0.08465918723614974, 0.11373327731720202, 0.08470229192371015, 0.08465918723614974, 0.08465918723614974]
Timestep: 394, Trans probs: [0.10732318367579742, 0.086094107518605, 0.355798299707468, 0.08609410751860495, 0.10637790665268197, 0.08612417988963275, 0.08609410751860495, 0.08609410751860495]
Timestep: 395, Trans probs: [0.1348124952283391, 0.08298075836913081, 0.3283226398121825, 0.08295469036380466, 0.122065345135129, 0.08295469036380466, 0.08295469036380466, 0.08295469036380466]
Timestep: 396, Trans probs: [0.20577388896864265, 0.0842731658557384, 0.2605758589985097, 0.0842544333852901, 0.11235935263594884, 0.0842544333852901, 0.0842544333852901, 0.0842544333852901]
Timestep: 397, Trans probs: [0.189297952309662, 0.08735865249380734, 0.2725980702840715, 0.0873586524938073, 0.101290060499286, 0.08737930693175115, 0.0873586524938073, 0.0873586524938073]
Timestep: 398, Trans probs: [0.16275338769421993, 0.08587908002897482, 0.31145062430543186, 0.08587908002897478, 0.09638501196256515, 0.08589465592188376, 0.08587908002897478, 0.08587908002897478]
Timestep: 399, Trans probs: [0.14166308942338468, 0.08587559665948524, 0.3354478987106176, 0.0858755966594852, 0.0934997251820523, 0.08588690004600459, 0.0858755966594852, 0.0858755966594852]
Timestep: 400, Trans probs: [0.1259248255401086, 0.08659068294715219, 0.34914755526361946, 0.08659068294715215, 0.09196623477062002, 0.08659865263704337, 0.08659068294715215, 0.08659068294715215]
Timestep: 401, Trans probs: [0.11470066570760913, 0.08750927305444638, 0.35652210862004863, 0.08750927305444633, 0.0912253510142978, 0.08751478244025902, 0.08750927305444633, 0.08750927305444633]
Timestep: 402, Trans probs: [0.10692527536652492, 0.08836898127441775, 0.36032110427976694, 0.08836898127441771, 0.09090495419687046, 0.08837274105916693, 0.08836898127441771, 0.08836898127441771]
Timestep: 403, Trans probs: [0.10163214641766256, 0.0890723937053495, 0.36221448352467506, 0.08907239370534946, 0.0907888567357924, 0.08907493850047218, 0.08907239370534946, 0.08907239370534946]
Timestep: 404, Trans probs: [0.09806433561635833, 0.08960721638525895, 0.36313487081935536, 0.08960721638525893, 0.09076299809822203, 0.08960892992502875, 0.08960721638525893, 0.08960721638525893]
Timestep: 405, Trans probs: [0.09567226326028598, 0.08999615914881312, 0.36357391405255296, 0.08999615914881309, 0.09077187687888727, 0.08999730921302135, 0.08999615914881309, 0.08999615914881309]
Timestep: 406, Trans probs: [0.17575289183207954, 0.08367885909635837, 0.3009468421903021, 0.08366466350926152, 0.10496275284421396, 0.08366466350926152, 0.08366466350926152, 0.08366466350926152]
Timestep: 407, Trans probs: [0.18434392053733675, 0.09027107624731033, 0.27350928776792105, 0.09027107624731029, 0.09079064016270842, 0.09027184654279258, 0.09027107624731029, 0.09027107624731029]
Timestep: 408, Trans probs: [0.15865501701525583, 0.08788919252017528, 0.3136184090677175, 0.08788919252017525, 0.08828003186524373, 0.08788977197108183, 0.08788919252017525, 0.08788919252017525]
Timestep: 409, Trans probs: [0.1517431125930956, 0.08414704349374479, 0.32779076152286146, 0.08413662181612525, 0.09977259512579711, 0.08413662181612525, 0.08413662181612525, 0.08413662181612525]
Timestep: 410, Trans probs: [0.22567814351212132, 0.08731639598885542, 0.2501411393232226, 0.0873163959888554, 0.08759831924637197, 0.08731681396286241, 0.0873163959888554, 0.0873163959888554]
Timestep: 411, Trans probs: [0.19380309277873556, 0.08162323817735824, 0.2588129134000769, 0.08162323817735824, 0.13466563042156776, 0.08622541069018694, 0.08162323817735824, 0.08162323817735824]
Timestep: 412, Trans probs: [0.1676362757340036, 0.08150819420340097, 0.21754872347839563, 0.08150819420340097, 0.2037406298494486, 0.08504159412454816, 0.08150819420340097, 0.08150819420340097]
Timestep: 413, Trans probs: [0.18948389974375393, 0.0860769077689191, 0.20776673337950002, 0.08607690776891909, 0.17236451565220778, 0.08607722014886196, 0.08607690776891909, 0.08607690776891909]
Timestep: 414, Trans probs: [0.16613697227515617, 0.08344307171908757, 0.2642007074298987, 0.08344307171908756, 0.15244671189129377, 0.08344332152730109, 0.08344307171908756, 0.08344307171908756]
Timestep: 415, Trans probs: [0.14636084466578128, 0.08265249303844202, 0.30456279031339917, 0.08265249303844201, 0.13581370737342952, 0.08265268549362188, 0.08265249303844201, 0.08265249303844201]
Timestep: 416, Trans probs: [0.13040517616894323, 0.08324844822789, 0.3307542229853637, 0.08324844822789, 0.12259821725150466, 0.0832485906826283, 0.08324844822789, 0.08324844822789]
Timestep: 417, Trans probs: [0.11830619978328559, 0.08452595117766107, 0.3463501791375097, 0.08452595117766107, 0.11271376314487785, 0.0845260532236826, 0.08452595117766107, 0.08452595117766107]
Timestep: 418, Trans probs: [0.1334331069391098, 0.08520066000135407, 0.34424323411272495, 0.08519322372555453, 0.09635010404459303, 0.08519322372555453, 0.08519322372555453, 0.08519322372555453]
Timestep: 419, Trans probs: [0.1955255541282996, 0.08595069085879573, 0.26905712014641603, 0.08595069085879573, 0.10566380006555495, 0.08595076222454659, 0.08595069085879573, 0.08595069085879573]
Timestep: 420, Trans probs: [0.16764082108587244, 0.08490138774795644, 0.3080655279898361, 0.08490138774795644, 0.0997866582965865, 0.08490144163587936, 0.08490138774795644, 0.08490138774795644]
Timestep: 421, Trans probs: [0.1484184434917115, 0.08072733209170675, 0.26837373701562633, 0.08072733209170675, 0.17679413482283016, 0.08350435630300487, 0.08072733209170675, 0.08072733209170675]
Timestep: 422, Trans probs: [0.12008581601809434, 0.08641521750368167, 0.3536603261062473, 0.08641002631242382, 0.09419853512228137, 0.08641002631242382, 0.08641002631242382, 0.08641002631242382]
Timestep: 423, Trans probs: [0.14542982644272037, 0.08513813186773908, 0.24775641000605292, 0.08513813186773908, 0.1811230649447475, 0.085138171135523, 0.08513813186773908, 0.08513813186773908]
Timestep: 424, Trans probs: [0.110680552045273, 0.08753724074791157, 0.35876045301437653, 0.08753367260951828, 0.09288706375436587, 0.08753367260951828, 0.08753367260951828, 0.08753367260951828]
Timestep: 425, Trans probs: [0.21396520746441164, 0.0834420073680832, 0.21042902520092407, 0.0834420073680832, 0.15839569983042112, 0.08344203803191039, 0.0834420073680832, 0.0834420073680832]
Timestep: 426, Trans probs: [0.2138028860703106, 0.08103353332714945, 0.2244503028028391, 0.08103353332714945, 0.15445668527691447, 0.08315599254133813, 0.08103353332714945, 0.08103353332714945]
Timestep: 427, Trans probs: [0.1847083829938499, 0.08205965561569978, 0.18192738613768722, 0.08205965561569978, 0.2230659286746893, 0.08205967973097456, 0.08205965561569978, 0.08205965561569978]
Timestep: 428, Trans probs: [0.16173037101839213, 0.08114661956530102, 0.2406937861234638, 0.08114661956530102, 0.19184272610009093, 0.081146638496849, 0.08114661956530102, 0.08114661956530102]
Timestep: 429, Trans probs: [0.18401499798166898, 0.08069977291218376, 0.27300011862961965, 0.08069977291218376, 0.13783441514905137, 0.08235137659092505, 0.08069977291218376, 0.08069977291218376]
Timestep: 430, Trans probs: [0.14338530928829307, 0.08087111771747799, 0.20464249786479846, 0.08087111771747799, 0.24761658957305394, 0.08087113240394264, 0.08087111771747799, 0.08087111771747799]
Timestep: 431, Trans probs: [0.1042026599520703, 0.08846061509575298, 0.3614044162369398, 0.0884581880534893, 0.09209955650127968, 0.0884581880534893, 0.0884581880534893, 0.0884581880534893]
Timestep: 432, Trans probs: [0.1889715014649791, 0.08916914228771633, 0.27356184295418867, 0.08916750265026803, 0.09162750269204377, 0.08916750265026803, 0.08916750265026803, 0.08916750265026803]
Timestep: 433, Trans probs: [0.20998800093012732, 0.0809993644234398, 0.17601296515569037, 0.0809993644234398, 0.20900220052285934, 0.08099937569756382, 0.0809993644234398, 0.0809993644234398]
Timestep: 434, Trans probs: [0.1595985764540844, 0.08124841668715037, 0.3083297713567183, 0.08124841668715037, 0.1245770581770614, 0.08250092726353449, 0.08124841668715037, 0.08124841668715037]
Timestep: 435, Trans probs: [0.16209722680271105, 0.08721395654210945, 0.31277940868514875, 0.0872127262965002, 0.08905850278402991, 0.0872127262965002, 0.0872127262965002, 0.0872127262965002]
Timestep: 436, Trans probs: [0.18143485401180637, 0.08050839113925541, 0.15485127053075667, 0.08050839113925541, 0.2611719109397825, 0.08050839996063293, 0.08050839113925541, 0.08050839113925541]
Timestep: 437, Trans probs: [0.158111242111597, 0.08082738336368193, 0.2185823992459179, 0.08082738336368193, 0.21916943506915643, 0.08082739011860106, 0.08082738336368193, 0.08082738336368193]
Timestep: 438, Trans probs: [0.14063450767862434, 0.08062074171419367, 0.2682133326284762, 0.08062074171419367, 0.18804844587648736, 0.08062074695963745, 0.08062074171419367, 0.08062074171419367]
Timestep: 439, Trans probs: [0.1409165572611283, 0.08686920646231848, 0.3365404458236345, 0.08686831852679187, 0.08820051634575116, 0.08686831852679187, 0.08686831852679187, 0.08686831852679187]
Timestep: 440, Trans probs: [0.20787965051179702, 0.08114774437078517, 0.22363590310757925, 0.08114774437078517, 0.16274572054245937, 0.08114774835502368, 0.08114774437078517, 0.08114774437078517]
Timestep: 441, Trans probs: [0.17947383752132948, 0.08074416244017643, 0.272492807045582, 0.08074416244017643, 0.14431254012831102, 0.08074416554407177, 0.08074416244017643, 0.08074416244017643]
Timestep: 442, Trans probs: [0.1561918345047729, 0.08125129264264672, 0.30804897056657604, 0.08125129264264672, 0.12950272935941243, 0.08125129499865162, 0.08125129264264672, 0.08125129264264672]
Timestep: 443, Trans probs: [0.13762254790214248, 0.08251500205109297, 0.3318057322267371, 0.08251500205109297, 0.11799670788316688, 0.08251500378358176, 0.08251500205109297, 0.08251500205109297]
Timestep: 444, Trans probs: [0.12350892585749126, 0.08411498721016375, 0.3464368529561782, 0.08411498721016375, 0.1094792838970325, 0.08411498844864307, 0.08411498721016375, 0.08411498721016375]
Timestep: 445, Trans probs: [0.11324509070751568, 0.08569791306655845, 0.35483082357029294, 0.08569791306655845, 0.10343451952336208, 0.0856979139325955, 0.08569791306655845, 0.08569791306655845]
Timestep: 446, Trans probs: [0.10602603183146943, 0.08706563950363523, 0.3593722368285081, 0.08706563950363523, 0.09927353322576352, 0.08706564009971815, 0.08706563950363523, 0.08706563950363523]
Timestep: 447, Trans probs: [0.10106160757127577, 0.08815138171463165, 0.3617176859125644, 0.08815138171463165, 0.09646379753712572, 0.0881513821205075, 0.08815138171463165, 0.08815138171463165]
Timestep: 448, Trans probs: [0.16169629207327027, 0.08645600072598197, 0.319567703570838, 0.08645600072598197, 0.08645600072598197, 0.08645600072598197, 0.08645600072598197, 0.08645600072598197]
Timestep: 449, Trans probs: [0.0976948411295828, 0.177932900399397, 0.27392011985640297, 0.0889664501996985, 0.0945863375414172, 0.08896645047410447, 0.0889664501996985, 0.0889664501996985]
Timestep: 450, Trans probs: [0.0934173277359937, 0.15434555279494605, 0.3140222790166792, 0.08678948339606243, 0.09105690665976303, 0.08678948360443074, 0.08678948339606243, 0.08678948339606243]
Timestep: 451, Trans probs: [0.09127147542165719, 0.13548961076514462, 0.3378349959662328, 0.0864613743925351, 0.08955842012560351, 0.08646137454375662, 0.0864613743925351, 0.0864613743925351]
Timestep: 452, Trans probs: [0.12525472658653095, 0.08732442504418264, 0.3498669056599771, 0.08732380189315347, 0.0882587351366955, 0.08732380189315347, 0.08732380189315347, 0.08732380189315347]
Timestep: 453, Trans probs: [0.22264078858487718, 0.08253121825867285, 0.24940988482463908, 0.08253121825867285, 0.11437278414360703, 0.08345166941218521, 0.08253121825867285, 0.08253121825867285]
Timestep: 454, Trans probs: [0.11417035237464244, 0.08804139357184451, 0.2688984229401842, 0.08804096430324114, 0.17672597390036432, 0.08804096430324114, 0.08804096430324114, 0.08804096430324114]
Timestep: 455, Trans probs: [0.19191294487807234, 0.08595109585519425, 0.22446196645715757, 0.08595076709623926, 0.15387092442461886, 0.08595076709623926, 0.08595076709623926, 0.08595076709623926]
Timestep: 456, Trans probs: [0.25118920383426463, 0.08359577060751153, 0.19339590700553924, 0.08359550999418969, 0.1374370785759258, 0.08359550999418969, 0.08359550999418969, 0.08359550999418969]
Timestep: 457, Trans probs: [0.17741240724328433, 0.12150177001515708, 0.2638350617594849, 0.08701444892109057, 0.08919296519133948, 0.08701444902746244, 0.08701444892109057, 0.08701444892109057]
Timestep: 458, Trans probs: [0.2711278386374408, 0.08253655160489447, 0.20885392442937464, 0.08253655160489447, 0.10663875131663864, 0.08323327919696798, 0.08253655160489447, 0.08253655160489447]
Timestep: 459, Trans probs: [0.1548110353455716, 0.1116685287846888, 0.2214976288869949, 0.08505696521947287, 0.1717949460227732, 0.08505696530155295, 0.08505696521947287, 0.08505696521947287]
Timestep: 460, Trans probs: [0.13894608783093898, 0.10388330074000307, 0.2753991754407822, 0.08225554514987955, 0.15274925532204933, 0.08225554521658768, 0.08225554514987955, 0.08225554514987955]
Timestep: 461, Trans probs: [0.1255768194337957, 0.09844682458313127, 0.312870279577913, 0.08171224794295416, 0.13625708458172767, 0.08171224799456989, 0.08171224794295416, 0.08171224794295416]
Timestep: 462, Trans probs: [0.21215328771030784, 0.08267822259203626, 0.2501828360126933, 0.08267802125403532, 0.12427356866882125, 0.08267802125403532, 0.08267802125403532, 0.08267802125403532]
Timestep: 463, Trans probs: [0.26361134043103973, 0.0824027702994413, 0.2102301093008688, 0.08240261665292153, 0.11414531335696394, 0.08240261665292153, 0.08240261665292153, 0.08240261665292153]
Timestep: 464, Trans probs: [0.19773728471780813, 0.09502276521556664, 0.25367848215977407, 0.08264055518789176, 0.12299924711709272, 0.08264055522608314, 0.08264055518789176, 0.08264055518789176]
Timestep: 465, Trans probs: [0.17102089834726297, 0.09156201484432477, 0.2962796926073019, 0.08198326600856294, 0.11320433013731418, 0.08198326603810739, 0.08198326600856294, 0.08198326600856294]
Timestep: 466, Trans probs: [0.2189964203505272, 0.08261338103709572, 0.2614333599901898, 0.08261326539808743, 0.1065037770298375, 0.08261326539808743, 0.08261326539808743, 0.08261326539808743]
Timestep: 467, Trans probs: [0.26787642943373513, 0.0829259227912573, 0.21669658443601025, 0.08292583628466704, 0.10079771820032911, 0.08292583628466704, 0.08292583628466704, 0.08292583628466704]
Timestep: 468, Trans probs: [0.3040588944045031, 0.08332567456588044, 0.18270959720099011, 0.08332561029644969, 0.09660339264282745, 0.08332561029644969, 0.08332561029644969, 0.08332561029644969]
Timestep: 469, Trans probs: [0.23158774874285007, 0.08974749182560096, 0.242356097241235, 0.08260692869775658, 0.10588094737726347, 0.08260692871978076, 0.08260692869775658, 0.08260692869775658]
Timestep: 470, Trans probs: [0.19543885500564265, 0.08797008479227333, 0.28615762089060115, 0.08255986096260229, 0.10019399544438648, 0.08255986097928944, 0.08255986096260229, 0.08255986096260229]
Timestep: 471, Trans probs: [0.24458459241356753, 0.08419409544402381, 0.24060308652394616, 0.08419404874418432, 0.09384203064172529, 0.08419404874418432, 0.08419404874418432, 0.08419404874418432]
Timestep: 472, Trans probs: [0.28753542763354834, 0.08414326160022578, 0.20043198576306206, 0.0841432268793014, 0.09131641748595828, 0.0841432268793014, 0.0841432268793014, 0.0841432268793014]
Timestep: 473, Trans probs: [0.3179369544937875, 0.0845270177930638, 0.16965029457715156, 0.08452699237736784, 0.08977776362652574, 0.08452699237736784, 0.08452699237736784, 0.08452699237736784]
Timestep: 474, Trans probs: [0.2499494125299263, 0.0871733774450554, 0.2339862115588064, 0.08316560627406874, 0.09622857335757547, 0.0831656062864302, 0.08316560627406874, 0.08316560627406874]
Timestep: 475, Trans probs: [0.20787147685153384, 0.08633944887888857, 0.2793001758540667, 0.08334716222068145, 0.0931002495235558, 0.08334716222991079, 0.08334716222068145, 0.08334716222068145]
Timestep: 476, Trans probs: [0.2523865645491406, 0.08536820852509419, 0.23164704366673883, 0.0853681903386887, 0.08912542190427165, 0.0853681903386887, 0.0853681903386887, 0.0853681903386887]
Timestep: 477, Trans probs: [0.25943935477154, 0.08601760171326837, 0.22829535934260858, 0.08381126759239484, 0.09100261379619855, 0.08381126759919999, 0.08381126759239484, 0.08381126759239484]
Timestep: 478, Trans probs: [0.21405626686392254, 0.08563259826471119, 0.27499201139345375, 0.08399874601168392, 0.08932413942613732, 0.08399874601672332, 0.08399874601168392, 0.08399874601168392]
Timestep: 479, Trans probs: [0.17997149565638798, 0.08550383320176647, 0.3090974368667673, 0.08430198151178406, 0.08821930822423507, 0.084301981515491, 0.08430198151178406, 0.08430198151178406]
Timestep: 480, Trans probs: [0.15397409074378338, 0.08591345138731082, 0.3320523644165524, 0.0850475593740396, 0.0878698559535244, 0.08504755937671031, 0.0850475593740396, 0.0850475593740396]
Timestep: 481, Trans probs: [0.22369095512642717, 0.08294093366571985, 0.2601554322222583, 0.08294093366571985, 0.10092896047256167, 0.08346091751587348, 0.08294093366571985, 0.08294093366571985]
Timestep: 482, Trans probs: [0.20891701294092563, 0.08496702684580537, 0.27849252450425654, 0.08496701334905708, 0.08775538231278407, 0.08496701334905708, 0.08496701334905708, 0.08496701334905708]
Timestep: 483, Trans probs: [0.2609664619567947, 0.08498943492090717, 0.22705012824474746, 0.08498942501338884, 0.08703627482399538, 0.08498942501338884, 0.08498942501338884, 0.08498942501338884]
Timestep: 484, Trans probs: [0.1346760800265276, 0.08667575644955357, 0.2602672416603766, 0.0860650790123046, 0.17412060581244024, 0.08606507901418815, 0.0860650790123046, 0.0860650790123046]
Timestep: 485, Trans probs: [0.12196294934919398, 0.0847621949598624, 0.3035863308508859, 0.08428891353879502, 0.15253287068341798, 0.08428891354025478, 0.08428891353879502, 0.08428891353879502]
Timestep: 486, Trans probs: [0.27139026755623386, 0.08325063002744176, 0.2153135077132822, 0.08325063002744176, 0.09665557490131546, 0.08363812971940147, 0.08325063002744176, 0.08325063002744176]
Timestep: 487, Trans probs: [0.11221176276498293, 0.08466535656609701, 0.24670020323315808, 0.08431490124643698, 0.2191630724489331, 0.08431490124751789, 0.08431490124643698, 0.08431490124643698]
Timestep: 488, Trans probs: [0.21467171008591596, 0.0848802694636691, 0.27453706042536985, 0.08488026215640233, 0.08638991139943575, 0.08488026215640233, 0.08488026215640233, 0.08488026215640233]
Timestep: 489, Trans probs: [0.22285413769389387, 0.08365384844551593, 0.26501805189279937, 0.08365384844551593, 0.0935718658729505, 0.0839405507582925, 0.08365384844551593, 0.08365384844551593]
Timestep: 490, Trans probs: [0.18016958187025364, 0.08494754907165042, 0.22409004631840204, 0.08494754371064361, 0.17100264789711936, 0.08494754371064361, 0.08494754371064361, 0.08494754371064361]
Timestep: 491, Trans probs: [0.24126106929614669, 0.0828892068872332, 0.19318769002954944, 0.08288920263755441, 0.15110522323685302, 0.08288920263755441, 0.08288920263755441, 0.08288920263755441]
Timestep: 492, Trans probs: [0.28720596004565435, 0.08198273198925697, 0.16781388871057848, 0.08198272868227727, 0.13506650452540117, 0.08198272868227727, 0.08198272868227727, 0.08198272868227727]
Timestep: 493, Trans probs: [0.31896046778901405, 0.08238030996236986, 0.14687179880142742, 0.082380307477584, 0.12226619353685263, 0.082380307477584, 0.082380307477584, 0.082380307477584]
Timestep: 494, Trans probs: [0.1884034138146135, 0.08385184136440266, 0.20718188293689294, 0.08358509831479322, 0.18622246862409528, 0.08358509831561592, 0.08358509831479322, 0.08358509831479322]
Timestep: 495, Trans probs: [0.16502692983391798, 0.08213629147274594, 0.2618396987174795, 0.08192481209331276, 0.16329783160195332, 0.08192481209396504, 0.08192481209331276, 0.08192481209331276]
Timestep: 496, Trans probs: [0.1455953868967185, 0.08180988514844112, 0.30174131098001894, 0.08164714881785837, 0.1442648217028861, 0.08164714881836029, 0.08164714881785837, 0.08164714881785837]
Timestep: 497, Trans probs: [0.27080888247531304, 0.0839304160260797, 0.2180615393323741, 0.0839304160260797, 0.09126546226578534, 0.08414245182220863, 0.0839304160260797, 0.0839304160260797]
Timestep: 498, Trans probs: [0.25546887904910465, 0.08358728414048147, 0.21402929876399215, 0.08358728233522038, 0.11256540870554022, 0.08358728233522038, 0.08358728233522038, 0.08358728233522038]
Timestep: 499, Trans probs: [0.12997038236196592, 0.08263327597499906, 0.24585088839595765, 0.08251250453348527, 0.21149543513276375, 0.08251250453385776, 0.08251250453348527, 0.08251250453348527]
