0.0,0.5,1
7945.537099679935,0.5342465753424657,0
6556.593653469279,0.3205991132207469,0
1892.0,0.33333333333333337,1
4797.182451316682,0.5241680796333945,0
6209.3377856132465,0.4241085386557061,0
6966.58693139316,0.3131659872612895,0
1806.0,0.33723367502465806,1
3750.0,0.5546446823869171,0
3550.0,0.4525115791435409,1
7279.574583696716,0.4264400224639575,0
1620.0,0.3407151130672561,1
1656.0,0.5605378962190719,1
3278.0,0.5541360112640301,1
3105.0,0.48090495314509896,1
3794.5827164901966,0.4161585797302691,0
819.0,0.48388335159418605,1
5361.865530404673,0.5159730650535711,0
3483.0,0.48322060954325774,1
3250.0,0.4936438608845832,1
2520.0,0.4963364161735011,1
1764.0,0.5716816633875192,1
3150.0,0.573893223076062,1
2725.0,0.4902224435797207,1
5104.288375596689,0.5092865950407867,0
4170.0,0.4927235793609573,0
4021.7204654366788,0.413393297909051,0
3190.0,0.4786713994334122,1
5406.287809166001,0.4164388277916622,0
2673.0,0.4883673727428538,1
1400.0,0.5738935782223192,1
3591.0,0.5763595197388425,1
1728.0,0.5055033645212664,1
1620.0,0.5785673912797006,1
2430.0,0.5812668479518295,1
1512.0,0.5840423038237623,1
1320.0,0.5838662599550939,1
3068.0,0.5832120330328958,1
2700.0,0.5035926869277491,1
3525.0,0.5614926909924915,1
6786.224108683677,0.4100368572823829,0
1100.0,0.3665242821794626,1
4901.0,0.5764765457898962,0
2990.0,0.4660044042237564,1
5181.660524858772,0.49490333241430884,0
525.0,0.4770242545076895,1
5761.309045480965,0.508974560970052,0
5863.795038747348,0.43954702615570684,0
1092.0,0.4865913460156569,1
5539.214486419465,0.5041950800300335,0
4185.0,0.4698740442773227,0
4225.0,0.46479207903052483,0
6131.225413182863,0.4019879026420151,0
3540.0,0.32847136103270524,1
3420.0,0.4873548619858736,1
3625.0,0.4878942175947003,0
3969.0,0.47161715788030506,0
2544.0,0.4613193804658018,1
3944.0,0.5402833709504861,0
1080.0,0.4512760854605842,1
4935.313128340477,0.504286810066053,0
2310.0,0.45453373311503087,1
5094.60189758295,0.4946604871384396,0
3888.0,0.4614798369509352,0
5705.046006389334,0.39945478405174767,0
3944.0,0.44952502070323297,0
1104.0,0.4477406960124223,1
1958.0,0.5346328828257614,1
3013.0,0.5504040061239925,1
4290.0,0.466597099588384,0
782.0,0.45743831254207445,1
4424.0,0.5406288942203691,0
1846.0,0.45492831463500544,1
784.0,0.539987896849019,1
2093.0,0.550583140738719,1
2688.0,0.5596827653327435,1
1134.0,0.5511737804516483,1
1204.0,0.5657615606409475,1
2210.0,0.5715288216032878,1
4116.0,0.574685182838542,0
950.0,0.4603410822446331,1
5160.0,0.5440495009647388,0
2600.0,0.4488328452271081,1
2415.0,0.5458358928344282,1
1764.0,0.5562986776614793,1
4234.0,0.5689097594586114,0
1488.0,0.46915752515610326,1
2610.0,0.562076706985368,1
1200.0,0.5692130550378662,1
1958.0,0.5799587511596815,1
3294.0,0.5838133144016096,1
1704.0,0.4851437359659797,1
4190.8417408251535,0.5057831236129576,0
3475.0,0.48180332108998514,1
4136.07467135673,0.402026455364935,0
2190.0,0.47927681695328217,1
6882.852946244459,0.5022760797378321,0
1586.0,0.35918886023485064,1
1290.0,0.5726729642862589,1
2320.0,0.584163364280351,1
1326.0,0.5871011203586841,1
3538.0,0.5869161630545054,1
1896.0,0.48756111941350067,1
6693.734999523542,0.5014957663023394,0
1541.0,0.3591050658715752,1
3952.0,0.5832617035446604,0
1288.0,0.4651196758221606,1
3917.43570194141,0.5021319432746061,0
806.0,0.47247782569092783,1
5526.398287191306,0.5023121990681558,0
4419.613678148634,0.4028242718353726,0
4680.0,0.48359154040955543,0
6288.358451182545,0.3992633730618319,0
840.0,0.3470528991736183,1
2511.0,0.5683157806463714,1
836.0,0.5700823475874103,1
3454.0,0.5787517406587244,1
2266.0,0.4897127935791809,1
4979.231553549516,0.4895931712481689,0
3780.0,0.4856873014998461,0
2640.0,0.4775556531192878,1
6443.388629577527,0.4838423993366026,0
3926.0,0.3517200134050022,0
1743.0,0.4722764811941574,1
3289.0,0.5734554517496417,1
4212.0,0.494750319092381,0
6016.052966331966,0.3955564705070376,0
3591.0,0.33985627150945424,1
2835.0,0.4795745620906022,1
4752.984355383236,0.49072402193092,0
3132.0,0.4935812909546603,1
6139.478425559593,0.39704611639625254,0
3264.0,0.3635329301455402,1
2990.0,0.4906201404518867,1
3432.0,0.5702919120727346,1
3225.0,0.49498463433049766,1
4463.483104045146,0.39963241061912,0
2178.0,0.4969616250084975,1
2912.0,0.5678448893159784,1
5237.450111761962,0.4877356194306508,0
2240.0,0.49373087316932984,1
4316.0,0.5594885478161545,0
7178.726814964739,0.3954827525068294,0
650.0,0.3603150496974411,1
900.0,0.5707933759245369,1
816.0,0.5695050672018462,1
3984.0,0.5747179901170839,0
3381.0,0.45835723930913824,1
1316.0,0.4717289986731043,1
7191.129551803437,0.5010228823733588,0
4140.0,0.3431629517782592,0
1564.0,0.46597110453985036,1
5912.123513506454,0.5011305053824345,0
2921.0,0.4571722661257695,1
2737.0,0.5495293044151246,1
2622.0,0.5397787357660976,1
5812.660318846212,0.4881187966490106,0
2919.0,0.46779768899846685,1
4175.0,0.5643393055825062,0
1702.0,0.4554346358139507,1
5127.056714348827,0.5002695042281697,0
3416.0,0.46027593326891525,1
4689.861058658029,0.39316734627248384,0
1992.0,0.4733082395141611,1
4554.05890920552,0.5003617822094375,0
3751.4353495372015,0.3984141065032867,0
1562.0,0.4737826046108653,1
4481.95749749388,0.5001455990536001,0
3588.0,0.4625936315532233,1
4219.876032089054,0.3951179434380564,0
2997.0,0.49453823302066646,1
2952.0,0.5540703082140449,1
2241.0,0.5611692224526273,1
2667.0,0.56964825548255,1
2580.0,0.5482270500922364,1
5070.340756041164,0.49880110245313813,0
2832.0,0.47913946322932605,1
1537.0,0.557351136974079,1
4499.401796185807,0.49880038762763357,0
2093.0,0.4794733539244894,1
1078.0,0.5788066533145145,1
5415.095861327887,0.4979720517499417,0
3630.0,0.4862461986422596,0
5770.9084156343515,0.39852637497238785,0
975.0,0.47769816790281017,1
1943.0,0.5774548230182768,1
980.0,0.5824720511552132,1
725.0,0.5831771563074407,1
2232.0,0.5826707261600561,1
609.0,0.5822700966951366,1
2125.0,0.5820788388264627,1
2486.0,0.5820005747134016,1
750.0,0.5707034678180866,1
4959.0,0.577344841842695,0
4841.447233602203,0.3994652607817674,0
2691.0,0.4680087829955061,1
4437.0,0.56351450789,0
2254.0,0.46748232069603,1
3304.0,0.5556495742094336,1
930.0,0.48174402767627716,1
2523.0,0.569149712303903,1
2001.0,0.5743990063762601,1
2626.0,0.5812648613272233,1
748.0,0.5750733367014895,1
1071.0,0.5851535680069488,1
1240.0,0.5827206674120314,1
3024.0,0.5821275776825532,1
2185.0,0.49946804809547807,1
1140.0,0.5790567970870644,1
2180.0,0.5835998918767785,1
1794.0,0.5763266087095249,1
3234.0,0.5840661463123471,1
2300.0,0.505447345645358,1
952.0,0.5594131436879535,1
5198.725355871471,0.4982368861019024,0
3219.0,0.48539420486563223,1
3488.224375347315,0.40031653200744555,1
1794.0,0.49037393873333335,1
5608.460940628497,0.5091647285495523,0
3312.0,0.48710007847784337,1
5064.3650165039835,0.41190811470723154,0
2600.0,0.49209991114826596,1
6301.55195946905,0.49575905022200506,0
3525.0,0.36930875091574206,1
1480.0,0.49052314269287295,1
6399.429850895433,0.5063408857418711,0
1344.0,0.36347675038821414,1
5972.056989079413,0.5066862860392568,0
1794.0,0.4880985821881536,1
8134.8891312592605,0.5057155381847283,0
3828.0,0.36423407567780586,0
2784.0,0.46953822235490494,1
912.0,0.5751403198619979,1
3276.0,0.5837026902479855,1
1360.0,0.5078743147090079,1
2684.0,0.584477380075695,1
1420.0,0.5590363545888134,1
7061.437141783113,0.5049890825255168,0
2268.0,0.3584903195496921,1
2645.0,0.5739687977119368,1
3105.0,0.5806654862087095,1
4843.0,0.5108010115328359,0
3630.0,0.4750975834959663,0
5503.327201171057,0.4002030411398204,0
3219.0,0.4600101189755841,1
760.0,0.48647714030572137,1
910.0,0.5631927657957531,1
6049.651253918712,0.5048315497138286,0
3406.0,0.3500617307236009,1
1302.0,0.49008999077620996,1
2926.0,0.572948361881936,1
2380.0,0.5714792348139061,1
4498.0,0.5734621073224305,0
3140.0,0.4646331840500957,1
6003.397248241256,0.39769169117548614,0
3810.0,0.3540558887912197,0
3350.0,0.46550742083523367,1
1456.0,0.4801229822750908,1
2424.0,0.5606467567548254,1
1806.0,0.5650998226905266,1
2976.0,0.5725483070935591,1
1363.0,0.5643192256562435,1
1107.0,0.5704078088567098,1
2002.0,0.5742369006041507,1
1380.0,0.5768933670025644,1
4440.0,0.5768076575022967,0
3633.0,0.4614082021685086,0
2976.0,0.4632053601153499,1
3020.0,0.5452636291827505,1
3300.0,0.46680871900433496,1
2100.0,0.4712856134858109,1
2520.0,0.5481130317338883,1
1197.0,0.5589191429684861,1
3381.0,0.5633951007668384,1
1880.0,0.4915786650807831,1
1998.0,0.5624230365436504,1
2544.0,0.5699102864946916,1
2002.0,0.5680645597718811,1
1122.0,0.5709784367364724,1
2288.0,0.5736408753829031,1
4031.0,0.5713610798994201,0
4756.0,0.4758228664633977,0
1701.0,0.4646273325057981,1
4760.0,0.5570712482269922,0
1298.0,0.45976955990494794,1
3381.0,0.5568653985251015,1
2128.0,0.4741448868486709,1
5065.011713793875,0.5048383340529053,0
2760.0,0.47085451553120694,1
2340.0,0.565255440072115,1
1300.0,0.5710117258941467,1
1200.0,0.5764185991658612,1
3591.0,0.5837800372120101,1
1421.0,0.5036004815544529,1
4669.0,0.5793011073015772,0
2744.0,0.4702207985095378,1
3780.0,0.5604779064155648,0
1817.0,0.46433507651200084,1
1512.0,0.5564374725785219,1
3275.0,0.5706761343565522,1
1428.0,0.4835952425038233,1
5440.540187257341,0.5052437198247999,0
1600.0,0.48061611471691496,1
3841.0,0.581573026169147,0
1748.0,0.4639439035626255,1
3420.0,0.5737783938877701,1
3384.0,0.48329928128260274,1
5738.11973506256,0.4057237478645844,0
1600.0,0.48938460955321056,1
1536.0,0.5849949989871743,1
2622.0,0.5845163066830177,1
4131.0,0.5814932077884418,0
1500.0,0.4847163218499788,1
2268.0,0.5742867522388029,1
3129.0,0.5559684200416789,1
4484.474324300522,0.3912029869161727,0
2490.0,0.49113083519078116,1
3870.0,0.5764123018077336,0
1512.0,0.4701405066391384,1
3850.0,0.5677286954402109,0
3024.0,0.46285224398313884,1
3325.0,0.4755574129049194,1
1820.0,0.47676723605387517,1
6747.385775860584,0.5027769377929004,0
550.0,0.3456335480002457,1
2352.0,0.5763976181501993,1
3507.0,0.5711831090025673,1
3444.0,0.49218506551024055,1
5902.2783601779665,0.3935938517977867,0
4740.0,0.4954919012303851,0
6287.736503725209,0.39288400904401743,0
1840.0,0.3525903710540107,1
2420.0,0.572921696541876,1
2398.0,0.5642986239417662,1
6046.397325562406,0.4911472370130185,0
1554.0,0.36958452779638534,1
1560.0,0.5725035418201204,1
2220.0,0.5804443055911234,1
3600.0,0.5804925786857199,1
3300.0,0.5141224463426128,1
2664.0,0.49598208716891357,1
5235.830447704997,0.4923549935040245,0
1748.0,0.49651250576311,1
6488.636090258269,0.5030108197551663,0
682.0,0.36943961902561084,1
3200.0,0.5806111665359358,1
4563.0,0.5071945827830503,0
1656.0,0.4927686522707107,1
2262.0,0.5696327053592108,1
5130.0,0.5710815605738543,0
4368.0,0.4628161397160244,0
2185.0,0.4648967375768245,1
2120.0,0.5484954404273856,1
1276.0,0.5516091308565495,1
4050.0,0.5668096523095484,0
3300.0,0.46444062046163603,1
1896.0,0.4731609916256089,1
3552.0,0.5573534623118914,1
2616.0,0.4864360287549718,1
3822.0,0.562295562931372,0
3850.0,0.4717841614114441,0
5046.0,0.464131470317051,0
2496.0,0.4529605617751735,1
2816.0,0.5426798596441074,1
1166.0,0.5369043398621353,1
4633.648654599609,0.5018715426686202,0
1610.0,0.4709183270211916,1
945.0,0.5630250856647895,1
1032.0,0.5712288593314895,1
4455.0,0.5787266466674151,0
2604.0,0.4584470511920872,1
1260.0,0.5563718362024426,1
2460.0,0.5654429567480335,1
3213.0,0.5725571781253428,1
2736.0,0.4819765888542936,1
5103.488736611123,0.4915968254987042,0
2438.0,0.48413615856231174,1
2596.0,0.5605704417607109,1
4526.477080574873,0.4798134891142315,0
1794.0,0.4875756882426699,1
6013.393689117306,0.5028685859144959,0
2370.0,0.358696411992953,1
3350.0,0.5740326696551188,1
600.0,0.4893350272341923,1
4625.1995903123425,0.5018966142254911,0
900.0,0.4885820484805792,1
5435.668827305552,0.5020202219348086,0
2314.0,0.4902940191985984,1
3726.0,0.5873757270582405,0
3350.0,0.4676216112584946,1
1288.0,0.4959161442849942,1
2403.0,0.5723738967809873,1
1560.0,0.5775778847892733,1
1725.0,0.5865145392652936,1
1260.0,0.589205122131992,1
4056.0,0.589469925853323,0
2320.0,0.4728552907001115,1
1491.0,0.5685133551678996,1
1334.0,0.5779621981990409,1
3536.0,0.5860716512278861,1
1025.0,0.5076136708009913,1
4030.0,0.5853929949626867,0
812.0,0.46932988209659493,1
4004.0,0.5745085013063371,0
3990.0,0.46549340820729856,0
3050.0,0.48205263577464263,1
1404.0,0.4827673410502308,1
1974.0,0.5598982355828611,1
1188.0,0.5684577275412378,1
2354.0,0.5792396442611437,1
1800.0,0.5740250376174456,1
2054.0,0.581014276781191,1
960.0,0.5832854474692554,1
3792.0,0.5859563905477398,0
2366.0,0.4648120771860271,1
3608.0,0.5702582528624819,0
3726.0,0.4624018561413986,0
2376.0,0.480719668683995,1
3048.0,0.563134367471247,1
3080.0,0.47617369915308755,1
3540.0,0.49524131181368264,1
2794.0,0.49493435181981815,1
2472.0,0.5664084195054894,1
2958.0,0.5685014987906675,1
4988.0,0.5774784799778416,0
2088.0,0.4736253876895312,1
5190.0,0.5700545689291753,0
782.0,0.45551498313555916,1
1400.0,0.5671563012202341,1
3192.0,0.5709952755059874,1
1218.0,0.499303501159223,1
2121.0,0.5807403602060438,1
2380.0,0.5794450665361773,1
1290.0,0.593250516757488,1
2210.0,0.5893054294867027,1
2146.0,0.5881703842915703,1
3240.0,0.5877251716429475,1
1400.0,0.5054460226792343,1
1056.0,0.5826116267434152,1
1716.0,0.5863213033152317,1
2226.0,0.5888839041977587,1
2925.0,0.5778528663189898,1
621.0,0.5802054639219135,1
3234.0,0.585120756000737,1
943.0,0.5072646418428995,1
3108.0,0.5830627884467403,1
868.0,0.5055736781354722,1
2938.0,0.5809662649604791,1
2436.0,0.5751214097144404,1
1482.0,0.5642859984058405,1
5518.118657448868,0.5019986280993524,0
1920.0,0.4885005842638711,1
5281.602646633157,0.503109240397332,0
3090.0,0.4884491159674972,1
6398.210356559332,0.40328594711855303,0
3322.0,0.3694199266133827,1
3930.0,0.4938187082936538,0
6817.715366205306,0.40319411987725645,0
3836.0,0.3628143413236842,0
2697.0,0.48529862189658185,1
4256.0,0.5628753180609063,0
2580.0,0.4658368316578394,1
2464.0,0.5448225830846223,1
4625.19352675918,0.48989840040606414,0
2727.0,0.4794774200677211,1
7652.995670576817,0.4913560927491525,0
3915.0,0.35790818891154497,0
4671.0,0.4721622749790898,0
2490.0,0.4648569287235167,1
4292.0,0.5490068645721347,0
4350.0,0.45914025706681927,0
841.0,0.4580738215374829,1
4890.0,0.5467037215356576,0
525.0,0.45180005873748713,1
1100.0,0.5529523703617494,1
3025.0,0.5608023391666344,1
3171.0,0.49044079188472856,1
680.0,0.49559876104073264,1
3400.0,0.5743743038163129,1
1075.0,0.49191949350912784,1
4767.999908492012,0.5019001227458518,0
600.0,0.4878497401972949,1
6315.45802786267,0.5016121222389844,0
1590.0,0.3657985098226,1
1491.0,0.5878806014840443,1
2407.0,0.5885462119822857,1
500.0,0.5929847047384518,1
3014.0,0.5929803094076851,1
693.0,0.5091179631754656,1
1820.0,0.5905478112264819,1
3400.0,0.5928668506421707,1
3420.0,0.4943196011776757,1
3857.5938214240737,0.39315891826070115,0
1541.0,0.4941373627807041,1
4050.0,0.583849874696986,0
1104.0,0.48237340490886943,1
1680.0,0.5744294336233329,1
2772.0,0.5787837946976868,1
3302.0,0.5876922599213718,1
2928.0,0.49439478341776244,1
