0.125 0.125 0.125 0.125 0.125 0.125 0.125 0.125
0.633114487751492 0.15973024491536092 0.04866626730655438 0.011600115766372434 0.10833877481215785 0.028709304525776542 0.007867904606756952 0.0019729003155288926
0.5374474596838651 0.16771399254881067 0.05099683330881474 0.015436905295667765 0.1592571242539017 0.050308953547363255 0.014435218270875655 0.004403513090701202
0.5991212033937103 0.13722385454061822 0.04728513392020912 0.010436954716836035 0.15468394685810158 0.03679188543878567 0.011768572802157604 0.002688448329581299
0.6887213263699636 0.07005471519047855 0.1265464977283204 0.012464625949955474 0.07855520310812694 0.008272515591996495 0.013966258023446653 0.0014188580377115462
0.5493590164368498 0.1706881444359376 0.05762228177498317 0.017573429565336217 0.14161063247622818 0.04441135421729438 0.01433502317383726 0.00440011791953337
0.7056094521508381 0.07324779820180435 0.08052590279465292 0.00805983795494586 0.10783024984614839 0.011617967430072755 0.011878922596323878 0.0012298690252134648
0.5516987501280135 0.15268897206576598 0.05585540056059703 0.01514606068509454 0.16001483389926333 0.0447504105624129 0.015588821458628978 0.0042567506402237465
0.634566309395241 0.14357474994738517 0.07236566193415243 0.015799763912940294 0.09760998692425372 0.02292037415992404 0.010738270875269462 0.0024248828508339204
0.5433807733965667 0.15493778207991396 0.05298918402013723 0.01465235119115352 0.16619632085820474 0.04795951088290515 0.015550557971841737 0.004333519599277176
0.6337396826883891 0.14410540381226467 0.07194632364122522 0.015778235861202725 0.09809890417384835 0.02315905586744975 0.01073619389846944 0.002436200057150828
0.5630051989157276 0.16058936478305208 0.03291521814183765 0.00910383973368879 0.17229198651489327 0.049737828600405376 0.009663015980154274 0.0026935473302407862
0.5987052886583255 0.13705934217979346 0.046969253387922315 0.010385691583730492 0.15550575652803153 0.036906371126583334 0.011778215057661854 0.0026900814779514115
0.6887041035558524 0.07006759964918706 0.12650429414401468 0.01246314063539247 0.07859463574466473 0.008278393958250032 0.013968443117101404 0.0014193891955374951
0.5816308085109666 0.16652292848092384 0.03660282342603412 0.010274485317246689 0.14993518677120243 0.04335395223345594 0.009106137857718882 0.0025736774024513413
0.4120969846531295 0.25428919376008585 0.022565717452532833 0.013430161359227269 0.1741299838713901 0.10910585591317641 0.008983225590968615 0.005398877399489634
0.6205739226143009 0.15525836525606246 0.0657763319852757 0.015745685964451684 0.10283187857658559 0.026774311936738092 0.010443170501716679 0.0025963331648691836
0.3891676934924964 0.2665410182765052 0.02246981735035785 0.014937956010648849 0.17191411852462016 0.11910535880467989 0.009500962579823111 0.0063630749608685954
0.6187811187915593 0.1567534600518934 0.06503600991378394 0.015749512881455444 0.10339695179941202 0.02726263976755055 0.010402689173440694 0.0026176176209045535
0.5431026770712706 0.16910483250090494 0.052178244703902664 0.015752897939275663 0.15322499713577684 0.04831881196460288 0.014043032411533839 0.004274506272732471
0.6534265400731987 0.14935615498289823 0.05170082792698648 0.011391178842235396 0.10076878817998877 0.023913250109381935 0.007690125515498582 0.0017531343698119497
0.5444323045621401 0.17567236210971074 0.052327858642300856 0.016424846704126188 0.14587175512806 0.04763482010705409 0.0133983434999745 0.00423770924663355
0.6335387208687357 0.14502806358240883 0.07191517873079509 0.015866943860823907 0.0974012641917138 0.02314610765287027 0.010668499684123993 0.002435221428528527
0.5337067628935585 0.17179143797351043 0.05199767219880282 0.016270813506849176 0.15620263765650647 0.05085404779743821 0.014580461572177668 0.004596166401156715
0.6328586133769795 0.1452316508723876 0.07159583826488394 0.01582762509112506 0.09799687895972313 0.023357896168322168 0.01068601709448505 0.0024454801720935307
0.5691776816734508 0.1692140661179605 0.033250803911833535 0.009593005373834347 0.1593148947068293 0.04795891476546539 0.008901566911467302 0.002589066539158916
0.7047842773425834 0.07365525279121876 0.07944500016613586 0.00801940515556402 0.10914661302990696 0.011822223737416038 0.011888093510760893 0.001239134266414008
0.5520415496909423 0.15937780934850143 0.05581665271810788 0.015797278226814468 0.153162858710921 0.04468724986512406 0.014876479384241212 0.004240122055347361
0.5826821917165047 0.13211814052893425 0.06645311204652338 0.014536322853809906 0.14902974448571793 0.035068993944264756 0.016400943446765907 0.0037105509774791757
0.6887541944113313 0.0695669505898697 0.12764623949251255 0.012471314142147895 0.07801037422642908 0.008166710019226815 0.013974151925890785 0.0014100651925918264
0.5182917608843924 0.14221997826225705 0.0326491598118073 0.008778777049003868 0.22005829385721326 0.06093964765645456 0.013428738712181773 0.0036336437666896976
0.5947521589660506 0.13728486135486642 0.04603499881396552 0.010248359463145092 0.15900613641639066 0.03810601138637803 0.01183974926673303 0.002727724332470836
0.7308175791780842 0.07448640773038072 0.08375125241119753 0.008264090321569372 0.08363869902388905 0.008827543413560384 0.00927070438004065 9.437235412779982E-4
0.3975341318192796 0.26262868014330404 0.024440722206542715 0.015866489345585752 0.1697528376717932 0.11305476653019025 0.010118290375008611 0.006604081908295901
0.5823580596591121 0.14663990320313725 0.04292243807522335 0.010334945953937606 0.16125327919711296 0.04226262737438815 0.0113814967410075 0.002847249796081048
0.6882037058523971 0.07075753441867227 0.12545757769686633 0.012473735193383441 0.07926425991151403 0.00844491614312989 0.013964879194844071 0.0014333915891928826
0.5290449717350163 0.15791881388965218 0.03325726584432381 0.009737672405559382 0.19569225970524354 0.05898081991234286 0.011869546686784492 0.0034986498210774516
0.5957530105151517 0.13775694840945368 0.04627237991378626 0.0103165573896844 0.15757240471255557 0.03782478418924396 0.011785395606541583 0.0027185192635828842
0.7066997916711187 0.07200863382976157 0.08102331792630935 0.007992973681499505 0.10774236537480082 0.011367874992019923 0.01194903325827021 0.0012160092662196766
0.5361318014531308 0.16111377887992567 0.05433050980705354 0.016019283207604564 0.16252171205339921 0.04930354497237871 0.01587036376398174 0.004709005862525816
0.6333582872977436 0.1445367302186753 0.07183157598746796 0.015799151019458498 0.09807081322215654 0.023243654957861605 0.01071931949024329 0.0024404678063934576
0.5488525166452461 0.15658216196396058 0.05346405694448515 0.014789276553456243 0.16071122727859027 0.04642254765183425 0.01499630986815404 0.004181903094273293
0.6341067280819491 0.14398180929880933 0.07212391321507201 0.01579821542351672 0.09778495527094132 0.023046235594385952 0.01072750521958232 0.002430637895743182
0.40636379697572933 0.27673112626216795 0.023765734575734276 0.015734924900146698 0.15562972274646658 0.10728097903566781 0.008692691305073325 0.0058010241990141004
0.6202868426312673 0.15618280483822325 0.06575183148750152 0.015839002493415577 0.10218746206039127 0.026769696469831444 0.010384646146377184 0.0025977138729924862
0.5327355219120213 0.17244403975166314 0.05125770867541864 0.016103903167134257 0.1570149865182851 0.05143167198101877 0.014440532634022932 0.004571635360435972
0.6525519330167424 0.14989431843838064 0.05144312161836041 0.011382586306597596 0.10114914925673703 0.02413315458910215 0.007685333518023509 0.001760403256056031
0.554717035563377 0.16535721305162862 0.053279964577460606 0.015422976506539494 0.14870088760785008 0.044892977578469995 0.013646528636738481 0.003982416477935662
0.6544104655429988 0.14875455754752784 0.051992859599802065 0.011401347153245905 0.1003348477745306 0.023665698521829523 0.007695281308547766 0.0017449425515175746
0.5493647192935425 0.163653678847187 0.05284258770145019 0.015289388621345575 0.1540668932220923 0.04645842690678509 0.01418733900566135 0.00413696640193604
0.6340061476395146 0.14431784146992718 0.07209143027792185 0.01582692767625107 0.09757070078810791 0.02305194576080767 0.01070426176949671 0.0024307446179729422
0.5496880910548729 0.17003834758525377 0.05357566975866671 0.01609911223343644 0.14680770231201343 0.045984941557954594 0.013666013572667952 0.004140121925134373
0.6340383041938873 0.14454519451143583 0.07214234694766133 0.0158587869053186 0.09728428458581542 0.023018692371808935 0.010683280153650552 0.0024291103304220425
0.5316955664909954 0.151661313683306 0.03109531367133005 0.00860061414898474 0.20356372915860318 0.05883990776467023 0.011371120298033924 0.0031724347840764618
0.6503710933061605 0.15012917499748402 0.05046907095071963 0.011238444848587043 0.10348455605833044 0.02479341452706771 0.007733076648738435 0.0017811686629119557
0.5441462189774268 0.1757289268350718 0.052157892742254366 0.016381320066823794 0.14618681734702044 0.04778540056770623 0.013378945304475202 0.00423447815922147
0.6335025260519614 0.1450503522401389 0.07189565054656344 0.015865704163189824 0.09742471258522785 0.02315687392163777 0.01066846326317274 0.0024357172281078937
0.5387841778693686 0.16671224063574414 0.05249043459238551 0.01577616611109052 0.1576927816436495 0.04936782245436061 0.014718892770765398 0.0044574839226356085
0.6332767509838413 0.1448136492302628 0.07177284834423409 0.015817861349057452 0.09792511299427918 0.023253416427485667 0.010699856246470152 0.002440504424369387
0.5336682171510833 0.1717822673674556 0.05197996281577065 0.01626544022221862 0.15625539475890676 0.05087329535438738 0.014579465763308565 0.0045959565668690725
0.5807811389380078 0.133283390409924 0.06570259800310703 0.014525084248169945 0.14989406334415656 0.03572857130799047 0.016344630538468626 0.003740523210175703
0.6886899379364189 0.06965695154327271 0.1275033213836788 0.012472489488722963 0.0781025117367653 0.008188665726290612 0.013974177253955463 0.0014119449308953838
0.5482315030689625 0.15044468023172672 0.0575501915912616 0.01547492649266532 0.1623573958770154 0.04496389984954132 0.016509833463565302 0.004467569425261905
0.600966106031464 0.13588428635779562 0.04781241256049895 0.010430861531171117 0.15421009516247283 0.036194037629874866 0.01183186764333151 0.0026703330833909122
0.7070389852876938 0.0718243318911293 0.08126727149791249 0.007995626911718474 0.1074173531264451 0.011295993122175645 0.01194811145086896 0.001212326712056076
0.5462083494217407 0.15105937860239688 0.05537167419036708 0.015007575860824629 0.1655293414515654 0.04623986633700534 0.016171346750184896 0.004412467385915186
0.6542219678764953 0.14823294430662776 0.05193641979758915 0.011352871342555564 0.10101544589084667 0.023759671661032888 0.0077320806299931676 0.0017485984948594651
0.5383157185668405 0.16034973096683797 0.05177200776956016 0.014978699341002448 0.16513907621599533 0.049755551683178835 0.015246061664388896 0.004443153792195733
0.6332440062621765 0.1445841228867779 0.0717214195719354 0.015785929681015498 0.09821462748932645 0.023286486612809465 0.010721213191683744 0.0024421943042752577
0.40843524046522084 0.2569253570815162 0.023867639499249558 0.014570924376853556 0.17150159014241678 0.10919257666894785 0.009599946631676556 0.005906725134118468
0.6387499810245654 0.15998194922482442 0.047228227093243355 0.011315986405018014 0.10578893779131693 0.02757627111428218 0.00749365095804444 0.0018649963887051142
0.5431901924715412 0.16941914772107677 0.05159901847750874 0.01561741084436404 0.15352157368320304 0.04848068731137204 0.013924262623371082 0.004247706867563092
0.7048441162581852 0.07353582318297935 0.07993170768155411 0.008038501161216552 0.1087402231423434 0.011778020797006036 0.011893999882731883 0.0012376078939834163
0.5138032587336471 0.16088549805789765 0.031184668690269885 0.009583565934618779 0.20432557551789132 0.06461778559413175 0.011913941606384372 0.003685705865159055
0.5940689317946192 0.13838483250442818 0.04584325727238309 0.010287513355008597 0.1585507196951684 0.038359969829553225 0.011770366365982065 0.002734409182857397
0.6885610170889876 0.07022821401976108 0.126211279988985 0.012461257933991422 0.07881713489856934 0.008324803608024695 0.013972981763788785 0.0014233106978920902
0.5086294029718343 0.1517761831909489 0.03199899240215914 0.00936703070016271 0.21612740659075705 0.06505393334069615 0.013169031489311086 0.00387801931413036
0.6294929651074276 0.1463429902832776 0.06959883248328833 0.0155893330811196 0.10126189436489164 0.02445197679876447 0.010765338949882325 0.0024966689313483258
0.3952662459646376 0.2696279212288092 0.02300825066733878 0.015251844977914392 0.16648719063263778 0.11489120064628956 0.009273732815608893 0.006193613066763693
0.6193273432710196 0.1565255869824328 0.06529615898637409 0.015779813607977183 0.10297720717848775 0.027085574459210365 0.010397832003019114 0.002610483511479075
0.5427700836165074 0.16234267857607426 0.05217420586770691 0.015118042981256645 0.16009922310418248 0.04849310924866761 0.014706525019440492 0.004296131586164117
0.6335372125685795 0.14451100097776798 0.07186497396567418 0.01580472437995678 0.09793815566562836 0.023194281184198837 0.01071203661309746 0.0024376146450967974
0.40210944992389624 0.2632948534331744 0.023504593284442526 0.014949746425890165 0.1688011952386094 0.111830096434956 0.009452276454033692 0.006057788804997653
0.6199292014145623 0.15594753078366502 0.0655524908333858 0.01577156311576876 0.10285079131824922 0.02692712685397987 0.010417635368261319 0.0026036603121277354
0.5486199725889822 0.17074363857431968 0.05276560363784135 0.015924931036378206 0.14771554922181196 0.04657850697084675 0.0135328195579084 0.004118978411911489
0.6338827414176208 0.1446586641576426 0.07205841903895352 0.015855420378197913 0.09736845938673007 0.023063408924994748 0.010681710479817192 0.0024311762160430387
0.5489142538465933 0.15658373132734232 0.05349548703154212 0.014796994140876969 0.1606341249612737 0.04639377113504188 0.01499927289743233 0.00418236465989729
0.634113778530065 0.14397797589561034 0.07212772700121058 0.015798507123317054 0.09777989862938714 0.023044106491030128 0.010727467885066094 0.002430538444313757
0.5391173234181769 0.17347103287581206 0.052549835489042435 0.016439393640830635 0.15082225995623783 0.04910369305267242 0.014063291542061238 0.004433170025166518
0.6332415641265409 0.1450950212193359 0.07178158329796855 0.01584816698882082 0.09767630036145782 0.023239661360160202 0.010677922537634731 0.002439780108081146
0.4505867358750887 0.2950942102097769 0.02633248193610537 0.01675068711897667 0.12037732776588872 0.07983173397059251 0.006718207089653527 0.004308616033917636
0.3851508640493972 0.2714478163865323 0.01932422771902526 0.012993697903345884 0.1733418156748557 0.12408008297752958 0.008136270557456365 0.005525224731857714
0.6180094710225917 0.1573913672285778 0.06461798744016524 0.015731352255289856 0.10374571467392606 0.02749499648741331 0.010382968886952478 0.0026261420050835904
0.5484638552000526 0.17083348875408338 0.05265086526525624 0.01589963782723355 0.14785679144731895 0.04666452602203737 0.013514757973566487 0.00411607751045143
0.6538440950547707 0.14923561944612812 0.051831891082330106 0.011406386536927042 0.10045103813260425 0.023797169004611565 0.007684540513486061 0.0017492602291421457
0.5264184892632456 0.15685417907315666 0.030368043492696156 0.008788048923360886 0.2021680732796978 0.061004922386747436 0.011146478652525564 0.0032517649285698394
0.6303904661141995 0.1460971887435726 0.06997984477116868 0.015637426321212355 0.10049385835043985 0.024178044593595214 0.01074015581756312 0.0024830152882485846
0.542996136764713 0.1551036385737058 0.05272183824510835 0.014597208982734956 0.1665839720212215 0.04816666386831642 0.015503958146322933 0.004326583397876956
0.5998119495872442 0.13643607831926652 0.047476686848292274 0.010415108265622051 0.15480730893767217 0.036559444220724144 0.011812196205910673 0.0026812276152681238
0.6887421704523454 0.0700159902636802 0.12659227752843674 0.01246284200965114 0.0785353679489613 0.00826525128603108 0.013967855113350266 0.0014182453975436638
0.5436126751721218 0.16219146145365945 0.05702225750016092 0.01669022851391979 0.15392436410816474 0.04633703387760028 0.015621371932033948 0.0046006074423388865
0.6340819089142012 0.14418760063596367 0.07221100831569634 0.015831698229338696 0.09752221406629691 0.023024308706084122 0.010711275062724696 0.002429986069694474
0.5600077556119499 0.15971995521118743 0.054589907452234 0.015097702969382816 0.14955270409078908 0.043223721869914716 0.013923917852226077 0.003884334942315938
0.6015641051647924 0.13617032183606195 0.04790919141027803 0.010467023903017236 0.15340456835118033 0.03602380475340281 0.0117965979076067 0.002664386673660467
0.6887965907047211 0.06996104161101935 0.12670301260975517 0.012464390096860343 0.07844525028444019 0.008247788256849088 0.013965162583418221 0.0014167638529365306
0.41767270997525413 0.24263160791190128 0.026290093407337137 0.014964339027128083 0.17741516649294084 0.10401310991427934 0.01081688156922377 0.0061960917019353474
0.584493024304623 0.14507209764103576 0.0434645084577637 0.010323831191741285 0.1608144649913698 0.04154732231099042 0.011457906121716405 0.0028268449807596677
0.6354257270648038 0.14297588763551883 0.07247064845174868 0.01577191645375442 0.09747221339986693 0.022724490365745042 0.010745226589641563 0.0024138900389206928
0.40229302796159255 0.26321631551977237 0.0235503201632221 0.01497108704407172 0.16874206627788768 0.11169824694573058 0.00946583618468732 0.006063099903035544
0.5826523021920744 0.14655106371120105 0.042974749973680185 0.010338199368565155 0.16108940630271298 0.04216891392777953 0.011381234485482259 0.002844130038504283
0.7302026842455387 0.07506422197882413 0.08320650725248822 0.00827179818325334 0.08408676684425642 0.008957206023082748 0.009260440145106116 9.503753274505746E-4
0.5234182473083803 0.16343779420062685 0.0321565063034815 0.00986581802922023 0.19466835835452628 0.061334850841618764 0.011552604782338051 0.0035658201798081045
0.6303028067740736 0.1463861525298225 0.07000657415755607 0.015668916928558346 0.10025581830271525 0.02417663341206225 0.010720106579878246 0.002482991315333622
0.5490169672626547 0.1633822684842218 0.053305707941878964 0.015390074759877075 0.1540306105831187 0.046420589482347674 0.01429319782912096 0.004160583656779915
0.6340300698628694 0.1442917626482876 0.07211019698380497 0.0158271536052446 0.0975600896864774 0.02304521386071628 0.010705085263245472 0.002430428089354312
0.40315207649042034 0.2535335638956934 0.023576769708522936 0.014390621711620236 0.17682237144704707 0.11250147935260894 0.009921468316564565 0.006101649077522592
0.6200395268327505 0.15554703387224292 0.06557417436235406 0.015733432782846526 0.10312854825267091 0.026929515234023205 0.01044433289845572 0.0026034357646560835
0.44963201727119667 0.2731502125386263 0.025948842245450448 0.015258480771027661 0.1385731388221686 0.08524615975968079 0.007653929025870719 0.004537219565978735
0.34940053590116255 0.22724492183673428 0.013109815085416598 0.008111562638512738 0.23396322784519497 0.15493476411590415 0.008140203890172015 0.0050949686869028454
0.5746784265037205 0.14781745420757067 0.04093903055059482 0.010055947509107896 0.16740500022486016 0.04480877767856775 0.011387764693994733 0.0029075986315835133
0.6879594685112495 0.07100822611478262 0.12495523938413042 0.012466621456167202 0.0796699045502945 0.008524240158484141 0.01397625392113886 0.0014400459037524412
0.42752900097157737 0.2592194338003108 0.026861650638269743 0.01596552424334417 0.15820809846874245 0.09688729761208736 0.009589767984457613 0.005739226281210496
0.6223061046685429 0.15438769508807199 0.06666588457322097 0.015835038274078884 0.10157329867122798 0.02621847209271191 0.010439285468811092 0.0025742211633343294
0.4126042861120704 0.26085832735861103 0.02386483096447086 0.014621946921017839 0.1665252750804783 0.10664922421769499 0.009195084307072592 0.005681025038583994
0.5837228114200006 0.14608128020054506 0.04323242084628379 0.010352276241774844 0.16056414560590757 0.04181512218592689 0.011397595823005419 0.0028343476765556796
0.6882454826560266 0.07070618329714205 0.12554302286331245 0.012473668866506872 0.07920382373581313 0.00843124710940736 0.013964324562180165 0.0014322469096113702
0.543853802987525 0.16904525895503936 0.05698540184845644 0.01738436190117681 0.14712087426286596 0.04614488476466239 0.014893485781281423 0.004571929498992681
0.65405405048589 0.14904805148359979 0.05195272418314367 0.011412114026844805 0.10035254660527167 0.023742347398296892 0.007690245161372071 0.001747920655581174
0.5107693013658445 0.1460837887945848 0.029471845577606775 0.008179310561632033 0.22458382254755488 0.06499205643161803 0.012441155018422235 0.0034787197027365525
0.5935716929965893 0.13782130208447493 0.045709350804601395 0.010230798001253146 0.1596216593489273 0.03848655426984098 0.01182012872135113 0.0027385137729618674
0.636286539503439 0.14224001406024694 0.07287694158165468 0.015770867788157623 0.09716532341959207 0.02249431814220026 0.010762989869339578 0.002403005635369727
0.5318783882533815 0.15155109590997162 0.031161376242703313 0.008612486197291528 0.2034829012532075 0.05874854923946725 0.01139000455033561 0.0031751983536418625
0.595680289370915 0.1374853234791614 0.046230287614119035 0.010293254841709577 0.15795048835703837 0.037837133152058354 0.011804614546556643 0.002718608638441634
0.6364686184965317 0.14213199325913195 0.0729680416565603 0.015776174628534232 0.09705044282171381 0.02244167282432059 0.010762607541039469 0.0024004487721680005
0.5585452741074087 0.1725981206580561 0.03272946474119789 0.009827872883679927 0.16330216490182195 0.05105086834304915 0.009171458434736018 0.002774775930050204
0.6325242524988319 0.14557954490523659 0.07104379225668188 0.01578240819484919 0.09844812808257876 0.023494992006372097 0.010676484376013142 0.0024503976794364784
0.5487742170209351 0.15664569895824484 0.053393784529837895 0.014776074842679577 0.16077859755520169 0.04646887891273979 0.014982783515415222 0.0041799646649458115
0.6004124174551181 0.1363427718835193 0.047625368494747904 0.01043281871178428 0.154328346400902 0.036375762093511524 0.011807052691318225 0.0026754622690986257
0.7070036199727661 0.07185106128001106 0.08124015480712356 0.00799592189620937 0.10744508144072638 0.011304025710926957 0.011947394944046964 0.0012127399481895807
0.5419710722417068 0.16955007030879526 0.05493994713712541 0.01687333500227955 0.15009989365457022 0.04741990363332865 0.014624623470938769 0.004521154551255298
0.6001239718465993 0.13702252106640306 0.047570714804120784 0.010468718306907935 0.15388771579467286 0.03648098772538009 0.011765995647333582 0.0026793748085825277
0.6887531766931652 0.07002099492577862 0.12661296451209317 0.012465397791078164 0.07850253039251075 0.00826214957487822 0.01396481077488736 0.0014179753356086673
0.5591198469410834 0.16681756123022343 0.03519007615326478 0.010299988442871506 0.16564917298210438 0.049851553461512314 0.010098393553639808 0.0029734072353000277
0.598732557560055 0.13732671615525519 0.04700124433356324 0.010407385121425208 0.15517544616866055 0.036905630409759305 0.01176051776811722 0.002690502483164483
0.6887058497455045 0.07007262214017665 0.1265077955260436 0.012464167219107024 0.07858499489056982 0.008277972707442974 0.013967249764416384 0.0014193480067390104
0.5651619373837741 0.17560049235410075 0.03556653485683634 0.010847059412071607 0.1527819673866977 0.047899643381272144 0.009291116190716299 0.0028512490345310934
0.6530432472217302 0.14986353136840955 0.0513741467573268 0.011382085458115742 0.10090682380077556 0.024004400408546917 0.007670528586626999 0.0017552363984683168
0.5575094467930481 0.16617736113474182 0.032134496367371215 0.009301724801696337 0.17107326499051748 0.051578937990969104 0.009464999011330043 0.0027597689103258417
0.6324634234395723 0.14537049498905896 0.07098202034111208 0.015750643779965053 0.09874806505096811 0.023535733175576747 0.01069719819123811 0.0024524210325086084
0.538967736480084 0.1735562888668093 0.05243482237759333 0.01641277271576857 0.15096325376836361 0.04919085509013915 0.01404436833660917 0.004429902364632825
0.5995014373759884 0.13738364035098774 0.047389374620033765 0.010464158059530179 0.15414489178666033 0.03668038575761616 0.011750818053126832 0.002685293996056547
0.6368079748517197 0.14195113807650916 0.07314291733221896 0.01578859324939394 0.09681201088830606 0.022341885056572888 0.010759947152284852 0.002395533392994113
0.5221539460889872 0.16133226682234555 0.03060717148884172 0.009189774476094021 0.19968101372559238 0.06246610680244774 0.011184376881480856 0.003385343714210493
0.7021692467142675 0.0744588973419666 0.07785390762802018 0.007956505782485204 0.11200997368639978 0.01233306347262286 0.011954136201965396 0.001264269172272425
0.5513119664575504 0.15277862604886674 0.0556024711168854 0.015091845748429037 0.16046296046874314 0.04494366944874365 0.01555603592472735 0.004252424786054402
0.5825732543761674 0.13185019671982076 0.06641654449673072 0.014504845725084498 0.14941536174291162 0.035096157832466945 0.01643194673292481 0.003711692373893479
0.7074077313498487 0.07144804793729216 0.08193526468593654 0.008004979773043604 0.10684983368768645 0.011185427502613077 0.011961746715322125 0.0012069683482573612
0.5630003433887649 0.15565949462130674 0.05711716249185784 0.015477227917230958 0.14872925422003286 0.04157888230563272 0.014483627858065503 0.003954007197108448
0.6555258839811883 0.14784071283669453 0.05234837801849238 0.01139855252412199 0.10003401338825013 0.02340127370467789 0.007714797300132129 0.0017363882464426883
0.39036009344821204 0.26637545413751557 0.02254904900414454 0.014971515900766875 0.17154490385837462 0.11832256469950528 0.009515410054375223 0.00636100889710584
0.6369800256644871 0.16125964577706497 0.04672014230339039 0.011307411898610715 0.10636103664214425 0.028025473534653754 0.0074682184497649635 0.0018780457298839721
0.4117550370438016 0.26132985975733647 0.023435280086567215 0.0144179884147845 0.16700161582807865 0.10736008258725363 0.009072757096998299 0.005627379185179614
0.6389605933933756 0.16002620680611662 0.04728776908626365 0.011331785042826246 0.10553939705340261 0.027505524330150938 0.007485794617145002 0.0018629296707191908
0.5373268115523475 0.16102079509032716 0.051050639038689546 0.014832720761741481 0.16592871669282025 0.050321228275799185 0.015098871533675402 0.004420217054599381
0.6331007639228752 0.14469032028412143 0.0716445518715904 0.015782997537800252 0.09829010596631395 0.023327638278236473 0.010719547881801943 0.002444074257260397
0.5547656160984786 0.16490066136272957 0.05402340847866947 0.015584075520551442 0.1482791321762376 0.04464886328316125 0.013787386169624988 0.004010856910546868
0.6010572143172216 0.13654994774035284 0.04777989650255896 0.010471607745076893 0.15350503142818706 0.036187034042570745 0.011779627819784106 0.002669640404247801
0.6887812386175991 0.06998432591596826 0.12667048710179077 0.012465012401396474 0.0784640313760104 0.008252952558582181 0.013964751836553633 0.001417200192099464
0.525147576800485 0.1441454331624702 0.03305390036415001 0.008889855321823448 0.21318971343843213 0.05907582780711297 0.012982946572272122 0.0035147465332542684
0.6307885912137945 0.1453472839893858 0.07017140749244942 0.015597837901295649 0.10073448538991774 0.0240947197514519 0.010785276444721758 0.002480397816983238
0.5485678435556174 0.15665031251558742 0.05328310753909973 0.0147495426106822 0.1610329292670562 0.04656679895599832 0.01497127104328599 0.004178194512672654
0.6540694678470736 0.14854697597642957 0.05187405311685661 0.011364911696829986 0.1008935051971137 0.02378434756136626 0.007717691213183701 0.0017490473911465332
0.41237873325845875 0.27064324056223904 0.023792847513416558 0.01517920915424329 0.15840787891083316 0.10524747836140352 0.008734422830438172 0.005616189408967575
0.620750594373994 0.15570130459755624 0.06593659078631636 0.015826074822646228 0.10213643960385635 0.026654200916506988 0.010402307971493484 0.0025924869276301764
0.5378364323220317 0.16734386526760356 0.051769696794496146 0.015621496069038891 0.15849194442807965 0.04991825660898105 0.014583156605987675 0.004435151903781363
0.6530241329196684 0.14946810585831605 0.05157503617272389 0.011376290103093468 0.10107841858386016 0.024025357719353015 0.007695773816040955 0.0017568848269439987
0.533618968127991 0.17220169520895173 0.05127201756558343 0.016094609928103656 0.15668772166357378 0.05113266406695276 0.01443026476199868 0.004562058676844955
0.6327779281559118 0.14529457217913364 0.07154641396095766 0.015825597961941055 0.09804253173563164 0.023381453568253035 0.010684944354508195 0.002446558083662997
0.4138045057783818 0.26037434724317154 0.024171949627704057 0.01475958895551991 0.16608260576569453 0.10581642607385155 0.009278732600096274 0.005711843955580486
0.639248909073084 0.15984252814061137 0.047381858622916107 0.011336853290182941 0.10541139971432328 0.027428701535129302 0.007488925140347275 0.00186082448340557
0.5486596511037487 0.17110128766532764 0.052139893688403105 0.01577960898965052 0.14804916659891887 0.04676540220674998 0.01341261755835675 0.004092372188844423
0.6338219698986408 0.14470812627384091 0.07202002640397297 0.015854040654740796 0.09740204769512313 0.023080994175642314 0.010680799908673207 0.0024319949893660533
0.5696145615004761 0.17622533132059465 0.03330550897737727 0.010009013101076795 0.15212099890687392 0.04765551502651307 0.008495204160446163 0.002573867006642201
0.6332576906115633 0.1453341051659251 0.07139747473846159 0.01582364297384016 0.09782047108653198 0.023266755664462183 0.010660330792222197 0.0024395289669933893
0.5441875141021647 0.1684174833690824 0.05298464314407159 0.01592736310187458 0.1522950064451977 0.0477071844515945 0.014183528761924554 0.004297276624089965
0.6336491740975241 0.14468571168317168 0.07195300729619881 0.015838155024171515 0.09760911644199398 0.02313844855476575 0.010691469005753407 0.0024349178964207987
0.5745378777067979 0.16390399479520215 0.03358836865860228 0.009291050982771493 0.16073570794345807 0.04644667711961143 0.00898899070804311 0.0025073320855136345
0.6535805389158832 0.14916976263826692 0.051477283384843094 0.011353711045561318 0.1010707022932768 0.02390257589379322 0.007693682418338444 0.0017517434100371252
0.5336406310066548 0.17218605503816636 0.05128308381732041 0.01609698266839966 0.15667674337732757 0.05112117259701409 0.014432828461153752 0.004562503033963286
0.6327806600330291 0.1452924518605733 0.07154782507555292 0.015825640138584156 0.09804123575309436 0.02338067734239249 0.010684986495899069 0.0024465233008745743
0.5748531587689978 0.17090752623519825 0.033579525813015966 0.00968809921374558 0.15363690601090976 0.046272074016855125 0.008569422216131757 0.0024932877251455697
0.6336634255332452 0.14492468008730963 0.07156787765383053 0.015813941049912753 0.0977554156314262 0.023165818156965903 0.01067409329300002 0.002434748594309912
0.5199037726078166 0.15453516114647947 0.03038308868813588 0.008764724333734791 0.20858551274395398 0.06277623697371756 0.011660439132204463 0.0033910643739571587
0.6300028010285497 0.1462061788967995 0.06979796406391352 0.015614290270373353 0.10084019371029776 0.024299149502993993 0.010750550476340255 0.0024888720507320146
0.5213050397324057 0.16149860961654142 0.030358314083420795 0.009132258908595378 0.20033996394535858 0.06285984045516876 0.011130086893933768 0.003375886364575643
0.5946023401517202 0.1382632727280238 0.045957884559728136 0.01029880645059428 0.1581862879110351 0.038194381628794606 0.011767926503644855 0.0027291000664588037
0.6885772323534303 0.07021088976132113 0.12624379245096232 0.01246156071999996 0.07879166538235464 0.008319608591371517 0.013972377640354524 0.001422873100205714
0.4176144980527025 0.24264303493461356 0.026273936553000886 0.014957236330163048 0.17744898309065518 0.10405491495969217 0.010812731059314941 0.006194665019857674
0.6399427621965328 0.1588409735078734 0.047586051310661015 0.011303204788126194 0.10564730277518379 0.027295645701828235 0.00752696889970283 0.0018570908200917465
0.5381347003190916 0.17447967800059505 0.05116773656425766 0.016115108581490355 0.152028774414635 0.04988915617455208 0.013804045651222036 0.004380800294156072
0.5992451690033098 0.13750025939121568 0.04731259308350795 0.010459991898913444 0.15428620109166322 0.03676131813650042 0.011746784733163849 0.002687682661725615
0.6887255886687049 0.07005798369544936 0.12655395773356923 0.012465781245114452 0.07854164689802597 0.00827137491836912 0.01396490712877598 0.0014187597119909758
0.534142534209834 0.15292467283459252 0.03361599410068505 0.00943596869150552 0.19741838317499547 0.057082786371597756 0.011990747593625365 0.0033889130231640942
0.6312837569574357 0.14544551184065338 0.070438197237351 0.015655450975716446 0.10003398953082834 0.023920698557260534 0.01075086873798032 0.002471526162774379
0.40071888207348294 0.2731767595508436 0.023365135019277877 0.015481608886791549 0.16112497647455853 0.11115599189231272 0.008980309237077277 0.00599633686565548
0.6197966993796286 0.15636032757529678 0.06551884770754049 0.015808999860854923 0.10258884490044025 0.026930861434082104 0.010391191067602194 0.0026042280745549634
0.5486250723529428 0.17076553909074657 0.05276123742394418 0.015925016676370203 0.14769631232397815 0.04657778815993648 0.013530429913877776 0.0041186040582037765
0.5820618518423576 0.13283356818364367 0.06616743373090492 0.014559296197794521 0.14901319732454907 0.03529660058812278 0.0163473435966118 0.0037207085360154786
0.6375515940248324 0.1412203543814248 0.07382139270692621 0.015816071574101857 0.09631388424570843 0.022112793595763864 0.01077878132168798 0.0023851281495544064
0.5155032891663828 0.159212099323252 0.030247923908330514 0.009079066112838513 0.20636085979272245 0.06449965124545166 0.011590902061915221 0.0035062083891069153
0.7017922717916942 0.07454714221756055 0.07762965422734809 0.007945327793463434 0.11244637355528596 0.012404709818322637 0.011966726459149899 0.0012677941371750064
0.42482294436415147 0.2491846967806918 0.025698055160063186 0.014763276754701378 0.16948101248694347 0.10051565302893892 0.009839666515490468 0.005694694909019204
0.6219723721043919 0.15424406943478014 0.06645984567143248 0.015777941631470584 0.10214183607934754 0.02635991530930357 0.01046444576446845 0.0025795740048052676
0.401788080950182 0.25403621655565856 0.023230427074972256 0.014233871653866512 0.17734031039286427 0.11349182475400522 0.009817027050237247 0.006062241568213927
0.6198853124671565 0.1556578583948539 0.06549852852904073 0.015729602583053975 0.10320584744346938 0.02697560262691687 0.010441980086274559 0.002605267869233958
0.5377368679495748 0.16734877390274708 0.05171459457637205 0.015607176666556963 0.15861221399879924 0.04996950964232177 0.01457684400008859 0.004434019263539435
0.6331248779395914 0.14492312925110526 0.07169090782225954 0.015814368154993246 0.09800850567398686 0.0232973267905858 0.010698369600194473 0.0024425147672834115
0.5599260482503432 0.15976691481060057 0.0545291556995464 0.015085683712566944 0.14962807266485104 0.04326653812558102 0.013914538551733502 0.0038830481847772894
0.6348622308095185 0.14371854424061076 0.07249073960732175 0.015838609285828687 0.09714580908272585 0.022814440709029597 0.010710393340370931 0.0024192329245938584
0.5497573638237999 0.17000121104874713 0.053625207979567734 0.01611007892551317 0.14674397289790783 0.04594730374629236 0.01367355392150552 0.004141307656666448
0.6540589342876797 0.14910008570842706 0.05190639475974586 0.011409734597498769 0.10034894431651366 0.02374227058371875 0.007686112401977669 0.0017475233444386087
0.40174239269076095 0.26369363551102337 0.023179870900039368 0.014789409155542986 0.16901857109950846 0.11221748862304687 0.009349655138080037 0.006008976881997927
0.582533937600144 0.1466084188483869 0.04294086001354385 0.010336200847630404 0.16114845906727637 0.04220834445423712 0.011378656830015429 0.0028451223387658347
0.688208703015349 0.07075252322442684 0.12546678215871968 0.01247383238751578 0.07925681582068522 0.008443375744680822 0.013964703464462698 0.0014332641841599968
0.5438477259488457 0.1690483785537723 0.056980239301579014 0.01738317089972574 0.14712745901386592 0.04614849807069755 0.014892722421192349 0.004571805790321513
0.6340281612662876 0.1444853377787058 0.07220985880981369 0.015861952934705197 0.09728063559715981 0.02301570797811778 0.01068885508025783 0.002429490554952301
0.4011211510633236 0.2731899770141114 0.02346035509292393 0.015533857311526624 0.16084758294009704 0.1108420546909999 0.009000140414720428 0.00600488147229715
0.6380552684638849 0.1609274026558381 0.0470538786808239 0.011351017246714452 0.10557493437178002 0.027707896011875635 0.007460342090238679 0.0018692604788442871
0.5458904538714962 0.17714110036938838 0.03109722556258248 0.00979977883518179 0.1686151450393869 0.05533778903754411 0.009198872780131748 0.002919634504288297
0.7035343660622732 0.0743639812467616 0.07861321065603374 0.008013891235662323 0.11024808151117536 0.012089588593502565 0.011884488781000523 0.0012523919135911034
0.5463978340477658 0.15782783642576773 0.05517510537127765 0.015621265091751714 0.1588135601463026 0.04634625279125253 0.01542190088548834 0.004396245240393668
0.6341154318442015 0.14401391567342695 0.07217068196605897 0.01580859202700088 0.09770231742913867 0.023034369336773435 0.010724372950766288 0.0024303187726333027
0.5530815008966987 0.17796417397546707 0.03234801429296277 0.010119544153437968 0.16187580934999465 0.052681707023629384 0.009070672268332561 0.002858578039477082
0.6320845297119498 0.14601294069995746 0.07085648613754421 0.015791157459430192 0.09853079621264209 0.023606305380720845 0.010662205516465942 0.002455578881289343
0.4257068963234086 0.2572330634030499 0.0248420797806237 0.01455193189460485 0.16323633408962382 0.09996196174802353 0.009094078937038091 0.005373653823627389
0.6219011813400727 0.15456373744767626 0.066426332935436 0.015805460750239232 0.10192499549989203 0.026357067575504982 0.01044185785471941 0.0025793665964593438
0.5433503577273184 0.1689697496011983 0.052355312791538426 0.01579215618886061 0.15299955551320515 0.04818105758547016 0.01407248932130134 0.00427932127110772
0.7049024394230038 0.07349699353466826 0.07998627151660101 0.008039115953508797 0.10867927381681057 0.011764381625435234 0.011894585127761764 0.0012369390022104537
0.5410207930545641 0.15617117407118344 0.05473172507770956 0.015488065174332922 0.16417374756206418 0.047858754068357365 0.015998626189287306 0.004557114802501214
0.6537254329672704 0.14867387877011068 0.05179606746411204 0.011358739420748921 0.10109824004635681 0.023873860745898708 0.007721468311675082 0.0017523122738276212
0.5742383618057695 0.1642359492634897 0.033123487768480064 0.009192706492333697 0.16114962945528657 0.04667382844861543 0.008896954809232511 0.002489081956792716
0.6336435425258663 0.1446851621976605 0.0715270929497113 0.015782816999306167 0.09803477657749998 0.02319512773326807 0.010695252937087618 0.0024362280796000084
0.5315875703324258 0.15166443312090386 0.031064279458674543 0.00859364462887054 0.20366796146633323 0.05888486014843438 0.011365684800442583 0.0031715660439148143
0.6308681585120703 0.14563532516266864 0.07018959486920053 0.01563060207830333 0.10038988026000598 0.02405339007807309 0.010755570669761053 0.0024774783699172366
0.400661425365007 0.2731788680275229 0.02335135689612117 0.01547417408782705 0.16116150614185806 0.11120035634704133 0.008977274972740283 0.0059950381618818814
0.6197902985716878 0.15636429559968187 0.06551567184411522 0.015808763365389094 0.10259267986010465 0.026932842673420332 0.010391141997224542 0.002604306088376557
0.5380751660703567 0.17420055689219763 0.05174632359135854 0.01625926806431901 0.1516784822667203 0.0497130447058484 0.013918894406908184 0.004408264002291063
0.581111453486008 0.13328819048864093 0.06581168727144557 0.014544057081237955 0.14955506139997532 0.03562114343416805 0.016332818890208926 0.003735587948315159
0.6887009984198106 0.06964702169407772 0.1275263609377428 0.012473015256312801 0.07808248265513054 0.008185100070199536 0.013973380809295922 0.001411640157430136
0.5491525712569454 0.163800721097065 0.0576482484788918 0.01686971341446017 0.14837442920297123 0.04466758592414663 0.01505341719213028 0.004433313433389419
0.6545496078100745 0.1486066222871864 0.052092962292321264 0.011405869910790949 0.10027067770622183 0.02362939228608622 0.007700697698127969 0.001744170009190854
0.41355217519808046 0.2607119779858355 0.02387138586574047 0.014616955108252522 0.1662785177393648 0.10610969734486873 0.009188869918595343 0.005670420839262397
0.6391849134556742 0.1598867721146006 0.04735892448475587 0.011335756284283483 0.10543881335083696 0.027445493643765608 0.007488042976691524 0.0018612836893918243
0.44884329550704444 0.2962467800000496 0.02559110714750677 0.016391582514406967 0.12111940137433405 0.08097334205645788 0.0065832949092208505 0.00425119649097946
0.40248663238036114 0.2629104536400811 0.015108779444800413 0.00938894129676742 0.18137751962188456 0.12044146496783044 0.006367018824389856 0.0019191898238849945
0.6188645357007921 0.1565727360282507 0.06482393841312885 0.015691251572465936 0.10372616826160204 0.02729828244975698 0.01040772153889347 0.0026153660351099276
0.40140694514987457 0.25414399935612114 0.02313458661916689 0.014189346405197895 0.1775122336437374 0.11377205216763621 0.009789268812670325 0.006051567845595715
0.6198424100439623 0.15568761264778266 0.06547740712436899 0.015728405888379097 0.10322843652285638 0.026988537299053754 0.010441409230200632 0.002605781243396055
0.538047596019377 0.17416616048280703 0.05174227800915341 0.01625621602758111 0.15173295594202146 0.04972444016154465 0.01392165650437326 0.004408696853141933
0.599318352977933 0.1374644649289863 0.04733695465570975 0.010461240824729618 0.15424541533248504 0.03673841270579578 0.011748153236419897 0.002687005337940751
0.6887279412292363 0.07005493605602692 0.1265590731214354 0.012465767274008605 0.07853813047517265 0.008270585930989383 0.013964873835044802 0.0014186920780860316
0.554581411030552 0.16546709119602204 0.05817081408909847 0.017026630837739906 0.1429546751645169 0.04306405451848018 0.014471333821523815 0.004263989342066604
0.6016653665343784 0.13639920036183925 0.047975168250553146 0.01049152177184589 0.15302512124065284 0.03599818570302246 0.011781116843520059 0.002664319294187933
0.688800919080825 0.06996263563703656 0.12671247531184981 0.012465410966135454 0.07843151873791629 0.008246472827929752 0.013963921832716187 0.001416645605591022
0.42326398465932724 0.24587919708972558 0.026642283581431874 0.01516478151530381 0.17182345422975298 0.10076644805901643 0.01046435260001922 0.005995498265422808
0.6219903390348299 0.15411466670432475 0.06648461063218622 0.015768510702639515 0.10222580910114189 0.026361783962077064 0.010474396438138068 0.002579883424662612
0.5324521604342791 0.16555983496231558 0.05131020047553848 0.015475430518884378 0.163913128170446 0.05157019778947568 0.015123151031173548 0.004595896617887239
0.5987222258782995 0.1372345400133422 0.04719665430657155 0.010422883959804393 0.15504216006853666 0.03691325846359224 0.011775988352442972 0.0026922889574105447
0.7068998590881655 0.07191644117700793 0.08116491152211606 0.0079958275953894 0.10753577235807399 0.01132667242045502 0.011946623136118417 0.0012138927026736945
0.5573617739253424 0.1541537329310066 0.056493799995391426 0.01531239751429634 0.15437597261232536 0.0431574217801384 0.015039158445573518 0.004105742795925995
0.6349600562840493 0.1434308379919022 0.07255781401062258 0.01582010844577043 0.09728219379428979 0.02280024204551713 0.01072980228745703 0.0024189451403916766
0.41294846522870093 0.27023053379695405 0.024170933406265648 0.015367036056028243 0.1580536702750329 0.10472790117036265 0.00883723207912976 0.005664227987525687
0.6208413503997896 0.1556333367407303 0.06598513056229767 0.015828515367005146 0.10208945460304106 0.026627008502526365 0.01040380783838748 0.0025913959862224295
0.54870906370495 0.17072014048438006 0.05282118410979767 0.015938327433194278 0.1476195055818115 0.046532011820854105 0.01353968375021723 0.004120083114795365
0.6338942537076204 0.14465137229699393 0.07206463896629724 0.01585579038908993 0.09736118247989611 0.02306000678418592 0.010681736540336734 0.0024310188355797903
0.40216775475646827 0.26331678375182477 0.02351668909536033 0.014956817610444236 0.1687456947044472 0.11178346053873549 0.00945415147299991 0.0060586480697197775
0.5826339880726614 0.14656131688684884 0.04296981627771313 0.010338017827093674 0.16109674735284013 0.04217507209156877 0.011380752886514633 0.002844288604759357
0.6882118801975972 0.0707484395185891 0.1254735485326402 0.012473816144028704 0.07925215678578452 0.008442314476526118 0.01396466969914107 0.001433174645692975
0.5592976848377225 0.1535987954753949 0.058599379720088766 0.015766408349297413 0.15130640123195682 0.04196640511996191 0.015315858253810493 0.0041490670117670546
0.6352899868428405 0.14322386537867463 0.07274542804714099 0.01583156898745169 0.09706250182239 0.022702369249858283 0.010729962261241507 0.00241431741040226
0.4195310354324832 0.2636822776706818 0.024564598541587365 0.014987401113399265 0.16053135739164154 0.10219912272841138 0.00897957997765519 0.005524627144140252
0.5845970410677842 0.14589956965565093 0.04344749935945514 0.010378558897076886 0.15992428209923443 0.04152783063625436 0.011398256825182652 0.0028269614593614788
0.7303022415867968 0.07499280199358384 0.08329305533026346 0.008272517250302078 0.08399347341112244 0.008936650087338743 0.009259938923382572 9.493214172101976E-4
0.42009377022143124 0.2666199354185577 0.02581172743349054 0.016088002200423196 0.15622538415758297 0.10007324943776931 0.009272566679256737 0.005815364451488551
0.6400510039577222 0.15964648095509926 0.047653790433531455 0.011377275191233362 0.1047523548991635 0.02718373874449549 0.007481008813277284 0.0018543470054773175
0.4130982400923868 0.2514643170496012 0.023570511169665298 0.013899624784886384 0.1749138974351048 0.10783070725258088 0.009547273745011665 0.005675428470762936
0.5836018412149396 0.14573053421914808 0.04320529450025466 0.010323173493237784 0.16103217777334417 0.04184999480482046 0.011422420760095914 0.0028345632341593334
0.6882410566375818 0.07070129923024862 0.12553542872326634 0.012472244801177354 0.079219273130169 0.00843241071211464 0.013965942077845883 0.0014323446875962695
0.5648832691852314 0.15512825306827904 0.05918841970649537 0.015924550896748383 0.14572059461898568 0.040430603590141424 0.014732357936413018 0.003991950997705716
0.6026355292400927 0.13565303026980752 0.048221416670676955 0.010480991605442167 0.15285388572891628 0.0356863947969983 0.011814605558749858 0.0026541461293164903
0.6888302254125945 0.06991767256403367 0.1267745854344929 0.01246414681344538 0.07839616633435352 0.008236605964759789 0.013964785732001926 0.0014158117443181736
0.4156081773317651 0.26241611195780856 0.026162079004798125 0.016205621784262506 0.1610621035900399 0.10263993719596633 0.009797923740233605 0.006108045395125891
0.6213203605308144 0.15508118067276497 0.06622933676801838 0.0158188858522643 0.10203427936417324 0.02650208631892238 0.010427422718231117 0.0025864477748114645
0.4492937874781573 0.29577675318796254 0.025963030137276695 0.016577134308167565 0.12084981342801557 0.08060067929504207 0.006654207223117076 0.004284594942261402
0.3223582000515759 0.2273098805862287 0.012112087053205422 0.008147505367081283 0.24229438936018083 0.17345117503508037 0.008532130855450808 0.005794631691196648
0.5715015405300242 0.1490170476826384 0.04017249371909552 0.009994610917111145 0.16915115340985912 0.04588438486978417 0.011344350651077036 0.0029344182204103196
0.7051859707145044 0.07291937150254449 0.07993323622763995 0.007987683516964142 0.1091030209097498 0.01169643615703408 0.011941694675660938 0.001232586295902296
0.4142218207874456 0.24264317273149225 0.025144959148792428 0.01443176691422436 0.1802594022520451 0.10666794362991638 0.010540308356903979 0.006090626179179801
0.6211321936165145 0.1545135371152278 0.06606143185368402 0.015724615913071373 0.10286217552104443 0.026635159288439826 0.010479729860290877 0.0025911568317272433
0.38922184934204695 0.2664975359441739 0.022485493181941398 0.014945054719247163 0.17191186355004348 0.11906623645757808 0.009506585301075413 0.006365381503893608
0.5811444781377773 0.14721248974311218 0.04260119263589907 0.010316112209474478 0.16184095290483583 0.04267066577735807 0.011356587113610964 0.002857521477932192
0.6351116791345562 0.14322467550816229 0.07231978538735494 0.01576993473661467 0.09760530917563585 0.0228102024385296 0.010740448575884982 0.0024179650432612785
0.5600531960664464 0.15966570936077878 0.05462650234452871 0.01510367390537919 0.14953488083533972 0.04319872723906768 0.013931896419590873 0.0038854138288685583
0.6549896459255499 0.1482559426355817 0.052166152760236346 0.011396520811894139 0.10021302794649545 0.02353160905575077 0.007706576380069319 0.0017405244844225563
0.40818569192053916 0.2572867670559527 0.023568337502680198 0.014429814388226866 0.17167356615669715 0.10948862043296807 0.009504363208885954 0.005862839334049992
0.5831800448486946 0.14611993450618538 0.0431028433048147 0.010331615787795118 0.1610323713636753 0.04199173900389007 0.011402563627991698 0.0028388875569532054
0.6882283992985075 0.07072247359847035 0.12550849064555594 0.012473027939784867 0.07923289560463827 0.00843672584692662 0.013965280697522786 0.001432706368593536
0.5537068320028915 0.1520609279987916 0.05801572287731266 0.015609186109625329 0.15689739908920128 0.04350152526885165 0.015901731164570884 0.004306675488754946
0.6550304589869472 0.14790104281256397 0.05220966681174534 0.011376931678448051 0.10047139693852167 0.023542199318011672 0.00772693751998408 0.0017413659337782422
0.3965241070279576 0.2601459233208896 0.022896427535286718 0.014603684294917612 0.17432018666747154 0.11563769278442183 0.009664390356175586 0.006207588012879424
0.5653832780435232 0.14252078589410483 0.059611139079817424 0.014368518230175943 0.15707583855938131 0.041212727210894376 0.015856718138651783 0.003970994843451058
0.635809651202311 0.14253256280874926 0.07295276951646129 0.01579615265963352 0.09714682322563056 0.022593933666160373 0.010759643442649241 0.002408463478404754
0.5490363919966671 0.1564608701753357 0.053602842472329784 0.014815994505757223 0.1605550008458909 0.04632111488173744 0.01502219984445895 0.00418558527782291
0.6541421961509655 0.14850463872217975 0.05189933447892919 0.011366303305830114 0.10085555817524489 0.02376550130242561 0.007718019824280222 0.0017484480401446833
0.5496490410936679 0.17044223785568416 0.05285799782842968 0.015933366470594065 0.14724832258625176 0.04622476735310865 0.0135328598478916 0.004111406964372336
0.653960394655268 0.1491658473568702 0.05186828542944216 0.011408083650602006 0.10039659261880275 0.023767263170293016 0.007685214594484653 0.001748318524237039
0.4483239682735185 0.2827073653741559 0.025865332117274924 0.015840884828356456 0.1315550301474361 0.08394090836224377 0.007276513188568357 0.004489997708445916
0.38338957325218137 0.28016149636402854 0.01917384976799734 0.013381391501626908 0.16680361297243568 0.12385072165338273 0.007765016582859295 0.005474337905488259
0.6178445132139669 0.1577828372235211 0.06456594477713604 0.015762415687023853 0.10354427485923379 0.027513323697518827 0.010359463255602842 0.0026272272859966484
0.5484641367347254 0.17085460079542328 0.05264415149572146 0.015899055598345868 0.14784397772189292 0.046666155599027086 0.013512240835605703 0.004115681219258322
0.600340083755118 0.1370250558605082 0.04759026738642267 0.010473053136945465 0.15371844988167613 0.03641674274416646 0.011759470914104828 0.0026768763210581943
0.6368826288438422 0.1418981754565011 0.07317923588498836 0.015789743300260055 0.09677409747290708 0.022321048786118326 0.01076053970113154 0.0023945305542514544
0.5393137197657201 0.17334887880413927 0.05269211499284592 0.016471729340163593 0.1506565523034779 0.04899159616668218 0.014088008607755729 0.004437400019215303
0.6332697694366226 0.14507460203689101 0.07179675795463385 0.01584880434872509 0.09766093714316657 0.023231515707813875 0.010678205898620148 0.002439407473526783
0.5444593747057948 0.17526528895007196 0.05303223817751954 0.01659536455363429 0.14545316242256764 0.04739702350885063 0.013529935855386976 0.004267611826174156
0.6336122356873116 0.14496963905856358 0.07196077900290412 0.015868694842972736 0.09736013795812481 0.023124767730579702 0.010669512994782401 0.0024342327247610395
0.5526671564965907 0.1709997904254081 0.03230953686330204 0.009710396229489007 0.1690569396133688 0.05290281628667628 0.009482510688446872 0.002870853396717936
0.6321198005290831 0.14573108919388214 0.07084786511906892 0.015761229354655567 0.09877990017330612 0.02361977039887999 0.010684028876991705 0.0024563163541324036
0.4601521186443822 0.2780266408279158 0.026852289400844873 0.015728650114445724 0.12890310800157645 0.07889572463727151 0.0071928057910373225 0.004248662582525911
0.3456707322887286 0.2332982426330024 0.013083945547530734 0.008419616211182512 0.22899306622985408 0.15722264135310657 0.008064885345676426 0.005246870390918736
0.5742924991374051 0.1482264224898628 0.040844529096815504 0.010065557255908254 0.16734865730452161 0.04494686934769554 0.01136424268242353 0.002911222685367546
0.7053634141993745 0.07282725534563687 0.08005800740832164 0.007989459471713641 0.10893125505018018 0.011658895283160704 0.011941009417887253 0.0012307038237252372
0.39511827950435296 0.26177568842433047 0.02398978766906893 0.015600473392845374 0.17192042971886715 0.11496102386376596 0.010055053909657361 0.006579263517111786
0.5820024299144262 0.1467284186770525 0.042831571314858416 0.010324479915148744 0.16150221989547714 0.042381118198758436 0.011379623835387572 0.0028501382488910656
0.6881924773033595 0.07076991959330593 0.12543439827473887 0.01247352884695869 0.07928212308440154 0.008448584730441633 0.013965269057323329 0.0014336991094704725
0.3982194519427023 0.2619748382268333 0.025032599541896385 0.016162658032347055 0.16929430483312533 0.1123178513886366 0.010305581742019326 0.006692714292439392
0.582527971690779 0.14655938186511114 0.04297192632637944 0.01033804523945574 0.16116563652712404 0.042206078180847824 0.011385120768191691 0.0028458394021111046
0.6882091072786574 0.07075057730217882 0.12546909480356291 0.012473706253598076 0.07925634133788449 0.00844311065962083 0.01396482312689492 0.001433239237602492
0.5648781801349219 0.1551316354717127 0.05918377769343393 0.015923664317925305 0.1457257785290642 0.04043343396071925 0.014731667551502159 0.003991862340720597
0.6558957923258445 0.14764267540046655 0.05248292182265724 0.01140729132242743 0.09981835555364044 0.02330445825801687 0.007715265345017066 0.0017332399719298332
0.5549541068677166 0.16522251704373142 0.053444700329925 0.015457282033591061 0.14849412848712515 0.04476863169202835 0.01367242110143976 0.003986212444442642
0.6544479270662398 0.14873137742354925 0.052005800666109804 0.011401953709766571 0.10031667071622345 0.02365610635887928 0.007695526441662983 0.0017446376175688702
0.5489130720361779 0.1569697957778379 0.05280078734011297 0.014652336565270882 0.1610433277465283 0.04661471009786817 0.014852397868740822 0.00415357256746317
0.6340432969411587 0.14403464386188625 0.0720837634162062 0.01579691790795567 0.09781894795140506 0.023064495965351272 0.010726445822803883 0.002431488133232945
0.5442431894392221 0.16834250772702328 0.05304540953166072 0.015938984886493875 0.15226376044393747 0.04767040964586651 0.014196397314769273 0.004299341011026707
0.6536181833185748 0.14923405446120408 0.051767262308013574 0.011394098984056047 0.10067888985419589 0.02386429639892624 0.007691621222310016 0.0017515934527193105
0.5493083734213962 0.1636824178593365 0.05280494850764878 0.015281423148021585 0.15411744069463182 0.04648816171572122 0.01418119222487284 0.004136042428370944
0.6004041783760674 0.13667578950335785 0.04761224964319968 0.01045324809420312 0.154007862441698 0.03638760680458472 0.011783188317068032 0.0026758768198211
0.6887608709173071 0.07000562382088821 0.12662869874242236 0.01246452104498903 0.07849733446799763 0.00825952550977251 0.01396566710579864 0.0014177583908242769
0.4277440673716808 0.2591721844248982 0.026921950079436888 0.015993176587929904 0.15808546407758364 0.09673680990415509 0.009602646187651656 0.005743701366663791
0.5858173177227018 0.14531446071202234 0.0437751596235482 0.010396452017651736 0.1593351697106834 0.04112219920038298 0.011422868545443233 0.0028163724675662285
0.6883111537516515 0.07062754850921646 0.1256796995132269 0.012474009639999315 0.0791045898029811 0.00840962556642123 0.013962942898502877 0.0014304303180008122
0.5597135338737053 0.16030498974498547 0.058655529607199886 0.0164690704492306 0.14436976551111305 0.04176143760774137 0.014598496945618322 0.004127176260406053
0.6554299354899248 0.1480654647679333 0.052352875408892656 0.011414079718565291 0.09988626268648342 0.023409524987887426 0.007705092488290522 0.001736764452022429
0.5388765043662587 0.16703825961504504 0.0518779777751128 0.015633831123943884 0.15801510219763804 0.04954246381941708 0.014587708277227341 0.0044281528253570495
0.653118417915781 0.14941185653665304 0.051603783397711524 0.011377634573419164 0.1010348140390721 0.02400104492162325 0.007696323104701005 0.0017561255110392774
0.5598973616789552 0.16018402228290873 0.05380096610637 0.014934589083510884 0.1500545102187308 0.04349400742238176 0.013777891817534731 0.003856651389607623
0.6014451571229321 0.1362265149970441 0.04787148713971254 0.010465121700799487 0.15347068368228864 0.03606088878326672 0.011794633879511468 0.00266551269444505
0.6887928024875413 0.0699658943290359 0.12669485074192421 0.012464408728142896 0.07845089980846683 0.008249052556765835 0.013965219291508894 0.0014168720566142166
0.5538641730389824 0.17207806188072047 0.03486226884646453 0.010631711944284725 0.16408339148306417 0.05140792681486752 0.010003951641522265 0.0030685143500937388
0.6324532569247754 0.1455776037933396 0.07105706303460223 0.01578254643181645 0.09848597880687625 0.023511726174857986 0.010680287644379727 0.002451537189352446
0.4061533991672554 0.2768089609457014 0.023709890183930632 0.01570719639243653 0.15571435806836945 0.10743221508441478 0.008678683470979866 0.005795296686912172
0.6385317889317799 0.16080042988778298 0.04719989507134784 0.011371610024038045 0.10520976294964456 0.027565510349731998 0.00745569695697162 0.0018653058287028904
0.5373203400928106 0.16106054433387354 0.051034970530267475 0.014830944221427802 0.16591142922871668 0.05032909236839353 0.015093270753164805 0.0044194084713454155
0.6330983676994919 0.14469322376188357 0.07164329100260067 0.015783070826803386 0.09829028375417984 0.023328236583089954 0.010719425774948055 0.0024441005970027956
0.533640630312486 0.1717775878867022 0.05196612118512042 0.016261397769114044 0.15629265776787055 0.0508874063078438 0.014578444785343288 0.004595753985519804
0.6328512007388627 0.14523525965648926 0.0715918158581767 0.015827263696228677 0.09800260218137934 0.023360185980318332 0.01068608646183512 0.0024455854267097735
0.39573567478198335 0.26964548263663074 0.02311831747324505 0.015312384849640332 0.16616512868760244 0.11452021212306596 0.009298374417083583 0.0062044250307487295
0.6375332964818085 0.1610809990581807 0.046893275869876135 0.011329452588162287 0.10596216286323293 0.027862658626097766 0.007464605542219268 0.0018735489704227142
0.542735745468761 0.16273045786788784 0.05150710053455191 0.014971103264521862 0.1605014382710113 0.04872336421837497 0.014564224261398166 0.004266566113492874
0.6334666741815796 0.14456749889900336 0.07182138535097761 0.015803118607342233 0.0979770381944036 0.023214721661374255 0.010711004340931635 0.002438558764387632
0.5315968181030432 0.15165808178868012 0.03107117415533227 0.008594933463860584 0.20366006011190607 0.058879795978284945 0.011367322132551955 0.003171814266340933
0.6308694972918865 0.14563433100607837 0.07019031790377023 0.01563062927805913 0.10038917146102998 0.024053006166136707 0.010755586170409195 0.002477460722629981
0.39542699526790237 0.2696097804415361 0.023046314980560284 0.015272026741755556 0.16639676851119106 0.1147671883278542 0.00928323297792487 0.006197692751275437
0.6193453186586075 0.15651399700677582 0.065305035255349 0.01578042585844484 0.10296689828006658 0.02708005035517681 0.01039800788272565 0.0026102667028537114
0.5537364997127971 0.1656215109770066 0.053229312895862586 0.015423689267622389 0.1491324931409169 0.04521123096891788 0.013654164309350762 0.003991098727525801
0.6543288160286623 0.1488025836944586 0.05196847337809841 0.01140020824664567 0.10037274294001458 0.02368670783143573 0.007694862280612185 0.0017456056000727021
0.5383488679089443 0.160376691556817 0.05177966545285084 0.014982139778075061 0.1650825833656222 0.04974282586580027 0.01524428028120264 0.004442945790687541
0.6531412115472246 0.14912607614569748 0.05159362928931145 0.01135572205415131 0.10129724158608436 0.02401716221800125 0.00771220181499521 0.0017567553445342091
0.4506654382383114 0.272855938083013 0.02598285922670347 0.015263942777187664 0.13831220769974042 0.08473563148779444 0.007653781136609414 0.004530201350640359
0.3388315306788295 0.23794144999950212 0.01272313404083443 0.008523960735808259 0.22675752364837015 0.16197645791451307 0.007897337523375857 0.0053486054587667696
0.5734841058177444 0.14873095905233827 0.040644566561202244 0.01006216884482913 0.16759433642040528 0.04522680224080594 0.011338859061525066 0.002918202001149589
0.6879228272998703 0.07106451663189248 0.12487767172835569 0.01246813426323078 0.07971403353748398 0.008536661836749183 0.013975074905630649 0.0014410797967869273
0.5649909197962071 0.17565857916463334 0.03549551050395289 0.010830510170119444 0.15291802856058137 0.04797668851830698 0.009280346153456954 0.002849417132742062
0.6331958136288908 0.1453256500110706 0.07141508439036064 0.015823871843543766 0.09785388859092278 0.023281017738973238 0.01066413876595541 0.002440535030282566
0.554391098209539 0.15820989656459336 0.05397747996832867 0.014934966282360077 0.15515544170210835 0.04485000540636617 0.01444953965780799 0.004031572208896324
0.6344823488120422 0.1438527744433921 0.0723061101854844 0.01581847165596736 0.0974656192649864 0.02293087264274056 0.010718843252403715 0.002424959742983079
0.5600311995534217 0.1597002901981579 0.05460755978907512 0.01510090663245175 0.14953682101337346 0.04321127782456546 0.013927169790540187 0.0038847751984145973
0.6015686712914092 0.13616811436704576 0.04791050277558236 0.010467082355970539 0.15340224921991955 0.036022361192241496 0.011796675592359779 0.002664343205471146
0.6369978914182142 0.14180443374855886 0.0732343642306852 0.01579012986400495 0.09672776497799196 0.02228991565078154 0.010762461688660416 0.002393038421102877
0.5435524331444227 0.15483199082066146 0.053112003147380356 0.014676219930939618 0.1660509839537577 0.04786464778463922 0.01557470404709026 0.0043370171711087655
0.6337640592170661 0.14408767245537063 0.07195941895255946 0.015778764684842538 0.09808572415069135 0.023152038790794638 0.010736444292848027 0.0024358774558272903
0.5131149876713935 0.1524732270359507 0.02999920010977089 0.008651933742220327 0.21540557760228707 0.06478409651292925 0.012064265591571274 0.0035067117338770768
0.6488784556346432 0.15085257954772596 0.050018100407202386 0.011206493335644522 0.10432748719820831 0.0251880806749566 0.00773491214851686 0.0017938910531020529
0.5543722439480328 0.16543232640425906 0.0530751172894387 0.015375348507584381 0.14907895156775788 0.04506408937711462 0.01362293960941574 0.00397898329639687
0.6543610973855386 0.1487809850414476 0.05197574627232026 0.011400234302558364 0.10036271884849693 0.023678667802366167 0.0076951939454172535 0.0017453564018548053
0.3954650487551263 0.2699787979843502 0.022822584334968758 0.015157844043941259 0.1663663063883626 0.11484713936556831 0.009205162949972529 0.006157116177709937
0.619321462102188 0.15654020205802435 0.06528968785309772 0.015780343755373547 0.10297406781458637 0.02708672152451819 0.0103969850830825 0.0026105298091290393
0.39424684066627147 0.2701716714841975 0.022738165535558352 0.015122462477611646 0.1667390930875872 0.11563311361024904 0.009189792213336457 0.0061588609251882
0.6192095976773948 0.15661545421429676 0.06523859518645807 0.015777458477051528 0.10303112118468022 0.027120302989004783 0.010395611027357666 0.0026118592437562793
0.4014853557599224 0.2541599264452738 0.02315316838931264 0.014199222879368952 0.17744497680462698 0.11371092198751212 0.009793177501381747 0.006053250232601571
0.5823734890147274 0.1462700167650786 0.04290803751481215 0.010306569270436654 0.16163598452461322 0.04225700495040882 0.011403208867184067 0.002845689092739296
0.6882031076971991 0.07074897968677003 0.1254569266416298 0.01247240051048899 0.07927393923409477 0.008444914137640456 0.013966339571175384 0.0014333925210014576
0.4656862565407389 0.2823001151289354 0.02927434406147451 0.017396991834348122 0.12013833767230246 0.07355679152730281 0.007286869319887069 0.004360293915010733
0.4040145902352445 0.261938414467067 0.02055903798826169 0.012698724828117283 0.17320894416152793 0.11418952287170085 0.008243945728160566 0.005146819719920409
0.5821980658021916 0.14662969800759526 0.0428178444116046 0.010315561135265593 0.16149059137363847 0.04232437702763753 0.0113771082875607 0.002846753954506296
0.635204996152216 0.14315298120095626 0.07236409954192177 0.015770731157560718 0.0975641700682757 0.022784559268434996 0.010741711318523634 0.002416751292110814
0.538865828247297 0.1666072357879987 0.05256454227335414 0.01578993723714592 0.1576593970252529 0.04931622385564585 0.01473653360018087 0.004460301973124863
0.6332904966449289 0.14480190346697644 0.07178018956905272 0.01581797352258844 0.09791936654969971 0.023249594863066773 0.01070014451354598 0.0024403308701412226
0.5599403995319489 0.1597591001342041 0.05453965794271414 0.015087779617445765 0.1496146012107459 0.043259064115707326 0.013916130750078713 0.0038832666971552058
0.6549706547027191 0.14826870836707917 0.052159608769991116 0.011396293862653471 0.10022127820569994 0.023536383790785896 0.007706395748315957 0.0017406765527554124
0.5438998560525296 0.1619882613088998 0.05233979659167403 0.015141462626331243 0.15954136660763765 0.048077748399899534 0.014720864541201598 0.004290643871826487
0.6336322331627433 0.14444649037526933 0.0719102548941624 0.01580665808592602 0.09788813789099446 0.02316710280304018 0.010712751178756261 0.002436371609108178
0.5169080304384407 0.16636072803627988 0.030217660779681552 0.009454572976720565 0.19800979029087995 0.06450883294186906 0.011054204821892427 0.003486179714235774
0.5941856900664539 0.13861053106227633 0.04585442018359418 0.010304171647272582 0.1582273061985275 0.038334101001594914 0.011750552026644342 0.002733227813636193
0.6363275117917876 0.14225004245047373 0.07290107741299783 0.015776052997442114 0.09710353881096719 0.022479595229023284 0.01075993179383468 0.0024022495134737084
0.5220933334658733 0.16134387713175988 0.030589416574340837 0.009185666924186245 0.1997283328926162 0.06249417126359827 0.01118052753483643 0.003384674212788644
0.6300689971230287 0.14644217624493988 0.06985729728742227 0.01564788153011072 0.10051315847073683 0.024257232342585817 0.010726738024267095 0.0024865189769087137
0.4134062793617434 0.2603929684289978 0.02407701082979263 0.014712726551135154 0.16634178670163738 0.10610702407839398 0.00925821132008678 0.005703992728212854
0.6391996555161117 0.15986904043958294 0.04736604959721984 0.011335640509769429 0.10543749268835581 0.027442275431877147 0.007488650873008722 0.0018611949440743005
0.529859289539188 0.1524387630624909 0.03021072588355261 0.00841925136284009 0.20500896859084589 0.059787423229396085 0.011143184977597951 0.0031323933540885205
0.5953547517057581 0.13762264985769906 0.046139887382995806 0.010287796049133656 0.1581321497319526 0.03794103011131185 0.011800126798566726 0.0027216083625821053
0.6885998868294115 0.07017441577860933 0.1262917938759342 0.012460359156420135 0.07876604269403789 0.00831192190897229 0.013973350347898015 0.001422229408716667
0.5816068024602948 0.1665296259606728 0.03659323317128894 0.010272422762842114 0.14995559986067972 0.043363934207085654 0.009104883205878909 0.0025734983712570546
0.35484150115723756 0.2279648878488889 0.0145725121946309 0.009039222688199539 0.22946892609393812 0.14970333924444884 0.008859770668148392 0.005549840104507774
0.6151377617050416 0.15765800212311326 0.06310432288820447 0.015446831156432542 0.1069720499791137 0.028533784183491864 0.010480479842782092 0.002666768121820348
0.4170456298263335 0.26436437929970474 0.02394929703720308 0.014701590710746167 0.16171052450197207 0.10392470683274252 0.008833231288292326 0.005470640503005714
0.6211211658101153 0.15527032437333296 0.06608279111371576 0.01581002864116535 0.10214031969978811 0.026567180513628042 0.010419778975799815 0.002588410872454606
0.5538789212234962 0.16554292912809726 0.05333116657583026 0.01544511003459572 0.14900296789771666 0.04513547981329486 0.013669969319610247 0.003993456007358942
0.6008801733281266 0.1366300844112247 0.04772904045129269 0.010468971034737248 0.1536005321739047 0.036242892581340024 0.011776989960717755 0.0026713160586562513
0.6887756814900182 0.06999135397542262 0.12665870647445526 0.012465034366294061 0.07847223924471339 0.00825479517952315 0.013964832354388756 0.001417356915184634
0.5038953220944803 0.1565557578519556 0.03171585192921224 0.00967227701121304 0.21404601366956363 0.06706251355662567 0.013049530693151883 0.00400273319379753
0.6483576022520768 0.15125557320038877 0.049904189164665845 0.011211703158255015 0.10443414940045394 0.025311326370390515 0.007727486798398193 0.0017979696553708565
0.5328505325806334 0.16554307429271006 0.05099577909415119 0.015392208413221966 0.1640440817573327 0.05154525934218573 0.015052859601771575 0.004576204917993381
0.6327659987836353 0.1450419097637249 0.07151218261864938 0.015793778064411644 0.09832229760403198 0.023408948424817447 0.010706936271379001 0.0024479484693504007
0.5432441790093143 0.15502615928939492 0.05288617457238676 0.014632420895375765 0.16631378722469217 0.0480365128550174 0.015530207732842617 0.00433055842097605
0.6536727368500099 0.14865768206151694 0.05175009424021115 0.011350477349112162 0.10119867180665279 0.023894144775917812 0.007723412950950306 0.0017527799656288992
0.5627195590799102 0.16094374550421375 0.03245671073946774 0.009007761062576052 0.17266893277266981 0.04997063982275167 0.009559589102767895 0.0026730619156428233
0.5986152190298564 0.13710170549892173 0.046942061929973536 0.010384320482271805 0.15555431430531197 0.03693475110208832 0.011776702079887149 0.002690925571689258
0.6887012544477682 0.07007124595579664 0.12649820080375082 0.012463155617966681 0.07859884849271925 0.008279342736735472 0.013968481859460034 0.0014194700858028363
0.5181901565862631 0.14224534952685874 0.032610211026084836 0.008770973472703078 0.22014423352644588 0.06098837022075942 0.013418627254539116 0.003632078386345722
0.5947370398641775 0.13729054222646905 0.04603086766135572 0.010248067803490244 0.15901520746933165 0.03811082058324547 0.011839591190598357 0.002727863201332175
0.6885809902019723 0.07018218685749023 0.12625663746263707 0.012458372418759977 0.07880569034798005 0.00831752950324973 0.013975887254723563 0.0014227059531870978
0.533015268941032 0.165626585078717 0.055891237586291255 0.01704678901590065 0.15795888965538393 0.04949796988259124 0.016042039738614247 0.004921220101469468
0.6332736243222139 0.1447455777185608 0.07184435235304498 0.01582098973816485 0.09792029335824583 0.02324841708146622 0.010705913355908 0.002440832072395487
0.5749019889631624 0.1708767623907119 0.033600059947906706 0.009692142103865212 0.1536109120656655 0.04625112066739932 0.00857315067001724 0.002493863191271912
0.63366889332415 0.14492054993330944 0.07157067000600226 0.01581402633577322 0.09775274431562214 0.02316427556600832 0.010674163100238438 0.002434677418896021
0.4259017158267773 0.25717893247833423 0.024889757656122242 0.01457298743539156 0.1631432668121516 0.09983048687342637 0.009105321788157414 0.005377531129639128
0.6403803239993067 0.15913608225165166 0.047710551843207924 0.011350875177051656 0.10493839063616936 0.027132782791066117 0.007498844739735286 0.0018521485618113454
0.5678401461136162 0.17007742511598273 0.03240673285515682 0.009412349610358878 0.16032983534613562 0.048635220491745304 0.00873942999154314 0.0025588604754612303
0.6331084840454083 0.1451867346820675 0.07129096210953989 0.015789739860100405 0.09816783118914564 0.02333342912535413 0.010680138050489379 0.0024426809378949197
0.5034674960455026 0.16209299543773326 0.029406718481154136 0.009203430354886634 0.21142250132006699 0.06884840504678093 0.011828923386158624 0.0037295299277169437
0.5928485951616584 0.13880056257000536 0.04552822298631529 0.010262934784019783 0.15930402766423973 0.03874851629444838 0.011761447890624523 0.0027456926486886346
0.7065166511108387 0.07210921498698455 0.08089298564685701 0.007991636042662216 0.1079154080673803 0.011406830194069437 0.011949286014601624 0.0012179879366064003
0.5473333724433375 0.171259069669716 0.055454875356051765 0.01703371192987697 0.14474122108812532 0.04575292810585456 0.014072601846123857 0.00435221956091401
0.6540990711787006 0.14912648996989722 0.051948429673868486 0.01141816882359412 0.1002520631815868 0.023724633392375963 0.007683978944775833 0.0017471648352009536
0.5387919842746834 0.16709802210283112 0.05181557215875759 0.015620635721597342 0.15808102116055256 0.049590980590786066 0.014575602087764955 0.0044261819030268984
0.5811463802973053 0.1329580616880614 0.06583233410635342 0.014515865992812002 0.1498478252012777 0.035599751415442825 0.016365295455087053 0.003734485843660288
0.6887018323098626 0.06963754623546764 0.12752973052340372 0.012471870155451524 0.07808824669868646 0.008184549784088214 0.013974629306752013 0.001411594986287742
0.5591825184595564 0.16679189499700783 0.03522081817598355 0.01030670953544592 0.16559793569473852 0.049821837127635334 0.010103935917210344 0.0029743500924222263
0.6328810132313876 0.14515234268561225 0.07123818474221073 0.015773446342541044 0.09841012547933191 0.02340389901401789 0.010694478495965137 0.002446510008933653
0.5443917021572021 0.17527502794487695 0.05298652639968158 0.016583547755841158 0.14553711640564207 0.04743416629552078 0.01352511580866669 0.004266797232568751
0.6000685843526231 0.1373019774470938 0.04752847070458667 0.010481415740616519 0.15368819173769535 0.036505677430527114 0.011745767879494853 0.002679914707362669
0.688751326700331 0.07003000159000876 0.12660709731137762 0.012466268683092373 0.07850033061656814 0.008263021833827383 0.01396390247919584 0.001418050785599018
0.5812282679877676 0.15954339288695116 0.03658132715993767 0.009838768289515087 0.1571123053078758 0.04355267934169635 0.009555660933876815 0.0025875980923794864
0.6008464707450845 0.1364169910994975 0.04752622645925306 0.010432701996178592 0.1540844629720879 0.036238421245962785 0.01178495238164915 0.002669773100286704
0.6586965721128066 0.1467054680433333 0.07569536663401474 0.016328049876458098 0.07506341240830187 0.017306283866040825 0.008347828673979063 0.001857018385065273
0.5771278310260053 0.16398745195336734 0.034225360245112135 0.009445152294175129 0.15819408529959195 0.04546668355450544 0.00903987918561861 0.0025135564416242455
0.6001563862771521 0.13681217721936345 0.047330136653155004 0.010427974603658758 0.15436930575268426 0.03645874062159408 0.011768870956211956 0.0026764079161805693
0.6887492455675209 0.07002124777263996 0.12659641005514052 0.012464335516038559 0.07852041231592544 0.008263866454572562 0.013966324216030937 0.0014181581021311318
0.559387218798214 0.15354812380017646 0.058677286144981196 0.015781615871866647 0.1512107383099933 0.041916738459029566 0.01532766379810672 0.004150614817632149
0.6554790610210094 0.1477623279133543 0.05235189459628079 0.011392396542175921 0.10013673094984946 0.023419235951360997 0.0077211819811998875 0.0017371710447690004
0.5577230602650033 0.1660665508343979 0.032216095107695006 0.009318292724312267 0.17094856187897475 0.051483059764772326 0.009481898391682304 0.002762481033162133
0.5801158910715214 0.13331800909797747 0.06511549188846315 0.014446871638477321 0.15093439573669934 0.03596805131729117 0.01635282433929984 0.0037484649102702506
0.6886602765598547 0.0696881672533621 0.12742837023846276 0.01247106312375843 0.07816343824916368 0.00819918570558036 0.013976615279844503 0.0014128835899738647
0.503949484730678 0.15654059366029685 0.03173866420105365 0.009677552215182976 0.21400055067800336 0.06703366538814981 0.013055612943256176 0.004003876183379139
0.6290851475520977 0.14675392945423205 0.06942941895839756 0.015597781975653003 0.10132518463828519 0.024556863822487562 0.010750438903905988 0.002501234694941001
0.41869874001962576 0.2638093637957893 0.024363372357611233 0.014890955584372943 0.16100595492564065 0.10278741770578219 0.008935791254533183 0.005508404356644939
0.5844746296690275 0.1459456910048403 0.04341532256585524 0.010375969238163411 0.1599952761769416 0.04156849842090742 0.011396616084275226 0.0028279968399892537
0.6882690772299875 0.0706815664412294 0.12559115597625506 0.012474270359450633 0.07916539849932729 0.00842360999729445 0.013963314989831707 0.0014316065066241961
0.5593075162297692 0.15359400901610168 0.058607590310971805 0.01576804180456983 0.15129551932258464 0.041961060496067716 0.01531704180396684 0.004149221015968166
0.6352914519115053 0.14322286531286607 0.07274623257710011 0.015831608257846557 0.09706163063089741 0.022701943546796183 0.01072997036497789 0.0024142973980103726
0.5392190644866126 0.17342423327499965 0.05262113485335435 0.016456318057951055 0.15072345259048114 0.04904631418258402 0.01407439641209502 0.004435086141922192
0.6332557768123314 0.14508529246910212 0.07178926631581584 0.015848551980060466 0.09766799609939662 0.023235508398453175 0.010678018214607907 0.002439589710232417
0.5131036694617531 0.15252281860236971 0.02998642870595067 0.008650396020362943 0.21537505055157086 0.06479771709133066 0.012058118776103728 0.0035058007905581206
0.6488752323191351 0.1508562255635055 0.0500170869238781 0.01120656317784328 0.10432738854691881 0.025188805037739816 0.007734787950764243 0.0017939104802149454
0.5383361774466077 0.16721558321078142 0.05153970396481164 0.015554369195624014 0.15856641458238466 0.04983240889219631 0.014535834779105385 0.004419507928488824
0.6331495980811803 0.14490618210429804 0.07169836193310664 0.015814382847508565 0.0979999232500755 0.023290670205324653 0.01069866359889227 0.002442217979614027
0.5390525835788468 0.1735247067988736 0.05249737674760646 0.01642798479905735 0.15087034323486767 0.04914220585169812 0.01405333355221467 0.004431465436835087
0.6531398903662532 0.14966454494740128 0.0516331348387773 0.011400449742266732 0.10075236816854492 0.02397322810546857 0.0076812035383436745 0.0017551802929442676
0.569269456993681 0.1766076626934849 0.03282228197759298 0.00989704895376203 0.15253670766249378 0.047908294076032386 0.008404363363981267 0.0025541842789714737
0.5993149902277852 0.13761211310691537 0.04710439444487538 0.01044462444183616 0.1543746850267454 0.03673643726668783 0.011727689114683753 0.0026850663704708825
0.6367722595355297 0.141978923173336 0.07312258789992128 0.015788187130442395 0.0968307817346986 0.022351548662360183 0.010759661580829721 0.0023960502828821425
0.40664632712463566 0.2766394191668009 0.02383557589964414 0.015769984733203665 0.15551265338777542 0.10707783474497838 0.008710068408620045 0.00580813653434183
0.6203183978387398 0.15616065796688464 0.06576732505817678 0.015839846129084057 0.10217113273083331 0.026760223783101014 0.010385080238448731 0.002597336254731861
0.38917497123996764 0.2666085883380071 0.022467628242701 0.014939065087480191 0.17185732020849998 0.11909264412112539 0.009497784091491877 0.006361998670726922
0.618781383623271 0.15675552896172398 0.06503625013390187 0.01574978924452998 0.10339459701972435 0.02726232446374466 0.010402519418950982 0.0026176071341531167
0.5572029989256061 0.18045315711432972 0.03211976806065153 0.01009476689450575 0.15720284818904579 0.051543342656993375 0.008644569239151231 0.00273854891971642
0.5981520623396812 0.13810906180419402 0.046815636195568604 0.010430061836890372 0.15497766388944217 0.037105192628204116 0.01171397240338091 0.0026963489026385385
0.7309900840790913 0.07441509232688501 0.08389715581383592 0.00826985640593602 0.08342810856110172 0.008793189995634231 0.009264574352886246 9.419384646293378E-4
