Timestep: 0 State: 2 Beliefs: [0.125, 0.125, 0.125, 0.125, 0.125, 0.125, 0.125, 0.125]
Timestep: 1 State: 5 Beliefs: [0.099626400996264, 0.07845579078455792, 0.199252801992528, 0.15691158156911583, 0.08685378548392246, 0.06839735606858895, 0.17370757096784492, 0.1367947121371779]
Timestep: 2 State: 5 Beliefs: [0.07365212545839338, 0.12275354243065564, 0.08838255055007205, 0.14730425091678676, 0.09206515682299173, 0.181233871987527, 0.11047818818759007, 0.18413031364598345]
Timestep: 3 State: 4 Beliefs: [0.07291441616830682, 0.12152402694717804, 0.08749729940196818, 0.14582883233661365, 0.09114302021038352, 0.18943474026232252, 0.10937162425246023, 0.18228604042076704]
Timestep: 4 State: 5 Beliefs: [0.07231360702001867, 0.12052267836669778, 0.0867763284240224, 0.14462721404003734, 0.10507571356999103, 0.18143003049915804, 0.10847041053002801, 0.18078401755004667]
Timestep: 5 State: 5 Beliefs: [0.07132632444650057, 0.11887720741083428, 0.08559158933580069, 0.14265264889300114, 0.10317801735184096, 0.1930689147760201, 0.10698948666975086, 0.17831581111625142]
Timestep: 6 State: 4 Beliefs: [0.05193975197296179, 0.08656625328826964, 0.06232770236755414, 0.10387950394592357, 0.11581940293453723, 0.2470529728637982, 0.12465540473510828, 0.20775900789184715]
Timestep: 7 State: 0 Beliefs: [0.11178451178451179, 0.09023569023569024, 0.13973063973063973, 0.1127946127946128, 0.13414141414141414, 0.10828282828282829, 0.16767676767676767, 0.13535353535353534]
Timestep: 8 State: 4 Beliefs: [0.07108429830973939, 0.11847383051623232, 0.08530115797168727, 0.14216859661947878, 0.10012328127913352, 0.19851164206477115, 0.1066264474646091, 0.17771074577434848]
Timestep: 9 State: 4 Beliefs: [0.08695546017365384, 0.14492576695608975, 0.07825991415628845, 0.13043319026048078, 0.14188968080161843, 0.24145118080021968, 0.09782489269536059, 0.07825991415628845]
Timestep: 10 State: 0 Beliefs: [0.08153785319002119, 0.12787305918056605, 0.09034509616018255, 0.15984132397570758, 0.08673129231377524, 0.15344767101667928, 0.10841411539221905, 0.19180958877084908]
Timestep: 11 State: 5 Beliefs: [0.12762672414025072, 0.10050604526044744, 0.1531520689683009, 0.12060725431253692, 0.14874861005619727, 0.11069732311999794, 0.13351718833133921, 0.10514478581092963]
Timestep: 12 State: 2 Beliefs: [0.08760647552254947, 0.12702815413426977, 0.08974815237747319, 0.1587851926678372, 0.08615822628237428, 0.15243378496112372, 0.10769778285296785, 0.19054223120140462]
Timestep: 13 State: 4 Beliefs: [0.0947971400009804, 0.07465274775077206, 0.1895942800019608, 0.14930549550154412, 0.1089135692849744, 0.08728568112337937, 0.16528732102735041, 0.13016376530903848]
Timestep: 14 State: 4 Beliefs: [0.06897885052243644, 0.11496475087072738, 0.08277462062692371, 0.13795770104487287, 0.12417213109477347, 0.1952365437505204, 0.10346827578365465, 0.17244712630609108]
Timestep: 15 State: 5 Beliefs: [0.05048078300653038, 0.0841346383442173, 0.06057693960783645, 0.10096156601306076, 0.15619862410852084, 0.2245704376780399, 0.1211538792156729, 0.20192313202612153]
Timestep: 16 State: 0 Beliefs: [0.08710209924045435, 0.12451637946872736, 0.10651899980880916, 0.15564547433590917, 0.0844545878135716, 0.14941965536247281, 0.10556823476696449, 0.18677456920309102]
Timestep: 17 State: 5 Beliefs: [0.06912025586623452, 0.1152004264437242, 0.08294430703948143, 0.13824051173246904, 0.12165420072091897, 0.19635927473223366, 0.10368038379935178, 0.1728006396655863]
Timestep: 18 State: 4 Beliefs: [0.09536597931594713, 0.12436658269987616, 0.09922521663420271, 0.15545822837484521, 0.08435298652687252, 0.14923989923985137, 0.10544123315859066, 0.18654987404981424]
Timestep: 19 State: 5 Beliefs: [0.10258619073863154, 0.08078662520667235, 0.12310342888635785, 0.09694395024800681, 0.17794737468207333, 0.14357320632030246, 0.1538792861079473, 0.12117993781000849]
Timestep: 20 State: 0 Beliefs: [0.0838771136191709, 0.10917705145481237, 0.05727827892501149, 0.09517999357599027, 0.13817869701663812, 0.21835410290962473, 0.10759477534677162, 0.19035998715198055]
Timestep: 21 State: 2 Beliefs: [0.1536904228026334, 0.08341894721310801, 0.13825500924747577, 0.10427368401638501, 0.14012094449826082, 0.10010273665572961, 0.15500983474674546, 0.125128420819662]
Timestep: 22 State: 2 Beliefs: [0.12118528642421163, 0.07305422692747045, 0.21326593850138317, 0.1461084538549409, 0.08623965915552388, 0.0657488042347234, 0.16290002243229973, 0.1314976084694468]
Timestep: 23 State: 4 Beliefs: [0.09328944297575276, 0.0734654363434053, 0.1865788859515055, 0.1469308726868106, 0.11204376239457157, 0.09693950237352468, 0.16265851595772277, 0.1280935813167067]
Timestep: 24 State: 4 Beliefs: [0.0829055946347129, 0.13817599105785486, 0.07461503517124163, 0.12435839195206935, 0.15596931421559368, 0.2560918438332339, 0.09326879396405204, 0.07461503517124163]
Timestep: 25 State: 0 Beliefs: [0.15779323728312158, 0.08057196190967228, 0.15501106437132284, 0.10071495238709033, 0.13864494573216765, 0.09668635429160673, 0.1497195411605104, 0.12085794286450839]
Timestep: 26 State: 0 Beliefs: [0.13906801139730413, 0.08239112324257003, 0.1704133980607038, 0.10298890405321254, 0.12958260745097253, 0.09886934789108405, 0.15309992304029804, 0.12358668486385505]
Timestep: 27 State: 2 Beliefs: [0.10107914793291423, 0.12096022446674518, 0.11066405722251098, 0.15120028058343146, 0.08695044994716308, 0.1451522693600942, 0.10255323378702308, 0.18144033670011775]
Timestep: 28 State: 4 Beliefs: [0.0931447706083039, 0.07335150685403932, 0.1862895412166078, 0.14670301370807864, 0.12104193312122177, 0.08916803276253477, 0.1624062667016581, 0.12789493502755575]
Timestep: 29 State: 5 Beliefs: [0.06780384930552587, 0.11300641550920977, 0.08136461916663104, 0.13560769861105174, 0.13740298863932005, 0.19359903154615796, 0.10170577395828881, 0.16950962326381463]
Timestep: 30 State: 0 Beliefs: [0.09264432962805709, 0.10709032303511734, 0.06514510783286474, 0.09336079444087153, 0.13531892074316962, 0.21418064607023468, 0.10553828936794174, 0.18672158888174306]
Timestep: 31 State: 2 Beliefs: [0.1120048696016501, 0.11992488541764931, 0.10460953064723061, 0.14990610677206168, 0.08808197060140041, 0.14390986250117918, 0.10167544633235487, 0.17988732812647398]
Timestep: 32 State: 4 Beliefs: [0.09305231307617196, 0.07327869654748542, 0.1861046261523439, 0.14655739309497084, 0.11945259509538148, 0.09154133361291047, 0.16224505869691522, 0.12776798372382073]
Timestep: 33 State: 5 Beliefs: [0.06768002893631765, 0.11280004822719608, 0.08121603472358119, 0.1353600578726353, 0.13364182668163757, 0.1985818878133617, 0.10152004340447648, 0.16920007234079412]
Timestep: 34 State: 2 Beliefs: [0.10807805213519443, 0.12053663436107817, 0.10508510334703614, 0.15067079295134772, 0.08798640138517053, 0.1446439612332938, 0.10219410304526193, 0.18080495154161721]
Timestep: 35 State: 5 Beliefs: [0.09316893814672665, 0.07337053879054725, 0.1863378762934533, 0.1467410775810945, 0.11801126616903086, 0.0919937791285161, 0.16244840497377983, 0.12792811891685163]
Timestep: 36 State: 2 Beliefs: [0.08129349059120185, 0.10867195719146955, 0.07611945397773189, 0.09473965498743499, 0.1252552176042087, 0.2173439143829391, 0.1070970012901439, 0.18947930997486997]
Timestep: 37 State: 0 Beliefs: [0.1175336960815348, 0.06855179513174174, 0.2600866958190307, 0.13710359026348348, 0.07877410431593612, 0.06169661561856756, 0.1528602715325704, 0.12339323123713512]
Timestep: 38 State: 2 Beliefs: [0.14593420651679362, 0.08072886524765319, 0.18339446265881856, 0.10091108155956648, 0.1210523475002534, 0.09687463829718382, 0.15001110034825108, 0.12109329787147975]
Timestep: 39 State: 2 Beliefs: [0.12445202147545142, 0.06807039146962958, 0.2588200326463594, 0.13614078293925916, 0.07693990128394754, 0.06126335232266662, 0.1517868132173531, 0.12252670464533325]
Timestep: 40 State: 2 Beliefs: [0.1136326394860943, 0.06722868630941725, 0.2776441859319937, 0.1344573726188345, 0.07560972628051817, 0.06050581767847552, 0.1499099363377155, 0.12101163535695104]
Timestep: 41 State: 2 Beliefs: [0.10726000442032689, 0.06646721712408941, 0.2909168825347183, 0.13293443424817883, 0.07474800173109351, 0.05982049541168047, 0.1482119737065516, 0.11964099082336094]
Timestep: 42 State: 2 Beliefs: [0.10295060694365797, 0.06626852211361779, 0.2970330295114808, 0.13253704422723558, 0.07451687400806821, 0.059641669902256014, 0.14776891348917162, 0.11928333980451203]
Timestep: 43 State: 2 Beliefs: [0.13628423849488244, 0.08987757329728668, 0.25317060108481515, 0.11234696662160835, 0.10106005089329503, 0.08088981596755802, 0.12525848368110665, 0.10111226995944751]
Timestep: 44 State: 4 Beliefs: [0.104024283503994, 0.06581793683034498, 0.2998127864982649, 0.13163587366068996, 0.07423651450576665, 0.05923614314731048, 0.14676417555900806, 0.11847228629462096]
Timestep: 45 State: 2 Beliefs: [0.08030763120927764, 0.11845976886326487, 0.13026765000220097, 0.1480747110790811, 0.10261558061824431, 0.14215172263591785, 0.10043328229711589, 0.1776896532948973]
Timestep: 46 State: 5 Beliefs: [0.09320976235286621, 0.07340268785288213, 0.18641952470573242, 0.14680537570576427, 0.11182962422905977, 0.09782926582059556, 0.16251958564089491, 0.12798417369220477]
Timestep: 47 State: 2 Beliefs: [0.07990982505116019, 0.11923995314290285, 0.13337878374673376, 0.14904994142862857, 0.09537888026271059, 0.14308794377148343, 0.10109474288202633, 0.17885992971435424]
Timestep: 48 State: 4 Beliefs: [0.09318132614723235, 0.07338029434094548, 0.1863626522944647, 0.14676058868189096, 0.10825283477841904, 0.10164717059817335, 0.1624700045644051, 0.12794512859446905]
Timestep: 49 State: 4 Beliefs: [0.07813600862614507, 0.11923738151489179, 0.13561701677752216, 0.14904672689361473, 0.09492937350890598, 0.14308485781787011, 0.1010925625887126, 0.17885607227233766]
Timestep: 50 State: 5 Beliefs: [0.10137396452379062, 0.07983199706248513, 0.12164875742854878, 0.09579839647498214, 0.17936335831539937, 0.1501745838153804, 0.15206094678568594, 0.11974799559372769]
Timestep: 51 State: 2 Beliefs: [0.07035897068027429, 0.10478714729871644, 0.08618558735405905, 0.09135289764503485, 0.1517668141443734, 0.20957429459743288, 0.10326849299003939, 0.1827057952900697]
Timestep: 52 State: 2 Beliefs: [0.09573644644221417, 0.06725350204293361, 0.27951761029866173, 0.13450700408586722, 0.09143570989478625, 0.06052815183864026, 0.14996527171961616, 0.12105630367728051]
Timestep: 53 State: 2 Beliefs: [0.09009124614982479, 0.06657870494995385, 0.289369695496247, 0.1331574098999077, 0.09257986522093593, 0.05992083445495846, 0.1484605749182553, 0.11984166890991692]
Timestep: 54 State: 2 Beliefs: [0.0891766763310702, 0.06605810147596354, 0.2998589309452883, 0.13211620295192708, 0.08713350743738134, 0.059452291328367185, 0.14729970687326793, 0.11890458265673437]
Timestep: 55 State: 2 Beliefs: [0.08859342488159998, 0.06593701144329712, 0.30514426160051966, 0.13187402288659425, 0.08339165411752571, 0.0593433102989674, 0.14702969417356102, 0.1186866205979348]
Timestep: 56 State: 0 Beliefs: [0.08838211466852221, 0.06598861386922308, 0.3070496598345246, 0.13197722773844617, 0.08128836656086036, 0.05938975248230077, 0.1471447598815213, 0.11877950496460155]
Timestep: 57 State: 2 Beliefs: [0.13324517849306763, 0.07943666204761791, 0.1973631053211518, 0.09929582755952239, 0.1285703222600953, 0.0953239944571415, 0.14760991678997656, 0.11915499307142688]
Timestep: 58 State: 1 Beliefs: [0.10678897446931174, 0.06687955947231364, 0.27882855164727255, 0.13375911894462728, 0.0840375492917705, 0.06019160352508228, 0.14913143559945757, 0.12038320705016456]
Timestep: 59 State: 0 Beliefs: [0.08178107300333076, 0.1453053336530775, 0.1262084274038576, 0.1460731233967723, 0.08603841231073153, 0.1402301984609014, 0.0990756836952021, 0.17528774807612676]
Timestep: 60 State: 0 Beliefs: [0.1245294845641444, 0.0980669690942637, 0.14943538147697327, 0.11768036291311645, 0.14986944051964451, 0.12754822529690782, 0.13027699923633568, 0.10259313689861434]
Timestep: 61 State: 2 Beliefs: [0.12749628898966034, 0.08820792297724268, 0.19948406129333993, 0.09734045285949851, 0.13251277473648734, 0.09344683474511857, 0.1447031209672545, 0.1168085434313982]
Timestep: 62 State: 2 Beliefs: [0.108734828580466, 0.07843970344970704, 0.267067818861232, 0.13329582451594812, 0.08389756461042558, 0.05998312103217665, 0.1486148968856914, 0.1199662420643533]
Timestep: 63 State: 0 Beliefs: [0.1034540552827053, 0.07717362649363943, 0.28068922575386496, 0.13238759905776573, 0.07996994140620349, 0.059574419575994575, 0.14760229327783733, 0.11914883915198915]
Timestep: 64 State: 2 Beliefs: [0.16103901843895543, 0.09879113801323675, 0.21815854759491798, 0.11114724758604749, 0.10688462078971768, 0.0800260182619542, 0.12392088648772756, 0.10003252282744274]
Timestep: 65 State: 0 Beliefs: [0.11682326302838918, 0.07131704528136626, 0.2765884087961822, 0.13119606801140912, 0.08068669798587391, 0.0590382306051341, 0.14627382508137704, 0.1180764612102682]
Timestep: 66 State: 0 Beliefs: [0.15269407244537492, 0.08368846818452132, 0.1846393960697851, 0.09767000591530368, 0.12514782088908963, 0.09376320567869155, 0.14519302371886939, 0.11720400709836444]
Timestep: 67 State: 0 Beliefs: [0.15625442198226389, 0.08157815468103331, 0.1804175850393621, 0.09734022519321757, 0.1294519441607365, 0.09344661618548887, 0.14470278252603685, 0.11680827023186108]
Timestep: 68 State: 2 Beliefs: [0.1868321550652834, 0.09241929989302097, 0.19802069740085543, 0.11036743621760356, 0.11051370974392807, 0.07946455407667456, 0.12305145500679082, 0.0993306925958432]
Timestep: 69 State: 2 Beliefs: [0.13621793053620054, 0.06942348022218915, 0.2554852404947508, 0.1320331103915572, 0.08138847445730708, 0.059414899676200734, 0.1472070648693929, 0.11882979935240147]
Timestep: 70 State: 2 Beliefs: [0.1224468420339514, 0.06896729384010081, 0.2685183199209244, 0.13285286324715825, 0.07974228744639962, 0.05978378846122121, 0.1481210281278018, 0.11956757692244242]
Timestep: 71 State: 2 Beliefs: [0.11351990601606823, 0.06745224750863744, 0.2841173536629579, 0.13161925709839953, 0.07885958929900122, 0.05922866569427979, 0.1467456493320962, 0.11845733138855959]
Timestep: 72 State: 2 Beliefs: [0.1072352973768318, 0.06652664816930125, 0.2936118945657185, 0.1310808189972927, 0.07844090421320064, 0.05898636854878172, 0.14614533103130992, 0.11797273709756344]
Timestep: 73 State: 4 Beliefs: [0.10330900081285145, 0.06612328193400868, 0.2977040551908783, 0.13115524373675727, 0.07842053021915416, 0.059019859681540776, 0.14622830906172787, 0.11803971936308155]
Timestep: 74 State: 2 Beliefs: [0.08242983785493166, 0.11785691815959609, 0.1300932958471042, 0.1466786036476095, 0.10662920335528256, 0.14081145950170512, 0.0994863572566395, 0.17601432437713138]
Timestep: 75 State: 2 Beliefs: [0.10632722930863805, 0.06752172426858728, 0.2698788000014442, 0.1347875879666772, 0.08924331289201536, 0.060654414585004736, 0.15027810180762366, 0.12130882917000947]
Timestep: 76 State: 0 Beliefs: [0.13474957414237373, 0.08881668990482561, 0.24249957295695163, 0.11073015409783094, 0.120365300884786, 0.07972571095043827, 0.12345585837474583, 0.09965713868804785]
Timestep: 77 State: 2 Beliefs: [0.16278675378164165, 0.08737863814193143, 0.22908645638898512, 0.10907041095893032, 0.11337830633874452, 0.07853069589042982, 0.1216053686362999, 0.09816336986303727]
Timestep: 78 State: 5 Beliefs: [0.11710065727067318, 0.06493161192224749, 0.2849794794122626, 0.1296911003986384, 0.08361826695386307, 0.058360995179387275, 0.14459589850415355, 0.11672199035877455]
Timestep: 79 State: 0 Beliefs: [0.0876083289931917, 0.11451464323796405, 0.12787903470009376, 0.14298566830619838, 0.08709579950370956, 0.17135213957067863, 0.09698158372072586, 0.17158280196743805]
Timestep: 80 State: 2 Beliefs: [0.09583908874263007, 0.11714731993637569, 0.12350124179699515, 0.14636307320248657, 0.08636362913598214, 0.15587761403999048, 0.09927234530255612, 0.17563568784298386]
Timestep: 81 State: 5 Beliefs: [0.10048109411105285, 0.07306118685353617, 0.18555222058040932, 0.14612237370707234, 0.1121840026498808, 0.09344691169357718, 0.16176347435215174, 0.1273887360523195]
Timestep: 82 State: 4 Beliefs: [0.0894091631902374, 0.11651012904292075, 0.1252428774074031, 0.1455349194056933, 0.08802075380310555, 0.16192961287559857, 0.09871064098820938, 0.17464190328683196]
Timestep: 83 State: 5 Beliefs: [0.0727312861368438, 0.11249031803121921, 0.08099302898247783, 0.13498838163746305, 0.11273075777793731, 0.21608946415913274, 0.10124128622809729, 0.16873547704682879]
Timestep: 84 State: 2 Beliefs: [0.09060192915856193, 0.11694277392203885, 0.1201456570726865, 0.1461333280354725, 0.10165122765648915, 0.15004857236638536, 0.09911651814579875, 0.175359993642567]
Timestep: 85 State: 2 Beliefs: [0.1478245521504484, 0.08983969105397466, 0.21624294916682132, 0.11224821544899441, 0.11851861908692658, 0.08915419569560702, 0.12514838349313256, 0.10102339390409495]
Timestep: 86 State: 0 Beliefs: [0.10607774597425969, 0.06439108658655542, 0.2916362310535873, 0.12870329530236552, 0.08395265900545007, 0.06591144676704559, 0.14349456953860754, 0.11583296577212898]
Timestep: 87 State: 0 Beliefs: [0.11170312730033026, 0.13167626671839466, 0.15216396937724064, 0.1645073219978511, 0.07549013003477682, 0.13271843532225971, 0.08368415945108078, 0.14805658979806596]
Timestep: 88 State: 4 Beliefs: [0.11103080295521371, 0.079700270641107, 0.12144803145311545, 0.09564032476932842, 0.16638597617425507, 0.15443414872892547, 0.1518100393163943, 0.11955040596166051]
Timestep: 89 State: 2 Beliefs: [0.08633412794954938, 0.10291946557214908, 0.08259399171856044, 0.08970469012232594, 0.1415196902257632, 0.216113352289588, 0.10140530187741194, 0.1794093802446519]
Timestep: 90 State: 4 Beliefs: [0.1163807432030099, 0.06570708949309342, 0.27256486786937684, 0.1313943677859949, 0.08806758174178739, 0.06113550436779268, 0.14649491453154953, 0.11825493100739541]
Timestep: 91 State: 2 Beliefs: [0.13840311459767946, 0.07709447842391305, 0.1780533367824821, 0.09633668310746414, 0.15202128898247114, 0.09927612856354909, 0.143210949813484, 0.11560401972895695]
Timestep: 92 State: 2 Beliefs: [0.11648914369269493, 0.06564001137615107, 0.267758130577974, 0.13125191404749273, 0.09248556337959431, 0.061912425039353916, 0.1463360892439956, 0.11812672264274345]
Timestep: 93 State: 0 Beliefs: [0.11182872673922575, 0.06553992963588115, 0.2752874284746689, 0.1310502556012962, 0.09026396776489437, 0.061973206617242836, 0.14611125512562426, 0.11794523004116658]
Timestep: 94 State: 2 Beliefs: [0.10207553741056599, 0.11579522017063229, 0.12930029516557803, 0.1447218554873785, 0.09255490729262145, 0.1437267863404084, 0.09815917154796108, 0.17366622658485417]
Timestep: 95 State: 5 Beliefs: [0.13056678370720032, 0.097000685021436, 0.14781056765171202, 0.11640082202572322, 0.14916865287171818, 0.12871435413162563, 0.1288604948758515, 0.10147763971473306]
Timestep: 96 State: 2 Beliefs: [0.11345139636962877, 0.13847763364969762, 0.12050793983237722, 0.12071409706085547, 0.11085849624219697, 0.1692578719309416, 0.08187564844127586, 0.14485691647302654]
Timestep: 97 State: 4 Beliefs: [0.11535285902408156, 0.06512043712162265, 0.2842503899351366, 0.13023214243569384, 0.08314661393141964, 0.0594895093607224, 0.14519911999919893, 0.11720892819212446]
Timestep: 98 State: 4 Beliefs: [0.13269408269477548, 0.07666949403967027, 0.18757599092871416, 0.0958269908258276, 0.15565821919076192, 0.09412957532549002, 0.1424532580037676, 0.11499238899099311]
Timestep: 99 State: 2 Beliefs: [0.12818800364966318, 0.07628038447226548, 0.19091329527636558, 0.095343971830998, 0.16018874547712048, 0.09293761527001043, 0.14173521782637913, 0.1144127661971976]
Timestep: 100 State: 2 Beliefs: [0.1090965938645256, 0.06514114131504496, 0.2745655606006396, 0.13027320264283443, 0.09888944261231047, 0.05954327752012774, 0.14524489906596616, 0.117245882378551]
Timestep: 101 State: 2 Beliefs: [0.10540111302878696, 0.06524148221870497, 0.2823006030094033, 0.13047442085696262, 0.09410670357371545, 0.05957945618272588, 0.14546924235843445, 0.11742697877126636]
Timestep: 102 State: 0 Beliefs: [0.10040194770230121, 0.06461889693995365, 0.29859113448602753, 0.12923216186323566, 0.08803736992990142, 0.05872532711534446, 0.14408421628632392, 0.11630894567691209]
Timestep: 103 State: 2 Beliefs: [0.09680012107667102, 0.11620239431777812, 0.1368586238168107, 0.14524910441755262, 0.09179409306973803, 0.140279954134568, 0.0985167838658183, 0.1742989253010631]
Timestep: 104 State: 2 Beliefs: [0.1108421519473127, 0.06662560972750996, 0.2751069735707208, 0.13324961031483493, 0.0855622085460056, 0.06012542510999338, 0.14856337150027119, 0.11992464928335145]
Timestep: 105 State: 0 Beliefs: [0.10655773299774969, 0.0650627360259827, 0.2953850102319221, 0.13012340689571888, 0.08191730485772349, 0.05876485479803665, 0.14507788798671942, 0.117111066206147]
Timestep: 106 State: 2 Beliefs: [0.09934204085205534, 0.11647242405013826, 0.13748860888466677, 0.1455890517342572, 0.08756850393450735, 0.14008515163481375, 0.0987473568284527, 0.1747068620811086]
Timestep: 107 State: 4 Beliefs: [0.09816777751184627, 0.07304516617390674, 0.18551153314008062, 0.1460903323478135, 0.10879214613329984, 0.09930423888309406, 0.1617280032503267, 0.12736080255963228]
Timestep: 108 State: 2 Beliefs: [0.10899751803329999, 0.14146585799343378, 0.11628929630926957, 0.12332843399710476, 0.10827751392315961, 0.16999840806221397, 0.08364885088499278, 0.14799412079652569]
Timestep: 109 State: 5 Beliefs: [0.11091440270211002, 0.06539567638709201, 0.28871431348354415, 0.13079083092020963, 0.08174224432204669, 0.05890876839054535, 0.14582201596626357, 0.11771174782818866]
Timestep: 110 State: 2 Beliefs: [0.08654546168038525, 0.11470692946801932, 0.12992565016996557, 0.1433827981441907, 0.08349588235946036, 0.17263297905497715, 0.09725094134997282, 0.17205935777302883]
Timestep: 111 State: 5 Beliefs: [0.09727699385457156, 0.07289805323627009, 0.1851379129810034, 0.14579610647254018, 0.11755692029244587, 0.092827432101105, 0.161402283111644, 0.12710429795041966]
Timestep: 112 State: 0 Beliefs: [0.08252296967745588, 0.11634970458236632, 0.13550230744965786, 0.14543657652615605, 0.08495246559485863, 0.16206814547689918, 0.0986439388612189, 0.17452389183138725]
Timestep: 113 State: 0 Beliefs: [0.12930175830887716, 0.09711831636550829, 0.14798981541410786, 0.11654197963860996, 0.149231253523633, 0.12919941439561233, 0.1290167621558889, 0.10160070019776252]
Timestep: 114 State: 0 Beliefs: [0.1318033613156162, 0.0773515676422407, 0.2050144557695766, 0.0966891599027581, 0.12442002647194159, 0.10495950677105416, 0.1437349302435031, 0.11602699188330971]
Timestep: 115 State: 4 Beliefs: [0.09649363775047727, 0.11514370266563087, 0.12706729398668004, 0.1439290104512657, 0.08382980303582187, 0.16320032378426882, 0.09762141578433672, 0.1727148125415188]
Timestep: 116 State: 5 Beliefs: [0.07544633560612066, 0.11241524379382403, 0.08093897553155331, 0.13489829255258884, 0.11518544733013211, 0.2113191200806034, 0.10117371941444163, 0.16862286569073603]
Timestep: 117 State: 1 Beliefs: [0.09504187725095639, 0.11737216314470272, 0.12384015922838974, 0.14671495963944858, 0.09072000784621817, 0.15074186521966798, 0.09951101610327819, 0.17605795156733828]
Timestep: 118 State: 5 Beliefs: [0.07550627250448395, 0.11272403520247919, 0.08116130534578501, 0.13526884224297503, 0.11345005450160991, 0.21135180571671686, 0.10145163168223127, 0.16908605280371877]
Timestep: 119 State: 2 Beliefs: [0.07955182042631691, 0.12240486398669921, 0.0722893036575612, 0.09012745523888134, 0.1321114359627579, 0.221376999979981, 0.10188321027003977, 0.18025491047776268]
Timestep: 120 State: 4 Beliefs: [0.11014952389320797, 0.07563621612522575, 0.26523261382378965, 0.13299031504399392, 0.08436302519995802, 0.06366274575055342, 0.1482742766236768, 0.11969128353959453]
Timestep: 121 State: 2 Beliefs: [0.12727929592908976, 0.08063661478584823, 0.16803365852980823, 0.09695697525184847, 0.15838987704826177, 0.10822215240540126, 0.144133055747524, 0.11634837030221817]
Timestep: 122 State: 2 Beliefs: [0.10757693710386754, 0.07076709419821171, 0.2596670001670639, 0.13254627974044167, 0.0965316569640939, 0.06584016966274482, 0.14777921039717898, 0.1192916517663975]
Timestep: 123 State: 2 Beliefs: [0.10465440946823915, 0.06888240831889532, 0.2659314039293525, 0.1323197105109868, 0.09517866430984707, 0.06641906138830282, 0.14752660261448824, 0.11908773945988811]
Timestep: 124 State: 0 Beliefs: [0.10054808416783076, 0.06798532296939393, 0.2842916818100347, 0.13054225974010586, 0.09006659438646239, 0.06353314550954109, 0.14554487765053595, 0.11748803376609528]
Timestep: 125 State: 0 Beliefs: [0.1590527826805803, 0.09164026574722516, 0.21673818051068067, 0.1101847304027968, 0.11688357056728461, 0.08348646107087167, 0.12284775165804361, 0.09916625736251712]
Timestep: 126 State: 2 Beliefs: [0.10189181624724157, 0.12050638239681466, 0.13055972628795326, 0.14306708676229263, 0.09234493702541752, 0.1429127404919743, 0.097036806673555, 0.17168050411475114]
Timestep: 127 State: 5 Beliefs: [0.10332706945799089, 0.07220389371316378, 0.18337496816041596, 0.14440778742632757, 0.10771325015587327, 0.10321370570291365, 0.1598653568577985, 0.12589396852551635]
Timestep: 128 State: 4 Beliefs: [0.10997378763185083, 0.14858852482176527, 0.11184752520083081, 0.12177897341521077, 0.1058493847516188, 0.1732291236771103, 0.08259791240336033, 0.1461347680982529]
Timestep: 129 State: 2 Beliefs: [0.13503832603096616, 0.08254175838280083, 0.18846711670404206, 0.09650890958249429, 0.14360860769822656, 0.09455761406641076, 0.14346697603606617, 0.11581069149899316]
Timestep: 130 State: 4 Beliefs: [0.11519693419589727, 0.06785019324259232, 0.27399390660337514, 0.13073551214880622, 0.08791341970732308, 0.060887733503665095, 0.14576033966441526, 0.1176619609339256]
Timestep: 131 State: 5 Beliefs: [0.08950036563716057, 0.11827095561922248, 0.12442347617571066, 0.1443260823928129, 0.10919991060346122, 0.1431971765555662, 0.09789073414469047, 0.17319129887137544]
Timestep: 132 State: 2 Beliefs: [0.08660136623058282, 0.12275623081830574, 0.11509830225179182, 0.14527620129570365, 0.1020312113082107, 0.15537008392260548, 0.09853516261795552, 0.17433144155484434]
Timestep: 133 State: 0 Beliefs: [0.14530948362259796, 0.09374138880893826, 0.20709187493457631, 0.11234823343475207, 0.12562603452159327, 0.08950967850304174, 0.12525989608322358, 0.10111341009127685]
Timestep: 134 State: 0 Beliefs: [0.11227789462170415, 0.13439438233068604, 0.14017945460541537, 0.1638202340169917, 0.08469994855714975, 0.13385523447020373, 0.08333464078255665, 0.14743821061529253]
Timestep: 135 State: 5 Beliefs: [0.1382945316291252, 0.09550759810713044, 0.14553538759181783, 0.11460911772855654, 0.13851596939223007, 0.14074474988722377, 0.1268770045672258, 0.09991564109669031]
Timestep: 136 State: 2 Beliefs: [0.09792505245479709, 0.11856096023796407, 0.12151723350065351, 0.14250177679929885, 0.09567846829178982, 0.1561609975098571, 0.09665337904648097, 0.17100213215915863]
Timestep: 137 State: 0 Beliefs: [0.11997171291013764, 0.06931885668453133, 0.24864654989208135, 0.13498330670789738, 0.08845557572166023, 0.06664270844837658, 0.15049631359820795, 0.12148497603710763]
Timestep: 138 State: 2 Beliefs: [0.16084977738823542, 0.07873513517203633, 0.1638621996643683, 0.09728451055673278, 0.1356945839454787, 0.10221242162819488, 0.14461995897687438, 0.11674141266807933]
Timestep: 139 State: 2 Beliefs: [0.1239498798858711, 0.06732907129700326, 0.2578096098261384, 0.13227246441773627, 0.08458940718074999, 0.0675304226701965, 0.14747392674634174, 0.11904521797596264]
Timestep: 140 State: 2 Beliefs: [0.11770802984395849, 0.06712625929442625, 0.2677501816090525, 0.1326901693796213, 0.08256265838784191, 0.06480191243660889, 0.1479396366068315, 0.11942115244165916]
Timestep: 141 State: 0 Beliefs: [0.10923495961144498, 0.0662706894864922, 0.28578188993543685, 0.13105795686981067, 0.07982837495195672, 0.06375412649673258, 0.14611984146529636, 0.1179521611828296]
Timestep: 142 State: 2 Beliefs: [0.10007747682203386, 0.11736493194080715, 0.13043970640193567, 0.1450927350688871, 0.08456528483983539, 0.1499378581884173, 0.09841072465541906, 0.1741112820826645]
Timestep: 143 State: 5 Beliefs: [0.09923719101818045, 0.07243149505666704, 0.18395300331851946, 0.1448629901133341, 0.10350802110939988, 0.10934720254587284, 0.1603692849443503, 0.12629081189367589]
Timestep: 144 State: 2 Beliefs: [0.08040998707585716, 0.10618808972635045, 0.08301623472583876, 0.09086118460480837, 0.12665863045937836, 0.22843086073184496, 0.1027126434663051, 0.18172236920961674]
Timestep: 145 State: 2 Beliefs: [0.10368340030138531, 0.06737969337726031, 0.2864620906384183, 0.13181475686273927, 0.07883490856290311, 0.06622825210102809, 0.14696361697980034, 0.11863328117646535]
Timestep: 146 State: 2 Beliefs: [0.10931463507756894, 0.0660080453816694, 0.28936785094298906, 0.1311650284678715, 0.07646037543479332, 0.06339632076730695, 0.14623921830671643, 0.11804852562108437]
Timestep: 147 State: 2 Beliefs: [0.10155189685441422, 0.06552807480312585, 0.30204963020594566, 0.1302477073081276, 0.07540775367928974, 0.06277552690137723, 0.14521647367040497, 0.11722293657731486]
Timestep: 148 State: 2 Beliefs: [0.09657794410312051, 0.06545964912600119, 0.3080913836335269, 0.1301219965646398, 0.07494664201264685, 0.06261627207907408, 0.1450763155728148, 0.1171097969081758]
Timestep: 149 State: 2 Beliefs: [0.09372282294034577, 0.06557827952613536, 0.3101466592814569, 0.1303626373283511, 0.07484404794242942, 0.06267456731967844, 0.14534461206608698, 0.11732637359551598]
Timestep: 150 State: 4 Beliefs: [0.11025364735131968, 0.07855163221001642, 0.23201977733303142, 0.0975962038232048, 0.11932319385592699, 0.10005678888654743, 0.14508331195210744, 0.11711544458784577]
Timestep: 151 State: 4 Beliefs: [0.11087130677980124, 0.07839657762386788, 0.2051896344153418, 0.09704674194962049, 0.1444643859511311, 0.10330876296782418, 0.14426649997286867, 0.11645609033954459]
Timestep: 152 State: 2 Beliefs: [0.11030170550321935, 0.07801801224151966, 0.19937835487634847, 0.09654327070308831, 0.15568921621856424, 0.10069945946388849, 0.1435180561496656, 0.11585192484370596]
Timestep: 153 State: 4 Beliefs: [0.09341705635977637, 0.06608890965999267, 0.2870629452533947, 0.1308778864700564, 0.09612842089263193, 0.06271560713343728, 0.1459190764076599, 0.11779009782305078]
Timestep: 154 State: 2 Beliefs: [0.07383830137666422, 0.11660044704590818, 0.12918584925865662, 0.1448595179101001, 0.1188252833213207, 0.14460663701272733, 0.09825254258250268, 0.1738314214921201]
Timestep: 155 State: 2 Beliefs: [0.09676378909166766, 0.06773219187597838, 0.2757211898542019, 0.13359141464892868, 0.09504577853519462, 0.06196890498499331, 0.1489444578249996, 0.12023227318403581]
Timestep: 156 State: 2 Beliefs: [0.09176160027326143, 0.06609708913202741, 0.2900889744014871, 0.1313973979191837, 0.0952982654020311, 0.06060072184081814, 0.14649829290392571, 0.11825765812726532]
Timestep: 157 State: 2 Beliefs: [0.09013931733667715, 0.06522491680204245, 0.3060881717690534, 0.12967826152534842, 0.08776142981657462, 0.059815883258930225, 0.14458158411856012, 0.1167104353728136]
Timestep: 158 State: 4 Beliefs: [0.08950762917301214, 0.06492985443788428, 0.3143006720894345, 0.12910245354874472, 0.08259437605986138, 0.0594332053018011, 0.1439396011953915, 0.11619220819387027]
Timestep: 159 State: 0 Beliefs: [0.0734279834352352, 0.11690921176198721, 0.13961255851404153, 0.1452923645972778, 0.1093690799599026, 0.1424918386618861, 0.09854612555293624, 0.17435083751673333]
Timestep: 160 State: 5 Beliefs: [0.1405831133854281, 0.09124744568617014, 0.22538609614636745, 0.11251183368130539, 0.12126190153922779, 0.08230666109916925, 0.1254422981491569, 0.10126065031317484]
Timestep: 161 State: 2 Beliefs: [0.0810871032675083, 0.11576567638590984, 0.1315940216221746, 0.1435415235390386, 0.10081747322343014, 0.15758577514078778, 0.09735859857430443, 0.1722498282468463]
Timestep: 162 State: 0 Beliefs: [0.1033090893900018, 0.06815873631350054, 0.2656691838607491, 0.1352247444910575, 0.08912540813700832, 0.0660450690570443, 0.1507654987086865, 0.12170227004195178]
Timestep: 163 State: 4 Beliefs: [0.09318027252126558, 0.11695701973265261, 0.12052981210994335, 0.14569746576843476, 0.09554470808734056, 0.15443287303269448, 0.09882088982554704, 0.17483695892212167]
Timestep: 164 State: 2 Beliefs: [0.1301396064509363, 0.07958318513703845, 0.18418083119976164, 0.09869569835811927, 0.14096257700731651, 0.10128547939217906, 0.14671778442490566, 0.11843483802974311]
Timestep: 165 State: 2 Beliefs: [0.11177790639159926, 0.06657389770841077, 0.262996301285389, 0.13244140346194683, 0.09420308790082621, 0.06514785896283072, 0.14766228117324517, 0.11919726311575213]
Timestep: 166 State: 2 Beliefs: [0.10723468516408606, 0.06612517767939105, 0.27385949931926357, 0.1317992998273027, 0.09153655026536732, 0.06387903436121815, 0.14694638353879866, 0.11861936984457243]
Timestep: 167 State: 2 Beliefs: [0.10145467802567706, 0.06543384939736409, 0.28955903076571915, 0.1304296256468553, 0.0872745891973046, 0.06304226484281912, 0.14541929904209092, 0.11738666308216977]
Timestep: 168 State: 4 Beliefs: [0.09732395606368041, 0.06527766373685824, 0.29817045157445626, 0.1301255600583164, 0.08425852065294731, 0.0626505552589247, 0.14508028860233188, 0.11711300405248477]
Timestep: 169 State: 0 Beliefs: [0.11273566694627118, 0.07773136653253092, 0.191873396280136, 0.09684792149447081, 0.16143958224074517, 0.09918362069980503, 0.14397094001267605, 0.11621750579336498]
Timestep: 170 State: 2 Beliefs: [0.14531250529646056, 0.0886606266344882, 0.21824591428188653, 0.11025049024174205, 0.1298122232458388, 0.08557173011099917, 0.12292106897101689, 0.09922544121756784]
Timestep: 171 State: 2 Beliefs: [0.10570456876562528, 0.06566053917958549, 0.2741361822117178, 0.13072759788341265, 0.09736056232784378, 0.06300419568762526, 0.14575151584911825, 0.11765483809507138]
Timestep: 172 State: 4 Beliefs: [0.09952229823734576, 0.06571023251894874, 0.2859147091245753, 0.13098761214249346, 0.09197020189136053, 0.0619646828130878, 0.1460414123439442, 0.11788885092824412]
Timestep: 173 State: 1 Beliefs: [0.07919894946567972, 0.11613665294939177, 0.1295142032584909, 0.1447014132622816, 0.11305688709108534, 0.14560489167174176, 0.098145306386591, 0.17364169591473788]
Timestep: 174 State: 2 Beliefs: [0.08078399812652513, 0.12890373487286205, 0.12763390579908965, 0.14583397115056532, 0.09766895867787147, 0.14526118990767684, 0.09891347608473126, 0.17500076538067835]
Timestep: 175 State: 2 Beliefs: [0.09795140474861382, 0.07267226859196808, 0.2745304725238068, 0.13306400634159216, 0.09151647474588824, 0.06215133041954979, 0.14835643692114825, 0.11975760570743292]
Timestep: 176 State: 2 Beliefs: [0.09301373854099118, 0.07097885663052196, 0.2854186461234791, 0.13101138269367119, 0.09396078994168361, 0.061638426910763294, 0.1460679147345856, 0.11791024442430406]
Timestep: 177 State: 4 Beliefs: [0.09194598312147724, 0.07048300915447309, 0.2981697817136488, 0.129833664910932, 0.08699440546085178, 0.06096800992255982, 0.14475484729621826, 0.11685029841983884]
Timestep: 178 State: 2 Beliefs: [0.10836217723928053, 0.08317692824245274, 0.19499422703301078, 0.09632382419354184, 0.16194356910377988, 0.09641885098140394, 0.1431918341742801, 0.11558858903225021]
Timestep: 179 State: 2 Beliefs: [0.09370118650705929, 0.07151453542610932, 0.2887499261518582, 0.12933421733185788, 0.09490422962277043, 0.061197108843915, 0.14419800051775794, 0.11640079559867207]
Timestep: 180 State: 2 Beliefs: [0.08987784360020937, 0.06877564764017774, 0.2977121460965352, 0.12955549990733137, 0.09223266725739074, 0.06080153150597147, 0.14444471407578585, 0.11659994991659822]
Timestep: 181 State: 2 Beliefs: [0.08890008380601905, 0.06820456073119974, 0.3090738572748665, 0.12868891388831846, 0.08554106521473191, 0.06029296125019302, 0.1434785353351849, 0.11582002249948661]
Timestep: 182 State: 4 Beliefs: [0.08838064953185601, 0.06782825655457289, 0.31473017412812637, 0.12850081957067433, 0.08147695192981659, 0.06016358646344572, 0.1432688242079011, 0.11565073761360692]
Timestep: 183 State: 0 Beliefs: [0.07218980245913138, 0.12146118402205867, 0.138577922770369, 0.1441823322346765, 0.10882789589389638, 0.1439488299008234, 0.09779323403743276, 0.1730187986816118]
Timestep: 184 State: 0 Beliefs: [0.1187877665402365, 0.08174267481310873, 0.20476556371461704, 0.09727614625376367, 0.1396673457480791, 0.09642160254694929, 0.14460752487872924, 0.11673137550451639]
Timestep: 185 State: 0 Beliefs: [0.14560202592037447, 0.09263289218097827, 0.22705162448259894, 0.1091075755944548, 0.1244043068679352, 0.0813579524872194, 0.12164680443142946, 0.0981968180350093]
Timestep: 186 State: 4 Beliefs: [0.09334669661023375, 0.12041963571236956, 0.1340535916847198, 0.14270074304564132, 0.10024487897728426, 0.14120523224924234, 0.09678833006573932, 0.17124089165476955]
Timestep: 187 State: 0 Beliefs: [0.0853300883372975, 0.12189827582861307, 0.13347621424661094, 0.14554464431523548, 0.09888852572431286, 0.14149144135583572, 0.0987172370138119, 0.17465357317828256]
Timestep: 188 State: 2 Beliefs: [0.08779955410588933, 0.12059274459348336, 0.13121174037170477, 0.14601979875020546, 0.09838326714172906, 0.14172962086268898, 0.09903951567405239, 0.17522375850024652]
Timestep: 189 State: 0 Beliefs: [0.10745532129769618, 0.06869613247157166, 0.2722785066477716, 0.13310329953015648, 0.08990488667396525, 0.0603686379076281, 0.14840024589406997, 0.11979296957714083]
Timestep: 190 State: 0 Beliefs: [0.09900212680927711, 0.11918134170330044, 0.12403781708625727, 0.14517855342584576, 0.09923184994023546, 0.1406851150352346, 0.09846893188883453, 0.1742142641110149]
Timestep: 191 State: 0 Beliefs: [0.14344136995098763, 0.0804824421557217, 0.19026820986108856, 0.09743495004035184, 0.13248705224220275, 0.09412043832780664, 0.14484359737341854, 0.11692194004842221]
Timestep: 192 State: 0 Beliefs: [0.16089085928878064, 0.07959016696676724, 0.1796396075088428, 0.09572223614208625, 0.13451617198228472, 0.09247674161011106, 0.14229753313062374, 0.11486668337050351]
Timestep: 193 State: 2 Beliefs: [0.11392965864465066, 0.12002478083798916, 0.12078855190676735, 0.1442960042506528, 0.09076752740750653, 0.13916793853381615, 0.09787033331783408, 0.17315520510078336]
Timestep: 194 State: 4 Beliefs: [0.10030343099443956, 0.07248009607472934, 0.1840764344755031, 0.14496019214945868, 0.10091078978002328, 0.11041661280152042, 0.16047689159402834, 0.12637555213029733]
Timestep: 195 State: 2 Beliefs: [0.09800374710612236, 0.12087019387808433, 0.12768184157416573, 0.1465161635832706, 0.09077758055883087, 0.1409548964822526, 0.09937618051734876, 0.1758193962999247]
Timestep: 196 State: 4 Beliefs: [0.09919724225089455, 0.07253429361147844, 0.18421407901327855, 0.14506858722295687, 0.10870243286023076, 0.10321642524546856, 0.16059688939619154, 0.12647005039950088]
Timestep: 197 State: 4 Beliefs: [0.13750162775693625, 0.08003346446690575, 0.19429099618522955, 0.0979623118198444, 0.132825305935479, 0.09420396357333664, 0.14562755607845523, 0.11755477418381327]
Timestep: 198 State: 0 Beliefs: [0.09496132736704847, 0.11771755401174823, 0.13229249184717454, 0.14464650506497484, 0.09956397801224037, 0.13913427331390438, 0.09810806430493946, 0.1735758060779698]
Timestep: 199 State: 2 Beliefs: [0.15708868017973884, 0.09023989567665662, 0.22070679716104752, 0.11128810514912708, 0.11621146562772297, 0.0802278294126898, 0.12407793215880286, 0.10015929463421436]
Timestep: 200 State: 0 Beliefs: [0.12237624223639196, 0.06577401984833944, 0.2716413228891142, 0.1300012222534963, 0.08968295649279476, 0.058581475022818685, 0.14494166122889815, 0.11700110002814669]
Timestep: 201 State: 2 Beliefs: [0.1080576843462096, 0.11690449938800054, 0.12516230759734284, 0.1448367363557153, 0.0938060073887131, 0.13919159055154465, 0.09823709074561561, 0.17380408362685837]
Timestep: 202 State: 5 Beliefs: [0.09957280175467108, 0.07225381400306888, 0.18350174984906378, 0.14450762800613776, 0.11342664934978113, 0.10078046352248637, 0.15997588448379918, 0.12598100903099188]
Timestep: 203 State: 4 Beliefs: [0.11926137338751909, 0.14181113193263037, 0.10843082539273699, 0.1220988395981673, 0.11088244559549292, 0.16818191145689554, 0.08281486511875694, 0.14651860751780074]
Timestep: 204 State: 2 Beliefs: [0.1380953863286858, 0.07755101124910063, 0.19243547985581377, 0.09580603143352544, 0.14667808631198379, 0.09204466664126996, 0.14242210045939008, 0.11496723772023053]
Timestep: 205 State: 2 Beliefs: [0.12274381677651985, 0.06563212226163216, 0.27050253414217584, 0.1301243832463674, 0.09020311125804002, 0.058603110848703545, 0.14507897654483048, 0.11711194492173065]
Timestep: 206 State: 2 Beliefs: [0.0924764412535533, 0.11637862198912088, 0.1436559698430931, 0.14469462833269106, 0.09202500881699262, 0.13899507133097266, 0.098140704434347, 0.17363355399922928]
Timestep: 207 State: 2 Beliefs: [0.10416650980420293, 0.06638162023560659, 0.28481113645548983, 0.13176728651313563, 0.0880463724372406, 0.05932582560994653, 0.1469106910825557, 0.11859055786182209]
Timestep: 208 State: 0 Beliefs: [0.10013437172628736, 0.06477408247098639, 0.3077028913402892, 0.12886634055908963, 0.08084406371170426, 0.05802219085616401, 0.14367635283229846, 0.11597970650318068]
Timestep: 209 State: 2 Beliefs: [0.16150195124338215, 0.08840175623841749, 0.23062056194935857, 0.10995876030961434, 0.1087461733036577, 0.07921210080933189, 0.12259581186758493, 0.0989628842786529]
Timestep: 210 State: 2 Beliefs: [0.11497584412686794, 0.06487557395072785, 0.29182679279414653, 0.12887882396605557, 0.08173520703979047, 0.058026545653493765, 0.14369027089946793, 0.11599094156945003]
Timestep: 211 State: 0 Beliefs: [0.10708001738659256, 0.06505944413735694, 0.2997389171246891, 0.12947271150772968, 0.07948590413138612, 0.05828515416682008, 0.14435241118846878, 0.11652544035695671]
Timestep: 212 State: 2 Beliefs: [0.1654730149827953, 0.08836843909285032, 0.22809170345949062, 0.1099223604153756, 0.10748621727461913, 0.0791729116991123, 0.12255522870191878, 0.09893012437383804]
Timestep: 213 State: 2 Beliefs: [0.11739630579078862, 0.0649450609629179, 0.2894768320774465, 0.1290236631079177, 0.08110259647199244, 0.058082489058057844, 0.14385175573375303, 0.11612129679712593]
Timestep: 214 State: 5 Beliefs: [0.10862037992089839, 0.06525873571795228, 0.2969404206973553, 0.1298736422479166, 0.07916208026524435, 0.058459044083935686, 0.14479941904357266, 0.11688627802312491]
Timestep: 215 State: 2 Beliefs: [0.08135295591668236, 0.11487661996755821, 0.1344590201432802, 0.14289825249584634, 0.08462702564247918, 0.17338592984195544, 0.09692229299718273, 0.17147790299501559]
Timestep: 216 State: 2 Beliefs: [0.10009248354490877, 0.06654394805040585, 0.28390731988677714, 0.13222821170031634, 0.08422401510844417, 0.06657404291000277, 0.14742458826886018, 0.11900539053028472]
Timestep: 217 State: 2 Beliefs: [0.09780110778695326, 0.06514262222127246, 0.29966747512188535, 0.12967673266339422, 0.07791553344615958, 0.06850758981170492, 0.14457987955157534, 0.1167090593970548]
Timestep: 218 State: 5 Beliefs: [0.09377278485974816, 0.0644499164838478, 0.31366504827067127, 0.12832679637837252, 0.07697751671260636, 0.06423901921892872, 0.14307480133528994, 0.11549411674053525]
Timestep: 219 State: 2 Beliefs: [0.07391174244475761, 0.11387724472477416, 0.1388449308621272, 0.14173235396473627, 0.0824640033744538, 0.18295939022582014, 0.0961315096456472, 0.1700788247576835]
Timestep: 220 State: 2 Beliefs: [0.09545904937505156, 0.06609766780004948, 0.29322961370432354, 0.13150442110950097, 0.08060235923361218, 0.06813529400458718, 0.1466176157743242, 0.11835397899855087]
Timestep: 221 State: 4 Beliefs: [0.0918979480346048, 0.0651327789725458, 0.30508096299058934, 0.12973964504301966, 0.0765287500368092, 0.07020421222380958, 0.144650022159904, 0.11676568053871769]
Timestep: 222 State: 2 Beliefs: [0.07347909240625067, 0.11533901745548981, 0.13946819975326527, 0.1436130880674437, 0.10347284712424802, 0.15488491151879968, 0.09740713799357051, 0.17233570568093243]
Timestep: 223 State: 2 Beliefs: [0.09358012591052815, 0.06593826683181979, 0.29394080171560827, 0.13131026226695744, 0.08825033575812122, 0.06239982832234939, 0.146401143154354, 0.11817923604026169]
Timestep: 224 State: 2 Beliefs: [0.088741185230269, 0.0645794067251385, 0.30773906527710193, 0.12877025218025293, 0.08801579395714634, 0.06269184820719341, 0.14356922146067003, 0.11589322696222763]
Timestep: 225 State: 0 Beliefs: [0.0875424709385186, 0.06396192799739173, 0.3210502858072864, 0.12753929171178474, 0.08253490609409729, 0.06038896250926539, 0.14219679240104954, 0.11478536254060627]
Timestep: 226 State: 2 Beliefs: [0.13256100148326722, 0.07728524236952593, 0.2126176276867374, 0.09633386733186941, 0.1271338194694315, 0.09526103688698188, 0.1432067639739432, 0.11560064079824328]
Timestep: 227 State: 2 Beliefs: [0.1053265997610559, 0.0644821238431934, 0.3045296648064954, 0.12839767593353196, 0.07960949222255415, 0.058942708343216826, 0.14315382674977373, 0.11555790834017877]
Timestep: 228 State: 5 Beliefs: [0.10156139439557772, 0.06423056967211249, 0.3117537502541521, 0.12810902192755522, 0.07745638084376555, 0.05875876409758389, 0.14283199907445338, 0.11529811973479971]
Timestep: 229 State: 0 Beliefs: [0.07743125862967247, 0.11394816628762032, 0.1419911962138346, 0.1420540951926794, 0.08227013397132103, 0.17549050134297003, 0.0963497341306869, 0.17046491423121526]
Timestep: 230 State: 4 Beliefs: [0.12928372377974437, 0.07831504843170316, 0.2030406009724919, 0.09758729819380711, 0.12381962641557824, 0.10577887123823808, 0.14507007313586848, 0.11710475783256852]
Timestep: 231 State: 2 Beliefs: [0.12322772687222966, 0.07704030296601662, 0.2009731975157815, 0.09592338192755591, 0.13576183545401693, 0.10936894710081646, 0.14259654985051595, 0.11510805831306707]
Timestep: 232 State: 0 Beliefs: [0.10329252314177115, 0.06563682191838388, 0.28088819685326655, 0.13091552650513574, 0.0856311153805222, 0.06985080010848266, 0.1459610422378155, 0.11782397385462215]
Timestep: 233 State: 2 Beliefs: [0.09426612029738385, 0.11507207947047651, 0.12661877318724585, 0.14359272057866568, 0.08866840050449432, 0.162077317744414, 0.09739332352292106, 0.17231126469439878]
Timestep: 234 State: 2 Beliefs: [0.11498737209542191, 0.06664526225458248, 0.2707319665415522, 0.13299079115367274, 0.08213911266304981, 0.06453897580297731, 0.1482748074504381, 0.11969171203830549]
Timestep: 235 State: 0 Beliefs: [0.10762589418920368, 0.06515442065855795, 0.28969505099708537, 0.13009503850753973, 0.08011669087709888, 0.06518111076278525, 0.14504625935094353, 0.11708553465678576]
Timestep: 236 State: 0 Beliefs: [0.14489924404787333, 0.07699205411670736, 0.19914623436144815, 0.09608456563843688, 0.1253585410720188, 0.09938172173487911, 0.14283616026251214, 0.11530147876612426]
Timestep: 237 State: 4 Beliefs: [0.1706090757300465, 0.08692000970017424, 0.22767086173417614, 0.10837525797853835, 0.10584166193583633, 0.08221507580029283, 0.12083032494025099, 0.09753773218068452]
Timestep: 238 State: 0 Beliefs: [0.14880420748593706, 0.07560159817714979, 0.19359595770585628, 0.09429868041998385, 0.13822021132882706, 0.09613960644049832, 0.14018132193776706, 0.11315841650398062]
Timestep: 239 State: 2 Beliefs: [0.17739807769814164, 0.08703850205007393, 0.20927553053482895, 0.10861093420648418, 0.11654902281879866, 0.08228500555920458, 0.12109308634663236, 0.09774984078583576]
Timestep: 240 State: 2 Beliefs: [0.1302520869541981, 0.06471667268271321, 0.2699637744263368, 0.12924311926695725, 0.08393989099164134, 0.061469215364135056, 0.14409643297375682, 0.11631880734026152]
Timestep: 241 State: 2 Beliefs: [0.11857677326223978, 0.06518828090347267, 0.28107215304839217, 0.1302392210047655, 0.08128276360714813, 0.06121849719423026, 0.1452070120754624, 0.11721529890428896]
Timestep: 242 State: 2 Beliefs: [0.11060216790736245, 0.0648303072636649, 0.29406803380435004, 0.12952753187459323, 0.08006491933612594, 0.05991872932032002, 0.14441353180644945, 0.11657477868713392]
Timestep: 243 State: 2 Beliefs: [0.10523194897444957, 0.06475834214717474, 0.30132207952033774, 0.12938653755110935, 0.07942297776865835, 0.05917389658454253, 0.14425633365772936, 0.1164478837959984]
Timestep: 244 State: 2 Beliefs: [0.1020635769034707, 0.06488335156553544, 0.30415070842966413, 0.12963810249317384, 0.07919918434103068, 0.05885397422864051, 0.14453680979462813, 0.11667429224385645]
Timestep: 245 State: 2 Beliefs: [0.10039622417711333, 0.06503286088373947, 0.3049164659038536, 0.12993771955012431, 0.0791588022778608, 0.05874311915855061, 0.14487086045364606, 0.11694394759511188]
Timestep: 246 State: 0 Beliefs: [0.09956416478871098, 0.06514196447521459, 0.304998772074923, 0.13015609716374898, 0.07917360970104541, 0.05871056915298213, 0.14511433519600073, 0.11714048744737407]
Timestep: 247 State: 0 Beliefs: [0.11426301383944296, 0.13422515524750894, 0.15256250563897572, 0.16761701963263803, 0.07437723807244397, 0.12083370078214364, 0.0852660491174724, 0.1508553176693742]
Timestep: 248 State: 5 Beliefs: [0.07199227686123212, 0.11005177974832235, 0.07923728141879209, 0.1320621356979868, 0.11065284204997307, 0.23187941282771998, 0.0990466017734901, 0.1650776696224835]
Timestep: 249 State: 2 Beliefs: [0.12397490998714879, 0.14113389731018328, 0.10862103066155408, 0.122771403469687, 0.10385079836054553, 0.16905123717216478, 0.08327103887509205, 0.14732568416362438]
Timestep: 250 State: 2 Beliefs: [0.1262615657084912, 0.06549373331241304, 0.2756500678131332, 0.13079113266325554, 0.07938502001664847, 0.05888410870188685, 0.14582235238724162, 0.11771201939692999]
Timestep: 251 State: 2 Beliefs: [0.11961650470287447, 0.06544989344378745, 0.2834987287157313, 0.13078406911766532, 0.07823412044013467, 0.05889654431286924, 0.14581447706103878, 0.11770566220589879]
Timestep: 252 State: 2 Beliefs: [0.1127156907451122, 0.06503921520924748, 0.29439019128364263, 0.12996470948407884, 0.07751021726857972, 0.05851078525783697, 0.14490095221583119, 0.11696823853567095]
Timestep: 253 State: 2 Beliefs: [0.10825046192713236, 0.06496662244321269, 0.29977660760566416, 0.12982089385975076, 0.07717092548495653, 0.05843507567829326, 0.14474060852721465, 0.1168388044737757]
Timestep: 254 State: 2 Beliefs: [0.1057549739819855, 0.06504256358420445, 0.3017502673707257, 0.12997335229190676, 0.07709507623870873, 0.05849716116817921, 0.14491058830157366, 0.11697601706271607]
Timestep: 255 State: 0 Beliefs: [0.10447427874502367, 0.065130158474186, 0.30232862437561264, 0.13014866176946532, 0.07710593343686013, 0.05857250232007873, 0.14510604528625462, 0.1171337955925188]
Timestep: 256 State: 2 Beliefs: [0.1184047828084541, 0.1340832348431167, 0.1511905293991509, 0.16746048530348528, 0.07238084393323908, 0.12057926615460056, 0.08518642078481645, 0.15071443677313676]
Timestep: 257 State: 4 Beliefs: [0.09744160840490533, 0.07233281224896998, 0.18370238031484434, 0.14466562449793996, 0.10590893290518039, 0.10967909897086091, 0.1601507930949925, 0.12611874956230662]
Timestep: 258 State: 1 Beliefs: [0.14291435072494665, 0.07861745976537514, 0.19966481847656825, 0.09814669254741089, 0.12275254223304606, 0.09422645478199684, 0.14590165041376305, 0.11777603105689305]
Timestep: 259 State: 4 Beliefs: [0.097351180026291, 0.12811384581824894, 0.13766075353348328, 0.14426166993663733, 0.083152918551412, 0.13849858251380862, 0.09784704569615402, 0.17311400392396478]
Timestep: 260 State: 5 Beliefs: [0.06950918688862896, 0.11034070241711638, 0.07944530574032378, 0.13240884290053964, 0.11584462861163074, 0.22763364764068128, 0.09930663217540474, 0.16551105362567456]
Timestep: 261 State: 2 Beliefs: [0.0820067363422054, 0.1147441129115684, 0.08518506761585867, 0.09060722126335807, 0.13594559930467864, 0.2078712655639924, 0.10242555447162217, 0.18121444252671615]
Timestep: 262 State: 0 Beliefs: [0.11039395820239603, 0.07327477073769872, 0.2799020159949655, 0.13059082677613276, 0.08393928956758444, 0.05876836835140292, 0.14559902627130025, 0.1175317440985195]
Timestep: 263 State: 2 Beliefs: [0.10606245135240401, 0.12467273955581455, 0.12559748328582399, 0.14496536936331259, 0.08724664989447406, 0.13917252583099246, 0.09832433748120331, 0.1739584432359751]
Timestep: 264 State: 4 Beliefs: [0.09691536587707876, 0.07238527938200792, 0.18383563017652801, 0.14477055876401584, 0.11089334431286617, 0.10472263112908044, 0.1602669596410757, 0.12621023071734713]
Timestep: 265 State: 2 Beliefs: [0.14177986069107382, 0.08581697800571747, 0.19109446683749254, 0.09768400601814871, 0.1274097066810267, 0.09378033873270833, 0.1452138358120539, 0.11722080722177845]
Timestep: 266 State: 2 Beliefs: [0.11966490407495353, 0.06983238967529955, 0.28213913194645873, 0.12924344509532892, 0.08054257156244667, 0.05816166081164091, 0.14409679624807567, 0.11631910058579602]
Timestep: 267 State: 2 Beliefs: [0.11205886950886007, 0.0680607018637493, 0.2918846802649607, 0.12958434863973736, 0.07899412470182775, 0.05831448298557314, 0.14447687825952807, 0.11662591377576362]
Timestep: 268 State: 2 Beliefs: [0.10317903424323283, 0.06732833818914488, 0.3069398089751043, 0.12830081594314652, 0.07799882684696427, 0.05773660636472399, 0.1430458350888514, 0.11547073434883186]
Timestep: 269 State: 2 Beliefs: [0.0973060543507171, 0.0670519974202115, 0.31506792636331565, 0.1278597339868052, 0.07754854191808365, 0.057537923748647614, 0.14255406162409473, 0.11507376058812467]
Timestep: 270 State: 2 Beliefs: [0.09380400619317655, 0.06708747359197996, 0.31816077015944855, 0.12798062725604326, 0.07750350739596094, 0.05759220227554233, 0.1426888485974094, 0.11518256453043893]
Timestep: 271 State: 5 Beliefs: [0.09194275253733028, 0.06720752983224763, 0.31895067856443826, 0.12822935388980636, 0.07759304519891805, 0.05770406124406759, 0.14296616023236616, 0.11540641850082571]
Timestep: 272 State: 0 Beliefs: [0.07356308039379217, 0.11925011514008826, 0.13759410800645694, 0.14220709745837404, 0.08372897293204744, 0.1765545995387299, 0.0964535095804624, 0.17064851695004885]
Timestep: 273 State: 4 Beliefs: [0.12812612362772702, 0.08195405471941596, 0.19457028812250057, 0.09738723517407712, 0.1310462030260337, 0.10527874710138167, 0.14477266601997135, 0.11686468220889254]
Timestep: 274 State: 4 Beliefs: [0.11987128251275378, 0.08317502492453491, 0.19536664299449458, 0.09607645901548763, 0.13849437198750358, 0.10890035852361689, 0.1428241092230234, 0.11529175081858517]
Timestep: 275 State: 4 Beliefs: [0.07984176485673129, 0.12008513622413239, 0.12729656119156793, 0.14219904092420924, 0.10218033841103001, 0.16131026413468405, 0.09644804514859408, 0.17063884910905106]
Timestep: 276 State: 0 Beliefs: [0.12329060342699263, 0.07992362445543129, 0.17947877264554085, 0.09711522585780298, 0.15516645634295514, 0.10411874033986622, 0.14436830590204744, 0.11653827102936358]
Timestep: 277 State: 0 Beliefs: [0.10029606762578105, 0.13520986918533576, 0.14005722641556173, 0.164504290348689, 0.08997419170793072, 0.13822187613854856, 0.0836826172643331, 0.1480538613138201]
Timestep: 278 State: 5 Beliefs: [0.10431784310790156, 0.07811898216279416, 0.11903844900997204, 0.09374277859535297, 0.17908068838235883, 0.15972472423496423, 0.14879806126246506, 0.11717847324419123]
Timestep: 279 State: 5 Beliefs: [0.09768440171603084, 0.11810899671544801, 0.11783483080576794, 0.14309004148352586, 0.10189349319587025, 0.15262781034038672, 0.09705237596273927, 0.17170804978023102]
Timestep: 280 State: 2 Beliefs: [0.08873413396620304, 0.11678516128404338, 0.1118947334671789, 0.14342802719222417, 0.09856597449832952, 0.17119671851793045, 0.0972816184434216, 0.17211363263066898]
Timestep: 281 State: 0 Beliefs: [0.11089367068033734, 0.06829812387077204, 0.2488455618723851, 0.13427756886038933, 0.09406481561332222, 0.07306097856320343, 0.14970946856524003, 0.12084981197435041]
Timestep: 282 State: 2 Beliefs: [0.144651142445291, 0.07872390946308046, 0.16797079018882807, 0.09680893598591171, 0.14066137960685735, 0.11110013369116406, 0.14391298543577324, 0.11617072318309406]
Timestep: 283 State: 4 Beliefs: [0.1609995912176628, 0.08899424889470263, 0.20817339401539262, 0.10851808769985223, 0.12297636394978234, 0.09168246587215886, 0.1209895694205815, 0.097666278929867]
Timestep: 284 State: 2 Beliefs: [0.09331420150713136, 0.11478176760766988, 0.12188388241549818, 0.14035639932681035, 0.11127778957818878, 0.1547600269160838, 0.09519825345644527, 0.16842767919217239]
Timestep: 285 State: 2 Beliefs: [0.11062520370230822, 0.06697304127102624, 0.25789818531630065, 0.13218607647347094, 0.09767586654617037, 0.06829654722925214, 0.14737761063534746, 0.11896746882612387]
Timestep: 286 State: 0 Beliefs: [0.10738316217953757, 0.06570503674821569, 0.2726187122039772, 0.1298819203257997, 0.09706271378270859, 0.06564607798389613, 0.14480864848264535, 0.11689372829321974]
Timestep: 287 State: 0 Beliefs: [0.16373415584248063, 0.08733331798782361, 0.21394170410004246, 0.10790131611220265, 0.12428024390200873, 0.08539616242637688, 0.12030191512808264, 0.09711118450098237]
Timestep: 288 State: 5 Beliefs: [0.10499796263309684, 0.11397026494876746, 0.12931955425585048, 0.14031719876396656, 0.09951487759712241, 0.14832783803583305, 0.0951716652486034, 0.16838063851675986]
Timestep: 289 State: 0 Beliefs: [0.0920259707133969, 0.11493716439596065, 0.12325637087490127, 0.14197565878194496, 0.09585637582992587, 0.16528113508299988, 0.09629653378253661, 0.17037079053833395]
Timestep: 290 State: 0 Beliefs: [0.09918293560681514, 0.11547341341965887, 0.11814180895498348, 0.14270532720373935, 0.0957720812607996, 0.16068660158871897, 0.09679143932079713, 0.1712463926444872]
Timestep: 291 State: 2 Beliefs: [0.1731457728495612, 0.08870785026513546, 0.19640307968260656, 0.10962757636905167, 0.12040886449890204, 0.09081547111351952, 0.12222656648907702, 0.0986648187321465]
Timestep: 292 State: 2 Beliefs: [0.13030035444276292, 0.06523086303247902, 0.25985444602407914, 0.12856152432636858, 0.09056414428912028, 0.06644679051116374, 0.1433365054802945, 0.11570537189373173]
Timestep: 293 State: 2 Beliefs: [0.11983871373673041, 0.06531898282070192, 0.2736598323411708, 0.12922491537874445, 0.08677450685687643, 0.0648044880280072, 0.14407613699689867, 0.11630242384087]
Timestep: 294 State: 2 Beliefs: [0.11239382275194032, 0.06495446903477164, 0.2873878022380329, 0.12856735984941386, 0.08419019578363775, 0.06345271482472775, 0.1433430116530032, 0.11571062386447248]
Timestep: 295 State: 2 Beliefs: [0.10713087977336458, 0.06494337803615319, 0.2950277257150991, 0.12859255666920907, 0.08252148713074867, 0.06267956744642221, 0.14337110422671517, 0.11573330100228815]
Timestep: 296 State: 2 Beliefs: [0.10393109102122446, 0.06513333920939862, 0.2979920171565102, 0.12900170397732189, 0.08166612785340631, 0.06234691426066926, 0.14382727294187975, 0.11610153357958967]
Timestep: 297 State: 1 Beliefs: [0.1022162617863795, 0.06533015286529947, 0.29876847866818296, 0.12940992854652122, 0.08129014795349425, 0.06223368161623653, 0.14428241287201696, 0.1164689356918691]
Timestep: 298 State: 0 Beliefs: [0.08144942454673153, 0.14671564523070524, 0.12789902309695353, 0.14276715550998947, 0.086935185196063, 0.1460796047660119, 0.09683337504155808, 0.17132058661198735]
Timestep: 299 State: 0 Beliefs: [0.0680721471935625, 0.11075665014781685, 0.07974478810642814, 0.13290798017738023, 0.11755324300098932, 0.2251492310190625, 0.09968098513303518, 0.16613497522172527]
Timestep: 300 State: 0 Beliefs: [0.09982747300220852, 0.12424878545492887, 0.12279543269054506, 0.14270500204587583, 0.08934914743102633, 0.15303693814142252, 0.09679121877894187, 0.17124600245505098]
Timestep: 301 State: 5 Beliefs: [0.13439990755312328, 0.09591379737818735, 0.1461543579096188, 0.11509655685382482, 0.1498621641578029, 0.13081600840495367, 0.12741661971607796, 0.10034058802641138]
Timestep: 302 State: 2 Beliefs: [0.12051181267490974, 0.15554838157971787, 0.10399226564157549, 0.11728083873103563, 0.10660104737481692, 0.17578164385965128, 0.07954700366105026, 0.14073700647724274]
Timestep: 303 State: 2 Beliefs: [0.1273195396142161, 0.07192904520835985, 0.26269189222640404, 0.1294262970346564, 0.085062080403469, 0.0627868156669452, 0.1443006625147587, 0.11648366733119075]
Timestep: 304 State: 2 Beliefs: [0.11193537968990071, 0.07623162608050799, 0.2768141411702936, 0.13031793865690738, 0.08055799803762308, 0.06156199519040169, 0.14529477638314897, 0.11728614479121663]
Timestep: 305 State: 5 Beliefs: [0.10932627919234118, 0.07174326089360922, 0.2874502935162867, 0.12955858666978326, 0.07994594325278528, 0.060924752886825015, 0.14444815558556434, 0.11660272800280494]
Timestep: 306 State: 1 Beliefs: [0.08622374763547463, 0.12031990034399899, 0.1249632879136721, 0.1413222162550913, 0.08454582242209781, 0.1771850366374936, 0.09585332928606194, 0.16958665950610954]
Timestep: 307 State: 0 Beliefs: [0.09074295739575153, 0.13516449429321828, 0.1190880347565895, 0.1420385838316816, 0.0875015383246449, 0.15867887741860792, 0.0963392133814884, 0.17044630059801794]
Timestep: 308 State: 5 Beliefs: [0.0862236701810343, 0.13564811716430464, 0.09766664435829933, 0.16277774059716554, 0.09992572193923986, 0.1907040265680126, 0.08514527969697891, 0.14190879949496482]
Timestep: 309 State: 0 Beliefs: [0.09681261350558769, 0.13589073090846024, 0.117982918912488, 0.14162005545501793, 0.08644916583638135, 0.1552451068752484, 0.0960553419607948, 0.16994406654602154]
Timestep: 310 State: 1 Beliefs: [0.12666229186074862, 0.09618645716942542, 0.14656983949626734, 0.11542374860331052, 0.1490811773791099, 0.1376718189427882, 0.1277788344326433, 0.10062583211570661]
Timestep: 311 State: 2 Beliefs: [0.10286209495814522, 0.1270303821041692, 0.12044738844440384, 0.14012004986494214, 0.08691732524775383, 0.15944075267773788, 0.09503794686491729, 0.16814405983793057]
Timestep: 312 State: 5 Beliefs: [0.09390813995646373, 0.07896063077557332, 0.1838817344180096, 0.14480686585418256, 0.11290141100719416, 0.09899218185384502, 0.16030715308236732, 0.12624188305236428]
Timestep: 313 State: 0 Beliefs: [0.09068994700520973, 0.12667790077639446, 0.12192401893539749, 0.1428576723857358, 0.08479657396796175, 0.16472991097000586, 0.0968947690964121, 0.17142920686288293]
Timestep: 314 State: 2 Beliefs: [0.17256208041482676, 0.09685086193949022, 0.2013428751100205, 0.11000338271972526, 0.10678834665939908, 0.09080384618395723, 0.122645562524828, 0.09900304444775274]
Timestep: 315 State: 2 Beliefs: [0.11835656752018218, 0.07045980328096986, 0.2711525594852441, 0.12930259184000206, 0.07911306414635327, 0.07108034061679672, 0.14416274045445007, 0.11637233265600186]
Timestep: 316 State: 4 Beliefs: [0.10818667738112557, 0.06963328973150375, 0.2840060003466902, 0.1297743562301697, 0.07746367579318617, 0.06945035736698266, 0.14468872254318918, 0.11679692060715272]
Timestep: 317 State: 2 Beliefs: [0.12593835891910068, 0.0808819057887276, 0.1878905359089056, 0.09547296753162197, 0.15030414755215396, 0.10301754466229705, 0.141926978599247, 0.11456756103794637]
Timestep: 318 State: 2 Beliefs: [0.11456987284351505, 0.06890171978504744, 0.27398528839979086, 0.12886255097633437, 0.0904720980856024, 0.06356004630067805, 0.143672127730331, 0.11597629587870094]
Timestep: 319 State: 5 Beliefs: [0.10492191463037677, 0.06738058545114992, 0.28867361182386164, 0.12862516105643546, 0.08810157048945526, 0.0631270559126196, 0.14340745568530935, 0.1157626449507919]
Timestep: 320 State: 0 Beliefs: [0.0827038075508958, 0.11692134164722273, 0.1301874499618564, 0.14024507424303467, 0.08867154600781806, 0.1778539454892116, 0.09512274600831917, 0.1682940890916416]
Timestep: 321 State: 2 Beliefs: [0.11513253703344639, 0.13801696865239124, 0.1420543879608797, 0.16369703805314723, 0.07438488126466129, 0.1361148812562581, 0.08327197153138359, 0.1473273342478325]
Timestep: 322 State: 5 Beliefs: [0.09429856198000608, 0.07987383758059677, 0.18418666735774186, 0.14504700054422173, 0.10492321185897993, 0.10464649737930576, 0.16057299205546727, 0.1264512312436805]
Timestep: 323 State: 2 Beliefs: [0.10552937651430422, 0.1419459954855723, 0.10767398948470468, 0.11910683255731962, 0.10496363983120942, 0.19706646323662, 0.08078550382148633, 0.1429281990687835]
Timestep: 324 State: 2 Beliefs: [0.11478120151216645, 0.0665069552947348, 0.2872081687496605, 0.12814189595389527, 0.08015038038398137, 0.06501504058651887, 0.14286865116053696, 0.11532770635850574]
Timestep: 325 State: 2 Beliefs: [0.09768481245424103, 0.06546516052786493, 0.30008298577711406, 0.12824411821341097, 0.08030907561286493, 0.06981151967106414, 0.1429826213513701, 0.11541970639206986]
Timestep: 326 State: 2 Beliefs: [0.09660219469578114, 0.06496235883521796, 0.311159146835319, 0.12745990351089434, 0.07789315918878005, 0.06510104329265323, 0.14210828048154936, 0.1147139131598049]
Timestep: 327 State: 4 Beliefs: [0.09590135044565003, 0.0647605229359916, 0.31694337152564556, 0.12737495502410143, 0.07637575759578112, 0.061993013692924245, 0.14201356925821457, 0.11463745952169128]
Timestep: 328 State: 4 Beliefs: [0.11473796560999641, 0.07770709784153883, 0.20478479503496014, 0.09567386904096976, 0.1537679920682625, 0.09629400536883125, 0.14222563218627743, 0.1148086428491637]
Timestep: 329 State: 0 Beliefs: [0.08245790367342043, 0.11662463856471017, 0.1396320274830143, 0.14281657218477165, 0.10791438837285403, 0.1423076906611366, 0.09686689243836685, 0.17137988662172596]
Timestep: 330 State: 4 Beliefs: [0.1540005836570997, 0.09020046521687546, 0.21972654200117836, 0.11030715382089493, 0.12188996015651699, 0.08161461207548226, 0.12298424463314703, 0.09927643843880543]
Timestep: 331 State: 0 Beliefs: [0.12610634442044952, 0.07674569529908691, 0.19021026686502526, 0.09448542153523137, 0.16455784561068826, 0.09405299527934496, 0.14045892514789618, 0.11338250584227763]
Timestep: 332 State: 0 Beliefs: [0.09504019465503445, 0.11640073632947472, 0.126142507732098, 0.14314487718528948, 0.1085841690833959, 0.14182409351885922, 0.0970895688735007, 0.17177385262234737]
Timestep: 333 State: 2 Beliefs: [0.14595487991088335, 0.07897273706991051, 0.1792123774048822, 0.09668439250938558, 0.14459379102721492, 0.09483270787340412, 0.1437278431930568, 0.11602127101126271]
Timestep: 334 State: 2 Beliefs: [0.12204982510475772, 0.06634728894669822, 0.2611338270251379, 0.1305869953510871, 0.09637453594839177, 0.06038447728964746, 0.14559475451830156, 0.11752829581597836]
Timestep: 335 State: 2 Beliefs: [0.1470180488032211, 0.08787111939763563, 0.23346734664021454, 0.10869970673779798, 0.12371381587994232, 0.0802081653829388, 0.12119206109423149, 0.09782973606401818]
Timestep: 336 State: 5 Beliefs: [0.155298747577167, 0.08611834491798566, 0.24402582546233262, 0.10620434855833788, 0.11663450757874702, 0.07772438925803266, 0.11840992294489311, 0.09558391370250408]
Timestep: 337 State: 0 Beliefs: [0.09291146945151178, 0.1136173894598024, 0.13247422184601543, 0.14020498709896478, 0.0907524728867568, 0.16669791827106692, 0.09509555646712395, 0.16824598451875775]
Timestep: 338 State: 2 Beliefs: [0.10220556109219994, 0.1167967071209545, 0.12314741152000297, 0.1437176552506493, 0.08852411200471627, 0.15566930488851838, 0.09747806182217952, 0.17246118630077914]
Timestep: 339 State: 2 Beliefs: [0.12624208917944296, 0.0674384878251784, 0.25566730687102335, 0.13290515094119185, 0.08306417574839968, 0.06688882858310842, 0.14817932500458256, 0.11961463584707267]
Timestep: 340 State: 2 Beliefs: [0.10932581690562629, 0.06556822456501868, 0.2831751834129518, 0.1301700826189739, 0.08146949031661714, 0.06800819988884989, 0.1451299279348858, 0.1171530743570765]
Timestep: 341 State: 0 Beliefs: [0.10755824194706318, 0.0649988890577096, 0.29465993159212484, 0.1290370999992454, 0.07952523575873995, 0.06422047478096579, 0.14386673686483034, 0.11613338999932088]
Timestep: 342 State: 2 Beliefs: [0.11951526582547509, 0.1329547903565474, 0.15046912038969873, 0.16503353463242226, 0.07348895751308167, 0.12605630858318864, 0.08395184153040612, 0.14853018116918001]
Timestep: 343 State: 4 Beliefs: [0.09439635617147395, 0.08017342878418568, 0.1842073856311695, 0.145063316184546, 0.10028493417723072, 0.10881806977615496, 0.16059105413999394, 0.12646545513524524]
Timestep: 344 State: 2 Beliefs: [0.09355577870779343, 0.10557089177099677, 0.07954958518106739, 0.09103211623623354, 0.12845942353478462, 0.21686210156874103, 0.10290587052791617, 0.18206423247246709]
Timestep: 345 State: 2 Beliefs: [0.1337001148117403, 0.0665859677110619, 0.2674471533586, 0.1305882016121002, 0.07862064861890358, 0.05993243302739212, 0.1455960994093117, 0.11752938145089016]
Timestep: 346 State: 2 Beliefs: [0.15313807864088536, 0.08715446686921638, 0.24934712861160502, 0.10829332644965217, 0.10297280053525212, 0.08089122768886581, 0.12073897739983608, 0.09746399380468695]
Timestep: 347 State: 0 Beliefs: [0.11207295460868272, 0.06326314354830899, 0.3130631603112925, 0.1254993603915078, 0.07548652675666535, 0.0577430088185643, 0.13992242121262136, 0.112949424352357]
Timestep: 348 State: 2 Beliefs: [0.11893630516874204, 0.13282133088265696, 0.15899832328322427, 0.16507771439375568, 0.07096576596615137, 0.12065630176817904, 0.08397431558291049, 0.14856994295438009]
Timestep: 349 State: 5 Beliefs: [0.09426895322660139, 0.0800332784220863, 0.18398386501681518, 0.14488729370074196, 0.10801657814463851, 0.10210184183791297, 0.16039619001465938, 0.12631199963654427]
Timestep: 350 State: 4 Beliefs: [0.09174652193204821, 0.10630638062340043, 0.08423538884907653, 0.09178659188755485, 0.1259931204635262, 0.21260005642248297, 0.10375875604680113, 0.1835731837751097]
Timestep: 351 State: 0 Beliefs: [0.14398325467557574, 0.07756428207033446, 0.18915361781308956, 0.09581045842891903, 0.1435692481799017, 0.09251790723209856, 0.14242868148537813, 0.11497255011470282]
Timestep: 352 State: 2 Beliefs: [0.17177714068584815, 0.08708033252121844, 0.22591362617590455, 0.10823456802895721, 0.1102333646923982, 0.07867639052389377, 0.12067346614571797, 0.09741111122606148]
Timestep: 353 State: 4 Beliefs: [0.1264661140212892, 0.06475367496874689, 0.28093175589654973, 0.12889293040812447, 0.08061581097349675, 0.058630077834825635, 0.14370599852965518, 0.11600363736731202]
Timestep: 354 State: 2 Beliefs: [0.13663104017727026, 0.0771492623053251, 0.1858199372750436, 0.0961011476808671, 0.15309700795226241, 0.09301941680988701, 0.14286081058230393, 0.11532137721704051]
Timestep: 355 State: 5 Beliefs: [0.11551781862085445, 0.06543705544066639, 0.2737698237847032, 0.13018429992035474, 0.09383779718223904, 0.05894155595792995, 0.1451457791649328, 0.11716586992831925]
Timestep: 356 State: 2 Beliefs: [0.08595886682883612, 0.11401727334552307, 0.1247256394532702, 0.14204855257366442, 0.09674307007738103, 0.16970235984383378, 0.09634597478909414, 0.1704582630883973]
Timestep: 357 State: 0 Beliefs: [0.11121544451622305, 0.066212948530038, 0.2701577181464191, 0.13161895311428562, 0.08973973459442468, 0.0658528328832578, 0.14674531041249456, 0.11845705780285706]
Timestep: 358 State: 2 Beliefs: [0.14354738445186818, 0.07653049903603647, 0.1848013655479773, 0.09541030832532846, 0.13561059420511384, 0.10777364696264408, 0.14183383148063752, 0.11449236999039414]
Timestep: 359 State: 2 Beliefs: [0.11939226805554769, 0.06482469146499178, 0.2757924485424605, 0.1290922015692855, 0.0855969091042047, 0.06519032884778532, 0.14392817100336755, 0.11618298141235693]
Timestep: 360 State: 0 Beliefs: [0.11264305028069194, 0.06474095400043661, 0.2850141402348698, 0.12914481132118316, 0.08304218659995247, 0.06519770042316864, 0.14398682695063256, 0.11623033018906484]
Timestep: 361 State: 2 Beliefs: [0.1170414997083638, 0.13110997170929498, 0.15520397619132786, 0.16346222691795495, 0.07504843055753335, 0.12786536656153627, 0.08315252412782927, 0.14711600422615945]
Timestep: 362 State: 4 Beliefs: [0.09423339875839677, 0.0799248481706717, 0.18397594731699232, 0.14488105851213146, 0.1025632984991808, 0.10772559750698038, 0.1603892874045574, 0.12630656383108899]
Timestep: 363 State: 4 Beliefs: [0.09735713272902544, 0.11611997821553781, 0.13492225007501488, 0.1445614836846062, 0.08906180802124766, 0.14645316922348173, 0.09805039762955899, 0.17347378042152742]
Timestep: 364 State: 4 Beliefs: [0.1368672955517919, 0.07721588208630357, 0.19533395638906836, 0.09602522319534663, 0.14060921511561236, 0.09597021609228935, 0.142747943735172, 0.11523026783441596]
Timestep: 365 State: 0 Beliefs: [0.09427820011423965, 0.11405519506986862, 0.13498394305408726, 0.14206439439044644, 0.1032221202224262, 0.14456215420687593, 0.09635671967352018, 0.17047727326853568]
Timestep: 366 State: 2 Beliefs: [0.1628733650054815, 0.08795791484643689, 0.21634719782702633, 0.1094036818178658, 0.12096226385506567, 0.08201532223899106, 0.12197694077305336, 0.09846331363607921]
Timestep: 367 State: 2 Beliefs: [0.12612044636581118, 0.06444650234897512, 0.2719396046319329, 0.12851297112065596, 0.08835711382337832, 0.061679315421357586, 0.14328237227929852, 0.11566167400859037]
Timestep: 368 State: 4 Beliefs: [0.11540823906959388, 0.06486583048729964, 0.2836437790173461, 0.1294490188427392, 0.08453844737399274, 0.061264572615449354, 0.1443259956351137, 0.11650411695846528]
Timestep: 369 State: 2 Beliefs: [0.08770953708354706, 0.11522207396980526, 0.13150178625599188, 0.14371739261058247, 0.10931087882946582, 0.14259957643420912, 0.09747788368369943, 0.17246087113269898]
Timestep: 370 State: 2 Beliefs: [0.10964544473966506, 0.06601570775806309, 0.2726064886526131, 0.13139460761633537, 0.09550474573232483, 0.060082676721815456, 0.14649518192448135, 0.11825514685470183]
Timestep: 371 State: 2 Beliefs: [0.10153069155516403, 0.06453904651760364, 0.29378123082215984, 0.12880801865208516, 0.09254566343617003, 0.05925680397157104, 0.14361132825836959, 0.11592721678687666]
Timestep: 372 State: 4 Beliefs: [0.0976063521292505, 0.0639466058692674, 0.308031668872874, 0.1276294452230029, 0.08732236876694742, 0.058299751599771306, 0.14229730683818384, 0.11486650070070262]
Timestep: 373 State: 2 Beliefs: [0.07813166725477204, 0.11537692682623894, 0.13976366983588445, 0.14393048531696365, 0.1130392817064979, 0.1394189705512591, 0.09762241612802752, 0.17271658238035636]
Timestep: 374 State: 0 Beliefs: [0.10268352417937782, 0.0657109824670765, 0.2823979125157111, 0.1308062612636579, 0.0956939078032511, 0.05914255698594325, 0.14583921964769023, 0.1177256351372921]
Timestep: 375 State: 4 Beliefs: [0.09262067872025519, 0.11579048475299497, 0.1354344506871685, 0.1444450174898822, 0.10099227734133823, 0.13941166685345172, 0.09797140316705054, 0.17333402098785863]
Timestep: 376 State: 2 Beliefs: [0.09000856859317995, 0.11648183781550414, 0.132013584906166, 0.14492148554723167, 0.10480159109407657, 0.13957257658121522, 0.09829457280594843, 0.17390578265667797]
Timestep: 377 State: 0 Beliefs: [0.11069749476684285, 0.06639426150807635, 0.2680561203964803, 0.13217050879756617, 0.09670354038772526, 0.059664362387019054, 0.14736025383848048, 0.11895345791780955]
Timestep: 378 State: 2 Beliefs: [0.10051671261986253, 0.11591734653554098, 0.12546773006727685, 0.14460310239561167, 0.10257363127865797, 0.13931912825564044, 0.09807862597267573, 0.17352372287473397]
Timestep: 379 State: 4 Beliefs: [0.11512402937343902, 0.06593215292620921, 0.27204200859262784, 0.13124889760036396, 0.09199563896551287, 0.059200538570964405, 0.14633272613055504, 0.11812400784032756]
Timestep: 380 State: 2 Beliefs: [0.13023810970117788, 0.07652907026069813, 0.18346112042319734, 0.09546895693276912, 0.16595402892513103, 0.09186494886301996, 0.14192101657468364, 0.11456274831932295]
Timestep: 381 State: 0 Beliefs: [0.1062657884979584, 0.06480538661794781, 0.28079235133710406, 0.1292050218912208, 0.10033945214007779, 0.05825352257069394, 0.14405395724289843, 0.11628451970209872]
Timestep: 382 State: 2 Beliefs: [0.16527110277139737, 0.08768521430344448, 0.20792151470355422, 0.10939062760517362, 0.13042619224620056, 0.07889139722547701, 0.12196238630009655, 0.09845156484465625]
Timestep: 383 State: 2 Beliefs: [0.11632499350941572, 0.0643021782262865, 0.28172278688896, 0.12825636748740823, 0.0931669508685921, 0.05779971390291788, 0.14299627837775217, 0.11543073073866741]
Timestep: 384 State: 4 Beliefs: [0.1089351005103238, 0.0649231643706484, 0.2883315614399959, 0.1295930976929038, 0.08871416604723156, 0.058382489214389086, 0.14448663280089422, 0.11663378792361341]
Timestep: 385 State: 0 Beliefs: [0.08324993440796503, 0.11523922698202013, 0.13734517666526982, 0.1437645453245652, 0.11223751437323215, 0.13813628233298178, 0.0975098655244877, 0.17251745438947821]
Timestep: 386 State: 2 Beliefs: [0.10419443436512277, 0.13370675913528618, 0.15294619798396145, 0.16636575294028244, 0.08851609694358818, 0.11991204579414366, 0.08462953519136107, 0.14972917764625418]
Timestep: 387 State: 2 Beliefs: [0.11221513940137724, 0.06598840691012574, 0.27038161068184186, 0.13144880436085235, 0.09589562680165536, 0.05921088066929563, 0.14655560725008462, 0.1183039239247671]
Timestep: 388 State: 0 Beliefs: [0.10429590252585287, 0.06498146032837153, 0.2882864151573692, 0.12970430360586868, 0.09298075446745398, 0.05840667157490064, 0.14461061909490133, 0.11673387324528181]
Timestep: 389 State: 4 Beliefs: [0.16328846354930746, 0.08736516383736029, 0.22404372194147043, 0.10899191371532399, 0.11818130292450561, 0.07851886162055866, 0.12151785006768212, 0.09809272234379159]
Timestep: 390 State: 0 Beliefs: [0.09740763097853718, 0.11473751312920627, 0.1334961785416806, 0.1430383260786392, 0.10525112572164337, 0.13740593482867547, 0.09701729942725094, 0.17164599129436703]
Timestep: 391 State: 2 Beliefs: [0.09857037933655786, 0.11665320884413181, 0.1268588089033073, 0.14515028351658865, 0.10066515367787926, 0.13947206798602935, 0.09844975751559927, 0.1741803402199064]
Timestep: 392 State: 2 Beliefs: [0.12212049636711514, 0.06643741503007493, 0.2616227230101366, 0.13225853549676503, 0.0914984148015201, 0.05957133630836912, 0.14745839703893054, 0.11903268194708853]
Timestep: 393 State: 0 Beliefs: [0.11516148531649002, 0.0650664621291779, 0.2815895657194127, 0.12987222464021395, 0.08815649372683479, 0.05847092777490231, 0.14479783851677583, 0.11688500217619255]
Timestep: 394 State: 2 Beliefs: [0.17349669495473527, 0.08731777402597811, 0.21724943029976004, 0.10893256581159202, 0.11504690457491717, 0.07846563951861567, 0.12145168158396902, 0.09803930923043282]
Timestep: 395 State: 2 Beliefs: [0.1274578332264413, 0.06419982075715708, 0.2800804015192441, 0.1280554133966057, 0.08452809575646159, 0.0576563337240639, 0.14277222956308128, 0.11524987205694515]
Timestep: 396 State: 2 Beliefs: [0.11632424181002195, 0.06470271551910975, 0.2896999809622144, 0.12915452398271202, 0.08173918439296352, 0.058142625905125894, 0.14399765584341173, 0.11623907158444081]
Timestep: 397 State: 0 Beliefs: [0.10850494569206139, 0.06438256086764739, 0.3016654505703295, 0.1285140081932586, 0.08013365163922224, 0.05785324712569127, 0.14328352853785695, 0.11566260737393273]
Timestep: 398 State: 4 Beliefs: [0.17027546375896005, 0.08766488408038473, 0.22562362476162204, 0.10936924051345094, 0.10792150120829722, 0.07877442792630188, 0.12193854128887736, 0.09843231646210582]
Timestep: 399 State: 2 Beliefs: [0.14732005868536346, 0.07602767603849865, 0.19242030206859237, 0.09478082608344443, 0.14378192490364938, 0.09103415707089929, 0.1408980638494189, 0.11373699130013333]
Timestep: 400 State: 0 Beliefs: [0.11968846024293683, 0.06524716442454442, 0.27355202302884174, 0.13009415788930764, 0.09071309511925135, 0.0585750796674087, 0.14504527752733257, 0.11708474210037688]
Timestep: 401 State: 2 Beliefs: [0.10635402595791937, 0.1164785589636749, 0.1253036615270179, 0.14531357468016362, 0.09406232345416154, 0.13955105427866843, 0.09856051152219793, 0.1743762896161963]
Timestep: 402 State: 5 Beliefs: [0.09421597691957632, 0.0793728177439124, 0.18436403105617838, 0.1451866744567405, 0.10784826749099984, 0.10171161727004807, 0.16072761681820677, 0.12657299824433785]
Timestep: 403 State: 0 Beliefs: [0.10074082328790207, 0.1171997029364775, 0.13032168295354038, 0.14600745194585796, 0.09123814606290333, 0.1402521091584899, 0.09903114131979933, 0.17520894233502954]
Timestep: 404 State: 2 Beliefs: [0.15135863280087078, 0.07763216825900382, 0.1881027080931316, 0.09674000303360958, 0.1333458767316697, 0.0929220954690321, 0.14381051197235098, 0.11608800364033149]
Timestep: 405 State: 2 Beliefs: [0.130161436388075, 0.06497000650893868, 0.27414938716677884, 0.1296689690449738, 0.08140378818212984, 0.0583731168722162, 0.14457122369641107, 0.11670207214047641]
Timestep: 406 State: 5 Beliefs: [0.11752362255942116, 0.06510911642412587, 0.28720827807995325, 0.1300495620744079, 0.07953312892051546, 0.05853612955284411, 0.1449955565217652, 0.1170446058669671]
Timestep: 407 State: 2 Beliefs: [0.08804997831925634, 0.11409474705742936, 0.13174753849494508, 0.14243295241799805, 0.08430280318347505, 0.17184573946352588, 0.09660669816177259, 0.17091954290159764]
Timestep: 408 State: 0 Beliefs: [0.11340606014829278, 0.06575240190052961, 0.27815910285913376, 0.13118674904864353, 0.08116872032097351, 0.0659954564453093, 0.14626343513333837, 0.11806807414377918]
Timestep: 409 State: 4 Beliefs: [0.16692399988870013, 0.08756057428141602, 0.21794169638431674, 0.1093480000659031, 0.10555842175571539, 0.09233924778966632, 0.12191485977496958, 0.09841320005931278]
Timestep: 410 State: 2 Beliefs: [0.09836651151177356, 0.11337911644039161, 0.13093973190994868, 0.14153495580337094, 0.09535892350836797, 0.15458119166503326, 0.09599762219706899, 0.1698419469640451]
Timestep: 411 State: 1 Beliefs: [0.11811908258044747, 0.06592670281680252, 0.2687242561154624, 0.131565804073841, 0.08655084135988425, 0.06401803618836036, 0.14668605319874511, 0.11840922366645691]
Timestep: 412 State: 2 Beliefs: [0.0886708828158979, 0.14040490946650425, 0.12083281851943145, 0.14208573825829454, 0.09007593905856276, 0.15105562958746901, 0.09637119638388675, 0.17050288590995347]
Timestep: 413 State: 0 Beliefs: [0.11000302868672282, 0.0725421742048554, 0.27565268639546997, 0.13103425919500183, 0.08491898946430189, 0.06182460845177855, 0.1460934203263677, 0.11793083327550166]
Timestep: 414 State: 0 Beliefs: [0.14616927492124646, 0.08996834041625494, 0.17972932008426012, 0.09582347239558445, 0.1315938114347193, 0.09927958625233477, 0.1424480276208987, 0.11498816687470133]
Timestep: 415 State: 0 Beliefs: [0.10298068826723265, 0.12648425057781018, 0.13102264364923819, 0.1417741582966008, 0.08822346376854841, 0.14322594159651966, 0.09615986388812925, 0.17012898995592093]
Timestep: 416 State: 4 Beliefs: [0.1175061107559783, 0.14205170049394683, 0.1495185082573356, 0.16382163634295868, 0.07391306652363329, 0.12241415077780554, 0.08333535413967898, 0.14743947270866278]
Timestep: 417 State: 4 Beliefs: [0.1026426649217151, 0.0870710550874484, 0.12022971984131983, 0.09468090437503937, 0.15959781841286358, 0.16713955709116468, 0.15028714980164978, 0.11835113046879919]
Timestep: 418 State: 2 Beliefs: [0.0996126713105491, 0.12264158570997805, 0.13604030625423877, 0.14216012377488585, 0.0912531303161587, 0.14127838493527348, 0.09642164916905302, 0.170592148529863]
Timestep: 419 State: 2 Beliefs: [0.12251920210623482, 0.07144346700242236, 0.2621236861611875, 0.13147038792070317, 0.08605987422408755, 0.06148036214812697, 0.14657967130860486, 0.11832334912863285]
Timestep: 420 State: 0 Beliefs: [0.11907082151292109, 0.07216071039465455, 0.2676858481465092, 0.13068420281692147, 0.08547662383369543, 0.06160287717165044, 0.1457031335884184, 0.11761578253522934]
Timestep: 421 State: 0 Beliefs: [0.17488065928520197, 0.09306819974416726, 0.21115971957464647, 0.10847666671423008, 0.11316810166527831, 0.08067426486093775, 0.12094338811273116, 0.09762900004280706]
Timestep: 422 State: 5 Beliefs: [0.1615054654460431, 0.07926875917106307, 0.19159537763524523, 0.09359365050028694, 0.1303569815553155, 0.09223413748231991, 0.13913324760938175, 0.11231238060034432]
Timestep: 423 State: 0 Beliefs: [0.10165332644693258, 0.11866352714942617, 0.13114617889373054, 0.14084712437755892, 0.08493293645332933, 0.1582092643698683, 0.09553109305608345, 0.1690165492530707]
Timestep: 424 State: 2 Beliefs: [0.17318970874116246, 0.09063798492287813, 0.21314040429794132, 0.10934061163491789, 0.1062699245664778, 0.08710819313939976, 0.12190662222579651, 0.0984065504714261]
Timestep: 425 State: 0 Beliefs: [0.12993668008207762, 0.06761556465010492, 0.2749033823985825, 0.1277106708643854, 0.07721560322185349, 0.06529062763833882, 0.1423878673667103, 0.11493960377794686]
Timestep: 426 State: 4 Beliefs: [0.1856690149785845, 0.09077944021536681, 0.20752644294871445, 0.10851713654372373, 0.10281025398014956, 0.08604377949162952, 0.12098850895248005, 0.09766542288935136]
Timestep: 427 State: 2 Beliefs: [0.10634915176134957, 0.1165004679405142, 0.12972396797568564, 0.14062992336625482, 0.09415526046776165, 0.14850154633964247, 0.09538377410928588, 0.16875590803950577]
Timestep: 428 State: 2 Beliefs: [0.16940312259639512, 0.0891519319543422, 0.2175135650494823, 0.10899426258607402, 0.11239696491307243, 0.0829248476898878, 0.12152046888327954, 0.09809483632746663]
Timestep: 429 State: 2 Beliefs: [0.11745685973881817, 0.06513800466506123, 0.2840679465948247, 0.12760245983501955, 0.08630066127697841, 0.06232463389336296, 0.1422672201444173, 0.1148422138515176]
Timestep: 430 State: 4 Beliefs: [0.10893059308343263, 0.06532707384345436, 0.29494798466308986, 0.12849328006593577, 0.08214122603996363, 0.061255472022014305, 0.1432604182227672, 0.1156439520593422]
Timestep: 431 State: 2 Beliefs: [0.1218224467835371, 0.07697697589938267, 0.1950499921618112, 0.09524749006568996, 0.1587838865506988, 0.09623042925792213, 0.14159179120213014, 0.11429698807882795]
Timestep: 432 State: 0 Beliefs: [0.10538373255218347, 0.06498528546583286, 0.28313833419216694, 0.1290272151714566, 0.09610570482615853, 0.06137951811837092, 0.14385571601951952, 0.11612449365431093]
Timestep: 433 State: 0 Beliefs: [0.14130400855595537, 0.07668275521740524, 0.18712583422674353, 0.09519624638905537, 0.14802466346331536, 0.09591538244558524, 0.14151561403507334, 0.11423549566686643]
Timestep: 434 State: 2 Beliefs: [0.16711878736025884, 0.08626027238813275, 0.22269153793598886, 0.10727793628053581, 0.11970350616482986, 0.08079092408111456, 0.11960689313665708, 0.09655014265248221]
Timestep: 435 State: 2 Beliefs: [0.12347593302743026, 0.06394623570245032, 0.28100574001693873, 0.12715036048570982, 0.08883613499034486, 0.05938710823129284, 0.14176316310869438, 0.11443532443713883]
Timestep: 436 State: 4 Beliefs: [0.11410834429259752, 0.06433925642474486, 0.2906487072586594, 0.1280695133996105, 0.08554912369658342, 0.0592345428539622, 0.14278795001419262, 0.11526256205964946]
Timestep: 437 State: 2 Beliefs: [0.12708234115060382, 0.07582144345152206, 0.19759486750754454, 0.09446565891908637, 0.15827961706977106, 0.09296773450691172, 0.14042954669165675, 0.11335879070290363]
Timestep: 438 State: 0 Beliefs: [0.10922516999729989, 0.06409555343869988, 0.28813195174508216, 0.12784313048899243, 0.09398755801851368, 0.05912226890821824, 0.14253554996310053, 0.11505881744009319]
Timestep: 439 State: 0 Beliefs: [0.166566948881844, 0.08675398582381891, 0.21633942844054388, 0.10819227417013602, 0.12440484605341166, 0.07974315822773273, 0.12062631164939044, 0.0973730467531224]
Timestep: 440 State: 2 Beliefs: [0.17530030509295072, 0.08504401464606003, 0.22353150516615442, 0.10608411596569142, 0.11805446047754847, 0.07823402170579877, 0.11827587257667385, 0.09547570436912227]
Timestep: 441 State: 2 Beliefs: [0.12533226540816214, 0.0636141285529366, 0.2829335452480731, 0.12695977213707374, 0.08728156855162134, 0.058064253855790386, 0.14155067132297622, 0.11426379492336636]
Timestep: 442 State: 5 Beliefs: [0.1151811292586775, 0.06420988192542855, 0.2912051788688723, 0.12820781228624942, 0.08450755484702703, 0.05835926880413817, 0.14294214295198254, 0.11538703105762449]
Timestep: 443 State: 2 Beliefs: [0.08727496701568387, 0.11302507511224953, 0.13536360536110603, 0.14110258004003054, 0.08681846779623462, 0.1713878499908119, 0.09570435863584681, 0.16932309604803666]
Timestep: 444 State: 4 Beliefs: [0.128734951567302, 0.07668431419935795, 0.21369450659139247, 0.09573573123682838, 0.12453753856480924, 0.10341248586077094, 0.14231759449534487, 0.11488287748419404]
Timestep: 445 State: 4 Beliefs: [0.0847130311016301, 0.11279749284961459, 0.14395163411854964, 0.14086227172522803, 0.0980311764025046, 0.15506830082291437, 0.09554136690928511, 0.16903472607027364]
Timestep: 446 State: 2 Beliefs: [0.08572745543663528, 0.11466156417857351, 0.1360857473858423, 0.1431718892898776, 0.10066195671580483, 0.15077722971836588, 0.09710789012704742, 0.17180626714785308]
Timestep: 447 State: 2 Beliefs: [0.10648157741202684, 0.06521639980652015, 0.28011296521715007, 0.13029643664455998, 0.09131295272574211, 0.06404207196988745, 0.14527080324400943, 0.11726679298010399]
Timestep: 448 State: 2 Beliefs: [0.09989664117827907, 0.0641426578390203, 0.2907681910929064, 0.12819485878739692, 0.09337848274852917, 0.06531609467776996, 0.14292770076744102, 0.11537537290865724]
Timestep: 449 State: 2 Beliefs: [0.09656503066012345, 0.06336066335323384, 0.3084180475025335, 0.12664557007737204, 0.08754082560039286, 0.06228849026238559, 0.14120035947432374, 0.11398101306963483]
Timestep: 450 State: 2 Beliefs: [0.1279431286557752, 0.08568179880756854, 0.269221593261235, 0.10705024650225671, 0.11265132953161912, 0.08175364536386391, 0.11935303602565041, 0.09634522185203104]
Timestep: 451 State: 4 Beliefs: [0.0963656343459124, 0.06221759297067832, 0.3278844128355902, 0.12437126714494427, 0.08055492272479947, 0.058007348118859284, 0.13866468142876623, 0.11193414043044986]
Timestep: 452 State: 2 Beliefs: [0.0766598524243505, 0.11508934324056175, 0.1428802523043119, 0.14381110271143133, 0.11006453268926938, 0.1413801497981694, 0.0975414435781882, 0.17257332325371758]
Timestep: 453 State: 0 Beliefs: [0.10138109416382553, 0.06515306690230956, 0.29246172426139766, 0.130207260419339, 0.08905507849972494, 0.05938386296816805, 0.14517137840783015, 0.11718653437740507]
Timestep: 454 State: 2 Beliefs: [0.1368926380151432, 0.07655053871635878, 0.19765150760202452, 0.09565569334099716, 0.14280072463466129, 0.0934634528941063, 0.1421986127875122, 0.1147868320091966]
Timestep: 455 State: 0 Beliefs: [0.10941249869935744, 0.06389630621241141, 0.29665493026309275, 0.127726675896379, 0.08669166028921223, 0.05825820854982822, 0.14240571178297778, 0.11495400830674113]
Timestep: 456 State: 0 Beliefs: [0.1505743660570918, 0.07607601094598815, 0.19554094620952311, 0.09506377696677082, 0.13496358644724912, 0.09238609167160455, 0.14131868934164737, 0.11407653236012495]
Timestep: 457 State: 2 Beliefs: [0.1504871763995403, 0.07562881520531019, 0.20271565976917671, 0.09448817936040106, 0.13131273375992172, 0.09151859543293075, 0.140463024840238, 0.11338581523248127]
Timestep: 458 State: 2 Beliefs: [0.12269189560232828, 0.06400517005954107, 0.28637260941989867, 0.12794601313236859, 0.08318469832673611, 0.05799794520733982, 0.1426502564326557, 0.11515141181913172]
Timestep: 459 State: 0 Beliefs: [0.11492665566984607, 0.06432372781306671, 0.2938924321731572, 0.12860656611183022, 0.08089274665070562, 0.05822523837098996, 0.14338672370975694, 0.11574590950064718]
Timestep: 460 State: 5 Beliefs: [0.10464865365613689, 0.11538266097740883, 0.1398250919114625, 0.14418284202554543, 0.08608844907420626, 0.1390593121159548, 0.09779357980863082, 0.1730194104306545]
Timestep: 461 State: 5 Beliefs: [0.06776262497511039, 0.12070554708157602, 0.07958499075061608, 0.13264165125102678, 0.11304580302788696, 0.22097608041173034, 0.0994812384382701, 0.16580206406378348]
Timestep: 462 State: 2 Beliefs: [0.09132255733760578, 0.11517784834627061, 0.14750178560259572, 0.14380468529808113, 0.0854593662957476, 0.1466310438641729, 0.09753709089782893, 0.17256562235769735]
Timestep: 463 State: 0 Beliefs: [0.11295065368092465, 0.06526937060301992, 0.2859498498534567, 0.13047824074071218, 0.07883035663526879, 0.06361761057622768, 0.14547350124374925, 0.11743041666664096]
Timestep: 464 State: 2 Beliefs: [0.17625854423106815, 0.08764665169005105, 0.21389071986101696, 0.10953588825401893, 0.10492623970305308, 0.0870353157489625, 0.12212434108321216, 0.09858229942861703]
Timestep: 465 State: 2 Beliefs: [0.12119345244127813, 0.063662420288733, 0.2908564843751575, 0.12728876747980333, 0.07680931657875001, 0.06371219152622651, 0.14191747657822848, 0.114559890731823]
Timestep: 466 State: 0 Beliefs: [0.11105542959070615, 0.06451893030327738, 0.29682815129979534, 0.12901163244079197, 0.0761861864988254, 0.06245085823217235, 0.14383834243771879, 0.11611046919671278]
Timestep: 467 State: 4 Beliefs: [0.14714032995276638, 0.0767206338128147, 0.2041813473030573, 0.09588174828531366, 0.12006586497665017, 0.09841731908198795, 0.14253465864503345, 0.1150580979423764]
Timestep: 468 State: 2 Beliefs: [0.13446354576817796, 0.07574485731559057, 0.20976421143079083, 0.09465128927832316, 0.13510455762529844, 0.09598449275945836, 0.14070549868837293, 0.1135815471339878]
Timestep: 469 State: 2 Beliefs: [0.11442937186640846, 0.0642919874362265, 0.2889290001355059, 0.12854453939049643, 0.08397302676661034, 0.06082442040897616, 0.14331756854432962, 0.1156900854514468]
Timestep: 470 State: 2 Beliefs: [0.10754809317150965, 0.06467272251233668, 0.29519796395829045, 0.12932057122333582, 0.08197539220796415, 0.06071395670043893, 0.14418278612512217, 0.11638851410100223]
Timestep: 471 State: 2 Beliefs: [0.09881464868177767, 0.06411814157161747, 0.30983541698984246, 0.12821171368447346, 0.08064560821625219, 0.060037435820157525, 0.14294649271985324, 0.1153905423160261]
Timestep: 472 State: 0 Beliefs: [0.09320850619437428, 0.0639106223884306, 0.31825845119930957, 0.12779710770175426, 0.0796779192031889, 0.05964575839149743, 0.1424842379898663, 0.11501739693157882]
Timestep: 473 State: 2 Beliefs: [0.15474610823410423, 0.0877352614233732, 0.23649577161197713, 0.10964858673145723, 0.10873870133698697, 0.08170185112856801, 0.12224999147522171, 0.09868372805831149]
Timestep: 474 State: 2 Beliefs: [0.10778082479770351, 0.0633865917908266, 0.30698342333507395, 0.1267400760922232, 0.08036155824783565, 0.05937573062514112, 0.14130572662819513, 0.1140660684830009]
Timestep: 475 State: 0 Beliefs: [0.101867770403452, 0.06381930860946176, 0.3125438620169203, 0.12761468684630584, 0.07797055705182968, 0.059049744560817116, 0.142280852349538, 0.11485321816167525]
Timestep: 476 State: 2 Beliefs: [0.11070819106977722, 0.13190995667916472, 0.1652010215285483, 0.16485675331293304, 0.0732292450129686, 0.12186184077317201, 0.08386191364179638, 0.1483710779816397]
Timestep: 477 State: 4 Beliefs: [0.0941150675445181, 0.07952120714083682, 0.18398319608831795, 0.1448867669195504, 0.1034903376638449, 0.10729627740530304, 0.16039560684622592, 0.12631154039140294]
Timestep: 478 State: 2 Beliefs: [0.08836975654538243, 0.11645652453597286, 0.14979633196434916, 0.14552208808305903, 0.08473533792537478, 0.141791517242029, 0.09870193800416177, 0.1746265056996708]
Timestep: 479 State: 2 Beliefs: [0.10762275401069482, 0.06488343166321209, 0.3000360238928865, 0.12970943459584672, 0.07719975813153596, 0.05919376680374486, 0.14461633976581717, 0.11673849113626206]
Timestep: 480 State: 0 Beliefs: [0.10387962788364, 0.0640049383101457, 0.3118840944347522, 0.12798604395406532, 0.07577484406431922, 0.058588123982945876, 0.14269488781147283, 0.11518743955865877]
Timestep: 481 State: 2 Beliefs: [0.14245712650108255, 0.07673846581593359, 0.2127055987956967, 0.09590538980970369, 0.12093238415988486, 0.09360476378715148, 0.14256980335890282, 0.11508646777164443]
Timestep: 482 State: 0 Beliefs: [0.1096650606493333, 0.06368099783666516, 0.3095318103141221, 0.1273242325923793, 0.07521774176348422, 0.05803132997877402, 0.1419570175321005, 0.11459180933314136]
Timestep: 483 State: 2 Beliefs: [0.1524951175011161, 0.07701357700822488, 0.20288095739184536, 0.09624940801293168, 0.11947565465846637, 0.0933047862881963, 0.14308120952370143, 0.11549928961551802]
Timestep: 484 State: 0 Beliefs: [0.11465438256603534, 0.06409958923322936, 0.3020026707351829, 0.12816139199791513, 0.07475416240709129, 0.058092162467731995, 0.14289038779469046, 0.11534525279812362]
Timestep: 485 State: 2 Beliefs: [0.17691007811066678, 0.08791680897101162, 0.2231057808865275, 0.10987605135232897, 0.10126081387556674, 0.0795384230342802, 0.122503597552522, 0.09888844621709608]
Timestep: 486 State: 5 Beliefs: [0.12002769578326061, 0.06412632390105566, 0.29707835329195326, 0.12822033780093217, 0.07424027624133879, 0.05795260099450663, 0.1429561079661139, 0.11539830402083895]
Timestep: 487 State: 2 Beliefs: [0.08786121187384127, 0.11467309262901199, 0.13007729442194327, 0.1433155103376214, 0.07988056435485646, 0.17500841131380201, 0.09720530266377801, 0.17197861240514567]
Timestep: 488 State: 5 Beliefs: [0.09365756437228177, 0.0780368795697789, 0.18395130227549977, 0.14486165054195607, 0.11071231403479806, 0.10212284315969822, 0.16036780198376901, 0.12628964406221813]
Timestep: 489 State: 0 Beliefs: [0.08212496579080317, 0.11611127018366654, 0.1403241331163465, 0.1451137353371259, 0.08117896233688536, 0.1625854825150056, 0.09842496831561584, 0.17413648240455107]
Timestep: 490 State: 4 Beliefs: [0.13338604123116365, 0.07831071507835853, 0.20126072329207542, 0.09787391836464228, 0.12021821907628613, 0.10600552764947983, 0.14549615327042345, 0.11744870203757073]
Timestep: 491 State: 0 Beliefs: [0.08802731636519853, 0.11488453551235066, 0.13069003018329892, 0.14359166080852467, 0.08978055902896867, 0.16332330040912543, 0.09739260472230371, 0.17230999297022961]
Timestep: 492 State: 0 Beliefs: [0.09527197321062433, 0.11649821898199866, 0.1253126252708765, 0.14560114314301506, 0.08747702964699294, 0.15636208001700339, 0.0987555579578711, 0.17472137177161806]
Timestep: 493 State: 0 Beliefs: [0.08240364167678026, 0.1459522371029512, 0.09696600184203305, 0.1616100030700551, 0.09151296204256898, 0.19612991921404746, 0.08453446314433652, 0.1408907719072275]
Timestep: 494 State: 0 Beliefs: [0.1014420719932137, 0.1160027878952661, 0.12872982065725316, 0.14497736169551328, 0.08500834250642479, 0.1515343098068431, 0.0983324714108699, 0.17397283403461594]
Timestep: 495 State: 5 Beliefs: [0.11014536334368398, 0.08346370007331863, 0.12002202489321012, 0.09451734460340297, 0.16204848201644953, 0.16162887319916844, 0.15002753111651262, 0.1181466807542537]
Timestep: 496 State: 4 Beliefs: [0.10799229448180274, 0.11548399591969269, 0.12335418224150785, 0.1443334226010397, 0.08388500256564048, 0.15385528234836363, 0.0978957127207052, 0.17320010712124764]
Timestep: 497 State: 4 Beliefs: [0.10709003245325958, 0.08197072827725352, 0.11974303600390236, 0.0942976408530731, 0.16127796823431118, 0.1680697481069808, 0.1496787950048779, 0.11787205106634135]
Timestep: 498 State: 0 Beliefs: [0.10352867889685669, 0.11516570724366658, 0.11829570116377974, 0.14394303914030773, 0.09526112987883445, 0.15344316581302017, 0.09763093089516525, 0.17273164696836926]
Timestep: 499 State: 2 Beliefs: [0.17464860378452485, 0.08907382208355645, 0.19233350485808592, 0.11133241652548281, 0.11946340961202329, 0.08882173222677175, 0.12412733603662038, 0.1001991748729345]
