Timestep: 0, Trans probs: [0.125, 0.125, 0.125, 0.125, 0.125, 0.125, 0.125, 0.125]
Timestep: 1, Trans probs: [0.125, 0.125, 0.125, 0.125, 0.125, 0.125, 0.125, 0.125]
Timestep: 2, Trans probs: [0.1111111111111111, 0.1111111111111111, 0.1111111111111111, 0.1111111111111111, 0.2222222222222222, 0.1111111111111111, 0.1111111111111111, 0.1111111111111111]
Timestep: 3, Trans probs: [0.125, 0.125, 0.125, 0.125, 0.125, 0.125, 0.125, 0.125]
Timestep: 4, Trans probs: [0.20371382438370345, 0.10185691219185172, 0.10185691219185172, 0.10185691219185172, 0.18514470246518622, 0.10185691219185172, 0.10185691219185172, 0.10185691219185172]
Timestep: 5, Trans probs: [0.1111111111111111, 0.1111111111111111, 0.1111111111111111, 0.1111111111111111, 0.1111111111111111, 0.2222222222222222, 0.1111111111111111, 0.1111111111111111]
Timestep: 6, Trans probs: [0.10185691219185172, 0.10185691219185172, 0.10185691219185172, 0.10185691219185172, 0.20371382438370345, 0.18514470246518624, 0.10185691219185172, 0.10185691219185172]
Timestep: 7, Trans probs: [0.09606666385977643, 0.09606666385977643, 0.09606666385977643, 0.09606666385977643, 0.26662332554425733, 0.1569766912970841, 0.09606666385977643, 0.09606666385977643]
Timestep: 8, Trans probs: [0.09455357697107358, 0.09455357697107358, 0.09455357697107358, 0.09455357697107358, 0.2989112032172103, 0.13376733495634813, 0.09455357697107358, 0.09455357697107358]
Timestep: 9, Trans probs: [0.17055666168448091, 0.09606666385977643, 0.09606666385977643, 0.09606666385977643, 0.25304335515686055, 0.09606666385977643, 0.09606666385977643, 0.09606666385977643]
Timestep: 10, Trans probs: [0.14319896246404346, 0.09419031778564761, 0.09419031778564761, 0.09419031778564761, 0.19746881303642325, 0.18838063557129522, 0.09419031778564761, 0.09419031778564761]
Timestep: 11, Trans probs: [0.12684308724580123, 0.09118526003079272, 0.09118526003079272, 0.09118526003079272, 0.16632887526122267, 0.25090173733901255, 0.09118526003079272, 0.09118526003079272]
Timestep: 12, Trans probs: [0.125, 0.125, 0.125, 0.125, 0.125, 0.125, 0.125, 0.125]
Timestep: 13, Trans probs: [0.125, 0.125, 0.125, 0.125, 0.125, 0.125, 0.125, 0.125]
Timestep: 14, Trans probs: [0.2222222222222222, 0.1111111111111111, 0.1111111111111111, 0.1111111111111111, 0.1111111111111111, 0.1111111111111111, 0.1111111111111111, 0.1111111111111111]
Timestep: 15, Trans probs: [0.12684308724580123, 0.09118526003079272, 0.09118526003079272, 0.09118526003079272, 0.16632887526122267, 0.25090173733901255, 0.09118526003079272, 0.09118526003079272]
Timestep: 16, Trans probs: [0.09497403732472988, 0.09497403732472988, 0.09497403732472988, 0.09497403732472988, 0.21682581780192559, 0.21332995824969503, 0.09497403732472988, 0.09497403732472988]
Timestep: 17, Trans probs: [0.2222222222222222, 0.1111111111111111, 0.1111111111111111, 0.1111111111111111, 0.1111111111111111, 0.1111111111111111, 0.1111111111111111, 0.1111111111111111]
Timestep: 18, Trans probs: [0.09497403732472988, 0.09497403732472988, 0.09497403732472988, 0.09497403732472988, 0.21682581780192559, 0.21332995824969503, 0.09497403732472988, 0.09497403732472988]
Timestep: 19, Trans probs: [0.11485241692822563, 0.09103096109550833, 0.09103096109550833, 0.09103096109550833, 0.23226212930203657, 0.1977306482921962, 0.09103096109550833, 0.09103096109550833]
Timestep: 20, Trans probs: [0.1111111111111111, 0.1111111111111111, 0.2222222222222222, 0.1111111111111111, 0.1111111111111111, 0.1111111111111111, 0.1111111111111111, 0.1111111111111111]
Timestep: 21, Trans probs: [0.11485241692822563, 0.09103096109550833, 0.09103096109550833, 0.09103096109550833, 0.23226212930203657, 0.1977306482921962, 0.09103096109550833, 0.09103096109550833]
Timestep: 22, Trans probs: [0.1111111111111111, 0.1111111111111111, 0.2222222222222222, 0.1111111111111111, 0.1111111111111111, 0.1111111111111111, 0.1111111111111111, 0.1111111111111111]
Timestep: 23, Trans probs: [0.19688393382957045, 0.09844196691478523, 0.09844196691478523, 0.09844196691478523, 0.09844196691478523, 0.21246426468171817, 0.09844196691478523, 0.09844196691478523]
Timestep: 24, Trans probs: [0.20371382438370345, 0.10185691219185172, 0.18514470246518622, 0.10185691219185172, 0.10185691219185172, 0.10185691219185172, 0.10185691219185172, 0.10185691219185172]
Timestep: 25, Trans probs: [0.11485241692822563, 0.09103096109550833, 0.09103096109550833, 0.09103096109550833, 0.23226212930203657, 0.1977306482921962, 0.09103096109550833, 0.09103096109550833]
Timestep: 26, Trans probs: [0.2222222222222222, 0.1111111111111111, 0.1111111111111111, 0.1111111111111111, 0.1111111111111111, 0.1111111111111111, 0.1111111111111111, 0.1111111111111111]
Timestep: 27, Trans probs: [0.09330981142963408, 0.09330981142963408, 0.09330981142963408, 0.09330981142963408, 0.1745814793861944, 0.26555965203600107, 0.09330981142963408, 0.09330981142963408]
Timestep: 28, Trans probs: [0.09331205043898301, 0.09331205043898301, 0.09331205043898301, 0.09331205043898301, 0.23797688042614906, 0.20215081693995293, 0.09331205043898301, 0.09331205043898301]
Timestep: 29, Trans probs: [0.20435762624613674, 0.09455357697107358, 0.22832091192742174, 0.09455357697107358, 0.09455357697107358, 0.09455357697107358, 0.09455357697107358, 0.09455357697107358]
Timestep: 30, Trans probs: [0.10685304456321452, 0.09093755134318225, 0.09093755134318225, 0.09093755134318225, 0.18529633931285255, 0.2531628594080216, 0.09093755134318225, 0.09093755134318225]
Timestep: 31, Trans probs: [0.20371382438370345, 0.10185691219185172, 0.18514470246518622, 0.10185691219185172, 0.10185691219185172, 0.10185691219185172, 0.10185691219185172, 0.10185691219185172]
Timestep: 32, Trans probs: [0.09331205043898301, 0.09331205043898301, 0.09331205043898301, 0.09331205043898301, 0.23797688042614906, 0.20215081693995293, 0.09331205043898301, 0.09331205043898301]
Timestep: 33, Trans probs: [0.2222222222222222, 0.1111111111111111, 0.1111111111111111, 0.1111111111111111, 0.1111111111111111, 0.1111111111111111, 0.1111111111111111, 0.1111111111111111]
Timestep: 34, Trans probs: [0.20371382438370345, 0.10185691219185172, 0.18514470246518622, 0.10185691219185172, 0.10185691219185172, 0.10185691219185172, 0.10185691219185172, 0.10185691219185172]
Timestep: 35, Trans probs: [0.09331205043898301, 0.09331205043898301, 0.09331205043898301, 0.09331205043898301, 0.23797688042614906, 0.20215081693995293, 0.09331205043898301, 0.09331205043898301]
Timestep: 36, Trans probs: [0.28700161465703794, 0.10185691219185172, 0.10185691219185172, 0.10185691219185172, 0.10185691219185172, 0.10185691219185172, 0.10185691219185172, 0.10185691219185172]
Timestep: 37, Trans probs: [0.10685304456321452, 0.09093755134318225, 0.09093755134318225, 0.09093755134318225, 0.18529633931285255, 0.2531628594080216, 0.09093755134318225, 0.09093755134318225]
Timestep: 38, Trans probs: [0.28700161465703794, 0.10185691219185172, 0.10185691219185172, 0.10185691219185172, 0.10185691219185172, 0.10185691219185172, 0.10185691219185172, 0.10185691219185172]
Timestep: 39, Trans probs: [0.10685304456321452, 0.09093755134318225, 0.09093755134318225, 0.09093755134318225, 0.18529633931285255, 0.2531628594080216, 0.09093755134318225, 0.09093755134318225]
Timestep: 40, Trans probs: [0.28700161465703794, 0.10185691219185172, 0.10185691219185172, 0.10185691219185172, 0.10185691219185172, 0.10185691219185172, 0.10185691219185172, 0.10185691219185172]
Timestep: 41, Trans probs: [0.09331205043898301, 0.09331205043898301, 0.09331205043898301, 0.09331205043898301, 0.23797688042614906, 0.20215081693995293, 0.09331205043898301, 0.09331205043898301]
Timestep: 42, Trans probs: [0.20371382438370345, 0.10185691219185172, 0.18514470246518622, 0.10185691219185172, 0.10185691219185172, 0.10185691219185172, 0.10185691219185172, 0.10185691219185172]
Timestep: 43, Trans probs: [0.09331205043898301, 0.09331205043898301, 0.09331205043898301, 0.09331205043898301, 0.23797688042614906, 0.20215081693995293, 0.09331205043898301, 0.09331205043898301]
Timestep: 44, Trans probs: [0.09283493515479302, 0.09283493515479302, 0.09283493515479302, 0.09283493515479302, 0.27953551686241596, 0.16345487220882585, 0.09283493515479302, 0.09283493515479302]
Timestep: 45, Trans probs: [0.28700161465703794, 0.10185691219185172, 0.10185691219185172, 0.10185691219185172, 0.10185691219185172, 0.10185691219185172, 0.10185691219185172, 0.10185691219185172]
Timestep: 46, Trans probs: [0.21246426468171814, 0.09844196691478524, 0.19688393382957048, 0.09844196691478524, 0.09844196691478524, 0.09844196691478524, 0.09844196691478524, 0.09844196691478524]
Timestep: 47, Trans probs: [0.11207577083545701, 0.09112088459267485, 0.09112088459267485, 0.09112088459267485, 0.288101421507351, 0.14421838469381768, 0.09112088459267485, 0.09112088459267485]
Timestep: 48, Trans probs: [0.21246426468171814, 0.09844196691478524, 0.19688393382957048, 0.09844196691478524, 0.09844196691478524, 0.09844196691478524, 0.09844196691478524, 0.09844196691478524]
Timestep: 49, Trans probs: [0.09283493515479302, 0.09283493515479302, 0.09283493515479302, 0.09283493515479302, 0.27953551686241596, 0.16345487220882585, 0.09283493515479302, 0.09283493515479302]
Timestep: 50, Trans probs: [0.10685304456321452, 0.09093755134318225, 0.09093755134318225, 0.09093755134318225, 0.18529633931285255, 0.2531628594080216, 0.09093755134318225, 0.09093755134318225]
Timestep: 51, Trans probs: [0.17055666168448094, 0.09606666385977643, 0.25304335515686055, 0.09606666385977643, 0.09606666385977643, 0.09606666385977643, 0.09606666385977643, 0.09606666385977643]
Timestep: 52, Trans probs: [0.21246426468171814, 0.09844196691478524, 0.19688393382957048, 0.09844196691478524, 0.09844196691478524, 0.09844196691478524, 0.09844196691478524, 0.09844196691478524]
Timestep: 53, Trans probs: [0.09349164435742878, 0.09349164435742878, 0.09349164435742878, 0.09349164435742878, 0.20854691617599017, 0.23050321767943718, 0.09349164435742878, 0.09349164435742878]
Timestep: 54, Trans probs: [0.09283841958451897, 0.09283841958451897, 0.09283841958451897, 0.09283841958451897, 0.2607415522751476, 0.18222793021773862, 0.09283841958451897, 0.09283841958451897]
Timestep: 55, Trans probs: [0.13527231288906122, 0.0921860067101961, 0.20588723248682572, 0.0921860067101961, 0.1843720134203922, 0.10572441436293636, 0.0921860067101961, 0.0921860067101961]
Timestep: 56, Trans probs: [0.09301169569603904, 0.09301169569603904, 0.09301169569603904, 0.09301169569603904, 0.2923246698865098, 0.14960515593725587, 0.09301169569603904, 0.09301169569603904]
Timestep: 57, Trans probs: [0.21246426468171814, 0.09844196691478524, 0.19688393382957048, 0.09844196691478524, 0.09844196691478524, 0.09844196691478524, 0.09844196691478524, 0.09844196691478524]
Timestep: 58, Trans probs: [0.11207577083545701, 0.09112088459267485, 0.09112088459267485, 0.09112088459267485, 0.288101421507351, 0.14421838469381768, 0.09112088459267485, 0.09112088459267485]
Timestep: 59, Trans probs: [0.125, 0.125, 0.125, 0.125, 0.125, 0.125, 0.125, 0.125]
Timestep: 60, Trans probs: [0.21246426468171814, 0.09844196691478524, 0.19688393382957048, 0.09844196691478524, 0.09844196691478524, 0.09844196691478524, 0.09844196691478524, 0.09844196691478524]
Timestep: 61, Trans probs: [0.09301169569603904, 0.09301169569603904, 0.09301169569603904, 0.09301169569603904, 0.2923246698865098, 0.14960515593725587, 0.09301169569603904, 0.09301169569603904]
Timestep: 62, Trans probs: [0.10685304456321452, 0.09093755134318225, 0.09093755134318225, 0.09093755134318225, 0.18529633931285255, 0.2531628594080216, 0.09093755134318225, 0.09093755134318225]
Timestep: 63, Trans probs: [0.21246426468171814, 0.09844196691478524, 0.19688393382957048, 0.09844196691478524, 0.09844196691478524, 0.09844196691478524, 0.09844196691478524, 0.09844196691478524]
Timestep: 64, Trans probs: [0.10685304456321452, 0.09093755134318225, 0.09093755134318225, 0.09093755134318225, 0.18529633931285255, 0.2531628594080216, 0.09093755134318225, 0.09093755134318225]
Timestep: 65, Trans probs: [0.21246426468171814, 0.09844196691478524, 0.19688393382957048, 0.09844196691478524, 0.09844196691478524, 0.09844196691478524, 0.09844196691478524, 0.09844196691478524]
Timestep: 66, Trans probs: [0.10685304456321452, 0.09093755134318225, 0.09093755134318225, 0.09093755134318225, 0.18529633931285255, 0.2531628594080216, 0.09093755134318225, 0.09093755134318225]
Timestep: 67, Trans probs: [0.14319896246404346, 0.09419031778564761, 0.29165913082207084, 0.09419031778564761, 0.09419031778564761, 0.09419031778564761, 0.09419031778564761, 0.09419031778564761]
Timestep: 68, Trans probs: [0.09398971050787126, 0.09398971050787126, 0.09398971050787126, 0.09398971050787126, 0.2140048854176011, 0.22205685153517135, 0.09398971050787126, 0.09398971050787126]
Timestep: 69, Trans probs: [0.14319896246404346, 0.09419031778564761, 0.29165913082207084, 0.09419031778564761, 0.09419031778564761, 0.09419031778564761, 0.09419031778564761, 0.09419031778564761]
Timestep: 70, Trans probs: [0.10685304456321452, 0.09093755134318225, 0.09093755134318225, 0.09093755134318225, 0.18529633931285255, 0.2531628594080216, 0.09093755134318225, 0.09093755134318225]
Timestep: 71, Trans probs: [0.14319896246404346, 0.09419031778564761, 0.29165913082207084, 0.09419031778564761, 0.09419031778564761, 0.09419031778564761, 0.09419031778564761, 0.09419031778564761]
Timestep: 72, Trans probs: [0.09398971050787126, 0.09398971050787126, 0.09398971050787126, 0.09398971050787126, 0.2140048854176011, 0.22205685153517135, 0.09398971050787126, 0.09398971050787126]
Timestep: 73, Trans probs: [0.14319896246404346, 0.09419031778564761, 0.29165913082207084, 0.09419031778564761, 0.09419031778564761, 0.09419031778564761, 0.09419031778564761, 0.09419031778564761]
Timestep: 74, Trans probs: [0.10685304456321452, 0.09093755134318225, 0.09093755134318225, 0.09093755134318225, 0.18529633931285255, 0.2531628594080216, 0.09093755134318225, 0.09093755134318225]
Timestep: 75, Trans probs: [0.14319896246404346, 0.09419031778564761, 0.29165913082207084, 0.09419031778564761, 0.09419031778564761, 0.09419031778564761, 0.09419031778564761, 0.09419031778564761]
Timestep: 76, Trans probs: [0.10685304456321452, 0.09093755134318225, 0.09093755134318225, 0.09093755134318225, 0.18529633931285255, 0.2531628594080216, 0.09093755134318225, 0.09093755134318225]
Timestep: 77, Trans probs: [0.2573746601508782, 0.0895287045791683, 0.1697051149533905, 0.0895287045791683, 0.12069903689985495, 0.09410636967920315, 0.0895287045791683, 0.0895287045791683]
Timestep: 78, Trans probs: [0.14319896246404346, 0.09419031778564761, 0.29165913082207084, 0.09419031778564761, 0.09419031778564761, 0.09419031778564761, 0.09419031778564761, 0.09419031778564761]
Timestep: 79, Trans probs: [0.21872927564915812, 0.0945154962802646, 0.21417774666925435, 0.0945154962802646, 0.0945154962802646, 0.0945154962802646, 0.0945154962802646, 0.0945154962802646]
Timestep: 80, Trans probs: [0.2686293448446751, 0.09315159271082593, 0.17246109889036926, 0.09315159271082593, 0.09315159271082593, 0.09315159271082593, 0.09315159271082593, 0.09315159271082593]
Timestep: 81, Trans probs: [0.21246426468171814, 0.09844196691478524, 0.19688393382957048, 0.09844196691478524, 0.09844196691478524, 0.09844196691478524, 0.09844196691478524, 0.09844196691478524]
Timestep: 82, Trans probs: [0.2035827204700638, 0.09332299085806728, 0.23647933438153262, 0.09332299085806728, 0.09332299085806728, 0.09332299085806728, 0.09332299085806728, 0.09332299085806728]
Timestep: 83, Trans probs: [0.2689006764143561, 0.09461691054399474, 0.16339786032167547, 0.09461691054399474, 0.09461691054399474, 0.09461691054399474, 0.09461691054399474, 0.09461691054399474]
Timestep: 84, Trans probs: [0.09398971050787126, 0.09398971050787126, 0.09398971050787126, 0.09398971050787126, 0.2140048854176011, 0.22205685153517135, 0.09398971050787126, 0.09398971050787126]
Timestep: 85, Trans probs: [0.2689006764143561, 0.09461691054399474, 0.16339786032167547, 0.09461691054399474, 0.09461691054399474, 0.09461691054399474, 0.09461691054399474, 0.09461691054399474]
Timestep: 86, Trans probs: [0.21541550706574578, 0.09222905061562682, 0.21679309146653736, 0.09222905061562682, 0.10479998496546399, 0.09407521403974559, 0.09222905061562682, 0.09222905061562682]
Timestep: 87, Trans probs: [0.1111111111111111, 0.1111111111111111, 0.2222222222222222, 0.1111111111111111, 0.1111111111111111, 0.1111111111111111, 0.1111111111111111, 0.1111111111111111]
Timestep: 88, Trans probs: [0.10685304456321452, 0.09093755134318225, 0.09093755134318225, 0.09093755134318225, 0.18529633931285255, 0.2531628594080216, 0.09093755134318225, 0.09093755134318225]
Timestep: 89, Trans probs: [0.20463803006923303, 0.09396039094433535, 0.13763923332041947, 0.09396039094433535, 0.1879207818886707, 0.09396039094433535, 0.09396039094433535, 0.09396039094433535]
Timestep: 90, Trans probs: [0.16443196686103365, 0.09282451097623604, 0.2786209672815502, 0.09282451097623604, 0.09282451097623604, 0.09282451097623604, 0.09282451097623604, 0.09282451097623604]
Timestep: 91, Trans probs: [0.23111344001861614, 0.09345996982806067, 0.2081267410130199, 0.09345996982806067, 0.09345996982806067, 0.09345996982806067, 0.09345996982806067, 0.09345996982806067]
Timestep: 92, Trans probs: [0.26218831709244944, 0.09124133937875599, 0.12269710624226983, 0.09124133937875599, 0.15890787977150084, 0.09124133937875599, 0.09124133937875599, 0.09124133937875599]
Timestep: 93, Trans probs: [0.17776669051314808, 0.0918517583437114, 0.20455173769545024, 0.0918517583437114, 0.15842278007284463, 0.0918517583437114, 0.0918517583437114, 0.0918517583437114]
Timestep: 94, Trans probs: [0.18258494277704101, 0.09283115210748726, 0.2604281445780355, 0.09283115210748726, 0.09283115210748726, 0.09283115210748726, 0.09283115210748726, 0.09283115210748726]
Timestep: 95, Trans probs: [0.10685304456321452, 0.09093755134318225, 0.09093755134318225, 0.09093755134318225, 0.18529633931285255, 0.2531628594080216, 0.09093755134318225, 0.09093755134318225]
Timestep: 96, Trans probs: [0.2033548732111178, 0.09147128466936368, 0.1120588617303462, 0.09147128466936368, 0.135758557042354, 0.18294256933872735, 0.09147128466936368, 0.09147128466936368]
Timestep: 97, Trans probs: [0.18258494277704101, 0.09283115210748726, 0.2604281445780355, 0.09283115210748726, 0.09283115210748726, 0.09283115210748726, 0.09283115210748726, 0.09283115210748726]
Timestep: 98, Trans probs: [0.2606180928293091, 0.08922148263121527, 0.1043424382005642, 0.08922148263121527, 0.1217491509360392, 0.15640438750922656, 0.08922148263121527, 0.08922148263121527]
Timestep: 99, Trans probs: [0.09398971050787126, 0.09398971050787126, 0.09398971050787126, 0.09398971050787126, 0.2140048854176011, 0.22205685153517135, 0.09398971050787126, 0.09398971050787126]
Timestep: 100, Trans probs: [0.2606180928293091, 0.08922148263121527, 0.1043424382005642, 0.08922148263121527, 0.1217491509360392, 0.15640438750922656, 0.08922148263121527, 0.08922148263121527]
Timestep: 101, Trans probs: [0.09398971050787126, 0.09398971050787126, 0.09398971050787126, 0.09398971050787126, 0.2140048854176011, 0.22205685153517135, 0.09398971050787126, 0.09398971050787126]
Timestep: 102, Trans probs: [0.14984318322644846, 0.09300223489305778, 0.29214340741520484, 0.09300223489305778, 0.09300223489305778, 0.09300223489305778, 0.09300223489305778, 0.09300223489305778]
Timestep: 103, Trans probs: [0.09398971050787126, 0.09398971050787126, 0.09398971050787126, 0.09398971050787126, 0.2140048854176011, 0.22205685153517135, 0.09398971050787126, 0.09398971050787126]
Timestep: 104, Trans probs: [0.2606180928293091, 0.08922148263121527, 0.1043424382005642, 0.08922148263121527, 0.1217491509360392, 0.15640438750922656, 0.08922148263121527, 0.08922148263121527]
Timestep: 105, Trans probs: [0.2038763678156913, 0.08997670625694294, 0.1900018709974182, 0.08997670625694294, 0.11159259706675942, 0.13462233909235927, 0.08997670625694294, 0.08997670625694294]
Timestep: 106, Trans probs: [0.17966417903129697, 0.12134548720341942, 0.24986405232986705, 0.08914848606376946, 0.09209902235775637, 0.08958180088635179, 0.08914848606376946, 0.08914848606376946]
Timestep: 107, Trans probs: [0.17107455034613642, 0.08855681120282695, 0.16102278993239358, 0.08855681120282695, 0.19277384838687583, 0.1209015665232864, 0.08855681120282695, 0.08855681120282695]
Timestep: 108, Trans probs: [0.14844166126361777, 0.08698516761764706, 0.2279406088707388, 0.08698516761764706, 0.16460258358174756, 0.11107447581330748, 0.08698516761764706, 0.08698516761764706]
Timestep: 109, Trans probs: [0.1306389472512591, 0.08725961306287015, 0.2740132393542445, 0.08725961306287015, 0.14204620478321742, 0.10426315635979827, 0.08725961306287015, 0.08725961306287015]
Timestep: 110, Trans probs: [0.14984318322644846, 0.09300223489305778, 0.29214340741520484, 0.09300223489305778, 0.09300223489305778, 0.09300223489305778, 0.09300223489305778, 0.09300223489305778]
Timestep: 111, Trans probs: [0.2221957386900844, 0.09397895099484203, 0.2139305553408634, 0.09397895099484203, 0.09397895099484203, 0.09397895099484203, 0.09397895099484203, 0.09397895099484203]
Timestep: 112, Trans probs: [0.20686583231567787, 0.0893878231580601, 0.21031969536786313, 0.0893878231580601, 0.1248647519883395, 0.10039842769587913, 0.0893878231580601, 0.0893878231580601]
Timestep: 113, Trans probs: [0.17055784163895957, 0.08918449602129536, 0.2621347206592251, 0.08918449602129536, 0.11375825592632013, 0.09681119769031382, 0.08918449602129536, 0.08918449602129536]
Timestep: 114, Trans probs: [0.14982740330682245, 0.11132829318074014, 0.2862433093008238, 0.09007342868097698, 0.09202122651650566, 0.09035948165217697, 0.09007342868097698, 0.09007342868097698]
Timestep: 115, Trans probs: [0.17731537140139053, 0.092972318139, 0.26485071976460944, 0.092972318139, 0.092972318139, 0.092972318139, 0.092972318139, 0.092972318139]
Timestep: 116, Trans probs: [0.14328764546682962, 0.09043232176732137, 0.20277058238267545, 0.09043232176732137, 0.1968263079400464, 0.09538617714116318, 0.09043232176732137, 0.09043232176732137]
Timestep: 117, Trans probs: [0.19260689481726148, 0.09004780598050778, 0.23479547544326582, 0.09004780598050778, 0.1223585998369338, 0.09004780598050778, 0.09004780598050778, 0.09004780598050778]
Timestep: 118, Trans probs: [0.12678885502989087, 0.08934156840905214, 0.1689317165588549, 0.08934156840905214, 0.16472027798983657, 0.18219287678520923, 0.08934156840905214, 0.08934156840905214]
Timestep: 119, Trans probs: [0.14634864024587968, 0.0931568041144884, 0.29471053506719, 0.0931568041144884, 0.0931568041144884, 0.0931568041144884, 0.0931568041144884, 0.0931568041144884]
Timestep: 120, Trans probs: [0.2025748699482238, 0.08710885717448465, 0.14737891727533378, 0.08710885717448465, 0.14418978317310766, 0.15742100090539607, 0.08710885717448465, 0.08710885717448465]
Timestep: 121, Trans probs: [0.22077504257915742, 0.10504991620176353, 0.213332679067641, 0.09189189521862422, 0.09309769753230565, 0.09206897896325975, 0.09189189521862422, 0.09189189521862422]
Timestep: 122, Trans probs: [0.12603027774352937, 0.0941427420298105, 0.30911327007760764, 0.0941427420298105, 0.0941427420298105, 0.0941427420298105, 0.0941427420298105, 0.0941427420298105]
Timestep: 123, Trans probs: [0.20889461220035238, 0.09519636742340895, 0.21992718325919386, 0.09519636742340895, 0.09519636742340895, 0.09519636742340895, 0.09519636742340895, 0.09519636742340895]
Timestep: 124, Trans probs: [0.2628219314046245, 0.09339572225154852, 0.17680373508608427, 0.09339572225154852, 0.09339572225154852, 0.09339572225154852, 0.09339572225154852, 0.09339572225154852]
Timestep: 125, Trans probs: [0.26879306529747493, 0.10028953728487905, 0.17230482282610762, 0.0915385725590163, 0.09234051181165248, 0.0916563451028369, 0.0915385725590163, 0.0915385725590163]
Timestep: 126, Trans probs: [0.20080724975061384, 0.09328231879549644, 0.14621651868091112, 0.09328231879549644, 0.18656463759099287, 0.09328231879549644, 0.09328231879549644, 0.09328231879549644]
Timestep: 127, Trans probs: [0.2591699885099143, 0.09074097890915839, 0.12898656259662722, 0.09074097890915839, 0.15813855434766658, 0.09074097890915839, 0.09074097890915839, 0.09074097890915839]
Timestep: 128, Trans probs: [0.17199491677444695, 0.08603770522678875, 0.13090498852192142, 0.08603770522678875, 0.21456858323693498, 0.13838069055954177, 0.08603770522678875, 0.08603770522678875]
Timestep: 129, Trans probs: [0.10685304456321452, 0.09093755134318225, 0.09093755134318225, 0.09093755134318225, 0.18529633931285255, 0.2531628594080216, 0.09093755134318225, 0.09093755134318225]
Timestep: 130, Trans probs: [0.17199491677444695, 0.08603770522678875, 0.13090498852192142, 0.08603770522678875, 0.21456858323693498, 0.13838069055954177, 0.08603770522678875, 0.08603770522678875]
Timestep: 131, Trans probs: [0.14821691532029857, 0.08607234954747467, 0.20458244093859176, 0.08607234954747467, 0.1789964388533701, 0.12391480669784097, 0.08607234954747467, 0.08607234954747467]
Timestep: 132, Trans probs: [0.1311332984408341, 0.08595645367113616, 0.2580654443475353, 0.08595645367113616, 0.1535088953968421, 0.11346654713024375, 0.08595645367113616, 0.08595645367113616]
Timestep: 133, Trans probs: [0.20205604334168534, 0.09103887946508755, 0.20728669557269522, 0.09103887946508755, 0.1354628637601816, 0.09103887946508755, 0.09103887946508755, 0.09103887946508755]
Timestep: 134, Trans probs: [0.2966038395042515, 0.09785229251816732, 0.14333693747101334, 0.09232520864202451, 0.09283171114223362, 0.09239959343826067, 0.09232520864202451, 0.09232520864202451]
Timestep: 135, Trans probs: [0.16739833174617555, 0.09008933557198472, 0.17104079980422426, 0.09008933557198472, 0.21111419058967654, 0.09008933557198472, 0.09008933557198472, 0.09008933557198472]
Timestep: 136, Trans probs: [0.13486237226263864, 0.09174913832765003, 0.30106016136198016, 0.09174913832765003, 0.10533177473713101, 0.09174913832765003, 0.09174913832765003, 0.09174913832765003]
Timestep: 137, Trans probs: [0.20597002822860738, 0.08783634394218394, 0.20325929331832018, 0.08783634394218394, 0.13313962549009986, 0.10628567719423684, 0.08783634394218394, 0.08783634394218394]
Timestep: 138, Trans probs: [0.30990845288600005, 0.09700528411403826, 0.12428741003953309, 0.09369008623866681, 0.09399389129214386, 0.09373470295228437, 0.09369008623866681, 0.09369008623866681]
Timestep: 139, Trans probs: [0.220474775899676, 0.09687904092653568, 0.11271701283104484, 0.09495448376587266, 0.19008533413582002, 0.09498038490930542, 0.09495448376587266, 0.09495448376587266]
Timestep: 140, Trans probs: [0.14375973657148935, 0.0892182494288293, 0.1463294973313883, 0.0892182494288293, 0.17460126952414648, 0.1784364988576586, 0.0892182494288293, 0.0892182494288293]
Timestep: 141, Trans probs: [0.17092566070376944, 0.0878919438718245, 0.16902034135047195, 0.0878919438718245, 0.20762662484551592, 0.10085959761294466, 0.0878919438718245, 0.0878919438718245]
Timestep: 142, Trans probs: [0.14683337249171258, 0.0875681466148562, 0.2330415994721236, 0.0875681466148562, 0.17302864608353866, 0.09682379549320046, 0.0875681466148562, 0.0875681466148562]
Timestep: 143, Trans probs: [0.12898335407226272, 0.08823298961886103, 0.27649253164715737, 0.08823298961886103, 0.1469950452457935, 0.0945971105593422, 0.08823298961886103, 0.08823298961886103]
Timestep: 144, Trans probs: [0.11625947359464879, 0.09025765990494831, 0.3006391420821039, 0.09025765990494831, 0.12775229444208233, 0.09431845026137173, 0.09025765990494831, 0.09025765990494831]
Timestep: 145, Trans probs: [0.27259103462320156, 0.09379954443246363, 0.10486297024316596, 0.09245516805057416, 0.15890768556497206, 0.09247326098447431, 0.09245516805057416, 0.09245516805057416]
Timestep: 146, Trans probs: [0.10817142418100305, 0.09250892019467966, 0.21923472642386357, 0.09250892019467966, 0.20760318270093117, 0.09495498591548354, 0.09250892019467966, 0.09250892019467966]
Timestep: 147, Trans probs: [0.12846895000490277, 0.08682821620179855, 0.2172590988445248, 0.08682821620179855, 0.15201550384935714, 0.15494358249402107, 0.08682821620179855, 0.08682821620179855]
Timestep: 148, Trans probs: [0.1937463548393236, 0.09157615156637743, 0.17729295297443448, 0.09157615156637743, 0.16942542580664816, 0.09323066011408408, 0.09157615156637743, 0.09157615156637743]
Timestep: 149, Trans probs: [0.16358362046895022, 0.08959633946768764, 0.24126511169118475, 0.08959633946768764, 0.14597144634275075, 0.09079446362636372, 0.08959633946768764, 0.08959633946768764]
Timestep: 150, Trans probs: [0.14001255384630043, 0.08971923510706897, 0.28253627028188294, 0.08971923510706897, 0.1280405679180072, 0.09053366752553345, 0.08971923510706897, 0.08971923510706897]
Timestep: 151, Trans probs: [0.20727108849058248, 0.09356887096659786, 0.19331855887869084, 0.09271391654094466, 0.13497430932237853, 0.09272542271891637, 0.09271391654094466, 0.09271391654094466]
Timestep: 152, Trans probs: [0.12300321961767992, 0.09141260993914155, 0.2125262657939715, 0.09141260993914155, 0.20689589760525098, 0.09192417722653136, 0.09141260993914155, 0.09141260993914155]
Timestep: 153, Trans probs: [0.11230140878904218, 0.09063055075025966, 0.264343918492528, 0.09063055075025966, 0.16985098866932719, 0.09098148104806399, 0.09063055075025966, 0.09063055075025966]
Timestep: 154, Trans probs: [0.11671624148554736, 0.0864446601685769, 0.26770871254174505, 0.0864446601685769, 0.13383388938308963, 0.13596251591531036, 0.0864446601685769, 0.0864446601685769]
Timestep: 155, Trans probs: [0.1968650980297184, 0.0914644375236073, 0.2031770528508564, 0.0914644375236073, 0.14240998317924902, 0.09169011584574689, 0.0914644375236073, 0.0914644375236073]
Timestep: 156, Trans probs: [0.16451632822708684, 0.09005078430242235, 0.2590265072498743, 0.09005078430242235, 0.12604380132498863, 0.0902102259883609, 0.09005078430242235, 0.09005078430242235]
Timestep: 157, Trans probs: [0.13955453154337844, 0.09075094758933479, 0.29224601180533594, 0.09075094758933479, 0.1143402230507112, 0.09085544324323545, 0.09075094758933479, 0.09075094758933479]
Timestep: 158, Trans probs: [0.1720593288105097, 0.09134567707006122, 0.25289363560314837, 0.09073877163524355, 0.1207381040990602, 0.09074693951148992, 0.09073877163524355, 0.09073877163524355]
Timestep: 159, Trans probs: [0.11920167646129302, 0.09347233447911846, 0.3118583996333682, 0.09347233447911846, 0.10157825150974642, 0.09347233447911846, 0.09347233447911846, 0.09347233447911846]
Timestep: 160, Trans probs: [0.10846562029382889, 0.08844398111718059, 0.2967760980509759, 0.08844398111718059, 0.11978724126132591, 0.121195115925147, 0.08844398111718059, 0.08844398111718059]
Timestep: 161, Trans probs: [0.12234676676586856, 0.09248070972597103, 0.21578852020971911, 0.09248070972597103, 0.1993972167721294, 0.09254465734839887, 0.09248070972597103, 0.09248070972597103]
Timestep: 162, Trans probs: [0.11177510551558056, 0.0911183805223455, 0.267522057569708, 0.0911183805223455, 0.16506670521547176, 0.09116260960985774, 0.0911183805223455, 0.0911183805223455]
Timestep: 163, Trans probs: [0.1447292928714988, 0.09138444218039124, 0.19815388627781533, 0.09098332936854521, 0.11081033355689894, 0.18197205700776, 0.09098332936854521, 0.09098332936854521]
Timestep: 164, Trans probs: [0.2046707773187756, 0.09488833236168544, 0.22130690326521854, 0.09488833236168544, 0.0995806576075788, 0.09488833236168544, 0.09488833236168544, 0.09488833236168544]
Timestep: 165, Trans probs: [0.10504644127893725, 0.09180409031009003, 0.2048907196969546, 0.09180409031009003, 0.23101403365183673, 0.09183244413191129, 0.09180409031009003, 0.09180409031009003]
Timestep: 166, Trans probs: [0.10037228152946266, 0.09162919739465418, 0.2579223209741112, 0.09162919739465418, 0.18354069029361977, 0.09164791762418968, 0.09162919739465418, 0.09162919739465418]
Timestep: 167, Trans probs: [0.09773087913042719, 0.09213884642073432, 0.2906379396508392, 0.09213884642073432, 0.15092497575025357, 0.0921508197855426, 0.09213884642073432, 0.09213884642073432]
Timestep: 168, Trans probs: [0.10344467108647457, 0.09113811928243364, 0.3103301889368, 0.09113811928243364, 0.1104036475075821, 0.11126901533940872, 0.09113811928243364, 0.09113811928243364]
Timestep: 169, Trans probs: [0.19017892715231527, 0.09339350833907958, 0.2137953708443976, 0.09339350833907958, 0.1290508977284995, 0.0934007709184693, 0.09339350833907958, 0.09339350833907958]
Timestep: 170, Trans probs: [0.1595941970730916, 0.09128143113035683, 0.2675445088067359, 0.09128143113035683, 0.11644901241849286, 0.09128655718025229, 0.09128143113035683, 0.09128143113035683]
Timestep: 171, Trans probs: [0.13584111095790144, 0.09177893986838521, 0.2972486925469534, 0.09177893986838521, 0.10801219081824073, 0.0917822462033636, 0.09177893986838521, 0.09177893986838521]
Timestep: 172, Trans probs: [0.1111111111111111, 0.1111111111111111, 0.2222222222222222, 0.1111111111111111, 0.1111111111111111, 0.1111111111111111, 0.1111111111111111, 0.1111111111111111]
Timestep: 173, Trans probs: [0.1198815747074361, 0.18657891739154556, 0.21729323256828362, 0.09328945869577278, 0.1030864451317796, 0.09329145411363679, 0.09328945869577278, 0.09328945869577278]
Timestep: 174, Trans probs: [0.10685304456321452, 0.09093755134318225, 0.09093755134318225, 0.09093755134318225, 0.18529633931285255, 0.2531628594080216, 0.09093755134318225, 0.09093755134318225]
Timestep: 175, Trans probs: [0.1198815747074361, 0.18657891739154556, 0.21729323256828362, 0.09328945869577278, 0.1030864451317796, 0.09329145411363679, 0.09328945869577278, 0.09328945869577278]
Timestep: 176, Trans probs: [0.10997773001003057, 0.15737083340267818, 0.2702776727800902, 0.09108218105931805, 0.09804362168667692, 0.09108359894256997, 0.09108218105931805, 0.09108218105931805]
Timestep: 177, Trans probs: [0.1038604904447659, 0.13439549250009372, 0.2988267145684112, 0.09168623755260218, 0.09617143874534413, 0.09168715108357847, 0.09168623755260218, 0.09168623755260218]
Timestep: 178, Trans probs: [0.10060883610821728, 0.11899898115630686, 0.3113067712275358, 0.09327671685263822, 0.09597799391019116, 0.0932772670398342, 0.09327671685263822, 0.09327671685263822]
Timestep: 179, Trans probs: [0.09899404007756049, 0.10967317869897591, 0.3160824036521359, 0.09473628584482746, 0.0963049146988698, 0.09473660533797545, 0.09473628584482746, 0.09473628584482746]
Timestep: 180, Trans probs: [0.12847737350703853, 0.08907103078039415, 0.16794262292710818, 0.08877472497522507, 0.10342111937255953, 0.2447636784872243, 0.08877472497522507, 0.08877472497522507]
Timestep: 181, Trans probs: [0.1006474556208568, 0.09341021296609366, 0.3157229992401312, 0.09341021296609366, 0.10473989368070336, 0.105248799593934, 0.09341021296609366, 0.09341021296609366]
Timestep: 182, Trans probs: [0.2053699887359695, 0.08934189506957842, 0.1431588468638195, 0.08913971485742452, 0.09913348168508745, 0.19557664307327166, 0.08913971485742452, 0.08913971485742452]
Timestep: 183, Trans probs: [0.09913989091600776, 0.09498307946883863, 0.2226715347160572, 0.09498307946883863, 0.19647351936952148, 0.10178273712305898, 0.09498307946883863, 0.09498307946883863]
Timestep: 184, Trans probs: [0.09819797346796266, 0.10428812086589448, 0.22200010577605928, 0.09576984215693043, 0.19243424906036666, 0.09577002435892565, 0.09576984215693043, 0.09576984215693043]
Timestep: 185, Trans probs: [0.0948121744069037, 0.09902640352129585, 0.27361211057237994, 0.09313196849464712, 0.16002131144162532, 0.09313209457385387, 0.09313196849464712, 0.09313196849464712]
Timestep: 186, Trans probs: [0.09427466871774923, 0.0969373625885498, 0.30045963166522377, 0.0932130572431928, 0.13547602839455755, 0.09321313690434123, 0.0932130572431928, 0.0932130572431928]
Timestep: 187, Trans probs: [0.0956698718806364, 0.09282029952876379, 0.27317343434491836, 0.09282029952876379, 0.16239390304578824, 0.09748159261360187, 0.09282029952876379, 0.09282029952876379]
Timestep: 188, Trans probs: [0.18922078366730577, 0.09651107560362394, 0.21764197309398994, 0.09429447075218478, 0.1194482372142009, 0.09429451816432521, 0.09429447075218478, 0.09429447075218478]
Timestep: 189, Trans probs: [0.15873472832208863, 0.09345293255914468, 0.2706396911380741, 0.09189210416025245, 0.1096041979542938, 0.09189213754564146, 0.09189210416025245, 0.09189210416025245]
Timestep: 190, Trans probs: [0.13507282213818253, 0.09326255579492701, 0.29900619198589085, 0.09226291033004469, 0.10360676737887224, 0.09226293171199336, 0.09226291033004469, 0.09226291033004469]
Timestep: 191, Trans probs: [0.1193387751130274, 0.09424804684435369, 0.31136485978975503, 0.09364815033763313, 0.10045570407082585, 0.09364816316913867, 0.09364815033763313, 0.09364815033763313]
Timestep: 192, Trans probs: [0.13981659914452943, 0.09325318875802575, 0.2986740533309883, 0.09325318875802575, 0.09524340373435357, 0.09325318875802575, 0.09325318875802575, 0.09325318875802575]
Timestep: 193, Trans probs: [0.10181465682093314, 0.09151280513496722, 0.09151280513496722, 0.09151280513496722, 0.15258978374267626, 0.2880315337615545, 0.09151280513496722, 0.09151280513496722]
Timestep: 194, Trans probs: [0.259376221107999, 0.08868671875059032, 0.12678820848419264, 0.08854357858711223, 0.09561899611800556, 0.16389911977787572, 0.08854357858711223, 0.08854357858711223]
Timestep: 195, Trans probs: [0.10984906008618699, 0.09530803864878312, 0.22113540394696724, 0.09496037604325652, 0.09890560966543974, 0.18992075952285345, 0.09496037604325652, 0.09496037604325652]
Timestep: 196, Trans probs: [0.10286082905388755, 0.09270545299459253, 0.2730452977090545, 0.09246264718373008, 0.09521797845447459, 0.15878250023680057, 0.09246264718373008, 0.09246264718373008]
Timestep: 197, Trans probs: [0.09933972218370553, 0.09288628528068475, 0.3002188372677096, 0.09273198947017626, 0.09448291985412739, 0.13487626700324393, 0.09273198947017626, 0.09273198947017626]
Timestep: 198, Trans probs: [0.09793010299752897, 0.09407673843965995, 0.3118601717008038, 0.0939846079955918, 0.0950300932441816, 0.11914906963105024, 0.0939846079955918, 0.0939846079955918]
Timestep: 199, Trans probs: [0.09745798947919591, 0.09523097335897474, 0.31627460558396675, 0.09517772742778353, 0.09578195587985364, 0.10972129341465846, 0.09517772742778353, 0.09517772742778353]
Timestep: 200, Trans probs: [0.09732908014039968, 0.0960622703685205, 0.31783210895192177, 0.09603198209833988, 0.09637568976196192, 0.10430490448217657, 0.09603198209833988, 0.09603198209833988]
Timestep: 201, Trans probs: [0.09730768804346701, 0.0965925673340612, 0.3183582648754274, 0.0965754694479073, 0.09676949421286707, 0.10124557719045543, 0.0965754694479073, 0.0965754694479073]
Timestep: 202, Trans probs: [0.09485896509616519, 0.09306077543557018, 0.2999313097527445, 0.09306077543557018, 0.13696439290730617, 0.09600223050150337, 0.09306077543557018, 0.09306077543557018]
Timestep: 203, Trans probs: [0.12204218811008388, 0.09429537188943779, 0.21670425323813494, 0.09429537188943779, 0.18977669920459223, 0.09429537188943779, 0.09429537188943779, 0.09429537188943779]
Timestep: 204, Trans probs: [0.09526995181240581, 0.09419875896646883, 0.2174328322412507, 0.09419875896646883, 0.12035241893741778, 0.19014976114305054, 0.09419875896646883, 0.09419875896646883]
Timestep: 205, Trans probs: [0.2022224410971705, 0.08987618695545031, 0.20473620905429446, 0.08978197342174205, 0.09443894789941135, 0.13938029472844726, 0.08978197342174205, 0.08978197342174205]
Timestep: 206, Trans probs: [0.09262647354566379, 0.09187381860064983, 0.17846208792702253, 0.09187381860064983, 0.2021240496110834, 0.15929211451363087, 0.09187381860064983, 0.09187381860064983]
Timestep: 207, Trans probs: [0.18035900922055711, 0.08990852544731873, 0.15225745944326838, 0.08990852544731873, 0.1692955420696047, 0.13845388747729503, 0.08990852544731873, 0.08990852544731873]
Timestep: 208, Trans probs: [0.24373335156773052, 0.08720343547985723, 0.1349912635078103, 0.08720343547985723, 0.14805023517405097, 0.12441140783097931, 0.08720343547985723, 0.08720343547985723]
Timestep: 209, Trans probs: [0.2570980431344005, 0.08926714743031586, 0.1696561881463297, 0.08920120859921625, 0.0924605646750546, 0.12391443081625068, 0.08920120859921625, 0.08920120859921625]
Timestep: 210, Trans probs: [0.19421514467969286, 0.0969112925270321, 0.22162964886751338, 0.096901676881864, 0.09701079407195883, 0.09952808920821091, 0.096901676881864, 0.096901676881864]
Timestep: 211, Trans probs: [0.16086569354711333, 0.09393866522864489, 0.2736538463446676, 0.09393205144571413, 0.09400710386255012, 0.09573853667988157, 0.09393205144571413, 0.09393205144571413]
Timestep: 212, Trans probs: [0.13584584415127235, 0.09374209212629545, 0.30053873255484126, 0.09373793139955382, 0.09378514682845798, 0.09487439014047148, 0.09373793139955382, 0.09373793139955382]
Timestep: 213, Trans probs: [0.1967914876072793, 0.08769510638478939, 0.12100170511448904, 0.08769510638478939, 0.21779850008942683, 0.11362788164964725, 0.08769510638478939, 0.08769510638478939]
Timestep: 214, Trans probs: [0.25207282536604547, 0.08797126681487888, 0.11121347750621562, 0.08797126681487888, 0.1787607981231208, 0.10606783174510248, 0.08797126681487888, 0.08797126681487888]
Timestep: 215, Trans probs: [0.10181465682093314, 0.09151280513496722, 0.09151280513496722, 0.09151280513496722, 0.15258978374267626, 0.2880315337615545, 0.09151280513496722, 0.09151280513496722]
Timestep: 216, Trans probs: [0.25207282536604547, 0.08797126681487888, 0.11121347750621562, 0.08797126681487888, 0.1787607981231208, 0.10606783174510248, 0.08797126681487888, 0.08797126681487888]
Timestep: 217, Trans probs: [0.2142283085466321, 0.09462109437134501, 0.21735496122047443, 0.09461862497880148, 0.09464664734972753, 0.09529311357541635, 0.09461862497880148, 0.09461862497880148]
Timestep: 218, Trans probs: [0.17270037172384092, 0.09315177185731938, 0.2679299815064672, 0.09315012950889821, 0.09316876668214465, 0.09359871970353326, 0.09315012950889821, 0.09315012950889821]
Timestep: 219, Trans probs: [0.19797543813247423, 0.08931713034288566, 0.1940238724926714, 0.08931713034288566, 0.14943256693020812, 0.10129960107310365, 0.08931713034288566, 0.08931713034288566]
Timestep: 220, Trans probs: [0.23665669481547022, 0.09328896658680416, 0.20332053252343257, 0.09328793264688134, 0.09329966567333273, 0.0935703424603163, 0.09328793264688134, 0.09328793264688134]
Timestep: 221, Trans probs: [0.18593381333107564, 0.09280013715248882, 0.25707764277101325, 0.09279946549069193, 0.09280708742834567, 0.0929829228450008, 0.09279946549069193, 0.09279946549069193]
Timestep: 222, Trans probs: [0.1521232893873336, 0.09291514789002969, 0.29026648286869206, 0.09291472089253168, 0.09291956640901511, 0.09303135076733456, 0.09291472089253168, 0.09291472089253168]
Timestep: 223, Trans probs: [0.12966261345138674, 0.09387049575775858, 0.3070422691232236, 0.09387023763202929, 0.09387316681190008, 0.0939407419596432, 0.09387023763202929, 0.09387023763202929]
Timestep: 224, Trans probs: [0.11584829451476887, 0.09497107623065437, 0.3142831678130682, 0.09497092566825285, 0.0949726342323585, 0.09501205020439152, 0.09497092566825285, 0.09497092566825285]
Timestep: 225, Trans probs: [0.10778646978141092, 0.0958505159064528, 0.31708637657572825, 0.09585042982669566, 0.09585140664947346, 0.0958739416068476, 0.09585042982669566, 0.09585042982669566]
Timestep: 226, Trans probs: [0.10320267332333047, 0.09644797931461131, 0.3180958359737054, 0.0964479306010836, 0.09644848339636362, 0.09646123618873838, 0.0964479306010836, 0.0964479306010836]
Timestep: 227, Trans probs: [0.26001640830623746, 0.08997626951017915, 0.151857444748009, 0.08997626951017915, 0.13824479939485773, 0.08997626951017915, 0.08997626951017915, 0.08997626951017915]
Timestep: 228, Trans probs: [0.1663026749405979, 0.08835874161716187, 0.2518268374536161, 0.08835874161716187, 0.13148138613823251, 0.09695413499890589, 0.08835874161716187, 0.08835874161716187]
Timestep: 229, Trans probs: [0.20044010259430087, 0.09026491241164279, 0.23325916878052014, 0.09022162584496896, 0.0923612806089026, 0.11300965806972672, 0.09022162584496896, 0.09022162584496896]
Timestep: 230, Trans probs: [0.16378241019877995, 0.09060774582198679, 0.1855797327117241, 0.09057899633688829, 0.18257907957159336, 0.10571404268525089, 0.09057899633688829, 0.09057899633688829]
Timestep: 231, Trans probs: [0.10062421628933652, 0.09682092808237716, 0.2216216486244471, 0.09682090065380893, 0.09682121190991716, 0.1936492931324953, 0.09682090065380893, 0.09682090065380893]
Timestep: 232, Trans probs: [0.09647520691078168, 0.09385505358166908, 0.27368753872862306, 0.09385503468563741, 0.09385524911554222, 0.16056184760647163, 0.09385503468563741, 0.09385503468563741]
Timestep: 233, Trans probs: [0.1425978420069303, 0.08852145090931353, 0.24720636183164488, 0.08850020491641036, 0.15648866136351644, 0.09968506913936372, 0.08850020491641036, 0.08850020491641036]
Timestep: 234, Trans probs: [0.29320276971629905, 0.09060759917176703, 0.1313622267417234, 0.09060759917176703, 0.12239700768314249, 0.09060759917176703, 0.09060759917176703, 0.09060759917176703]
Timestep: 235, Trans probs: [0.14144887141213616, 0.08933426328334251, 0.19863174665162672, 0.08933426328334251, 0.2075010427724992, 0.0950812860303679, 0.08933426328334251, 0.08933426328334251]
Timestep: 236, Trans probs: [0.09533273297016708, 0.09368330064246823, 0.20689099397706773, 0.09368328874708595, 0.18736671248154574, 0.1356763936874934, 0.09368328874708595, 0.09368328874708595]
Timestep: 237, Trans probs: [0.09228262477645827, 0.09109670947442233, 0.2635879202401327, 0.09109670092183389, 0.15845357509490768, 0.1212890676485773, 0.09109670092183389, 0.09109670092183389]
Timestep: 238, Trans probs: [0.12539968858051032, 0.08891852910367078, 0.25434725495143995, 0.08891852910367078, 0.1716373920519403, 0.09294154800142625, 0.08891852910367078, 0.08891852910367078]
Timestep: 239, Trans probs: [0.1836346518060637, 0.09143008705251852, 0.204078570100083, 0.09143008146709704, 0.13541869784204097, 0.11114774879800267, 0.09143008146709704, 0.09143008146709704]
Timestep: 240, Trans probs: [0.1567949284694614, 0.08925254692465744, 0.26102320415682834, 0.08925254283318246, 0.12147541508214275, 0.10369627686736257, 0.08925254283318246, 0.08925254283318246]
Timestep: 241, Trans probs: [0.11401874617141425, 0.0899588386637089, 0.289020564957449, 0.0899588386637089, 0.14451325031669995, 0.09261208389960106, 0.0899588386637089, 0.0899588386637089]
Timestep: 242, Trans probs: [0.22487023032384976, 0.09003007269004545, 0.20398901271606754, 0.09003006997561123, 0.11140790263490022, 0.09961257170830337, 0.09003006997561123, 0.09003006997561123]
Timestep: 243, Trans probs: [0.30884495482662205, 0.09239009979275865, 0.11734732301194503, 0.09239009979275865, 0.11185722319763952, 0.09239009979275865, 0.09239009979275865, 0.09239009979275865]
Timestep: 244, Trans probs: [0.12584851423508878, 0.08904383216232303, 0.19704563438501144, 0.08902937202550086, 0.1353026804575811, 0.185671222683493, 0.08902937202550086, 0.08902937202550086]
Timestep: 245, Trans probs: [0.1811979259271158, 0.09011367663993074, 0.1670927063591258, 0.09011367480633602, 0.10455435682071426, 0.18670030983410535, 0.09011367480633602, 0.09011367480633602]
Timestep: 246, Trans probs: [0.15529341229051313, 0.08830437560518052, 0.23322392851473436, 0.08830437425664062, 0.09892495229063565, 0.15934020852901454, 0.08830437425664062, 0.08830437425664062]
Timestep: 247, Trans probs: [0.10673784272618521, 0.09189253675564796, 0.30660899679144615, 0.09189253675564796, 0.12555338656448145, 0.09352962689529523, 0.09189253675564796, 0.09189253675564796]
Timestep: 248, Trans probs: [0.19625705053769568, 0.09374952228759996, 0.2204217539661931, 0.09374952228759996, 0.11360778077775947, 0.09471532556795195, 0.09374952228759996, 0.09374952228759996]
Timestep: 249, Trans probs: [0.2234391974746414, 0.08845853056585248, 0.18910137704542748, 0.08845852962932674, 0.09583424383172161, 0.1377910621943768, 0.08845852962932674, 0.08845852962932674]
Timestep: 250, Trans probs: [0.18183899466926812, 0.0886979563970731, 0.24684274057491337, 0.08869795575083995, 0.09378743778217598, 0.12273900332404952, 0.08869795575083995, 0.08869795575083995]
Timestep: 251, Trans probs: [0.15150256560069753, 0.08969963980358846, 0.2843348751632501, 0.08969963937478606, 0.09307672090794608, 0.11228728040015973, 0.08969963937478606, 0.08969963937478606]
Timestep: 252, Trans probs: [0.16266748338778866, 0.09194670237867283, 0.2712856120362233, 0.09194670237867283, 0.10564707711094207, 0.09261301795035469, 0.09194670237867283, 0.09194670237867283]
Timestep: 253, Trans probs: [0.22162914870333955, 0.09158934883132203, 0.21268090790222507, 0.09158934856454427, 0.0936903867820296, 0.10564216208745099, 0.09158934856454427, 0.09158934856454427]
Timestep: 254, Trans probs: [0.17785216632106027, 0.09135756173209619, 0.2632578996614195, 0.09135756155465176, 0.09275504501761117, 0.10070464260385768, 0.09135756155465176, 0.09135756155465176]
Timestep: 255, Trans probs: [0.14714010219833462, 0.09207204253855734, 0.2935869584198079, 0.09207204242558474, 0.09296177078583925, 0.09802299878070657, 0.09207204242558474, 0.09207204242558474]
Timestep: 256, Trans probs: [0.12668684382323941, 0.09344008156693955, 0.30854267561459087, 0.09344008149873351, 0.09397724564522468, 0.09703290885380493, 0.09344008149873351, 0.09344008149873351]
Timestep: 257, Trans probs: [0.11413788895625879, 0.09476164256650145, 0.3148852926539579, 0.0947616425267509, 0.09507470233010616, 0.09685554591292296, 0.0947616425267509, 0.0947616425267509]
Timestep: 258, Trans probs: [0.10682315943967349, 0.0957486250221895, 0.3173093856623576, 0.09574862499947, 0.09592755498917233, 0.09694539988819702, 0.09574862499947, 0.09574862499947]
Timestep: 259, Trans probs: [0.10266420246659914, 0.09639720057923287, 0.31817409231403426, 0.09639720056637606, 0.09649845580121469, 0.0970744471397908, 0.09639720056637606, 0.09639720056637606]
Timestep: 260, Trans probs: [0.10032367945333392, 0.0967948203610741, 0.3184690351872752, 0.09679482035383462, 0.09685183572777593, 0.097176168209037, 0.09679482035383462, 0.09679482035383462]
Timestep: 261, Trans probs: [0.1373884173826468, 0.09243562625586307, 0.2988658158028449, 0.09243562625586307, 0.10114410027029709, 0.09285916152075895, 0.09243562625586307, 0.09243562625586307]
Timestep: 262, Trans probs: [0.11468820881542659, 0.08751645805675926, 0.2547566082906972, 0.08750578258799985, 0.12166792535585716, 0.15885345171726023, 0.08750578258799985, 0.08750578258799985]
Timestep: 263, Trans probs: [0.19604061796238634, 0.09702927816030436, 0.2215374967069918, 0.09702927815623814, 0.09706130210022627, 0.09724347060137696, 0.09702927815623814, 0.09702927815623814]
Timestep: 264, Trans probs: [0.12069561303805117, 0.09377872067147695, 0.2173852655370967, 0.09377872067147695, 0.19277191305534477, 0.09403232568359952, 0.09377872067147695, 0.09377872067147695]
Timestep: 265, Trans probs: [0.25596223388188194, 0.09409045780155159, 0.1793264641706512, 0.09409045779876794, 0.09411238079409785, 0.09423708995551362, 0.09409045779876794, 0.09409045779876794]
Timestep: 266, Trans probs: [0.10696468795107134, 0.08863246413961731, 0.29009123036391915, 0.08862526161945847, 0.11167375976967196, 0.13676207291734488, 0.08862526161945847, 0.08862526161945847]
Timestep: 267, Trans probs: [0.19770426464013607, 0.09340858532829445, 0.14832703622415713, 0.0934085853265009, 0.18683129586831637, 0.09350306195959328, 0.0934085853265009, 0.0934085853265009]
Timestep: 268, Trans probs: [0.1664052033922681, 0.09073796380400563, 0.22131964509503035, 0.0907379638027044, 0.15851678904450742, 0.09080650725607527, 0.0907379638027044, 0.0907379638027044]
Timestep: 269, Trans probs: [0.11052743896509865, 0.09172031752977575, 0.2698058538905049, 0.09172031752977575, 0.16088792295311458, 0.09189751407217893, 0.09172031752977575, 0.09172031752977575]
Timestep: 270, Trans probs: [0.1963955133621491, 0.09217985450410962, 0.20614746412866009, 0.09217985450410962, 0.13644435129954013, 0.09229325319321215, 0.09217985450410962, 0.09217985450410962]
Timestep: 271, Trans probs: [0.23258284762931822, 0.0897290323755879, 0.18140838402520024, 0.0897290323746743, 0.13731548318695974, 0.08977715565891095, 0.0897290323746743, 0.0897290323746743]
Timestep: 272, Trans probs: [0.1640959716472195, 0.09051267544515704, 0.26149418319763285, 0.09051267544515704, 0.12176640079338136, 0.09059274258113824, 0.09051267544515704, 0.09051267544515704]
Timestep: 273, Trans probs: [0.2768159345065776, 0.08975586204558952, 0.15220282510270886, 0.08975586204496724, 0.12216915121450053, 0.08978864099572158, 0.08975586204496724, 0.08975586204496724]
Timestep: 274, Trans probs: [0.10239496126537752, 0.09097648713232344, 0.3074298118200468, 0.0909720009449971, 0.10532807048902713, 0.12095466645823391, 0.0909720009449971, 0.0909720009449971]
Timestep: 275, Trans probs: [0.09996066839195014, 0.09319696102168022, 0.22141259915775413, 0.0931943036387471, 0.19489239265648614, 0.11095446785588813, 0.0931943036387471, 0.0931943036387471]
Timestep: 276, Trans probs: [0.20969016236240254, 0.09128026323926319, 0.1308094823765113, 0.09128026323886929, 0.20307828983749573, 0.09130101246771924, 0.09128026323886929, 0.09128026323886929]
Timestep: 277, Trans probs: [0.1391033161334868, 0.09112149366473986, 0.29373574144434667, 0.09112149366473986, 0.11150126432665053, 0.09117370343655658, 0.09112149366473986, 0.09112149366473986]
Timestep: 278, Trans probs: [0.21476109765127624, 0.09276435400654552, 0.21620482234638722, 0.09276435400654552, 0.10518050174903426, 0.09279616222712032, 0.09276435400654552, 0.09276435400654552]
Timestep: 279, Trans probs: [0.26275330542427205, 0.09033168431798237, 0.11773607469673003, 0.09033168431770928, 0.16783781348876128, 0.09034606911912639, 0.09033168431770928, 0.09033168431770928]
Timestep: 280, Trans probs: [0.2210346650495684, 0.09411459460248177, 0.10874846607950292, 0.09411459460248177, 0.19964389585851985, 0.09411459460248177, 0.09411459460248177, 0.09411459460248177]
Timestep: 281, Trans probs: [0.17357191363902108, 0.09193721265257554, 0.2664752015348454, 0.09193721265257554, 0.10024553694124091, 0.09195849727459052, 0.09193721265257554, 0.09193721265257554]
Timestep: 282, Trans probs: [0.09622427751183632, 0.09154218146199715, 0.2718382752178719, 0.09154034192024098, 0.16193963550280016, 0.10383460454477157, 0.09154034192024098, 0.09154034192024098]
Timestep: 283, Trans probs: [0.20277091855217555, 0.0911640219939944, 0.1089026265994776, 0.09116402199381764, 0.1413330117383589, 0.18233735513454058, 0.09116402199381764, 0.09116402199381764]
Timestep: 284, Trans probs: [0.17086094004885732, 0.0890695209447445, 0.19113882674452634, 0.08906952094461495, 0.12583600216369084, 0.15588614726433614, 0.08906952094461495, 0.08906952094461495]
Timestep: 285, Trans probs: [0.14423538417207554, 0.09247806166117697, 0.20313711806518334, 0.09247806166117697, 0.1902236947660833, 0.09249155635194989, 0.09247806166117697, 0.09247806166117697]
Timestep: 286, Trans probs: [0.23568086107596684, 0.08711756031250095, 0.16379704748719073, 0.08711756031240363, 0.11473835094094759, 0.137313499246183, 0.08711756031240363, 0.08711756031240363]
Timestep: 287, Trans probs: [0.09516009309551278, 0.09217963775194657, 0.2991281669718957, 0.09217846676527766, 0.1369921460465117, 0.10000455583830027, 0.09217846676527766, 0.09217846676527766]
Timestep: 288, Trans probs: [0.12744662651540092, 0.09044347438853496, 0.26000104702801125, 0.09044347438853496, 0.16032530667914585, 0.09045312222330212, 0.09044347438853496, 0.09044347438853496]
Timestep: 289, Trans probs: [0.1890416900746149, 0.09362813934077027, 0.217647271987134, 0.09362743759743551, 0.12048316668185954, 0.09831741912331479, 0.09362743759743551, 0.09362743759743551]
Timestep: 290, Trans probs: [0.19148379356314216, 0.08755456726419328, 0.14119661569817266, 0.0875545672641252, 0.1944315875502134, 0.12266973413190306, 0.0875545672641252, 0.0875545672641252]
Timestep: 291, Trans probs: [0.16277138925904108, 0.0867708435530926, 0.21276862161674656, 0.08677084355304282, 0.16492702881900184, 0.11244958609298947, 0.08677084355304282, 0.08677084355304282]
Timestep: 292, Trans probs: [0.1413268298767456, 0.0866751935064105, 0.2639547989448701, 0.08667519350637469, 0.1428769401855886, 0.10514065696726112, 0.08667519350637469, 0.08667519350637469]
Timestep: 293, Trans probs: [0.11523776930500412, 0.09094672259771466, 0.20225429181341292, 0.09094672259771466, 0.22776799248648927, 0.09095305600423499, 0.09094672259771466, 0.09094672259771466]
Timestep: 294, Trans probs: [0.19795479600835952, 0.09084619981337345, 0.16536451236992009, 0.09084619981337345, 0.18244545245896424, 0.09085043990926231, 0.09084619981337345, 0.09084619981337345]
Timestep: 295, Trans probs: [0.1587261906001206, 0.09144809262229281, 0.2703441848335036, 0.09144759780833327, 0.11038413626342065, 0.09475460225566262, 0.09144759780833327, 0.09144759780833327]
Timestep: 296, Trans probs: [0.21330487614716975, 0.08857756247206099, 0.20584054041022162, 0.08857756247203731, 0.1257526462310009, 0.10079168732343484, 0.08857756247203731, 0.08857756247203731]
Timestep: 297, Trans probs: [0.16596606718538864, 0.0894128012414865, 0.14267295403489208, 0.0894128012414865, 0.2442939420668023, 0.089415831746971, 0.0894128012414865, 0.0894128012414865]
Timestep: 298, Trans probs: [0.13515235026456193, 0.09196767886936566, 0.29876541120120664, 0.09196736125666723, 0.10412240450439623, 0.09409007139046792, 0.09196736125666723, 0.09196736125666723]
Timestep: 299, Trans probs: [0.2635891428915135, 0.08878105012203069, 0.16965978395199263, 0.08878105012201437, 0.11442148461646617, 0.09720538805195386, 0.08878105012201437, 0.08878105012201437]
Timestep: 300, Trans probs: [0.1413713995571894, 0.08980164053307248, 0.12568009994663007, 0.08980164053307248, 0.28393825634459774, 0.08980368201929297, 0.08980164053307248, 0.08980164053307248]
Timestep: 301, Trans probs: [0.2937848700735121, 0.09024572050566709, 0.1426633686170025, 0.09024572050565652, 0.1068633307117899, 0.0957055485750588, 0.09024572050565652, 0.09024572050565652]
Timestep: 302, Trans probs: [0.11942134987455809, 0.09345852074577213, 0.3112446273956717, 0.09345832979551243, 0.1007659994083208, 0.0947345131891399, 0.09345832979551243, 0.09345832979551243]
Timestep: 303, Trans probs: [0.10990776288634269, 0.09484410737929075, 0.22120379139226212, 0.0948439965897879, 0.19392790929428946, 0.09558443927845123, 0.0948439965897879, 0.0948439965897879]
Timestep: 304, Trans probs: [0.21640086005699827, 0.09227096842601346, 0.12423826805080791, 0.092270968426007, 0.19467631227036916, 0.09560068591779011, 0.092270968426007, 0.092270968426007]
Timestep: 305, Trans probs: [0.1029914176583163, 0.09257438958740302, 0.2725307045435377, 0.09257431297270877, 0.1610941951178838, 0.0930863541747329, 0.09257431297270877, 0.09257431297270877]
Timestep: 306, Trans probs: [0.1774649821653216, 0.09079913097266246, 0.1131182774402167, 0.09079913097265795, 0.253096320747562, 0.09312389575626336, 0.09079913097265795, 0.09079913097265795]
Timestep: 307, Trans probs: [0.14806224904537169, 0.09114591845026518, 0.19694955849982232, 0.09114591845026222, 0.19773185028805634, 0.0926726683656978, 0.09114591845026222, 0.09114591845026222]
Timestep: 308, Trans probs: [0.12379116176951793, 0.09155092068892981, 0.20553223862971107, 0.09155092068892981, 0.21292071986534303, 0.09155219697970868, 0.09155092068892981, 0.09155092068892981]
Timestep: 309, Trans probs: [0.2198973782947408, 0.08970800429707705, 0.16496015466817618, 0.08970800429707494, 0.1655165546110769, 0.09079389523770427, 0.08970800429707494, 0.08970800429707494]
Timestep: 310, Trans probs: [0.18025460227711831, 0.08916104594450398, 0.23097605118297387, 0.08916104594450251, 0.1422043184979621, 0.08992084426393424, 0.08916104594450251, 0.08916104594450251]
Timestep: 311, Trans probs: [0.11283380719457263, 0.09068619856588689, 0.25967248224665135, 0.09068619856588689, 0.17406184097446253, 0.09068707532076585, 0.09068619856588689, 0.09068619856588689]
Timestep: 312, Trans probs: [0.2409196703023839, 0.08935637031585718, 0.18620049861954902, 0.08935637031585617, 0.1255791203991559, 0.0898752294154856, 0.08935637031585617, 0.08935637031585617]
Timestep: 313, Trans probs: [0.19097559356011606, 0.09000364594509204, 0.2445251550587229, 0.09000364594509139, 0.11413535609001552, 0.09034931151077924, 0.09000364594509139, 0.09000364594509139]
Timestep: 314, Trans probs: [0.09944599445683777, 0.09284392763634541, 0.29973987684802283, 0.09284387907975829, 0.1362701650967688, 0.09316839872275012, 0.09284387907975829, 0.09284387907975829]
Timestep: 315, Trans probs: [0.15696160506472048, 0.09069559469702237, 0.1921051858440257, 0.09069559469702193, 0.19722838172741125, 0.0909224485757543, 0.09069559469702193, 0.09069559469702193]
Timestep: 316, Trans probs: [0.09799087090897447, 0.09405018141520233, 0.3115938875377533, 0.09405015243239467, 0.11997074877195359, 0.09424385406893236, 0.09405015243239467, 0.09405015243239467]
Timestep: 317, Trans probs: [0.1365445167592305, 0.08943187220990101, 0.16153028276896667, 0.08943187220990069, 0.2546045548347094, 0.08959315679749016, 0.08943187220990069, 0.08943187220990069]
Timestep: 318, Trans probs: [0.10570275346921297, 0.09136367437546354, 0.2921345415581376, 0.09136367437546354, 0.1453437654558286, 0.09136424201496657, 0.09136367437546354, 0.09136367437546354]
Timestep: 319, Trans probs: [0.10185691219185172, 0.10185691219185172, 0.28700161465703794, 0.10185691219185172, 0.10185691219185172, 0.10185691219185172, 0.10185691219185172, 0.10185691219185172]
Timestep: 320, Trans probs: [0.0974878123526137, 0.09521014563173849, 0.31615767669846, 0.09521012888005669, 0.11019189279755326, 0.09532208587946457, 0.09521012888005669, 0.09521012888005669]
Timestep: 321, Trans probs: [0.21154790549576846, 0.09017505973719615, 0.13791831012399883, 0.09017505973719596, 0.19955168374967303, 0.0902818616817757, 0.09017505973719596, 0.09017505973719596]
Timestep: 322, Trans probs: [0.2714509634025214, 0.09234343404009634, 0.10234732558612498, 0.09234343404009634, 0.1644845408108719, 0.09234343404009634, 0.09234343404009634, 0.09234343404009634]
Timestep: 323, Trans probs: [0.1016381344841186, 0.18581677864453874, 0.21513928678570804, 0.09290838932226937, 0.12577189721312224, 0.09290873490570416, 0.09290838932226937, 0.09290838932226937]
Timestep: 324, Trans probs: [0.17369273263788512, 0.0896855143384314, 0.12273061295585701, 0.08968551433843126, 0.16538964628694394, 0.17944495076558875, 0.08968551433843126, 0.08968551433843126]
Timestep: 325, Trans probs: [0.15088513151991018, 0.08738222412517724, 0.19974396643737477, 0.08738222412517714, 0.1446086455903943, 0.15523335995161203, 0.08738222412517714, 0.08738222412517714]
Timestep: 326, Trans probs: [0.1336000163372346, 0.08609905650563282, 0.2562460854135995, 0.08609905650563275, 0.12890512726438758, 0.13685254496224725, 0.08609905650563275, 0.08609905650563275]
Timestep: 327, Trans probs: [0.09698405729738505, 0.15705621161142844, 0.2687358208244368, 0.09075427534122171, 0.11420656228418882, 0.0907545219588957, 0.09075427534122171, 0.09075427534122171]
Timestep: 328, Trans probs: [0.18684667135882593, 0.13432388325629496, 0.2066133398825176, 0.09140708779099163, 0.10658759470444057, 0.09140724742494605, 0.09140708779099163, 0.09140708779099163]
Timestep: 329, Trans probs: [0.24809199841923765, 0.12056737553549911, 0.1729238210806844, 0.08948440756727769, 0.10047905907879548, 0.08948452318395032, 0.08948440756727769, 0.08948440756727769]
Timestep: 330, Trans probs: [0.2864251479504746, 0.11078397420762078, 0.14599378514102157, 0.08988061810668939, 0.09727454252168953, 0.08988069585912545, 0.08988061810668939, 0.08988061810668939]
Timestep: 331, Trans probs: [0.09734298146221337, 0.09604726420672399, 0.31778697684395274, 0.0960472546770404, 0.10457006876904648, 0.09611094468694223, 0.0960472546770404, 0.0960472546770404]
Timestep: 332, Trans probs: [0.2140322066953841, 0.10469042304594257, 0.12660956334418536, 0.09167747060643369, 0.18795787608558065, 0.09167751900960626, 0.09167747060643369, 0.09167747060643369]
Timestep: 333, Trans probs: [0.20750173737571076, 0.08760688218866682, 0.2032614435830166, 0.08760688218866677, 0.11670358384954126, 0.12210570643706423, 0.08760688218866677, 0.08760688218866677]
Timestep: 334, Trans probs: [0.17725779381093174, 0.09926546200865893, 0.20488361313018927, 0.0899834613816776, 0.15865925099804123, 0.08998349590714598, 0.0899834613816776, 0.0899834613816776]
Timestep: 335, Trans probs: [0.1938969384461805, 0.09658274237805835, 0.22175937582084929, 0.09658273699835575, 0.10139404103951098, 0.09661869132033366, 0.09658273699835575, 0.09658273699835575]
Timestep: 336, Trans probs: [0.2598394942122828, 0.08770457261503972, 0.16914889284608672, 0.08770457261503968, 0.10819456504737683, 0.1119987574340948, 0.08770457261503968, 0.08770457261503968]
Timestep: 337, Trans probs: [0.29884213535949544, 0.09273770024161516, 0.09906969825792784, 0.09273770024161516, 0.1383996651745009, 0.09273770024161516, 0.09273770024161516, 0.09273770024161516]
Timestep: 338, Trans probs: [0.21714259919243728, 0.0939731816985291, 0.09775722694139712, 0.0939731816985291, 0.12126108367499112, 0.1879463633970582, 0.0939731816985291, 0.0939731816985291]
Timestep: 339, Trans probs: [0.15156895936204026, 0.09537154032801973, 0.17147475918321206, 0.08868338949761578, 0.22685115825891908, 0.08868341437496165, 0.08868338949761578, 0.08868338949761578]
Timestep: 340, Trans probs: [0.20254067045094876, 0.08930256744827193, 0.1428803088950953, 0.08930256744827189, 0.10278180717515266, 0.1945869436857157, 0.08930256744827189, 0.08930256744827189]
Timestep: 341, Trans probs: [0.1607301917344721, 0.09371637816081961, 0.273633573424686, 0.09371637445617627, 0.09702959950542225, 0.0937411338060712, 0.09371637445617627, 0.09371637445617627]
Timestep: 342, Trans probs: [0.16935522755152427, 0.08843642227717245, 0.12672253545122114, 0.08843642227717241, 0.18650497319111642, 0.16367157469744847, 0.08843642227717241, 0.08843642227717241]
Timestep: 343, Trans probs: [0.1474942643212974, 0.08668856034748877, 0.20214687398132306, 0.08668856034748873, 0.16038128549087075, 0.14322333481655386, 0.08668856034748873, 0.08668856034748873]
Timestep: 344, Trans probs: [0.1309791730964037, 0.08581871598091005, 0.25738843689605984, 0.08581871598091001, 0.14055037659937866, 0.12780714948451774, 0.08581871598091001, 0.08581871598091001]
Timestep: 345, Trans probs: [0.13580154584160756, 0.09359897852320784, 0.30050246821515214, 0.09359897619017452, 0.09568551023032631, 0.0936145686191825, 0.09359897619017452, 0.09359897619017452]
Timestep: 346, Trans probs: [0.11959884394816232, 0.09453303791849889, 0.21742136128402148, 0.09453303653281636, 0.19030534974589128, 0.09454229750497704, 0.09453303653281636, 0.09453303653281636]
Timestep: 347, Trans probs: [0.11810910155623057, 0.08752329104645808, 0.2037222692743595, 0.08752329104645805, 0.21211467899637593, 0.11596078598720187, 0.08752329104645805, 0.08752329104645805]
Timestep: 348, Trans probs: [0.13240094568138253, 0.09330709038251757, 0.23490292198425622, 0.08865446388693936, 0.18477116909810726, 0.08865448119291847, 0.08865446388693936, 0.08865446388693936]
Timestep: 349, Trans probs: [0.19708860790277752, 0.08787915828247009, 0.16891536485833394, 0.08787915828247009, 0.17476816200228776, 0.10771123210672041, 0.08787915828247009, 0.08787915828247009]
Timestep: 350, Trans probs: [0.09844196691478524, 0.09844196691478524, 0.21246426468171814, 0.09844196691478524, 0.19688393382957048, 0.09844196691478524, 0.09844196691478524, 0.09844196691478524]
Timestep: 351, Trans probs: [0.1664883941682638, 0.17427129114198786, 0.14601741587610878, 0.08713564557099393, 0.15027012058224645, 0.10154584151841128, 0.08713564557099393, 0.08713564557099393]
Timestep: 352, Trans probs: [0.11886225104513248, 0.09237278744654547, 0.2775364244780587, 0.08922023113685812, 0.15434760075653525, 0.08922024286315372, 0.08922023113685812, 0.08922023113685812]
Timestep: 353, Trans probs: [0.23160691591216337, 0.15280114176230244, 0.13077535174566957, 0.08487306413578918, 0.13409062018154513, 0.096106777990952, 0.08487306413578918, 0.08487306413578918]
Timestep: 354, Trans probs: [0.10969569575045617, 0.09209667790452569, 0.2704747931193159, 0.09209667693162056, 0.15933962325412426, 0.09210317917671629, 0.09209667693162056, 0.09209667693162056]
Timestep: 355, Trans probs: [0.1036606138783979, 0.09240398936999145, 0.20649759851730315, 0.09240398874770515, 0.22781768429938307, 0.09240814769180901, 0.09240398874770515, 0.09240398874770515]
Timestep: 356, Trans probs: [0.19099876343129724, 0.13431500198094615, 0.11847219553018881, 0.0854553975991649, 0.2063122138908437, 0.09353563236922936, 0.0854553975991649, 0.0854553975991649]
Timestep: 357, Trans probs: [0.10974382419161378, 0.09299311775394897, 0.3010815891841441, 0.09099958756881536, 0.13218311117986706, 0.09099959498398005, 0.09099958756881536, 0.09099958756881536]
Timestep: 358, Trans probs: [0.24769336050195245, 0.12101921540371474, 0.10956878619353745, 0.08570581036087838, 0.17305538594375228, 0.09154582087440792, 0.08570581036087838, 0.08570581036087838]
Timestep: 359, Trans probs: [0.19732883935545517, 0.11137251812629367, 0.19101285321048342, 0.08741016665193772, 0.146682310720561, 0.09137297863139358, 0.08741016665193772, 0.08741016665193772]
Timestep: 360, Trans probs: [0.1667863555787439, 0.10423346749154397, 0.24898540561867522, 0.08679537488070041, 0.12992941949306022, 0.0896792271758754, 0.08679537488070041, 0.08679537488070041]
Timestep: 361, Trans probs: [0.10423299044839586, 0.09419554099510388, 0.3118884140594382, 0.093000966990637, 0.11767918209115887, 0.09300097143399232, 0.093000966990637, 0.093000966990637]
Timestep: 362, Trans probs: [0.19573241513160672, 0.09530082246071168, 0.22160952312618415, 0.09460771253832866, 0.10892638655008087, 0.09460771511643067, 0.09460771253832866, 0.09460771253832866]
Timestep: 363, Trans probs: [0.23040103996032482, 0.09991736579135109, 0.19799012290650284, 0.08810265820745149, 0.11732696245784958, 0.09005653426161715, 0.08810265820745149, 0.08810265820745149]
Timestep: 364, Trans probs: [0.18514860761801627, 0.09692377768251444, 0.2521698075466151, 0.08893541765229791, 0.10869504880075774, 0.09025650539520272, 0.08893541765229791, 0.08893541765229791]
Timestep: 365, Trans probs: [0.09936803310860193, 0.09190723894215089, 0.25943474293597507, 0.09190723852970487, 0.18165827438197546, 0.09190999504218206, 0.09190723852970487, 0.09190723852970487]
Timestep: 366, Trans probs: [0.16212192937537237, 0.09299301794586778, 0.27244955614177774, 0.09251593764512678, 0.10237174418192006, 0.0925159394196818, 0.09251593764512678, 0.09251593764512678]
Timestep: 367, Trans probs: [0.15303654112302073, 0.0953821297081239, 0.19683450408909706, 0.0901617830545897, 0.19323636973229513, 0.09102510618369399, 0.0901617830545897, 0.0901617830545897]
Timestep: 368, Trans probs: [0.13395106672066542, 0.09268095495980637, 0.25424660480801337, 0.08894413266755562, 0.16272685991250196, 0.08956211559634608, 0.08894413266755562, 0.08894413266755562]
Timestep: 369, Trans probs: [0.11972613019598892, 0.09228650092591903, 0.2895100696591651, 0.08980196638087957, 0.1388585498441726, 0.09021285023211559, 0.08980196638087957, 0.08980196638087957]
Timestep: 370, Trans probs: [0.18942158735969597, 0.09232890688358472, 0.19929649315672868, 0.09232890662023478, 0.14963562606485628, 0.09233066667442999, 0.09232890662023478, 0.09232890662023478]
Timestep: 371, Trans probs: [0.11026824958137636, 0.09329965447428823, 0.21526219450976072, 0.09176322479772792, 0.2138629127427065, 0.09201731429868448, 0.09176322479772792, 0.09176322479772792]
Timestep: 372, Trans probs: [0.10367855631684636, 0.0922533747736904, 0.2655912568211721, 0.09121887616775327, 0.17343022556528517, 0.09138995801974618, 0.09121887616775327, 0.09121887616775327]
Timestep: 373, Trans probs: [0.09991702447343885, 0.09263705078528053, 0.2950635253181864, 0.09197788203568898, 0.14436186020017952, 0.09208689311584778, 0.09197788203568898, 0.09197788203568898]
Timestep: 374, Trans probs: [0.09820028100251493, 0.09381104236768735, 0.30927154278626395, 0.09341361662598659, 0.12499694242557646, 0.09347934153999769, 0.09341361662598659, 0.09341361662598659]
Timestep: 375, Trans probs: [0.1368964009177945, 0.09313373328884306, 0.2995719923731435, 0.09283171339294263, 0.09907101872505067, 0.09283171451634036, 0.09283171339294263, 0.09283171339294263]
Timestep: 376, Trans probs: [0.19231973405262093, 0.09499797947113786, 0.22042513789263835, 0.09476662392630138, 0.11315239208727368, 0.094804884717425, 0.09476662392630138, 0.09476662392630138]
Timestep: 377, Trans probs: [0.16022819791529683, 0.09259621106112997, 0.27219497289586086, 0.09243543472459241, 0.1052122905870249, 0.09246202336691016, 0.09243543472459241, 0.09243543472459241]
Timestep: 378, Trans probs: [0.12034527304206474, 0.09422410623938894, 0.31148730903408745, 0.09404383587412166, 0.0977679675174358, 0.09404383654465802, 0.09404383587412166, 0.09404383587412166]
Timestep: 379, Trans probs: [0.20561294099466668, 0.09530849801578979, 0.2209042745331727, 0.0952042871037827, 0.0973571376536155, 0.09520428749140719, 0.0952042871037827, 0.0952042871037827]
Timestep: 380, Trans probs: [0.1599757405200623, 0.09025819881218358, 0.257324629742995, 0.09025819862308479, 0.13140737262292204, 0.09025946243258268, 0.09025819862308479, 0.09025819862308479]
Timestep: 381, Trans probs: [0.22851202592108663, 0.09282308465121282, 0.20692589553356786, 0.09272094011672441, 0.10083834111241614, 0.09273783243154333, 0.09272094011672441, 0.09272094011672441]
Timestep: 382, Trans probs: [0.2703047919666912, 0.09161286283187699, 0.09428813022618221, 0.09161286283187699, 0.1109050302694141, 0.1580505962102045, 0.09161286283187699, 0.09161286283187699]
Timestep: 383, Trans probs: [0.16756949560701004, 0.09336376024786598, 0.17785652139856475, 0.09329365384825872, 0.18803560709275546, 0.09329365410902754, 0.09329365384825872, 0.09329365384825872]
Timestep: 384, Trans probs: [0.1367572494333857, 0.09071778992391549, 0.29176144597996345, 0.09071778979904009, 0.11789152088312904, 0.09071862438248611, 0.09071778979904009, 0.09071778979904009]
Timestep: 385, Trans probs: [0.12066398218712772, 0.09241021278735317, 0.21578787964129953, 0.09241021271071889, 0.2014965623692099, 0.09241072488285297, 0.09241021271071889, 0.09241021271071889]
Timestep: 386, Trans probs: [0.09461691054399474, 0.09461691054399474, 0.26890067641435617, 0.09461691054399474, 0.16339786032167547, 0.09461691054399474, 0.09461691054399474, 0.09461691054399474]
Timestep: 387, Trans probs: [0.18184729036189906, 0.09222783375118747, 0.16759014267136052, 0.09216036961158305, 0.09752172816827082, 0.18433189621253313, 0.09216036961158305, 0.09216036961158305]
Timestep: 388, Trans probs: [0.14493233574566122, 0.0904824135299458, 0.15248064385783452, 0.09043097157620779, 0.25038072037038317, 0.09043097176755205, 0.09043097157620779, 0.09043097157620779]
Timestep: 389, Trans probs: [0.09396039094433535, 0.09396039094433535, 0.29859842101356837, 0.09396039094433535, 0.13763923332041944, 0.09396039094433535, 0.09396039094433535, 0.09396039094433535]
Timestep: 390, Trans probs: [0.2452509350956042, 0.0896875391754914, 0.14512524111128, 0.08963791149135679, 0.09358181132530928, 0.15744073881824475, 0.08963791149135679, 0.08963791149135679]
Timestep: 391, Trans probs: [0.19549120879418433, 0.0897861949446588, 0.21720847465874674, 0.08975247303335863, 0.09243234501804569, 0.13582435748428842, 0.08975247303335863, 0.08975247303335863]
Timestep: 392, Trans probs: [0.11061854575859992, 0.1823051083666436, 0.17615603060669577, 0.09115255415692244, 0.16630974576928, 0.09115290702801347, 0.09115255415692244, 0.09115255415692244]
Timestep: 393, Trans probs: [0.2988551925006854, 0.09205355819633415, 0.09377149693065398, 0.09205355819633415, 0.10444213728957881, 0.13471694049374525, 0.09205355819633415, 0.09205355819633415]
Timestep: 394, Trans probs: [0.12709247013312905, 0.18094366647323004, 0.13216673515064684, 0.09045454259993153, 0.1979789577146389, 0.09045454272856056, 0.09045454259993153, 0.09045454259993153]
Timestep: 395, Trans probs: [0.16253099469756885, 0.08948281874483006, 0.17753886045827214, 0.08945951498637615, 0.18077097391693367, 0.12129780722326682, 0.08945951498637615, 0.08945951498637615]
Timestep: 396, Trans probs: [0.1423288032335492, 0.08735293765346232, 0.24095908293789475, 0.08733539930598731, 0.15605616374144404, 0.11129681451568771, 0.08733539930598731, 0.08733539930598731]
Timestep: 397, Trans probs: [0.10314747607465288, 0.15690001117762728, 0.152289265368127, 0.08855134593790162, 0.14490625309773972, 0.17710295646814828, 0.08855134593790162, 0.08855134593790162]
Timestep: 398, Trans probs: [0.12604463805596364, 0.08788377667129894, 0.19450770621166627, 0.08787160263020205, 0.22344492924780318, 0.10450414192266165, 0.08787160263020205, 0.08787160263020205]
Timestep: 399, Trans probs: [0.09711684531640406, 0.1393704576442838, 0.22138922640098932, 0.08564316834276783, 0.1299424445600432, 0.15525152104997605, 0.08564316834276783, 0.08564316834276783]
Timestep: 400, Trans probs: [0.11552772949083248, 0.15562990903335472, 0.20755047214294556, 0.08824401347600179, 0.16831583533307212, 0.08824401357178989, 0.08824401347600179, 0.08824401347600179]
Timestep: 401, Trans probs: [0.11467896130492672, 0.08834398501817674, 0.16192562217624334, 0.08833558365950801, 0.27023090921271187, 0.09981377130941735, 0.08833558365950801, 0.08833558365950801]
Timestep: 402, Trans probs: [0.10709113428220768, 0.09014502305170087, 0.22763317730159463, 0.09013961691968321, 0.20718617832800743, 0.09752563627743971, 0.09013961691968321, 0.09013961691968321]
Timestep: 403, Trans probs: [0.10176497051881565, 0.09048066622417386, 0.2725101924742892, 0.09047706631632985, 0.1684176036825244, 0.09539536815120729, 0.09047706631632985, 0.09047706631632985]
Timestep: 404, Trans probs: [0.09887844914258154, 0.09176282322615065, 0.29830706009766284, 0.09176055320605168, 0.1409080853128195, 0.09486192260263036, 0.09176055320605168, 0.09176055320605168]
Timestep: 405, Trans probs: [0.10717432566018764, 0.13647382590494966, 0.2616483529436604, 0.08724026588653097, 0.14574243187509353, 0.08724026595651581, 0.08724026588653097, 0.08724026588653097]
Timestep: 406, Trans probs: [0.19077659812035244, 0.12155160839960465, 0.2049554605188343, 0.08874726189059384, 0.12772728535220237, 0.08874726193722478, 0.08874726189059384, 0.08874726189059384]
Timestep: 407, Trans probs: [0.24940750895051791, 0.11153045757141612, 0.1718645763569264, 0.08779988291970449, 0.11599792540858887, 0.08779988295343719, 0.08779988291970449, 0.08779988291970449]
Timestep: 408, Trans probs: [0.2865505460757062, 0.10482058894269279, 0.14547238205230778, 0.08883145326735195, 0.10783066983715711, 0.0888314532900803, 0.08883145326735195, 0.08883145326735195]
Timestep: 409, Trans probs: [0.1910708555022076, 0.09340370012891135, 0.21719788710912563, 0.09340233957149838, 0.1228593647172843, 0.09526117382797593, 0.09340233957149838, 0.09340233957149838]
Timestep: 410, Trans probs: [0.21456835349701092, 0.10101298282025073, 0.2174366180778051, 0.09102204760484532, 0.10289385517134995, 0.09102204761904731, 0.09102204760484532, 0.09102204760484532]
Timestep: 411, Trans probs: [0.31131311851863175, 0.09350948947508565, 0.09454202346608576, 0.09350948947508565, 0.10095540635118, 0.11915149376375982, 0.09350948947508565, 0.09350948947508565]
Timestep: 412, Trans probs: [0.17934124231556317, 0.12485160931958307, 0.18497818207916758, 0.08546504185055195, 0.11794009231828011, 0.13649374841575018, 0.08546504185055195, 0.08546504185055195]
Timestep: 413, Trans probs: [0.25133407262907315, 0.09140701656145078, 0.1782581254733213, 0.09140606202616171, 0.11207242255216329, 0.09271017670550645, 0.09140606202616171, 0.09140606202616171]
Timestep: 414, Trans probs: [0.1967587718107378, 0.09144838243130458, 0.24008673509000053, 0.09144775387922938, 0.10505634849456909, 0.09230650053569983, 0.09144775387922938, 0.09144775387922938]
Timestep: 415, Trans probs: [0.16065316481021072, 0.09153786221506434, 0.28062679549937386, 0.09153744969577605, 0.10046878249471804, 0.09210104589330487, 0.09153744969577605, 0.09153744969577605]
Timestep: 416, Trans probs: [0.13550550724039462, 0.09268169291408843, 0.30252255898422126, 0.09268143731729955, 0.09821528760959645, 0.09303064129980054, 0.09268143731729955, 0.09268143731729955]
Timestep: 417, Trans probs: [0.1563890354324138, 0.11438309627659127, 0.24475461736769163, 0.08402007737384187, 0.10905502290431174, 0.12335799589746586, 0.08402007737384187, 0.08402007737384187]
Timestep: 418, Trans probs: [0.1194567230954407, 0.09410348034557571, 0.21833684208630874, 0.09410332902305725, 0.19148289702690582, 0.09431007037659728, 0.09410332902305725, 0.09410332902305725]
Timestep: 419, Trans probs: [0.22120546372526723, 0.0948755086396785, 0.09547439660715729, 0.0948755086396785, 0.19406978069325753, 0.10974832441560402, 0.0948755086396785, 0.0948755086396785]
Timestep: 420, Trans probs: [0.173741198179743, 0.0975498305885822, 0.17566569545117608, 0.09084629016561728, 0.0988118249428834, 0.18169258034076355, 0.09084629016561728, 0.09084629016561728]
Timestep: 421, Trans probs: [0.23871121518083466, 0.09352312630203365, 0.1516031296529646, 0.08853897038295425, 0.09446143296298656, 0.15608418475231783, 0.08853897038295425, 0.08853897038295425]
Timestep: 422, Trans probs: [0.28120592019803825, 0.09215837322315137, 0.13229507564922646, 0.08871402798507481, 0.09280679837918174, 0.13539174859517777, 0.08871402798507481, 0.08871402798507481]
Timestep: 423, Trans probs: [0.1363847152114341, 0.10684738179468192, 0.28401778297691765, 0.08549700537427175, 0.10310083826229849, 0.11315826563185263, 0.08549700537427175, 0.08549700537427175]
Timestep: 424, Trans probs: [0.21275507586234463, 0.09283608790480975, 0.11829609948341563, 0.09065122805480934, 0.18389863305799803, 0.12026041952700386, 0.09065122805480934, 0.09065122805480934]
Timestep: 425, Trans probs: [0.10963586778601925, 0.09191233865270745, 0.17875935967737977, 0.09191223286864303, 0.15998674418592684, 0.18396899109203763, 0.09191223286864303, 0.09191223286864303]
Timestep: 426, Trans probs: [0.10233355459935375, 0.089023057499902, 0.24326876928674068, 0.08902297805531326, 0.14014742277621575, 0.15815826167184804, 0.08902297805531326, 0.08902297805531326]
Timestep: 427, Trans probs: [0.09826348506304756, 0.08910347098497066, 0.28435565701643484, 0.08910341631281636, 0.12428622202460451, 0.13668091597249335, 0.08910341631281636, 0.08910341631281636]
Timestep: 428, Trans probs: [0.17739012293685047, 0.09059343604510138, 0.19803329559121755, 0.08901204681281406, 0.15650399244527669, 0.11044301254311178, 0.08901204681281406, 0.08901204681281406]
Timestep: 429, Trans probs: [0.18777875577300826, 0.09100314131119273, 0.21404822825102, 0.0910031068575965, 0.1131747991473638, 0.12098575494462574, 0.0910031068575965, 0.0910031068575965]
Timestep: 430, Trans probs: [0.15874233037524157, 0.08948445028150458, 0.26702661570757585, 0.0894844256246419, 0.10535169151201913, 0.11094163524973312, 0.0894844256246419, 0.0894844256246419]
Timestep: 431, Trans probs: [0.13568124160868908, 0.09053020316659989, 0.2968048098886048, 0.09053018709214088, 0.10087447616195039, 0.10451870789773324, 0.09053018709214088, 0.09053018709214088]
Timestep: 432, Trans probs: [0.11993309855069759, 0.09248386468245352, 0.3103708136599226, 0.0924838549101072, 0.09877258756555006, 0.10098807081105461, 0.0924838549101072, 0.0924838549101072]
Timestep: 433, Trans probs: [0.11026190107320431, 0.09423011151479455, 0.31571760200160204, 0.0942301058072327, 0.09790305489590642, 0.09919701309279451, 0.0942301058072327, 0.0942301058072327]
Timestep: 434, Trans probs: [0.15259124704690993, 0.08874276353689721, 0.2553560430838955, 0.08757947830175299, 0.1372272071735632, 0.10334430425347531, 0.08757947830175299, 0.08757947830175299]
Timestep: 435, Trans probs: [0.20009880487018808, 0.09546347465786487, 0.22217746286804274, 0.09546347139254312, 0.0975647820647434, 0.09830506136153151, 0.09546347139254312, 0.09546347139254312]
Timestep: 436, Trans probs: [0.16436859792812736, 0.0932717732388667, 0.27264220889912877, 0.09327177102017051, 0.09469955374113048, 0.09520255313223515, 0.09327177102017051, 0.09327177102017051]
Timestep: 437, Trans probs: [0.1324812479722735, 0.08950517713703769, 0.29037385555630313, 0.08872217610210624, 0.1221397953705247, 0.09933339565754229, 0.08872217610210624, 0.08872217610210624]
Timestep: 438, Trans probs: [0.23146306852335957, 0.09337121363536463, 0.20619708440914894, 0.09337121223978162, 0.09426930243048165, 0.0945856942823003, 0.09337121223978162, 0.09337121223978162]
Timestep: 439, Trans probs: [0.18313652568177644, 0.09269862605922637, 0.25928817535884857, 0.09269862514524345, 0.0932867944517127, 0.0934940030127055, 0.09269862514524345, 0.09269862514524345]
Timestep: 440, Trans probs: [0.15032373742139368, 0.09287092304556062, 0.29157179614855844, 0.09287092246493137, 0.09324457092566713, 0.09337620506402601, 0.09287092246493137, 0.09287092246493137]
Timestep: 441, Trans probs: [0.1182723017498459, 0.09153874542061187, 0.3075421434506807, 0.09105167431647487, 0.1118393310226038, 0.09765245540683307, 0.09105167431647487, 0.09105167431647487]
Timestep: 442, Trans probs: [0.22242405656714556, 0.09387643050897122, 0.21378695137064122, 0.0938764301585774, 0.0941019167447524, 0.09418135433275741, 0.0938764301585774, 0.0938764301585774]
Timestep: 443, Trans probs: [0.10936151197922514, 0.09353662877290134, 0.3146477807651192, 0.09324830786111474, 0.10555352589706729, 0.09715562900234286, 0.09324830786111474, 0.09324830786111474]
Timestep: 444, Trans probs: [0.27039039603620674, 0.0929104944422781, 0.1717976897886117, 0.09291049421175966, 0.09305883819562148, 0.09311109890200289, 0.09291049421175966, 0.09291049421175966]
Timestep: 445, Trans probs: [0.20435439891756732, 0.09325567833580597, 0.2358930971894952, 0.09325567819150624, 0.09334853843463821, 0.0933812525479746, 0.09325567819150624, 0.09325567819150624]
Timestep: 446, Trans probs: [0.10413273599873918, 0.09501405646963988, 0.31727155626063197, 0.09484791900360985, 0.1019384825384298, 0.09709941172172962, 0.09484791900360985, 0.09484791900360985]
Timestep: 447, Trans probs: [0.20980288704090028, 0.10227276140055687, 0.21604511075335106, 0.08856233082802553, 0.09986686822208321, 0.10632538009903211, 0.08856233082802553, 0.08856233082802553]
Timestep: 448, Trans probs: [0.09467154042900086, 0.09467154042900086, 0.3112737895447671, 0.09467154042900086, 0.12069696788122776, 0.09467154042900086, 0.09467154042900086, 0.09467154042900086]
Timestep: 449, Trans probs: [0.17209317722845296, 0.18717261596883783, 0.1763774450971811, 0.08888132143842555, 0.09664004149704739, 0.10107275589320405, 0.08888132143842555, 0.08888132143842555]
Timestep: 450, Trans probs: [0.10115495744210524, 0.09597217473037278, 0.22229664131500038, 0.09587774720016257, 0.19578555708510675, 0.09715742782692709, 0.09587774720016257, 0.09587774720016257]
Timestep: 451, Trans probs: [0.19033783624011544, 0.0934242499274984, 0.18005117392547756, 0.09335949630768114, 0.16187121448627825, 0.09423703649758688, 0.09335949630768114, 0.09335949630768114]
Timestep: 452, Trans probs: [0.23624732266252893, 0.15996479230266056, 0.1519965601978068, 0.08741310618148757, 0.09314004492091998, 0.0964119613716211, 0.08741310618148757, 0.08741310618148757]
Timestep: 453, Trans probs: [0.16165814093567538, 0.09051146495920225, 0.15410644608642945, 0.09046392771511987, 0.23122401306205673, 0.09110815181127663, 0.09046392771511987, 0.09046392771511987]
Timestep: 454, Trans probs: [0.2577255761319981, 0.09278465225565938, 0.1854246421453086, 0.09278465216193975, 0.09284496292789465, 0.09286621005332, 0.09278465216193975, 0.09278465216193975]
Timestep: 455, Trans probs: [0.1976827705299879, 0.09292356667333344, 0.24468572445087475, 0.09292356661380913, 0.09296187189109835, 0.09297536661327821, 0.09292356661380913, 0.09292356661380913]
Timestep: 456, Trans probs: [0.160168448173542, 0.09276619241141892, 0.2831764236561061, 0.09276619237312088, 0.09279083805580877, 0.09279952058376165, 0.09276619237312088, 0.09276619237312088]
Timestep: 457, Trans probs: [0.1348317637491741, 0.0935717321616366, 0.30370235490243436, 0.0935717321381926, 0.09358681889804508, 0.09359213387413222, 0.0935717321381926, 0.0935717321381926]
Timestep: 458, Trans probs: [0.27908786659031876, 0.138250500085568, 0.13272554360560823, 0.08794512455276805, 0.09191602887412761, 0.09418468718607319, 0.08794512455276805, 0.08794512455276805]
Timestep: 459, Trans probs: [0.11894439122038195, 0.09468693147656147, 0.2182262242486601, 0.09468693146277833, 0.18938273268293943, 0.09469892598312206, 0.09468693146277833, 0.09468693146277833]
Timestep: 460, Trans probs: [0.13918830188963036, 0.08985937231132356, 0.2237788126605362, 0.08982641277620118, 0.1874211948544476, 0.09027307995545877, 0.08982641277620118, 0.08982641277620118]
Timestep: 461, Trans probs: [0.20141759064709847, 0.09219333869989751, 0.1789290068716773, 0.09219333869022052, 0.1586782877909469, 0.09220175991971817, 0.09219333869022052, 0.09219333869022052]
Timestep: 462, Trans probs: [0.12356276375072663, 0.0896209830472476, 0.2713653024368847, 0.08959830456379426, 0.15675039400545143, 0.08990564306830684, 0.08959830456379426, 0.08959830456379426]
Timestep: 463, Trans probs: [0.2589170786485222, 0.09008853934520733, 0.15261647052407107, 0.09008853933823116, 0.13801768324667743, 0.09009461022082847, 0.09008853933823116, 0.09008853933823116]
Timestep: 464, Trans probs: [0.212082204765961, 0.12219568926796213, 0.2087588320870096, 0.0900893312063099, 0.09262367817459773, 0.09407160208553993, 0.0900893312063099, 0.0900893312063099]
Timestep: 465, Trans probs: [0.2020817626742059, 0.09062404436627257, 0.1319039166465796, 0.09062404436166703, 0.21289009097326475, 0.09062805225467613, 0.09062404436166703, 0.09062404436166703]
Timestep: 466, Trans probs: [0.1668741631961705, 0.09004942083152015, 0.2085519232492324, 0.09004942082834569, 0.1743240468791801, 0.0900521833588597, 0.09004942082834569, 0.09004942082834569]
Timestep: 467, Trans probs: [0.17358145242020398, 0.11184916129142648, 0.2610981714028413, 0.08979914598083392, 0.0915396856379882, 0.09253409130503837, 0.08979914598083392, 0.08979914598083392]
Timestep: 468, Trans probs: [0.14343753682897317, 0.0891630239511114, 0.17288169837244466, 0.08916302394886874, 0.23786369340213206, 0.08916497559873235, 0.08916302394886874, 0.08916302394886874]
Timestep: 469, Trans probs: [0.11270823343105167, 0.09099229738069883, 0.2982500189994188, 0.09097778769717063, 0.13394166436299115, 0.09117442273432769, 0.09097778769717063, 0.09097778769717063]
Timestep: 470, Trans probs: [0.21582613426634273, 0.0895177291718447, 0.14626750832450128, 0.08951772917032448, 0.1903163886050768, 0.08951905212126116, 0.08951772917032448, 0.08951772917032448]
Timestep: 471, Trans probs: [0.17676627405893944, 0.08926051637286275, 0.21783696282514045, 0.08926051637180955, 0.1590932647227981, 0.08926143290483052, 0.08926051637180955, 0.08926051637180955]
Timestep: 472, Trans probs: [0.14990609171379496, 0.08899925770632823, 0.2674918754881011, 0.08899925770559516, 0.13760510633280626, 0.0889998956421841, 0.08899925770559516, 0.08899925770559516]
Timestep: 473, Trans probs: [0.12980637494107233, 0.09041446775559288, 0.296270244315088, 0.09041446775511877, 0.12185062937796456, 0.090414880344926, 0.09041446775511877, 0.09041446775511877]
Timestep: 474, Trans probs: [0.11636553620707793, 0.09243482100303431, 0.3099277139279348, 0.09243482100274629, 0.11153239420128172, 0.09243507165243246, 0.09243482100274629, 0.09243482100274629]
Timestep: 475, Trans probs: [0.10597725126751355, 0.0928789372022506, 0.3107599314895278, 0.0928701854546216, 0.11878453465537807, 0.09298878902146514, 0.0928701854546216, 0.0928701854546216]
Timestep: 476, Trans probs: [0.19660215203971984, 0.09449130937321451, 0.22132148517754258, 0.09448621491468218, 0.10957115371688504, 0.09455525494859147, 0.09448621491468218, 0.09448621491468218]
Timestep: 477, Trans probs: [0.20237227966321755, 0.09419287933513205, 0.22130855000405109, 0.09419287933496373, 0.10535462716328861, 0.09419302582941938, 0.09419287933496373, 0.09419287933496373]
Timestep: 478, Trans probs: [0.1659641801650616, 0.0925196527562964, 0.2713399351167563, 0.09251965275618212, 0.10009752147999593, 0.09251975221334338, 0.09251965275618212, 0.09251965275618212]
Timestep: 479, Trans probs: [0.16266146624824193, 0.09246984566532213, 0.2721200314175067, 0.09246634370322838, 0.10283582331254817, 0.0925138022466959, 0.09246634370322838, 0.09246634370322838]
Timestep: 480, Trans probs: [0.2300469273629966, 0.09280210709094998, 0.2065555718539452, 0.09279988966868591, 0.09936578454049243, 0.09282994014555812, 0.09279988966868591, 0.09279988966868591]
Timestep: 481, Trans probs: [0.23213650683206996, 0.09288125740460565, 0.20579110433667994, 0.09288125740453348, 0.09766603900974563, 0.09288132020329828, 0.09288125740453348, 0.09288125740453348]
Timestep: 482, Trans probs: [0.18259690714418172, 0.09227625579139682, 0.25941207081163226, 0.09227479650846857, 0.09659580403618406, 0.0922945726911994, 0.09227479650846857, 0.09227479650846857]
Timestep: 483, Trans probs: [0.276054738584206, 0.09240363042951422, 0.1663881932036415, 0.09240363042946693, 0.09553887491566548, 0.09240367157857203, 0.09240363042946693, 0.09240363042946693]
Timestep: 484, Trans probs: [0.15009595435614584, 0.09259209067388728, 0.2915925283314667, 0.0925911616016837, 0.09534218945768579, 0.09260375237576333, 0.0925911616016837, 0.0925911616016837]
Timestep: 485, Trans probs: [0.3003395776825303, 0.09310491265718902, 0.139082527022396, 0.09310491265715964, 0.095053306437186, 0.09310493822921974, 0.09310491265715964, 0.09310491265715964]
Timestep: 486, Trans probs: [0.21723867192260518, 0.09429098568259209, 0.21585946041047943, 0.09429098568257467, 0.09544692408269406, 0.09429100085390528, 0.09429098568257467, 0.09429098568257467]
Timestep: 487, Trans probs: [0.17452586665035374, 0.0930137546731194, 0.2666252288151128, 0.09301375467310785, 0.09378012111066229, 0.0930137647314281, 0.09301375467310785, 0.09301375467310785]
Timestep: 488, Trans probs: [0.14457141294556736, 0.09318811751917837, 0.2958167764359325, 0.0931881175191711, 0.09367121668211179, 0.09318812385969678, 0.0931881175191711, 0.0931881175191711]
Timestep: 489, Trans probs: [0.12845249520092628, 0.09370326020076061, 0.3076607128321455, 0.09370269876807996, 0.0953651281656669, 0.0937103072962607, 0.09370269876807996, 0.09370269876807996]
Timestep: 490, Trans probs: [0.21004159996147445, 0.09489003162430441, 0.21964606793926894, 0.09488970425961095, 0.09585904699455994, 0.09489414070155931, 0.09488970425961095, 0.09488970425961095]
Timestep: 491, Trans probs: [0.26337591248818254, 0.0932369037726597, 0.17655343354624856, 0.09323668514684377, 0.09388404679140012, 0.09323964796097765, 0.09323668514684377, 0.09323668514684377]
Timestep: 492, Trans probs: [0.21912726919903672, 0.0941871219546631, 0.21546085927295236, 0.09418712195465874, 0.09447625795989294, 0.09418712574947853, 0.09418712195465874, 0.09418712195465874]
Timestep: 493, Trans probs: [0.17553162815386955, 0.09302385996613632, 0.2661342703854754, 0.09302385996613345, 0.0932147991239682, 0.09302386247215028, 0.09302385996613345, 0.09302385996613345]
Timestep: 494, Trans probs: [0.1451904751010716, 0.09320126249648557, 0.2954816351063394, 0.09320126249648374, 0.09332157573109488, 0.0932012640755574, 0.09320126249648374, 0.09320126249648374]
Timestep: 495, Trans probs: [0.12531401785182636, 0.094189069835399, 0.3094795329561778, 0.09418906983539792, 0.0942610990696439, 0.09418907078075915, 0.09418906983539792, 0.09418906983539792]
Timestep: 496, Trans probs: [0.1132777198864987, 0.09523453438625878, 0.31527331777786677, 0.09523453438625816, 0.09527628985631563, 0.09523453493428569, 0.09523453438625816, 0.09523453438625816]
Timestep: 497, Trans probs: [0.1063159854325136, 0.09603443120573474, 0.31745363348779504, 0.09603443120573438, 0.09605822473873635, 0.09603443151801709, 0.09603443120573438, 0.09603443120573438]
Timestep: 498, Trans probs: [0.14510262834707446, 0.10512800520955445, 0.29262346815734774, 0.09084956136597928, 0.09197664438166565, 0.09262056980641979, 0.09084956136597928, 0.09084956136597928]
Timestep: 499, Trans probs: [0.10237353296375719, 0.09656478459491412, 0.22165953211242012, 0.09656478459491392, 0.19314301177282314, 0.09656478477134363, 0.09656478459491392, 0.09656478459491392]
