0,0.5,0
186,0.3333333333333333,1
143,0.4697046966995677,1
200,0.47170019826159254,1
137,0.4444444444444445,1
187,0.4765423830583235,1
173,0.47940529850443325,1
211,0.48658548774469823,1
183,0.6040404827076965,1
24,0.45452753408074936,0
168,0.3523284021431826,1
165,0.487435501032934,1
202,0.4842454972605487,1
191,0.5616478255671773,1
115,0.43855588739821666,1
138,0.47868704264654494,1
59,0.4485549591544411,0
157,0.3552161843836894,1
200,0.4891623065352465,1
93,0.4418765601643752,0
190,0.35665708484412073,1
221,0.4879072153173488,1
154,0.6097640418413154,1
47,0.43313873196684927,0
219,0.35953229560044475,1
215,0.6111485492767532,1
36,0.5249638883110429,0
28,0.3102110783585302,0
185,0.3599105264938176,1
219,0.49487704327613485,1
71,0.5176399578438832,0
38,0.30808500279542445,0
138,0.3056062156603325,1
132,0.44661482296624244,1
176,0.49227337640938945,1
138,0.4384821223801833,1
149,0.45483159130894946,1
152,0.45669286630421413,1
216,0.4930691631470324,1
38,0.5392049331887337,0
112,0.33367259025472257,1
153,0.4633957576404815,1
136,0.4925886787184156,1
210,0.489766150978561,1
112,0.5624321343505588,1
64,0.47267809895005763,0
135,0.34793504250189095,1
211,0.49473741620032874,1
44,0.5522015118601951,0
128,0.3308310442261075,1
153,0.45894420909458566,1
215,0.4904519156186401,1
93,0.5499201036340906,0
137,0.337360953863896,1
161,0.49056856591255626,1
22,0.454566349633279,0
190,0.362882842831625,1
144,0.5036575960503475,1
151,0.4527540109009259,1
202,0.49197935088063793,1
140,0.555362196287343,1
63,0.47147148291321894,0
212,0.3649104603516441,1
197,0.6152355265281263,1
74,0.4625895595825854,0
195,0.3658122819256069,1
162,0.5017791756509887,1
122,0.44510444461244614,1
189,0.49194573735205427,1
57,0.4658911600637919,0
182,0.36744365858636824,1
167,0.49936809346944333,1
56,0.4477222549236615,0
133,0.3676200465081949,1
137,0.49435086960561103,1
144,0.5008658357991923,1
173,0.49958691435325775,1
98,0.4502361213517567,0
205,0.36917188996838846,1
223,0.5724827410948816,1
57,0.5245553575669089,0
69,0.32512384792389243,0
206,0.3662678683458921,1
178,0.6233504029396932,1
152,0.4313429696831431,1
171,0.5057278501296426,1
118,0.45089352640737557,1
214,0.49452332938619403,1
82,0.5407363074907592,0
41,0.32155424987559444,0
88,0.3145711906313311,0
86,0.31293493119022336,0
71,0.3126539455978555,0
114,0.3126017007300161,1
109,0.4537093157513629,1
50,0.44728611650615585,0
157,0.3650553935471596,1
191,0.493318539880013,1
153,0.4362714826664629,1
180,0.5025193920211652,1
150,0.4562880212500535,1
213,0.4931756681406415,1
92,0.5396917740185784,0
95,0.31972031847228927,0
57,0.31484621593975737,0
132,0.30689451613496993,1
95,0.4480649461358528,0
29,0.3255453000956255,0
133,0.36241438949516325,1
167,0.4956949826087754,1
29,0.4297138329638708,0
201,0.3653598675845485,1
23,0.5191798370040298,0
39,0.30645035545182286,0
96,0.3032452231828282,0
73,0.30226130888413444,0
70,0.3021343638853146,0
38,0.30211959321320814,0
100,0.30211786207207436,0
42,0.42402328925254085,0
220,0.3639037202474285,1
170,0.5816061235109578,1
41,0.410938643419145,0
136,0.3006448693095128,1
54,0.4456671905600057,0
180,0.3655240304481534,1
200,0.4979929560634777,1
72,0.4320241542749229,0
191,0.365180274769366,1
37,0.44012554477397314,0
161,0.363522503108068,1
94,0.44021344061303935,0
155,0.36359671488126577,1
212,0.5008186779220529,1
74,0.5212677536032821,0
133,0.3143540269109949,1
126,0.4466290048481796,1
175,0.4955522291201009,1
87,0.43916986921979223,0
157,0.36427380800903586,1
142,0.44698192681778337,1
206,0.5064040072317673,1
127,0.5484549025177282,1
76,0.4597533033026854,0
82,0.33554967750451486,0
96,0.318597682025095,0
56,0.3114223860858725,0
139,0.3099998416018068,1
141,0.4555397165650394,1
144,0.49378948539628587,1
140,0.45445458308163744,1
172,0.4936801036491344,1
99,0.45441134987799614,0
161,0.3644321728951794,1
172,0.4966293111780854,1
146,0.45155329196689453,1
189,0.49976642910268343,1
94,0.4653230146014785,0
206,0.36555038538156953,1
135,0.6171628771584973,1
37,0.45046644719662576,0
159,0.3664644368338718,1
37,0.45034977109290114,0
210,0.3646070482486542,1
120,0.5375776524548508,1
83,0.4550671260195356,0
54,0.32668665858212215,0
100,0.3132957291396915,0
149,0.4258415261687355,1
140,0.5076406461262966,1
63,0.44909354454469286,0
24,0.3243659436958801,0
26,0.31135872580927926,0
132,0.3058041736342921,1
112,0.4499486443717334,1
84,0.45383963813101813,0
92,0.33556526621146454,0
80,0.3236384200679712,0
84,0.3175030545618869,0
89,0.312424822329339,0
141,0.3117941173012978,1
40,0.4520278943623456,0
206,0.36548056806310925,1
24,0.53545102986686,0
68,0.31212478838936825,0
123,0.306397144842689,1
148,0.4449924792771579,1
38,0.4526191785446537,0
78,0.3202175599301775,0
143,0.3115023508278956,1
103,0.45138517097331476,0
152,0.42177447824591785,1
98,0.43797312422748697,0
113,0.3208227205081442,1
147,0.44631746804580585,1
73,0.45187072393006533,0
198,0.3650290972368451,1
147,0.4498205841421731,1
206,0.5046111095171815,1
114,0.5415569461540394,1
136,0.45235198473740723,1
28,0.4643779458562309,0
83,0.34449764155657064,0
78,0.3244173463204842,0
148,0.31639156786396044,1
132,0.46342388598608286,1
152,0.5055309187058057,1
90,0.4613596625304288,0
157,0.3648548653919161,1
172,0.4964055406241379,1
130,0.4466439011704833,1
171,0.49686254501052135,1
105,0.45244824154517915,1
67,0.4585535768070135,0
26,0.33201551746568647,0
202,0.36821723404842316,1
224,0.6192987755938506,1
25,0.5275192692294369,0
26,0.3040734140132104,0
40,0.30142068743680495,0
122,0.30097739641787624,1
124,0.44199308090629336,1
118,0.44610956381939915,1
139,0.49835394093165014,1
24,0.44011218883462544,0
63,0.3300258532145807,0
56,0.31654210783558645,0
43,0.30962183310130603,0
66,0.308052875175054,0
42,0.3077376451054866,0
88,0.30767768166131026,0
138,0.30766595930373974,1
97,0.45602471446600146,0
178,0.36701880859604036,1
204,0.4996497830709067,1
64,0.5325329367860161,0
135,0.31217975127869996,1
93,0.4532275293274211,0
152,0.36690833665597433,1
154,0.44058790178204993,1
179,0.49972367416683805,1
44,0.44438348807763084,0
158,0.3660723430068225,1
148,0.4969384357358762,1
91,0.4320526292547875,0
176,0.36690194017870603,1
126,0.4403628779725925,1
160,0.4964252777587981,1
138,0.4429936333923551,1
154,0.49811862164295717,1
66,0.4564061483975299,0
217,0.3662345363512374,1
174,0.6157013242963301,1
117,0.4443015403580278,1
167,0.49512323374093187,1
183,0.5067010854549342,1
89,0.4552757340224082,0
224,0.3675964823000848,1
85,0.540035791867833,0
95,0.31218890675408123,0
44,0.3129083238755487,0
21,0.30374346056341683,0
31,0.3005581809760858,0
84,0.30012535630082665,0
124,0.30006964159068483,1
121,0.44397161004228936,1
163,0.49541913535778564,1
152,0.5054802375665853,1
43,0.435964220634124,0
137,0.365144258841196,1
142,0.4429579613388603,1
150,0.49509381318684254,1
143,0.45053152744195224,1
186,0.49637163966632103,1
61,0.461845457732035,0
77,0.3337286009531184,0
97,0.32091616720631266,0
133,0.31485203379532706,1
76,0.45838986860323894,0
164,0.3658081617815436,1
167,0.49833895289578,1
96,0.44963857382412964,0
211,0.3712273893287033,1
59,0.536463532791097,0
45,0.31264507345110243,0
79,0.3124318267096494,0
114,0.3072856302751946,1
85,0.44881304584176696,0
206,0.3647966233487147,1
123,0.537091831209062,1
108,0.443229654041771,1
115,0.44938500895878947,1
130,0.45054884027106057,1
163,0.5065834943804326,1
82,0.44942957824188634,0
165,0.36450410261345584,1
35,0.4444257784166046,0
148,0.3252059707656366,1
95,0.4530758700828664,0
199,0.36528373157815053,1
36,0.4411959300716599,0
142,0.36473671822560855,1
37,0.4397510820816645,0
151,0.36446292171131905,1
154,0.500441671911566,1
118,0.427853634337208,1
146,0.49612084116285615,1
144,0.5048563591146823,1
154,0.4429393278354099,1
143,0.5008667295208256,1
68,0.45435958862874615,0
162,0.3656953732373167,1
158,0.49843558333898685,1
122,0.43466582707690427,1
153,0.49465489432722254,1
192,0.501400876440538,1
34,0.4487305480697427,0
177,0.3661461807319619,1
113,0.44811178544345776,1
150,0.49110523747696216,1
75,0.44081553655044314,0
150,0.32812194720218374,1
138,0.4503100256570867,1
198,0.4975400540181519,1
152,0.45853365011285663,1
192,0.49754865020514927,1
216,0.4989277512115624,1
167,0.5773340469726784,1
102,0.4740343108521755,0
154,0.49187497484920795,1
140,0.45106534725800634,1
165,0.49847912853493315,1
72,0.4528784204076636,0
174,0.3680949845485362,1
219,0.494696620458256,1
32,0.5381181247361349,0
109,0.3198247975360286,1
42,0.4542616991488257,0
41,0.3309405703223341,0
212,0.3708181206967105,1
213,0.5777136930286506,1
24,0.5296103763363441,0
133,0.31112709798556853,1
95,0.4476436107068786,0
202,0.3708875039675432,1
69,0.5342508819518059,0
52,0.3145489765375127,0
79,0.3111618182735716,0
148,0.30518952540826355,1
152,0.44955963702882534,1
97,0.45244007329420144,0
212,0.37124784112426806,1
201,0.6151835941470829,1
63,0.5258452431216989,0
119,0.3144781459917887,1
60,0.4525943884918191,0
151,0.36758252956596704,1
138,0.5006051730703285,1
202,0.5000763650169557,1
178,0.5778795645849337,1
109,0.43794194524025554,1
183,0.4955852784252479,1
155,0.5052260254042438,1
75,0.43041336332139724,0
28,0.32023605986576,0
29,0.30536831580733775,0
75,0.2980182813568255,0
48,0.2966867344556914,0
95,0.2964889128425252,0
23,0.31174417831841694,0
176,0.36157462739466906,1
164,0.4979164852746828,1
113,0.4209874756692591,1
138,0.4991790793256263,1
149,0.4246355883754076,1
156,0.43147184792046245,1
97,0.44427300108138956,0
190,0.370008873347064,1
134,0.49927072857712207,1
157,0.44119189692005534,1
138,0.4452360245138015,1
133,0.4478951564278554,1
163,0.49753328058894164,1
38,0.45228245135151096,0
148,0.3690995150702917,1
204,0.5001005018152985,1
81,0.5389341510746416,0
32,0.3071317788000415,0
152,0.3063130602075522,1
102,0.4495445248644725,0
147,0.4968811791028513,1
136,0.4381023307959171,1
209,0.49645626585636504,1
82,0.5362587211995546,0
39,0.32894660990764096,0
120,0.31734656877117734,1
53,0.4546464814839791,0
61,0.33026290565565813,0
116,0.3167355993458248,1
26,0.45088951712795555,0
132,0.3236224139199221,1
109,0.4493739574692505,1
95,0.45216025576000063,0
89,0.3289602051368412,0
122,0.31093255365718053,1
52,0.4443257101090274,0
143,0.32174583907955007,1
52,0.44586944360061576,0
216,0.3668794723724498,1
192,0.5788687973133411,1
64,0.44096582661652,0
215,0.3685770173469807,1
173,0.6179036648746794,1
99,0.4378092620367171,0
209,0.3674771874404229,1
193,0.6197872494349987,1
51,0.42430185818880306,0
187,0.36702360932515904,1
150,0.5028984955144223,1
34,0.42495896416639833,0
142,0.3681405682937233,1
196,0.500634815029023,1
140,0.4259060688530424,1
144,0.4979320217673759,1
115,0.43798676007070153,1
182,0.5008533236233255,1
127,0.4461552224307844,1
141,0.49563205925342224,1
129,0.4510717065912677,1
194,0.501268908975762,1
133,0.45847023999329983,1
143,0.5012523799432376,1
96,0.4679199679891239,0
64,0.34414278912963,0
135,0.3666027815396239,1
195,0.4999653107645473,1
59,0.4478806480959361,0
63,0.314021377672307,0
27,0.30902187322490393,0
48,0.30764197513432284,0
115,0.30735719607373885,1
67,0.44950032041012644,0
90,0.3194796189021536,0
199,0.3700041584168823,1
118,0.43371049739098555,1
153,0.4376324537968852,1
47,0.44641661334788507,0
163,0.36640852330289,1
150,0.5034938321204432,1
145,0.43642615077834535,1
208,0.5007014033634832,1
83,0.530326225299316,0
53,0.30732640037881087,0
119,0.3060193680741856,1
139,0.4529196889055571,1
192,0.4976549308581377,1
49,0.44433946200997865,0
185,0.3665986568604882,1
134,0.4453999610216479,1
53,0.44303587807175404,0
189,0.3668971649272875,1
142,0.4441446049129344,1
136,0.49654308682799264,1
105,0.44333111496851807,1
120,0.44998624232833795,1
130,0.4591987047615545,1
214,0.496888082494352,1
147,0.5561742139525397,1
24,0.4701363920234135,0
156,0.34349490549135686,1
156,0.45789260232591494,1
197,0.5008554984502536,1
107,0.4603856381109607,1
165,0.5021204549758999,1
61,0.4606777251267393,0
186,0.36558638348547523,1
148,0.4981003652195009,1
113,0.44675906956278183,1
145,0.4939336512926017,1
140,0.5013351583749801,1
93,0.45177374868896714,0
126,0.3230364763880362,1
124,0.448201471662211,1
73,0.44672939795507915,0
214,0.3687977610004443,1
47,0.5326983034441851,0
76,0.3104508411363632,0
30,0.30830172302051273,0
83,0.3006730035568266,0
148,0.2992314411360732,1
108,0.45350366208672255,1
223,0.4917867209442248,1
94,0.5426411829110654,0
89,0.3205393163895939,0
152,0.3627212162571429,1
203,0.5032730303024284,1
146,0.5231245873073413,1
53,0.449070915339726,0
177,0.36594093904042824,1
172,0.5026584731196095,1
