Timestep: 0, Trans probs: [0.1111111111111111, 0.1111111111111111, 0.2222222222222222, 0.1111111111111111, 0.1111111111111111, 0.1111111111111111, 0.1111111111111111, 0.1111111111111111]
Timestep: 1, Trans probs: [0.125, 0.125, 0.125, 0.125, 0.125, 0.125, 0.125, 0.125]
Timestep: 2, Trans probs: [0.1111111111111111, 0.1111111111111111, 0.1111111111111111, 0.1111111111111111, 0.2222222222222222, 0.1111111111111111, 0.1111111111111111, 0.1111111111111111]
Timestep: 3, Trans probs: [0.1111111111111111, 0.1111111111111111, 0.1111111111111111, 0.1111111111111111, 0.2222222222222222, 0.1111111111111111, 0.1111111111111111, 0.1111111111111111]
Timestep: 4, Trans probs: [0.125, 0.125, 0.125, 0.125, 0.125, 0.125, 0.125, 0.125]
Timestep: 5, Trans probs: [0.1111111111111111, 0.1111111111111111, 0.2222222222222222, 0.1111111111111111, 0.1111111111111111, 0.1111111111111111, 0.1111111111111111, 0.1111111111111111]
Timestep: 6, Trans probs: [0.1111111111111111, 0.1111111111111111, 0.2222222222222222, 0.1111111111111111, 0.1111111111111111, 0.1111111111111111, 0.1111111111111111, 0.1111111111111111]
Timestep: 7, Trans probs: [0.20219903030560218, 0.10109951515280109, 0.19120387877759135, 0.10109951515280109, 0.10109951515280109, 0.10109951515280109, 0.10109951515280109, 0.10109951515280109]
Timestep: 8, Trans probs: [0.17481157484746396, 0.09416396288300914, 0.2602046478544811, 0.09416396288300914, 0.09416396288300914, 0.09416396288300914, 0.09416396288300914, 0.09416396288300914]
Timestep: 9, Trans probs: [0.1505734306704431, 0.09079369214493128, 0.30466441645996917, 0.09079369214493128, 0.09079369214493128, 0.09079369214493128, 0.09079369214493128, 0.09079369214493128]
Timestep: 10, Trans probs: [0.20219903030560218, 0.10109951515280109, 0.10109951515280109, 0.10109951515280109, 0.19120387877759135, 0.10109951515280109, 0.10109951515280109, 0.10109951515280109]
Timestep: 11, Trans probs: [0.1315751537413522, 0.08992847166632932, 0.2389255445943425, 0.08992847166632932, 0.17985694333265864, 0.08992847166632932, 0.08992847166632932, 0.08992847166632932]
Timestep: 12, Trans probs: [0.11913621210401168, 0.08722070964858196, 0.28862377933054084, 0.08722070964858196, 0.15613646032253767, 0.08722070964858196, 0.08722070964858196, 0.08722070964858196]
Timestep: 13, Trans probs: [0.10991021252507518, 0.08690586971609411, 0.31898085479282245, 0.08690586971609411, 0.13657958410163185, 0.08690586971609411, 0.08690586971609411, 0.08690586971609411]
Timestep: 14, Trans probs: [0.10363616778334958, 0.08779804724487258, 0.33537599423004455, 0.08779804724487258, 0.12199760176224296, 0.08779804724487258, 0.08779804724487258, 0.08779804724487258]
Timestep: 15, Trans probs: [0.125, 0.125, 0.125, 0.125, 0.125, 0.125, 0.125, 0.125]
Timestep: 16, Trans probs: [0.10109951515280109, 0.10109951515280109, 0.29230339393039245, 0.10109951515280109, 0.10109951515280109, 0.10109951515280109, 0.10109951515280109, 0.10109951515280109]
Timestep: 17, Trans probs: [0.19190829012881785, 0.09595414506440893, 0.23236683948472858, 0.09595414506440893, 0.09595414506440893, 0.09595414506440893, 0.09595414506440893, 0.09595414506440893]
Timestep: 18, Trans probs: [0.125, 0.125, 0.125, 0.125, 0.125, 0.125, 0.125, 0.125]
Timestep: 19, Trans probs: [0.1645946183212699, 0.18284519247580766, 0.19544720801340332, 0.09142259623790383, 0.09142259623790383, 0.09142259623790383, 0.09142259623790383, 0.09142259623790383]
Timestep: 20, Trans probs: [0.0995947863951433, 0.08900895036768265, 0.2544843642233465, 0.08900895036768265, 0.11186714717541425, 0.1780179007353653, 0.08900895036768265, 0.08900895036768265]
Timestep: 21, Trans probs: [0.14562265484760664, 0.16016042928618993, 0.25753511749725183, 0.0873363596737903, 0.0873363596737903, 0.0873363596737903, 0.0873363596737903, 0.0873363596737903]
Timestep: 22, Trans probs: [0.21570001271686665, 0.14070511819977416, 0.21394661868419843, 0.08592965007983215, 0.08592965007983215, 0.08592965007983215, 0.08592965007983215, 0.08592965007983215]
Timestep: 23, Trans probs: [0.17481157484746396, 0.09416396288300914, 0.18832792576601828, 0.09416396288300914, 0.16604068497147195, 0.09416396288300914, 0.09416396288300914, 0.09416396288300914]
Timestep: 24, Trans probs: [0.1833434866731631, 0.1263465052427231, 0.1820108870640329, 0.08471652017001348, 0.16943304034002696, 0.08471652017001348, 0.08471652017001348, 0.08471652017001348]
Timestep: 25, Trans probs: [0.1819545966895524, 0.08698590851945526, 0.21177092908673578, 0.08698590851945526, 0.10422327624872836, 0.15410756389716235, 0.08698590851945526, 0.08698590851945526]
Timestep: 26, Trans probs: [0.15951668927543225, 0.08437553793505266, 0.26748351385707947, 0.08437553793505266, 0.09801409272834628, 0.13748355239893123, 0.08437553793505266, 0.08437553793505266]
Timestep: 27, Trans probs: [0.14029496189519994, 0.08411051345054697, 0.3051342954560751, 0.08411051345054697, 0.09430831671779072, 0.12382037212874641, 0.08411051345054697, 0.08411051345054697]
Timestep: 28, Trans probs: [0.16185753581403226, 0.11581456665332629, 0.24296631784639044, 0.0821852748775386, 0.15062048017609656, 0.0821852748775386, 0.0821852748775386, 0.0821852748775386]
Timestep: 29, Trans probs: [0.21050563304423422, 0.08531426510222417, 0.2421866440089118, 0.08531426510222417, 0.09255219055820478, 0.11349847197975246, 0.08531426510222417, 0.08531426510222417]
Timestep: 30, Trans probs: [0.1432941592829571, 0.10768649863741812, 0.28769926246514815, 0.08167904448904403, 0.13460390165830047, 0.08167904448904403, 0.08167904448904403, 0.08167904448904403]
Timestep: 31, Trans probs: [0.21093598871050634, 0.10195011271015474, 0.233877191141233, 0.0828898673682815, 0.12167723796497988, 0.0828898673682815, 0.0828898673682815, 0.0828898673682815]
Timestep: 32, Trans probs: [0.26234428611983623, 0.09725193454676706, 0.19677848723580504, 0.0828727749773768, 0.11213419218808453, 0.0828727749773768, 0.0828727749773768, 0.0828727749773768]
Timestep: 33, Trans probs: [0.2628221493868296, 0.08489883033385054, 0.20146415813430746, 0.08489883033385054, 0.09027703113154165, 0.1058413400119193, 0.08489883033385054, 0.08489883033385054]
Timestep: 34, Trans probs: [0.2222222222222222, 0.1111111111111111, 0.1111111111111111, 0.1111111111111111, 0.1111111111111111, 0.1111111111111111, 0.1111111111111111, 0.1111111111111111]
Timestep: 35, Trans probs: [0.21452186782550164, 0.08520316493230538, 0.16992548842373495, 0.08520316493230538, 0.08911216322864154, 0.1856278207929002, 0.08520316493230538, 0.08520316493230538]
Timestep: 36, Trans probs: [0.24312474338136, 0.08892842712310736, 0.16513506164420083, 0.08892842712310736, 0.14709805935890233, 0.08892842712310736, 0.08892842712310736, 0.08892842712310736]
Timestep: 37, Trans probs: [0.20468428139538428, 0.0865452519621044, 0.14493171706818517, 0.0865452519621044, 0.21765774172590854, 0.0865452519621044, 0.0865452519621044, 0.0865452519621044]
Timestep: 38, Trans probs: [0.18374359851823396, 0.08376100020450265, 0.14926396186694343, 0.08376100020450265, 0.17054423770127403, 0.16140420109553802, 0.08376100020450265, 0.08376100020450265]
Timestep: 39, Trans probs: [0.1626228945126618, 0.08129286315170947, 0.21586857768046622, 0.08129286315170947, 0.15188598181692076, 0.14445109338311346, 0.08129286315170947, 0.08129286315170947]
Timestep: 40, Trans probs: [0.14490767765819845, 0.08020135005617973, 0.26747139449078394, 0.08020135005617973, 0.13636536950093822, 0.13045015812536054, 0.08020135005617973, 0.08020135005617973]
Timestep: 41, Trans probs: [0.1753565073325944, 0.08495444512618211, 0.21458723978555874, 0.08495444512618211, 0.1852840272509364, 0.08495444512618211, 0.08495444512618211, 0.08495444512618211]
Timestep: 42, Trans probs: [0.15321546910254683, 0.0837646816413089, 0.1833542203106609, 0.0837646816413089, 0.2446069023802478, 0.0837646816413089, 0.0837646816413089, 0.0837646816413089]
Timestep: 43, Trans probs: [0.12991999052726866, 0.08101347753448178, 0.22255643323476806, 0.08101347753448178, 0.20447699741407294, 0.11899266868596316, 0.08101347753448178, 0.08101347753448178]
Timestep: 44, Trans probs: [0.11867797148527452, 0.08094427675289012, 0.27109565814441466, 0.08094427675289012, 0.17620223902898355, 0.1102470243297668, 0.08094427675289012, 0.08094427675289012]
Timestep: 45, Trans probs: [0.19120387877759135, 0.10109951515280109, 0.20219903030560218, 0.10109951515280109, 0.10109951515280109, 0.10109951515280109, 0.10109951515280109, 0.10109951515280109]
Timestep: 46, Trans probs: [0.21543216311001526, 0.09416761804652662, 0.25087816913393457, 0.08360575841485453, 0.1050990160501055, 0.08360575841485453, 0.08360575841485453, 0.08360575841485453]
Timestep: 47, Trans probs: [0.11005401025974156, 0.08210042223560023, 0.22296691875384805, 0.08210042223560023, 0.15266869953710183, 0.18590868250690762, 0.08210042223560023, 0.08210042223560023]
Timestep: 48, Trans probs: [0.10318509641596178, 0.08141945181238118, 0.2725225012051445, 0.08141945181238118, 0.13636638895350653, 0.16224820617586247, 0.08141945181238118, 0.08141945181238118]
Timestep: 49, Trans probs: [0.09849967017194346, 0.08232679090465736, 0.3066519743095273, 0.08232679090465736, 0.12315490312810097, 0.1423862887717988, 0.08232679090465736, 0.08232679090465736]
Timestep: 50, Trans probs: [0.13572560807024256, 0.0836023261764628, 0.2419472692113924, 0.0836023261764628, 0.20431549183605102, 0.0836023261764628, 0.0836023261764628, 0.0836023261764628]
Timestep: 51, Trans probs: [0.09566659281455905, 0.08418702517814258, 0.24341384390897086, 0.08418702517814258, 0.197353990661922, 0.1268174719019779, 0.08418702517814258, 0.08418702517814258]
Timestep: 52, Trans probs: [0.12250535888159761, 0.0837522078103351, 0.28523233442877916, 0.0837522078103351, 0.17350126763794774, 0.0837522078103351, 0.0837522078103351, 0.0837522078103351]
Timestep: 53, Trans probs: [0.11260991418470484, 0.08479817433977402, 0.22939319979026412, 0.08479817433977402, 0.23400601432616092, 0.08479817433977402, 0.08479817433977402, 0.08479817433977402]
Timestep: 54, Trans probs: [0.09243378974495903, 0.08378784620600159, 0.2037110112795163, 0.08378784620600159, 0.2528084489963212, 0.11589536515519705, 0.08378784620600159, 0.08378784620600159]
Timestep: 55, Trans probs: [0.09045548253073293, 0.08407441721952437, 0.25665710947148324, 0.08407441721952437, 0.20881863981190626, 0.10777109930778012, 0.08407441721952437, 0.08407441721952437]
Timestep: 56, Trans probs: [0.1805320142670629, 0.09194778507655227, 0.29065776658100473, 0.08423230489394658, 0.09993321449959376, 0.08423230489394658, 0.08423230489394658, 0.08423230489394658]
Timestep: 57, Trans probs: [0.17385645637803013, 0.08460338703227334, 0.21035898623727556, 0.08460338703227334, 0.17550059262554804, 0.10187041663005283, 0.08460338703227334, 0.08460338703227334]
Timestep: 58, Trans probs: [0.1536792700629992, 0.09089610047477013, 0.31715760714526614, 0.08542783253152947, 0.09655569219084678, 0.08542783253152947, 0.08542783253152947, 0.08542783253152947]
Timestep: 59, Trans probs: [0.22078030337289306, 0.09070454131257892, 0.24612994500631796, 0.08694823399769201, 0.09459227431744206, 0.08694823399769201, 0.08694823399769201, 0.08694823399769201]
Timestep: 60, Trans probs: [0.10531368556687838, 0.0849638068115061, 0.27572794301462206, 0.0849638068115061, 0.194139337360969, 0.0849638068115061, 0.0849638068115061, 0.0849638068115061]
Timestep: 61, Trans probs: [0.18366345851094032, 0.08929825069833992, 0.20205369634482592, 0.08657318712951813, 0.1786918459278214, 0.08657318712951813, 0.08657318712951813, 0.08657318712951813]
Timestep: 62, Trans probs: [0.2222222222222222, 0.1111111111111111, 0.1111111111111111, 0.1111111111111111, 0.1111111111111111, 0.1111111111111111, 0.1111111111111111, 0.1111111111111111]
Timestep: 63, Trans probs: [0.16021962265582915, 0.1710410279169563, 0.1745700542100121, 0.08445729121556401, 0.15634013035494634, 0.08445729121556401, 0.08445729121556401, 0.08445729121556401]
Timestep: 64, Trans probs: [0.23592073458211635, 0.08290148408067347, 0.18169586499996063, 0.08290148408067347, 0.1543108941638114, 0.09646656993141767, 0.08290148408067347, 0.08290148408067347]
Timestep: 65, Trans probs: [0.1995704180027208, 0.08247551883146768, 0.24055144764090228, 0.08247551883146768, 0.13712013149400884, 0.09285592753649728, 0.08247551883146768, 0.08247551883146768]
Timestep: 66, Trans probs: [0.14358559974173118, 0.15243204888963524, 0.23696725310969788, 0.08165024141811666, 0.1404141325864691, 0.08165024141811666, 0.08165024141811666, 0.08165024141811666]
Timestep: 67, Trans probs: [0.25344033807162136, 0.08267378084311836, 0.20159738509128858, 0.08267378084311836, 0.1237839887003107, 0.090483164764306, 0.08267378084311836, 0.08267378084311836]
Timestep: 68, Trans probs: [0.20944393476150044, 0.08332445373668546, 0.2544798240931285, 0.08332445373668546, 0.11368635927556438, 0.08909206692306482, 0.08332445373668546, 0.08332445373668546]
Timestep: 69, Trans probs: [0.17621026575018509, 0.0840372319839212, 0.2931614814765633, 0.0840372319839212, 0.10622689627450423, 0.08825242856306263, 0.0840372319839212, 0.0840372319839212]
Timestep: 70, Trans probs: [0.12943771581597308, 0.13636548766414344, 0.283501443028749, 0.08093531393393208, 0.12695409775540611, 0.08093531393393208, 0.08093531393393208, 0.08093531393393208]
Timestep: 71, Trans probs: [0.2359237749319931, 0.08532902410902471, 0.23340537094226596, 0.08532902410902471, 0.10104104427683011, 0.08831371341281202, 0.08532902410902471, 0.08532902410902471]
Timestep: 72, Trans probs: [0.18586136531448114, 0.0856514829842525, 0.2221250467396125, 0.0856514829842525, 0.16375617302464388, 0.0856514829842525, 0.0856514829842525, 0.0856514829842525]
Timestep: 73, Trans probs: [0.1611743380004532, 0.08426851482974558, 0.18900480947041867, 0.08426851482974558, 0.22847827838040025, 0.08426851482974558, 0.08426851482974558, 0.08426851482974558]
Timestep: 74, Trans probs: [0.19482125728903701, 0.08551641870280843, 0.19299334668732135, 0.08551641870280843, 0.182436952216527, 0.08768276899588091, 0.08551641870280843, 0.08551641870280843]
Timestep: 75, Trans probs: [0.11802422726307046, 0.12315531345258764, 0.3142329372750513, 0.08210069948103489, 0.11618472408515097, 0.08210069948103489, 0.08210069948103489, 0.08210069948103489]
Timestep: 76, Trans probs: [0.2525785125926645, 0.08387125226045786, 0.16728854327843914, 0.08387125226045786, 0.15909528872432915, 0.08555264636273587, 0.08387125226045786, 0.08387125226045786]
Timestep: 77, Trans probs: [0.2101650398249554, 0.08370781222656412, 0.2299423902552063, 0.08370781222656412, 0.14009319292239106, 0.08496812809119067, 0.08370781222656412, 0.08370781222656412]
Timestep: 78, Trans probs: [0.1784479106480487, 0.08357398746979837, 0.27685975959104003, 0.08357398746979837, 0.12587684653216438, 0.08451953334955346, 0.08357398746979837, 0.08357398746979837]
Timestep: 79, Trans probs: [0.15318968761389395, 0.08441958331429444, 0.30894386835397974, 0.08441958331429444, 0.11508314114381919, 0.0851049696311293, 0.08441958331429444, 0.08441958331429444]
Timestep: 80, Trans probs: [0.1420376600464257, 0.0835996187516935, 0.2467846792674398, 0.0835996187516935, 0.19317956692766705, 0.0835996187516935, 0.0835996187516935, 0.0835996187516935]
Timestep: 81, Trans probs: [0.13394423929405044, 0.08592274872015696, 0.24270585887324436, 0.08592274872015696, 0.1932575596767985, 0.0864013472752787, 0.08592274872015696, 0.08592274872015696]
Timestep: 82, Trans probs: [0.12110076121541527, 0.08499416389680953, 0.2878710623152677, 0.08499416389680953, 0.1656975063204829, 0.08535401456159589, 0.08499416389680953, 0.08499416389680953]
Timestep: 83, Trans probs: [0.11150319028440743, 0.08556833989446844, 0.3168602427608004, 0.08556833989446844, 0.14353639191712322, 0.08582681545979526, 0.08556833989446844, 0.08556833989446844]
Timestep: 84, Trans probs: [0.10955170260661311, 0.11317361015278281, 0.3322447732619385, 0.08419416785605466, 0.10825324255444688, 0.08419416785605466, 0.08419416785605466, 0.08419416785605466]
Timestep: 85, Trans probs: [0.1272366291401831, 0.08368562401304831, 0.2889850675473492, 0.08368562401304831, 0.16535018324722614, 0.08368562401304831, 0.08368562401304831, 0.08368562401304831]
Timestep: 86, Trans probs: [0.2602046478544811, 0.09416396288300914, 0.17481157484746396, 0.09416396288300914, 0.09416396288300914, 0.09416396288300914, 0.09416396288300914, 0.09416396288300914]
Timestep: 87, Trans probs: [0.1917230766933704, 0.08690676602204417, 0.24662747383877134, 0.08690676602204417, 0.12693712672674234, 0.0870852586529392, 0.08690676602204417, 0.08690676602204417]
Timestep: 88, Trans probs: [0.21387072431503787, 0.09079369214493128, 0.24136712281537437, 0.09079369214493128, 0.09079369214493128, 0.09079369214493128, 0.09079369214493128, 0.09079369214493128]
Timestep: 89, Trans probs: [0.1036758007158452, 0.10614320286179872, 0.25538407968752025, 0.08640113678197811, 0.18919236960692337, 0.08640113678197811, 0.08640113678197811, 0.08640113678197811]
Timestep: 90, Trans probs: [0.16431347180743922, 0.08572248547871766, 0.20548064033115754, 0.08572248547871766, 0.11573714169707816, 0.1715788042494545, 0.08572248547871766, 0.08572248547871766]
Timestep: 91, Trans probs: [0.09838830706219596, 0.10023107015407363, 0.29717747683160445, 0.08548683772768728, 0.1622557950413768, 0.08548683772768728, 0.08548683772768728, 0.08548683772768728]
Timestep: 92, Trans probs: [0.22923501904741558, 0.08317500947342547, 0.1790001407224383, 0.08317500947342547, 0.10719139796122619, 0.15187340437521804, 0.08317500947342547, 0.08317500947342547]
Timestep: 93, Trans probs: [0.0953158580243799, 0.09662572085682344, 0.32276339965002804, 0.08614530580327816, 0.14071379825565591, 0.08614530580327816, 0.08614530580327816, 0.08614530580327816]
Timestep: 94, Trans probs: [0.27793956244287754, 0.08222244630318538, 0.1566825375004089, 0.08222244630318538, 0.10088417369892023, 0.13560394114505178, 0.08222244630318538, 0.08222244630318538]
Timestep: 95, Trans probs: [0.22756591594970088, 0.08303031250438729, 0.22104883669948008, 0.08303031250438729, 0.09681185641672096, 0.12245214091654893, 0.08303031250438729, 0.08303031250438729]
Timestep: 96, Trans probs: [0.19157609864419695, 0.08311633255338582, 0.2698020036888917, 0.08311633255338582, 0.09345802687278928, 0.11269854058057885, 0.08311633255338582, 0.08311633255338582]
Timestep: 97, Trans probs: [0.0937548974655214, 0.09465111304611122, 0.33685614933035174, 0.08748035361284032, 0.12481642570665435, 0.08748035361284032, 0.08748035361284032, 0.08748035361284032]
Timestep: 98, Trans probs: [0.2678544105120319, 0.08882802830793586, 0.19917741964035285, 0.08882802830793586, 0.08882802830793586, 0.08882802830793586, 0.08882802830793586, 0.08882802830793586]
Timestep: 99, Trans probs: [0.29230339393039245, 0.10109951515280109, 0.10109951515280109, 0.10109951515280109, 0.10109951515280109, 0.10109951515280109, 0.10109951515280109, 0.10109951515280109]
Timestep: 100, Trans probs: [0.11600492000898555, 0.08478671361665686, 0.23194934239582155, 0.08478671361665686, 0.14332545589525192, 0.16957342723331373, 0.08478671361665686, 0.08478671361665686]
Timestep: 101, Trans probs: [0.09305810621125223, 0.09365565507837274, 0.255145087059988, 0.08887457419945677, 0.11376828065310321, 0.17774914839891354, 0.08887457419945677, 0.08887457419945677]
Timestep: 102, Trans probs: [0.2469974782103822, 0.08398218973957654, 0.2200173999409769, 0.08398218973957654, 0.09151803623503427, 0.10553832665530037, 0.08398218973957654, 0.08398218973957654]
Timestep: 103, Trans probs: [0.20345115668170718, 0.08450810696061632, 0.268273424227013, 0.08450810696061632, 0.0900065885619924, 0.10023640268682214, 0.08450810696061632, 0.08450810696061632]
Timestep: 104, Trans probs: [0.17071684955310354, 0.08524769417152997, 0.3025440157493304, 0.08524769417152997, 0.08919874956697106, 0.09654960844447515, 0.08524769417152997, 0.08524769417152997]
Timestep: 105, Trans probs: [0.21617451766504203, 0.1762222430761187, 0.16704763156854255, 0.08811112153805935, 0.08811112153805935, 0.08811112153805935, 0.08811112153805935, 0.08811112153805935]
Timestep: 106, Trans probs: [0.14606868890773275, 0.0864722431573997, 0.23798992673392702, 0.0864722431573997, 0.08922725878239009, 0.1808251529463513, 0.0864722431573997, 0.0864722431573997]
Timestep: 107, Trans probs: [0.1853234203458243, 0.15420293728810378, 0.2326259837400545, 0.08556953172520347, 0.08556953172520347, 0.08556953172520347, 0.08556953172520347, 0.08556953172520347]
Timestep: 108, Trans probs: [0.13046573020492228, 0.08496328651695814, 0.2006484549505668, 0.08496328651695814, 0.08706676671208179, 0.24196590206459656, 0.08496328651695814, 0.08496328651695814]
Timestep: 109, Trans probs: [0.11853014937936232, 0.08447974341186644, 0.25552905606698767, 0.08447974341186644, 0.08605382051154302, 0.20196800039464124, 0.08447974341186644, 0.08447974341186644]
Timestep: 110, Trans probs: [0.10966744345879315, 0.08468397505761616, 0.2948702745762566, 0.08468397505761616, 0.08583890711682057, 0.17088747461766504, 0.08468397505761616, 0.08468397505761616]
Timestep: 111, Trans probs: [0.10343056964380722, 0.08575005765404922, 0.32024653150013976, 0.08575005765404922, 0.08656738973109412, 0.14675527850876202, 0.08575005765404922, 0.08575005765404922]
Timestep: 112, Trans probs: [0.09932683492243755, 0.08721920512341055, 0.3350217969807784, 0.08721920512341055, 0.08777891483189988, 0.12899563277124207, 0.08721920512341055, 0.08721920512341055]
Timestep: 113, Trans probs: [0.09006691687071784, 0.0905171801736421, 0.299116786146755, 0.08691455386717374, 0.10567238792325476, 0.15388306728410903, 0.08691455386717374, 0.08691455386717374]
Timestep: 114, Trans probs: [0.1854336425975613, 0.08867180821849906, 0.25424752238037174, 0.08867180821849906, 0.08904579274389013, 0.11658580940418053, 0.08867180821849906, 0.08867180821849906]
Timestep: 115, Trans probs: [0.08929800162303848, 0.08961791059515696, 0.32488476176937325, 0.08705826944486958, 0.10038558120462689, 0.13463893647319566, 0.08705826944486958, 0.08705826944486958]
Timestep: 116, Trans probs: [0.1906588104970319, 0.08309570526119724, 0.19843503175574279, 0.08309570526119724, 0.12897568963129744, 0.14954764707113904, 0.08309570526119724, 0.08309570526119724]
Timestep: 117, Trans probs: [0.1672461431367385, 0.08137439716578775, 0.17345419835304948, 0.08137439716578775, 0.1993765427992526, 0.13442552704780844, 0.08137439716578775, 0.08137439716578775]
Timestep: 118, Trans probs: [0.24623702876422213, 0.08701171588097996, 0.2105812820490486, 0.08701171588097996, 0.08729082145989937, 0.10784400420291004, 0.08701171588097996, 0.08701171588097996]
Timestep: 119, Trans probs: [0.2033832880276194, 0.08627579240003022, 0.26343488826288064, 0.08627579240003022, 0.08648106978194317, 0.10159758432743592, 0.08627579240003022, 0.08627579240003022]
Timestep: 120, Trans probs: [0.14876679478792312, 0.08010415665878207, 0.23383488276059144, 0.08010415665878207, 0.17445810896847086, 0.12252358684788643, 0.08010415665878207, 0.08010415665878207]
Timestep: 121, Trans probs: [0.08964507087201977, 0.08986317174942218, 0.2502585064754417, 0.08811811290653906, 0.18532224290403396, 0.12055666927946519, 0.08811811290653906, 0.08811811290653906]
Timestep: 122, Trans probs: [0.170785650831547, 0.08626907270516765, 0.21412494124757278, 0.08626907270516765, 0.17268629426957824, 0.09732682283063133, 0.08626907270516765, 0.08626907270516765]
Timestep: 123, Trans probs: [0.16039425763919074, 0.13669090860433755, 0.28083823343745423, 0.08441532006380349, 0.08441532006380349, 0.08441532006380349, 0.08441532006380349, 0.08441532006380349]
Timestep: 124, Trans probs: [0.08760241506343908, 0.08776645117702302, 0.29485555242699385, 0.08645397286895233, 0.15956228815407741, 0.11085137457160947, 0.08645397286895233, 0.08645397286895233]
Timestep: 125, Trans probs: [0.21356057416185956, 0.08011595623679747, 0.19951500798828045, 0.08011595623679747, 0.1533984594842006, 0.11306213341846942, 0.08011595623679747, 0.08011595623679747]
Timestep: 126, Trans probs: [0.15041071151223726, 0.08409950614865071, 0.18441446143680032, 0.08409950614865071, 0.1519019450682596, 0.17687485738810005, 0.08409950614865071, 0.08409950614865071]
Timestep: 127, Trans probs: [0.1838060101149868, 0.08010763970501748, 0.25299899214153976, 0.08010763970501748, 0.1370546809906127, 0.10570975793279093, 0.08010763970501748, 0.08010763970501748]
Timestep: 128, Trans probs: [0.1354662534513733, 0.0815517991482146, 0.16311306836586448, 0.0815517991482146, 0.2182305029384209, 0.156982978651483, 0.0815517991482146, 0.0815517991482146]
Timestep: 129, Trans probs: [0.12324590434321218, 0.08046782334185217, 0.22564991721211702, 0.08046782334185217, 0.1889146719183346, 0.14031821315892748, 0.08046782334185217, 0.08046782334185217]
Timestep: 130, Trans probs: [0.11359611283677527, 0.08031303971280866, 0.27358360658586994, 0.08031303971280866, 0.1646890637593302, 0.12687905796679005, 0.08031303971280866, 0.08031303971280866]
Timestep: 131, Trans probs: [0.08750889421865736, 0.08762580956880515, 0.23522681190567987, 0.08669035177480565, 0.2254880358530115, 0.1040793931294292, 0.08669035177480565, 0.08669035177480565]
Timestep: 132, Trans probs: [0.18789212419619694, 0.08156953513885673, 0.22530736682423202, 0.08156953513885673, 0.14432108049260783, 0.11620128793153621, 0.08156953513885673, 0.08156953513885673]
Timestep: 133, Trans probs: [0.08672635156182011, 0.08681213454549608, 0.2812355279842177, 0.0861257716293284, 0.1879642338371553, 0.09888443718332546, 0.0861257716293284, 0.0861257716293284]
Timestep: 134, Trans probs: [0.24487878699673932, 0.08106758240939337, 0.19292893701992378, 0.08106758240939337, 0.1299028318692538, 0.10801911447650958, 0.08106758240939337, 0.08106758240939337]
Timestep: 135, Trans probs: [0.20563932890141928, 0.08152294119766353, 0.24780093497480363, 0.08152294119766353, 0.11852440743337353, 0.10194356389974948, 0.08152294119766353, 0.08152294119766353]
Timestep: 136, Trans probs: [0.08693294628050084, 0.08699403061286214, 0.31194429282327163, 0.08650528542477187, 0.15902240019620684, 0.09559047381284287, 0.08650528542477187, 0.08650528542477187]
Timestep: 137, Trans probs: [0.25711274660446604, 0.08231405347513701, 0.2062151806462386, 0.08231405347513701, 0.10988549133920272, 0.0975303675095446, 0.08231405347513701, 0.08231405347513701]
Timestep: 138, Trans probs: [0.21148330475945457, 0.0832830375601438, 0.25743722138153985, 0.0832830375601438, 0.10350438840644109, 0.09444293521198938, 0.0832830375601438, 0.0832830375601438]
Timestep: 139, Trans probs: [0.17734275239674926, 0.08415737308886923, 0.294902810555332, 0.08415737308886923, 0.09885573752987613, 0.0922692071625656, 0.08415737308886923, 0.08415737308886923]
Timestep: 140, Trans probs: [0.151236808253817, 0.08550062207991557, 0.3196683571285305, 0.08550062207991557, 0.0958693561938108, 0.09122299010417934, 0.08550062207991557, 0.08550062207991557]
Timestep: 141, Trans probs: [0.13207493417430574, 0.08707726833781233, 0.334446791287583, 0.08707726833781233, 0.09417486343665524, 0.09099433775020677, 0.08707726833781233, 0.08707726833781233]
Timestep: 142, Trans probs: [0.1591981579918607, 0.08103180254317131, 0.29238664541117493, 0.08103180254317131, 0.12395767161211363, 0.1003303148121656, 0.08103180254317131, 0.08103180254317131]
Timestep: 143, Trans probs: [0.11865775460445077, 0.08857588318524748, 0.2539475317823995, 0.08857588318524748, 0.1818966556704151, 0.09119452520174472, 0.08857588318524748, 0.08857588318524748]
Timestep: 144, Trans probs: [0.08783243813528116, 0.08787452064352042, 0.33038613519213034, 0.08753781198829529, 0.13749664696098016, 0.09379682310320221, 0.08753781198829529, 0.08753781198829529]
Timestep: 145, Trans probs: [0.19622094357830172, 0.08683098764460834, 0.2108463364448617, 0.08683098764460834, 0.15681401223336155, 0.08879475716504169, 0.08683098764460834, 0.08683098764460834]
Timestep: 146, Trans probs: [0.16959351579826593, 0.08481717355360341, 0.26574525202295857, 0.08481717355360341, 0.1390534587153691, 0.08633907924899291, 0.08481717355360341, 0.08481717355360341]
Timestep: 147, Trans probs: [0.23236683948472858, 0.09595414506440893, 0.09595414506440893, 0.09595414506440893, 0.19190829012881785, 0.09595414506440893, 0.09595414506440893, 0.09595414506440893]
Timestep: 148, Trans probs: [0.14743195399579495, 0.16933367883351946, 0.218618968926201, 0.08466683941675973, 0.12482128064866811, 0.0857935993455372, 0.08466683941675973, 0.08466683941675973]
Timestep: 149, Trans probs: [0.13255081016158254, 0.14999810798035723, 0.27181065373122415, 0.08255101997137225, 0.11453875153637068, 0.08344861667634867, 0.08255101997137225, 0.08255101997137225]
Timestep: 150, Trans probs: [0.08896060944408597, 0.088988852011656, 0.34050701678606615, 0.08876287886165876, 0.12229143577214631, 0.09296344940106928, 0.08876287886165876, 0.08876287886165876]
Timestep: 151, Trans probs: [0.17989532847693918, 0.09003143504175447, 0.2557952116132383, 0.0898825067813209, 0.11197959953587093, 0.09265090498823421, 0.0898825067813209, 0.0898825067813209]
Timestep: 152, Trans probs: [0.2031057493004867, 0.13341773230873605, 0.22486169279029652, 0.08278560067999483, 0.10679860232193503, 0.08345942123856123, 0.08278560067999483, 0.08278560067999483]
Timestep: 153, Trans probs: [0.15514460992041929, 0.08784520131387386, 0.29971998694389385, 0.08773366837813243, 0.104282264454462, 0.08980693223295379, 0.08773366837813243, 0.08773366837813243]
Timestep: 154, Trans probs: [0.2570568385362163, 0.12119718084688036, 0.19155838041339351, 0.08223848418449986, 0.10071519485868664, 0.08275695279132349, 0.08223848418449986, 0.08223848418449986]
Timestep: 155, Trans probs: [0.13935290907728132, 0.08286979806894766, 0.3184648829103967, 0.08286979806894766, 0.11388808738066862, 0.09681492835586282, 0.08286979806894766, 0.08286979806894766]
Timestep: 156, Trans probs: [0.1353521042994551, 0.08776891656651417, 0.32526233764984896, 0.08769005862809132, 0.0993905322298759, 0.08915593337003207, 0.08769005862809132, 0.08769005862809132]
Timestep: 157, Trans probs: [0.20954004939744586, 0.08863281614000748, 0.24998572371378705, 0.088579240097388, 0.09652853581693445, 0.08957515463966122, 0.088579240097388, 0.088579240097388]
Timestep: 158, Trans probs: [0.2632655911751659, 0.08751257763739492, 0.20532325235115587, 0.08747345947197478, 0.0932775810480967, 0.08820061937226233, 0.08747345947197478, 0.08747345947197478]
Timestep: 159, Trans probs: [0.21306944487426732, 0.11181796565706852, 0.1642557213291497, 0.08278340357639431, 0.17933685720773193, 0.08316980020259965, 0.08278340357639431, 0.08278340357639431]
Timestep: 160, Trans probs: [0.2094147568443516, 0.08506566034420589, 0.2489196745584155, 0.08506566034420589, 0.10663856888431232, 0.09476435833609712, 0.08506566034420589, 0.08506566034420589]
Timestep: 161, Trans probs: [0.18416676192321604, 0.10442356948309202, 0.14572226530477922, 0.0815566574210246, 0.23915645705793592, 0.08186097396790297, 0.0815566574210246, 0.0815566574210246]
Timestep: 162, Trans probs: [0.16009778236207226, 0.0990550945809642, 0.2122195518154512, 0.08155068159209461, 0.20219189332718626, 0.08178363313804217, 0.08155068159209461, 0.08155068159209461]
Timestep: 163, Trans probs: [0.21340803161524774, 0.08718227283343129, 0.2589480403620196, 0.08715417817938854, 0.0913226964611559, 0.08767642418997988, 0.08715417817938854, 0.08715417817938854]
Timestep: 164, Trans probs: [0.2232279877710696, 0.09482192009536079, 0.18211366168936882, 0.08131952956815607, 0.17437862018480155, 0.08149922155493107, 0.08131952956815607, 0.08131952956815607]
Timestep: 165, Trans probs: [0.19020564068753276, 0.0916794260564989, 0.23997755847392704, 0.0813190166833593, 0.1527234300528292, 0.08145689467913425, 0.0813190166833593, 0.0813190166833593]
Timestep: 166, Trans probs: [0.16399955491861945, 0.08962093158747256, 0.283372707782017, 0.08179973405941375, 0.13570378371846217, 0.0819038198151875, 0.08179973405941375, 0.08179973405941375]
Timestep: 167, Trans probs: [0.1429197130716873, 0.08890367495909676, 0.3128358402793372, 0.08322368136899211, 0.12237045594483764, 0.08329927163806473, 0.08322368136899211, 0.08322368136899211]
Timestep: 168, Trans probs: [0.17741384120709983, 0.08704746384047235, 0.2970437735014957, 0.08702735057568622, 0.09001163761618639, 0.08740123210768704, 0.08702735057568622, 0.08702735057568622]
Timestep: 169, Trans probs: [0.17660577397373145, 0.08494536344179153, 0.2906710673355394, 0.08494536344179153, 0.10084722126632209, 0.09209448365724085, 0.08494536344179153, 0.08494536344179153]
Timestep: 170, Trans probs: [0.15054798565145946, 0.08762061209481196, 0.23385327748034282, 0.08760660605668669, 0.17729134505252966, 0.0878669615507959, 0.08760660605668669, 0.08760660605668669]
Timestep: 171, Trans probs: [0.21203726698176836, 0.08912776844155741, 0.24563242338361166, 0.085158059866547, 0.1125174722061075, 0.085210889387314, 0.085158059866547, 0.085158059866547]
Timestep: 172, Trans probs: [0.17852208218781107, 0.08793523781315055, 0.28829188822955915, 0.08500948042931762, 0.10517393360195101, 0.08504841687957532, 0.08500948042931762, 0.08500948042931762]
Timestep: 173, Trans probs: [0.15235819027046554, 0.08789839151191599, 0.31628468412529076, 0.08581648068391318, 0.10016510495222614, 0.08584418708836197, 0.08581648068391318, 0.08581648068391318]
Timestep: 174, Trans probs: [0.13391793174314884, 0.08560016460910255, 0.28347196449693596, 0.08558941029900888, 0.15445238819491527, 0.08578932005887062, 0.08558941029900888, 0.08558941029900888]
Timestep: 175, Trans probs: [0.20642851000083465, 0.08566293535868835, 0.22944790590000824, 0.08565512066169319, 0.13569490022484093, 0.08580038653054835, 0.08565512066169319, 0.08565512066169319]
Timestep: 176, Trans probs: [0.2605796592940105, 0.08472385189168209, 0.1932336946083969, 0.08471795439392116, 0.1224813492016967, 0.08482758182245029, 0.08471795439392116, 0.08471795439392116]
Timestep: 177, Trans probs: [0.2200776275619851, 0.08858589190344672, 0.24567852379224522, 0.08715387578905405, 0.09702339608512793, 0.08717293329003291, 0.08715387578905405, 0.08715387578905405]
Timestep: 178, Trans probs: [0.21387106104314832, 0.08484405796554087, 0.24929844601059412, 0.08483973091787045, 0.11254707666924679, 0.08492016555785853, 0.08483973091787045, 0.08483973091787045]
Timestep: 179, Trans probs: [0.23675450199309775, 0.08581261664390225, 0.23199093475008814, 0.08581261664390225, 0.09711167547591926, 0.09089242120528586, 0.08581261664390225, 0.08581261664390225]
Timestep: 180, Trans probs: [0.2698987908486189, 0.0877172539565185, 0.20181593783690088, 0.08667715963775147, 0.0938455370643254, 0.08669100138038187, 0.08667715963775147, 0.08667715963775147]
Timestep: 181, Trans probs: [0.17925520983076884, 0.08505059480943719, 0.2051212927627528, 0.08504743556485857, 0.1903244337601176, 0.08510616214234792, 0.08504743556485857, 0.08504743556485857]
Timestep: 182, Trans probs: [0.3043979956975291, 0.08753151269427441, 0.1689979605834082, 0.08678888546372328, 0.09190710616716152, 0.08679876846645691, 0.08678888546372328, 0.08678888546372328]
Timestep: 183, Trans probs: [0.23830388254509843, 0.08810078412235127, 0.23211139723962065, 0.08758643580325114, 0.09113134784969373, 0.08759328083348243, 0.08758643580325114, 0.08758643580325114]
Timestep: 184, Trans probs: [0.19574091558973009, 0.08752061456697938, 0.2784293025836236, 0.08715003013491326, 0.08970411492273474, 0.08715496193219253, 0.08715003013491326, 0.08715003013491326]
Timestep: 185, Trans probs: [0.15634271557825927, 0.08374589080311345, 0.26001932993119437, 0.08374345619706954, 0.16487298248518117, 0.08378871261104323, 0.08374345619706954, 0.08374345619706954]
Timestep: 186, Trans probs: [0.25141605003986434, 0.08759192611291049, 0.22253329943647604, 0.0873299832295621, 0.0891353055144411, 0.08733346920762176, 0.0873299832295621, 0.0873299832295621]
Timestep: 187, Trans probs: [0.20452174428083028, 0.08734925733943802, 0.2710257430885749, 0.08716190703752394, 0.08845313385308319, 0.0871644003255018, 0.08716190703752394, 0.08716190703752394]
Timestep: 188, Trans probs: [0.17042543852315584, 0.08741646667141129, 0.30482287276484643, 0.08728374135044255, 0.0881984903088784, 0.08728550768038036, 0.08728374135044255, 0.08728374135044255]
Timestep: 189, Trans probs: [0.14533041968909982, 0.08808070275991516, 0.32601095121233387, 0.08798916461788919, 0.08862004966276424, 0.08799038282221924, 0.08798916461788919, 0.08798916461788919]
Timestep: 190, Trans probs: [0.12755299937766312, 0.08904284659078465, 0.33807259903853415, 0.0889812716516525, 0.08940564893720566, 0.08898209110085492, 0.0889812716516525, 0.0889812716516525]
Timestep: 191, Trans probs: [0.11543963105444008, 0.09001019974374218, 0.34442169915363946, 0.08996953992881529, 0.09024976922555471, 0.08997008103617783, 0.08996953992881529, 0.08996953992881529]
Timestep: 192, Trans probs: [0.1074141956296632, 0.09082829714458274, 0.3475654921933032, 0.09080177749675579, 0.0909845521176853, 0.09080213042449826, 0.09080177749675579, 0.09080177749675579]
Timestep: 193, Trans probs: [0.13780172671020735, 0.08386830547182979, 0.29869135129827834, 0.08386649676141134, 0.14413900771101937, 0.08390011852443117, 0.08386649676141134, 0.08386649676141134]
Timestep: 194, Trans probs: [0.19362625023232402, 0.09145454495002571, 0.25761377771092303, 0.09143738154549766, 0.09155567251138613, 0.09143760995884813, 0.09143738154549766, 0.09143738154549766]
Timestep: 195, Trans probs: [0.12346569806845963, 0.0851096829364076, 0.3229945177603697, 0.08510839662965036, 0.12797260381228157, 0.08513230753353046, 0.08510839662965036, 0.08510839662965036]
Timestep: 196, Trans probs: [0.19988692618204948, 0.08678874621922575, 0.24996589521995738, 0.08678786387685389, 0.11619057518215603, 0.08680426556604973, 0.08678786387685389, 0.08678786387685389]
Timestep: 197, Trans probs: [0.25332102930327977, 0.08930473375867146, 0.2108266510080605, 0.089292181162044, 0.08937869422983562, 0.08929234821402066, 0.089292181162044, 0.089292181162044]
Timestep: 198, Trans probs: [0.20668879806867282, 0.08818801772133161, 0.26416581561694924, 0.08817894854627924, 0.08824145371388778, 0.08817906924032079, 0.08817894854627924, 0.08817894854627924]
Timestep: 199, Trans probs: [0.1723454084471698, 0.08775331450598309, 0.30112236915316803, 0.08774684045150218, 0.08779145992991112, 0.08774692660926142, 0.08774684045150218, 0.08774684045150218]
Timestep: 200, Trans probs: [0.22500533689489086, 0.12288819675730164, 0.22767845112617754, 0.08488560304432598, 0.08488560304432598, 0.08488560304432598, 0.08488560304432598, 0.08488560304432598]
Timestep: 201, Trans probs: [0.19541775198861747, 0.08581865926928198, 0.2777775790938941, 0.08581865926928198, 0.09402292009262182, 0.08950711174773882, 0.08581865926928198, 0.08581865926928198]
Timestep: 202, Trans probs: [0.16427049582650013, 0.08634988384931187, 0.2228250693284247, 0.08634988384931187, 0.17853267204402923, 0.08897222740379851, 0.08634988384931187, 0.08634988384931187]
Timestep: 203, Trans probs: [0.14677662202464412, 0.0881762364030219, 0.2359856627867592, 0.08817175156204632, 0.08820266129035753, 0.1763435628090783, 0.08817175156204632, 0.08817175156204632]
Timestep: 204, Trans probs: [0.16970998498654816, 0.08595921716450616, 0.29275271855413487, 0.08595856377776598, 0.10773167850585738, 0.0859707094556556, 0.08595856377776598, 0.08595856377776598]
Timestep: 205, Trans probs: [0.23240198836839054, 0.08648364162439594, 0.2332381966314419, 0.08648317793728943, 0.10193484223798717, 0.08649179732591612, 0.08648317793728943, 0.08648317793728943]
Timestep: 206, Trans probs: [0.27860793074483087, 0.08618407008271539, 0.19303302419235788, 0.08618373248173011, 0.09743376945471255, 0.08619000808019302, 0.08618373248173011, 0.08618373248173011]
Timestep: 207, Trans probs: [0.18858779601975004, 0.11285058804930913, 0.19057036435441868, 0.08466520859608703, 0.16933041719217407, 0.08466520859608703, 0.08466520859608703, 0.08466520859608703]
Timestep: 208, Trans probs: [0.21695104293936482, 0.08598798628140221, 0.1994385735300457, 0.08598454395803456, 0.08600826860749976, 0.1536604967675837, 0.08598454395803456, 0.08598454395803456]
Timestep: 209, Trans probs: [0.22338878102217608, 0.08658035579986624, 0.16254721925480473, 0.08658011577423226, 0.09457860326258515, 0.1731646933378709, 0.08658011577423226, 0.08658011577423226]
Timestep: 210, Trans probs: [0.2755752076526044, 0.08451448921299143, 0.14367749057626078, 0.08451430228100207, 0.09074352519025398, 0.1519463805248833, 0.08451430228100207, 0.08451430228100207]
Timestep: 211, Trans probs: [0.26946702896037855, 0.08451768338978766, 0.1715218419669377, 0.08451504350527567, 0.08453323770959241, 0.13641507745747664, 0.08451504350527567, 0.08451504350527567]
Timestep: 212, Trans probs: [0.22544614538585606, 0.08457799514079223, 0.21277644926599099, 0.0845778573167341, 0.08917063345542446, 0.13429520480173396, 0.0845778573167341, 0.0845778573167341]
Timestep: 213, Trans probs: [0.27433578047904883, 0.08397643740024664, 0.18079134817344628, 0.08397633331612192, 0.08744477772992383, 0.12152265626896869, 0.08397633331612192, 0.08397633331612192]
Timestep: 214, Trans probs: [0.30767538523126997, 0.08457511465103734, 0.15502770041444014, 0.08457503890861642, 0.08709903935005069, 0.1118976436273527, 0.08457503890861642, 0.08457503890861642]
Timestep: 215, Trans probs: [0.1447821760341654, 0.08455784905982383, 0.27459646868372134, 0.08455784905982383, 0.15580531794867716, 0.08658464109414069, 0.08455784905982383, 0.08455784905982383]
Timestep: 216, Trans probs: [0.3052619376838121, 0.08466276859515691, 0.1486110941469406, 0.08466082827187867, 0.08467420106830394, 0.12280751369015043, 0.08466082827187867, 0.08466082827187867]
Timestep: 217, Trans probs: [0.24111417177453578, 0.08588013643538969, 0.21675888036953703, 0.08587877104397144, 0.08588818138382649, 0.11272231690479682, 0.08587877104397144, 0.08587877104397144]
Timestep: 218, Trans probs: [0.242072581863616, 0.08596850297227596, 0.13526443604087343, 0.08596844997502581, 0.17370295233092373, 0.10508617686723341, 0.08596844997502581, 0.08596844997502581]
Timestep: 219, Trans probs: [0.28528343474696105, 0.085519797564153, 0.18184030945471466, 0.08551879270120594, 0.08552571826241363, 0.10527436186813977, 0.08551879270120594, 0.08551879270120594]
Timestep: 220, Trans probs: [0.20474966865601504, 0.08435241543359331, 0.20672490438431357, 0.0843523745587911, 0.15201872364784225, 0.09909716420186244, 0.0843523745587911, 0.0843523745587911]
Timestep: 221, Trans probs: [0.25964003842937633, 0.08302439328686215, 0.17815113426589693, 0.08302436151267208, 0.13562506709596106, 0.09448628238388722, 0.08302436151267208, 0.08302436151267208]
Timestep: 222, Trans probs: [0.31446816113118947, 0.08612787306720289, 0.15469911910359838, 0.08612715769824335, 0.08613208805370129, 0.10019128554957789, 0.08612715769824335, 0.08612715769824335]
Timestep: 223, Trans probs: [0.21516975334158686, 0.08323969778269323, 0.2375380609537388, 0.08323967404770274, 0.12253185569129736, 0.0918016100875754, 0.08323967404770274, 0.08323967404770274]
Timestep: 224, Trans probs: [0.33182608884329456, 0.08732762050361625, 0.13452662656950704, 0.08732712810037419, 0.08733052176595005, 0.09700775801650946, 0.08732712810037419, 0.08732712810037419]
Timestep: 225, Trans probs: [0.1816797549185706, 0.08348182470917526, 0.2818106985094772, 0.08348180704279189, 0.112727689601298, 0.08985461113310324, 0.08348180704279189, 0.08348180704279189]
Timestep: 226, Trans probs: [0.34127098052897104, 0.08865496364383615, 0.12030675428490799, 0.08865463343679097, 0.08865690923878908, 0.09514649199312279, 0.08865463343679097, 0.08865463343679097]
Timestep: 227, Trans probs: [0.2562296897648249, 0.08983059434965711, 0.20051012159649398, 0.08983037684106719, 0.08983187592017745, 0.09410658784564503, 0.08983037684106719, 0.08983037684106719]
Timestep: 228, Trans probs: [0.20963253025969103, 0.08831991131718658, 0.2573301466628503, 0.08831975274338774, 0.0883208456412332, 0.09143730788887568, 0.08831975274338774, 0.08831975274338774]
Timestep: 229, Trans probs: [0.17499490464622786, 0.08763073901970181, 0.2969753151353375, 0.08763062482162624, 0.08763141187996541, 0.08987575485388875, 0.08763062482162624, 0.08763062482162624]
Timestep: 230, Trans probs: [0.14886199833461752, 0.08795241396127798, 0.3218580808932159, 0.08795233434331025, 0.08795288307397084, 0.08951762070698717, 0.08795233434331025, 0.08795233434331025]
Timestep: 231, Trans probs: [0.15522907544172007, 0.08454725637286628, 0.3118495005086939, 0.08454724365679263, 0.10559811687887911, 0.08913431982746269, 0.08454724365679263, 0.08454724365679263]
Timestep: 232, Trans probs: [0.22136478853797037, 0.08612966023430975, 0.24404558892173003, 0.08612965139994656, 0.10075453206131157, 0.0893164760448385, 0.08612965139994656, 0.08612965139994656]
Timestep: 233, Trans probs: [0.27040828985218146, 0.08593586688793442, 0.200998373014412, 0.0859358604509399, 0.0965920079003097, 0.0882578809923427, 0.0859358604509399, 0.0859358604509399]
Timestep: 234, Trans probs: [0.3045256062240983, 0.08626543354551415, 0.16859560390959116, 0.0862654289396797, 0.09389017538807515, 0.08792689411368208, 0.0862654289396797, 0.0862654289396797]
Timestep: 235, Trans probs: [0.21886856698607754, 0.08881288703533972, 0.2471941285469315, 0.08881283312474944, 0.08881320467899358, 0.08987271337840934, 0.08881283312474944, 0.08881283312474944]
Timestep: 236, Trans probs: [0.18183718721871814, 0.08787061508246882, 0.29017327415849115, 0.08787057613151049, 0.08787084458328975, 0.08863635056250069, 0.08787057613151049, 0.08787057613151049]
Timestep: 237, Trans probs: [0.1538464805102185, 0.08797509406340698, 0.3177660888935066, 0.08797506675844556, 0.08797525494548368, 0.08851188131204768, 0.08797506675844556, 0.08797506675844556]
Timestep: 238, Trans probs: [0.13353198776555356, 0.08872379568896409, 0.3337600415287345, 0.08872377711510339, 0.08872390512699757, 0.08908893854444017, 0.08872377711510339, 0.08872377711510339]
Timestep: 239, Trans probs: [0.23866026148363384, 0.08722152318014374, 0.23156742353699816, 0.08722151998440833, 0.09251191249101301, 0.0883743193549863, 0.08722151998440833, 0.08722151998440833]
Timestep: 240, Trans probs: [0.20913231052136905, 0.0896665099501971, 0.2526257589364847, 0.08966649759781072, 0.08966658273102056, 0.08990934506749644, 0.08966649759781072, 0.08966649759781072]
Timestep: 241, Trans probs: [0.12895489128309018, 0.0846872693106799, 0.3090615753441365, 0.0846872693106799, 0.1370574024066721, 0.0861770537233817, 0.0846872693106799, 0.0846872693106799]
Timestep: 242, Trans probs: [0.1961424785350136, 0.08688339419889325, 0.27790857357228826, 0.08688339189325382, 0.09070027156040948, 0.08771510645363392, 0.08688339189325382, 0.08688339189325382]
Timestep: 243, Trans probs: [0.16541294539302984, 0.10499421202535057, 0.24950408083449815, 0.08250955789450756, 0.15005053016909123, 0.08250955789450756, 0.08250955789450756, 0.08250955789450756]
Timestep: 244, Trans probs: [0.1749298417561237, 0.08834902400322786, 0.20645098264054507, 0.08834901505104481, 0.17669809180094312, 0.08852501464602586, 0.08834901505104481, 0.08834901505104481]
Timestep: 245, Trans probs: [0.1644627286069392, 0.08713014636799483, 0.2223360240610269, 0.08713014473608431, 0.08983169731223828, 0.17484896944354797, 0.08713014473608431, 0.08713014473608431]
Timestep: 246, Trans probs: [0.22998817872527336, 0.08499120912296594, 0.18990341363705246, 0.08499120785669459, 0.08708746166763101, 0.15305611327699356, 0.08499120785669459, 0.08499120785669459]
Timestep: 247, Trans probs: [0.20298863765914937, 0.08595705619861985, 0.2434609999457132, 0.08595705619861985, 0.1227192980212152, 0.08700283957944284, 0.08595705619861985, 0.08595705619861985]
Timestep: 248, Trans probs: [0.23900297513546973, 0.08559270061874916, 0.1781003639026187, 0.08559269360662551, 0.15479532781965283, 0.08573055170363306, 0.08559269360662551, 0.08559269360662551]
Timestep: 249, Trans probs: [0.19544720801340326, 0.09142259623790382, 0.18284519247580763, 0.09142259623790382, 0.16459461832126987, 0.09142259623790382, 0.09142259623790382, 0.09142259623790382]
Timestep: 250, Trans probs: [0.2010280296594493, 0.1690099848838784, 0.1547693478632064, 0.08450498977890397, 0.13706796812613575, 0.08460970013061819, 0.08450498977890397, 0.08450498977890397]
Timestep: 251, Trans probs: [0.19454436661142308, 0.08399724759714172, 0.1639833465499628, 0.08399724663172396, 0.16959269783391115, 0.13589060151238938, 0.08399724663172396, 0.08399724663172396]
Timestep: 252, Trans probs: [0.2526631450825251, 0.08164554161640905, 0.1463104800507927, 0.08164554083591494, 0.15084537249063154, 0.12359883825189671, 0.08164554083591494, 0.08164554083591494]
Timestep: 253, Trans probs: [0.2581957394296582, 0.15029772601405694, 0.13879393482203622, 0.08203337681681248, 0.12449450594042583, 0.08211796334338535, 0.08203337681681248, 0.08203337681681248]
Timestep: 254, Trans probs: [0.21660384224745752, 0.13410422708571992, 0.20721714695493187, 0.08190880327984636, 0.11437489511175063, 0.08197347876060104, 0.08190880327984636, 0.08190880327984636]
Timestep: 255, Trans probs: [0.21293688252367407, 0.08149093584258818, 0.21268402967777741, 0.08149093524269209, 0.13467866093683803, 0.113736685291046, 0.08149093524269209, 0.08149093524269209]
Timestep: 256, Trans probs: [0.17247413101809125, 0.08524352960516013, 0.28788412046938855, 0.08524352960516013, 0.11264461590556306, 0.08602301418631658, 0.08524352960516013, 0.08524352960516013]
Timestep: 257, Trans probs: [0.18277123542187598, 0.08123724061826937, 0.18257592198552, 0.08123724015488615, 0.2035587617243025, 0.10614511978537364, 0.08123724015488615, 0.08123724015488615]
Timestep: 258, Trans probs: [0.26718506660233726, 0.12186419280705593, 0.17845657692153705, 0.08146280440232324, 0.10659288459791465, 0.08151286586418534, 0.08146280440232324, 0.08146280440232324]
Timestep: 259, Trans probs: [0.22039117556799562, 0.11237593358425199, 0.23678643779742778, 0.08234607186484004, 0.10102495551387179, 0.08238328194193267, 0.08234607186484004, 0.08234607186484004]
Timestep: 260, Trans probs: [0.1855525239573015, 0.10524924824603099, 0.2806652120110091, 0.08292372991234806, 0.09681043253041642, 0.08295139351819784, 0.08292372991234806, 0.08292372991234806]
Timestep: 261, Trans probs: [0.1581110473857963, 0.1002483470031271, 0.3108063482137619, 0.0841616460960011, 0.094167739941806, 0.08418157916750552, 0.0841616460960011, 0.0841616460960011]
Timestep: 262, Trans probs: [0.160069661251617, 0.08070420666613033, 0.24062119810041524, 0.0807042063039204, 0.17631851935959367, 0.10017379571048245, 0.0807042063039204, 0.0807042063039204]
Timestep: 263, Trans probs: [0.2231603300544354, 0.09704241012581094, 0.24358782627664805, 0.0858462918810783, 0.0928103928805503, 0.08586016501932041, 0.0858462918810783, 0.0858462918810783]
Timestep: 264, Trans probs: [0.1857417087972428, 0.0939244460074212, 0.2863868480903616, 0.08577336857382317, 0.090843422789158, 0.08578346859434696, 0.08577336857382317, 0.08577336857382317]
Timestep: 265, Trans probs: [0.15718197729897182, 0.09220369294310461, 0.3148429194577801, 0.08643524579935313, 0.09002327940538446, 0.08644239349669951, 0.08643524579935313, 0.08643524579935313]
Timestep: 266, Trans probs: [0.14160354275275594, 0.08108941411582733, 0.28411144261040167, 0.08108941383965153, 0.1539928813495654, 0.09593447765249498, 0.08108941383965153, 0.08108941383965153]
Timestep: 267, Trans probs: [0.22372286422832144, 0.09154914939342512, 0.2443045402752163, 0.08759134998844638, 0.09005314203006665, 0.08759625410763124, 0.08759134998844638, 0.08759134998844638]
Timestep: 268, Trans probs: [0.12680035006919138, 0.08260527187765945, 0.3134829325977493, 0.08260527167596089, 0.13584861367904233, 0.09344701674847489, 0.08260527167596089, 0.08260527167596089]
Timestep: 269, Trans probs: [0.27256936257888836, 0.08992851386213448, 0.2003852298072152, 0.08706664743555682, 0.08884675786365645, 0.0870701935814351, 0.08706664743555682, 0.08706664743555682]
Timestep: 270, Trans probs: [0.21901337821920788, 0.08917532985313624, 0.2548390541365274, 0.08714084986620031, 0.08840631739706459, 0.08714337079546279, 0.08714084986620031, 0.08714084986620031]
Timestep: 271, Trans probs: [0.18135341067479208, 0.08849933117542064, 0.29401861951692126, 0.08704436655738967, 0.08794936955299422, 0.08704616940770278, 0.08704436655738967, 0.08704436655738967]
Timestep: 272, Trans probs: [0.23405807646503396, 0.08584181767990029, 0.23074043577560005, 0.08584181767990029, 0.10543502712681506, 0.08639918991294986, 0.08584181767990029, 0.08584181767990029]
Timestep: 273, Trans probs: [0.1533560231987339, 0.08859513694443874, 0.2319341407567345, 0.08758037487215987, 0.1757919422172206, 0.08758163226639275, 0.08758037487215987, 0.08758037487215987]
Timestep: 274, Trans probs: [0.13614817783912253, 0.08627936339801213, 0.2821548366135286, 0.08549795065937786, 0.1534248512613379, 0.08549891890986523, 0.08549795065937786, 0.08549795065937786]
Timestep: 275, Trans probs: [0.11567634671767524, 0.08468804929135422, 0.33126076778118796, 0.08468804914992907, 0.12202072476625944, 0.092289963993736, 0.08468804914992907, 0.08468804914992907]
Timestep: 276, Trans probs: [0.20796220138730936, 0.08610205737061798, 0.2287890177751194, 0.08553283138909652, 0.1350146925812235, 0.08553353671844013, 0.08553283138909652, 0.08553283138909652]
Timestep: 277, Trans probs: [0.19387653502734023, 0.08570890242343587, 0.27716423655049777, 0.08570890242343587, 0.10000794827951572, 0.08611567044890278, 0.08570890242343587, 0.08570890242343587]
Timestep: 278, Trans probs: [0.1633305836449003, 0.08621034759195438, 0.2227121846575989, 0.08621034759195438, 0.18261548049266083, 0.08650036083702255, 0.08621034759195438, 0.08621034759195438]
Timestep: 279, Trans probs: [0.17700135847225157, 0.08507657146938953, 0.1927119968917739, 0.08464717777771058, 0.20662082999294054, 0.08464770984051259, 0.08464717777771058, 0.08464717777771058]
Timestep: 280, Trans probs: [0.15454952797254362, 0.08385701072034964, 0.2501582075493512, 0.08352679596601953, 0.17732766072374573, 0.08352720513595112, 0.08352679596601953, 0.08352679596601953]
Timestep: 281, Trans probs: [0.1078205018895478, 0.08677201913929519, 0.34102602470199006, 0.08677201904323363, 0.11212985551680707, 0.09193554162265904, 0.08677201904323363, 0.08677201904323363]
Timestep: 282, Trans probs: [0.22019733195144287, 0.0837864301521582, 0.20816429026662325, 0.0835394601645397, 0.15369380095048488, 0.08353976618567174, 0.0835394601645397, 0.0835394601645397]
Timestep: 283, Trans probs: [0.18657607881160793, 0.08343153296148084, 0.2607223111828794, 0.0832447912357425, 0.13629068070892028, 0.08324502262788394, 0.0832447912357425, 0.0832447912357425]
Timestep: 284, Trans probs: [0.1025201600860603, 0.08853722951667828, 0.34598051024906906, 0.08853722945286265, 0.10538295040134597, 0.09196746138825836, 0.08853722945286265, 0.08853722945286265]
Timestep: 285, Trans probs: [0.2436448893536544, 0.08392475530302192, 0.21444251253407734, 0.08378727995619713, 0.1228385526384103, 0.08378745030224471, 0.08378727995619713, 0.08378727995619713]
Timestep: 286, Trans probs: [0.09904464809849099, 0.08988897953357558, 0.3483452948177243, 0.08988897949179073, 0.10091913064473193, 0.09213500843010501, 0.08988897949179073, 0.08988897949179073]
Timestep: 287, Trans probs: [0.18766084368329108, 0.09086000110131014, 0.25856463074165925, 0.09086000107419719, 0.09801713868156184, 0.09231738256958605, 0.09086000107419719, 0.09086000107419719]
Timestep: 288, Trans probs: [0.14392973581610605, 0.08457355069269576, 0.27420679421350347, 0.08457355069269576, 0.15877250557365297, 0.08479676162595444, 0.08457355069269576, 0.08457355069269576]
Timestep: 289, Trans probs: [0.16010709491781241, 0.08873682540181635, 0.21238373071026267, 0.08873682538182626, 0.1827505349970525, 0.08981133782757732, 0.08873682538182626, 0.08873682538182626]
Timestep: 290, Trans probs: [0.28590483667397487, 0.08427025991169158, 0.1802589314798555, 0.0841691543135336, 0.11288922940014304, 0.08416927959373424, 0.0841691543135336, 0.0841691543135336]
Timestep: 291, Trans probs: [0.22911242667607154, 0.08529644744955418, 0.2389847571335384, 0.0852243338228248, 0.10570894409336075, 0.08522442317900081, 0.0852243338228248, 0.0852243338228248]
Timestep: 292, Trans probs: [0.1899572551228001, 0.08547801267830278, 0.282554916367098, 0.08542562366610026, 0.10030725625204136, 0.08542568858145687, 0.08542562366610026, 0.08542562366610026]
Timestep: 293, Trans probs: [0.21304062443968894, 0.08474367641237632, 0.22388921187950772, 0.08474367641237632, 0.13918799807415, 0.08490745995714803, 0.08474367641237632, 0.08474367641237632]
Timestep: 294, Trans probs: [0.14557920461556673, 0.09943851960123093, 0.2920654706780922, 0.08226739922050322, 0.13384720822309726, 0.08226739922050322, 0.08226739922050322, 0.08226739922050322]
Timestep: 295, Trans probs: [0.18081482511950872, 0.08415034902084158, 0.18898862065716573, 0.08415034902084158, 0.12517105848356616, 0.16842409965639318, 0.08415034902084158, 0.08415034902084158]
Timestep: 296, Trans probs: [0.16030874641515994, 0.0861947598461774, 0.225994347317414, 0.0861575968800619, 0.18287171285227635, 0.08615764292878655, 0.0861575968800619, 0.0861575968800619]
Timestep: 297, Trans probs: [0.14152547130462745, 0.08463830405760263, 0.27655309917633986, 0.08460977913313589, 0.1588439735835809, 0.08460981447844144, 0.08460977913313589, 0.08460977913313589]
Timestep: 298, Trans probs: [0.14173988939083754, 0.08588427402375247, 0.26853676862392434, 0.08588427400810787, 0.1594610397834419, 0.0867252061537202, 0.08588427400810787, 0.08588427400810787]
Timestep: 299, Trans probs: [0.21208321673904798, 0.08534798708998738, 0.22068770272060517, 0.08534798707839523, 0.13986604104120656, 0.08597109117396728, 0.08534798707839523, 0.08534798707839523]
Timestep: 300, Trans probs: [0.1596898968581253, 0.08188447977322984, 0.2481534799032222, 0.08188447977322984, 0.11490212532078183, 0.14971657882495143, 0.08188447977322984, 0.08188447977322984]
Timestep: 301, Trans probs: [0.21133027394731518, 0.08486805983216203, 0.22526067687835552, 0.0848471928177432, 0.1391521922148244, 0.08484721867411318, 0.0848471928177432, 0.0848471928177432]
Timestep: 302, Trans probs: [0.17953013306577578, 0.08423043834731353, 0.2742425524206532, 0.0842147133331841, 0.12513800334861644, 0.08421473281808861, 0.0842147133331841, 0.0842147133331841]
Timestep: 303, Trans probs: [0.15403773759241998, 0.08477313320705765, 0.30763720953530155, 0.08476170413705017, 0.11450508895523094, 0.08476171829883954, 0.08476170413705017, 0.08476170413705017]
Timestep: 304, Trans probs: [0.1345384393501541, 0.08611260992219562, 0.32803097921399194, 0.0861046193734931, 0.10689948411857696, 0.08610462927460208, 0.0861046193734931, 0.0861046193734931]
Timestep: 305, Trans probs: [0.18040874019032177, 0.08441412527463067, 0.18692614123685206, 0.08441412526585029, 0.21012252687936436, 0.08488609062128034, 0.08441412526585029, 0.08441412526585029]
Timestep: 306, Trans probs: [0.2405318908130473, 0.08340592181276656, 0.16213107385749986, 0.08340592180602358, 0.17994497566651346, 0.08376837243210208, 0.08340592180602358, 0.08340592180602358]
Timestep: 307, Trans probs: [0.20818173193995632, 0.08768105039976508, 0.2516634137194094, 0.08767563407249611, 0.10177126093949997, 0.08767564078388085, 0.08767563407249611, 0.08767563407249611]
Timestep: 308, Trans probs: [0.17490217470234312, 0.08688013305491078, 0.29354038247843783, 0.0868761765944298, 0.09717259848412886, 0.08687618149688993, 0.0868761765944298, 0.0868761765944298]
Timestep: 309, Trans probs: [0.14147246814290146, 0.08163843777808316, 0.29114129393786886, 0.08163843777808316, 0.10702971360803508, 0.13380277319886186, 0.08163843777808316, 0.08163843777808316]
Timestep: 310, Trans probs: [0.12948613524658892, 0.09601090657237617, 0.23576243462426516, 0.08355319856135066, 0.2045277293113671, 0.08355319856135066, 0.08355319856135066, 0.08355319856135066]
Timestep: 311, Trans probs: [0.14921716354185324, 0.0872613667645947, 0.2327226645893663, 0.08725858194323712, 0.18176447388055822, 0.08725858539391626, 0.08725858194323712, 0.08725858194323712]
Timestep: 312, Trans probs: [0.12663859788664947, 0.08300056082599207, 0.23579477083778946, 0.08300056082599207, 0.1015188760544498, 0.2040455119171429, 0.08300056082599207, 0.08300056082599207]
Timestep: 313, Trans probs: [0.13288440655954686, 0.08540285801009337, 0.19688117051673815, 0.08540072378476872, 0.2432286671300228, 0.08540072642929267, 0.08540072378476872, 0.08540072378476872]
Timestep: 314, Trans probs: [0.17019875782346156, 0.0873363596737903, 0.24749678895998029, 0.0873363596737903, 0.14562265484760667, 0.0873363596737903, 0.0873363596737903, 0.0873363596737903]
Timestep: 315, Trans probs: [0.20161216944349084, 0.08326295943283236, 0.22582267045259363, 0.08326295942775348, 0.1559773606961076, 0.08353596169171523, 0.08326295942775348, 0.08326295942775348]
Timestep: 316, Trans probs: [0.120306717570919, 0.16952586511643558, 0.16821240237542856, 0.08476213375590826, 0.20290647793398806, 0.08476213573550413, 0.08476213375590826, 0.08476213375590826]
Timestep: 317, Trans probs: [0.172472427632111, 0.0830927667937881, 0.27384944294999697, 0.08309276678995244, 0.1380081187626601, 0.0832989434915865, 0.08309276678995244, 0.08309276678995244]
Timestep: 318, Trans probs: [0.1933853601712548, 0.1503702313890633, 0.14931780641892967, 0.08245245598484903, 0.17711677649518548, 0.08245245757101975, 0.08245245598484903, 0.08245245598484903]
Timestep: 319, Trans probs: [0.14912969407790314, 0.08394329219405261, 0.3070093024323042, 0.08394329219125518, 0.12399417367492219, 0.08409366104705242, 0.08394329219125518, 0.08394329219125518]
Timestep: 320, Trans probs: [0.2506760452622311, 0.1353765429449999, 0.13452805566556492, 0.08061979532556456, 0.1569401735461415, 0.08061979660436895, 0.08061979532556456, 0.08061979532556456]
Timestep: 321, Trans probs: [0.21165844335915837, 0.12289565523307688, 0.20298387778140922, 0.08074142655267355, 0.13949631643117966, 0.0807414275371552, 0.08074142655267355, 0.08074142655267355]
Timestep: 322, Trans probs: [0.1158880568322711, 0.08282701826369558, 0.28141394715841633, 0.08282701826369558, 0.09685685954968346, 0.17453306340484678, 0.08282701826369558, 0.08282701826369558]
Timestep: 323, Trans probs: [0.18258822780990103, 0.1133069332978526, 0.175817539943467, 0.08040463725925938, 0.20666874914333253, 0.0804046380276688, 0.08040463725925938, 0.08040463725925938]
Timestep: 324, Trans probs: [0.16015024348820556, 0.10582793710317895, 0.23487125624656977, 0.08002979607871408, 0.17903137824469237, 0.08002979668121107, 0.08002979607871408, 0.08002979607871408]
Timestep: 325, Trans probs: [0.14193294163445563, 0.10022831306808697, 0.2797205987333542, 0.08042241820231472, 0.15642847329229193, 0.08042241866486713, 0.08042241820231472, 0.08042241820231472]
Timestep: 326, Trans probs: [0.13124361955133776, 0.08550312232500452, 0.3275289231166629, 0.0855031223230416, 0.11360633373636743, 0.08560863430150265, 0.0855031223230416, 0.0855031223230416]
Timestep: 327, Trans probs: [0.20558111655833922, 0.08724130533444446, 0.25179222296872306, 0.08724130533310989, 0.10634839726879033, 0.08731304187037321, 0.08724130533310989, 0.08724130533310989]
Timestep: 328, Trans probs: [0.11797877254550883, 0.09269133932522378, 0.2815413637774587, 0.08328069533911436, 0.1746657429953513, 0.08328069533911436, 0.08328069533911436, 0.08328069533911436]
Timestep: 329, Trans probs: [0.10789431663858438, 0.08386602627820024, 0.31206219449558353, 0.08386602627820024, 0.09406271442611122, 0.1505166693269198, 0.08386602627820024, 0.08386602627820024]
Timestep: 330, Trans probs: [0.20917152127464775, 0.0965300160860105, 0.2285873324605532, 0.08195828496856374, 0.13787798996422135, 0.08195828530887601, 0.08195828496856374, 0.08195828496856374]
Timestep: 331, Trans probs: [0.10235654126874871, 0.08557526581417559, 0.33052195169607473, 0.08557526581417559, 0.09269659779277498, 0.1321238459856993, 0.08557526581417559, 0.08557526581417559]
Timestep: 332, Trans probs: [0.17327774436921614, 0.086499152489444, 0.20716435194468696, 0.08649915248846533, 0.10051038434651399, 0.17305090938474288, 0.08649915248846533, 0.08649915248846533]
Timestep: 333, Trans probs: [0.23671088099135254, 0.08406399761511689, 0.1794281584111378, 0.08406399761434344, 0.09513735906315864, 0.1524676110762038, 0.08406399761434344, 0.08406399761434344]
Timestep: 334, Trans probs: [0.2834071514564842, 0.08323680462667817, 0.1562895186718045, 0.08323680462608568, 0.09171943689261294, 0.13563667447416325, 0.08323680462608568, 0.08323680462608568]
Timestep: 335, Trans probs: [0.17850158082542864, 0.09316568169343356, 0.1932107744051095, 0.08212630704432393, 0.20661673464091596, 0.08212630730214056, 0.08212630704432393, 0.08212630704432393]
Timestep: 336, Trans probs: [0.15604839375905807, 0.09023286019662952, 0.24911161132520981, 0.08171871386294091, 0.1777322790684972, 0.08171871406178265, 0.08171871386294091, 0.08171871386294091]
Timestep: 337, Trans probs: [0.23001721588696053, 0.08403843495141415, 0.2213522241655716, 0.08403843495098205, 0.09022458758049728, 0.12225223256261039, 0.08403843495098205, 0.08403843495098205]
Timestep: 338, Trans probs: [0.22025741277892627, 0.08860027839334324, 0.20798341793693748, 0.08220266063370513, 0.15434824820656065, 0.08220266078311687, 0.08220266063370513, 0.08220266063370513]
Timestep: 339, Trans probs: [0.18696032563595946, 0.08711207681610059, 0.25991192547057557, 0.08226014886779912, 0.1369750764928547, 0.08226014898111239, 0.08226014886779912, 0.08226014886779912]
Timestep: 340, Trans probs: [0.19278026380817756, 0.08397195436106952, 0.27029358702722645, 0.08397195436074745, 0.08858293141703981, 0.11245540030424436, 0.08397195436074745, 0.08397195436074745]
Timestep: 341, Trans probs: [0.24343650471143505, 0.0866311396697935, 0.21427919395703068, 0.08304699786084457, 0.12346517013465738, 0.08304699794454962, 0.08304699786084457, 0.08304699786084457]
Timestep: 342, Trans probs: [0.18612180548125232, 0.08737863365432508, 0.25326030155809803, 0.08737863365432508, 0.09220130934007045, 0.11890204900327898, 0.08737863365432508, 0.08737863365432508]
Timestep: 343, Trans probs: [0.16357094117927604, 0.08466370567012295, 0.3044469166787575, 0.08466370566988937, 0.08800756290245694, 0.10531975655971852, 0.08466370566988937, 0.08466370566988937]
Timestep: 344, Trans probs: [0.20186743131957788, 0.08625967351180355, 0.18037064567626754, 0.08361719633579846, 0.197033464087444, 0.08361719639751161, 0.08361719633579846, 0.08361719633579846]
Timestep: 345, Trans probs: [0.17369549199698653, 0.08488196827148702, 0.24003291765495727, 0.08285193400894693, 0.1699818859933716, 0.08285193405635692, 0.08285193400894693, 0.08285193400894693]
Timestep: 346, Trans probs: [0.10938110345612671, 0.09104411572883274, 0.2279872586138093, 0.08422005961463626, 0.23470728374268618, 0.08422005961463626, 0.08422005961463626, 0.08422005961463626]
Timestep: 347, Trans probs: [0.24607719592250263, 0.086072796753014, 0.21027275197765524, 0.086072796753014, 0.08968366051994939, 0.10967520456783678, 0.086072796753014, 0.086072796753014]
Timestep: 348, Trans probs: [0.2036010776602591, 0.08559060321475746, 0.1771936823691268, 0.08559060321475746, 0.17384438162035915, 0.10299844549122524, 0.08559060321475746, 0.08559060321475746]
Timestep: 349, Trans probs: [0.17674778297923996, 0.08340210730966101, 0.15585966971889742, 0.08340210730966101, 0.23661249743805288, 0.09717162062516559, 0.08340210730966101, 0.08340210730966101]
Timestep: 350, Trans probs: [0.1513671950919437, 0.08438746968832159, 0.20139631642584208, 0.08285649634370874, 0.14856653703959402, 0.1657129927231723, 0.08285649634370874, 0.08285649634370874]
Timestep: 351, Trans probs: [0.13617955563577092, 0.08210264779267265, 0.25743778168101894, 0.08086659757049018, 0.1339184097967234, 0.14776181238234357, 0.08086659757049018, 0.08086659757049018]
Timestep: 352, Trans probs: [0.14124508705281724, 0.08601542937111126, 0.3258640456465095, 0.08601542937094776, 0.08835590029353864, 0.10047324952317993, 0.08601542937094776, 0.08601542937094776]
Timestep: 353, Trans probs: [0.15435325565898692, 0.08274630880413694, 0.22107596181198472, 0.08274630880413694, 0.20027642666807538, 0.09330912064440537, 0.08274630880413694, 0.08274630880413694]
Timestep: 354, Trans probs: [0.12508567452992844, 0.08757673828729381, 0.2504686849947238, 0.08757673828718278, 0.17674299529126822, 0.09739569203523726, 0.08757673828718278, 0.08757673828718278]
Timestep: 355, Trans probs: [0.20448391778106625, 0.08199461489193291, 0.2163630158117833, 0.08104736554077294, 0.1217037189860474, 0.13231263590685133, 0.08104736554077294, 0.08104736554077294]
Timestep: 356, Trans probs: [0.17668722611345888, 0.0814803225107978, 0.2666645147991356, 0.08074405676728877, 0.11234490216358793, 0.12059086411115344, 0.08074405676728877, 0.08074405676728877]
Timestep: 357, Trans probs: [0.15334121803630912, 0.0823116365596766, 0.3022315612891794, 0.08176234185899729, 0.10533830891464853, 0.11149024962319441, 0.08176234185899729, 0.08176234185899729]
Timestep: 358, Trans probs: [0.13476939149657355, 0.08407042153583366, 0.32472159085150326, 0.08367835002210108, 0.10050622962805202, 0.10489731642173432, 0.08367835002210108, 0.08367835002210108]
Timestep: 359, Trans probs: [0.21953479437405427, 0.08236017683605977, 0.18825021816805257, 0.08236017683605977, 0.17232837069584178, 0.09044590941781237, 0.08236017683605977, 0.08236017683605977]
Timestep: 360, Trans probs: [0.11433359236016298, 0.0858517071503171, 0.29539313180461196, 0.0858517071502328, 0.153558855125688, 0.09330759210852162, 0.0858517071502328, 0.0858517071502328]
Timestep: 361, Trans probs: [0.12099369582303726, 0.08610421578093196, 0.25171298801930647, 0.08583440416022166, 0.1832492402329146, 0.10043664766314474, 0.08583440416022166, 0.08583440416022166]
Timestep: 362, Trans probs: [0.2692388879057925, 0.0820738850119006, 0.1631975142654477, 0.0820738850119006, 0.1509995961692829, 0.08826846161187443, 0.0820738850119006, 0.0820738850119006]
Timestep: 363, Trans probs: [0.11137205924667838, 0.08501540468156231, 0.21012168879849907, 0.08481158015691667, 0.24321351421956172, 0.09584259258294854, 0.08481158015691667, 0.08481158015691667]
Timestep: 364, Trans probs: [0.10429860595721958, 0.08470202705787318, 0.2622709579208416, 0.0845504803822899, 0.20232475977722192, 0.09275220813997401, 0.0845504803822899, 0.0845504803822899]
Timestep: 365, Trans probs: [0.1065854453089445, 0.08617896896097763, 0.3224885242444949, 0.08617896896091722, 0.13468925202574028, 0.09152090257709115, 0.08617896896091722, 0.08617896896091722]
Timestep: 366, Trans probs: [0.22107059214938768, 0.08295382276352659, 0.22577211495304073, 0.08295382276352659, 0.1338169457057875, 0.08752505613767765, 0.08295382276352659, 0.08295382276352659]
Timestep: 367, Trans probs: [0.18426581645987666, 0.08505820181367096, 0.21426838157061298, 0.08494792704263687, 0.1706478056047659, 0.09091601342316298, 0.08494792704263687, 0.08494792704263687]
Timestep: 368, Trans probs: [0.23428754462346998, 0.08571424839801711, 0.2072112399089151, 0.08571424839801711, 0.1299299734775295, 0.08571424839801711, 0.08571424839801711, 0.08571424839801711]
Timestep: 369, Trans probs: [0.1604743181652921, 0.1671434952936094, 0.18371842868951513, 0.08352903064983311, 0.14992393528076361, 0.08815273062132048, 0.08352903064983311, 0.08352903064983311]
Timestep: 370, Trans probs: [0.14390229706534305, 0.1493583400836705, 0.24387174811960324, 0.08095348184204092, 0.1352710458974292, 0.08473612330783141, 0.08095348184204092, 0.08095348184204092]
Timestep: 371, Trans probs: [0.1296694444509468, 0.13392451068226774, 0.2882105925994625, 0.08057683703223847, 0.12293809258013658, 0.08352684859047091, 0.08057683703223847, 0.08057683703223847]
Timestep: 372, Trans probs: [0.11819380307136118, 0.12133135858424941, 0.317091607837609, 0.08199441799132938, 0.11323031037270703, 0.08416966616008534, 0.08199441799132938, 0.08199441799132938]
Timestep: 373, Trans probs: [0.10968475595404623, 0.11189171465458946, 0.3338116919479892, 0.08422208365119085, 0.1061934317842011, 0.08575215470560145, 0.08422208365119085, 0.08422208365119085]
Timestep: 374, Trans probs: [0.18641588673269005, 0.08317382182435729, 0.2731040893568667, 0.08317382182435729, 0.12119392512966218, 0.08659081148335199, 0.08317382182435729, 0.08317382182435729]
Timestep: 375, Trans probs: [0.10378210193663172, 0.1052819418795888, 0.2560978343577032, 0.08647777586797945, 0.1878871884369052, 0.08751760578523281, 0.08647777586797945, 0.08647777586797945]
Timestep: 376, Trans probs: [0.10143216341037183, 0.08742523330479864, 0.24962724053497318, 0.08742523330475718, 0.20814774599789074, 0.09109191683769426, 0.08742523330475718, 0.08742523330475718]
Timestep: 377, Trans probs: [0.19636849183918015, 0.08491510716871263, 0.2609721037293146, 0.08491510716871263, 0.11808386858794195, 0.08491510716871263, 0.08491510716871263, 0.08491510716871263]
Timestep: 378, Trans probs: [0.18397838749680026, 0.09957524975532009, 0.21227200621143058, 0.08552388896999616, 0.16130179064104117, 0.08630089898541934, 0.08552388896999616, 0.08552388896999616]
Timestep: 379, Trans probs: [0.16085649442790628, 0.09459449674093061, 0.2666320975497341, 0.08356325713574211, 0.1430538789255405, 0.08417326094866226, 0.08356325713574211, 0.08356325713574211]
Timestep: 380, Trans probs: [0.14130789123712245, 0.09185484027278219, 0.303872912324349, 0.0836219394632966, 0.12802133661351958, 0.08407720116233697, 0.0836219394632966, 0.0836219394632966]
Timestep: 381, Trans probs: [0.12596452924567308, 0.09082791557037954, 0.3264461058570699, 0.08497840275915787, 0.11652437281888654, 0.08530186823051723, 0.08497840275915787, 0.08497840275915787]
Timestep: 382, Trans probs: [0.11481420252648206, 0.09076964244089425, 0.3387737532457578, 0.086766725040811, 0.1083541489049567, 0.08698807775947615, 0.086766725040811, 0.086766725040811]
Timestep: 383, Trans probs: [0.15906343925232436, 0.08412467777614391, 0.3061111760066082, 0.08412467777614391, 0.1117217570812288, 0.08660491655526299, 0.08412467777614391, 0.08412467777614391]
Timestep: 384, Trans probs: [0.09687501582595956, 0.17318535312564096, 0.20566345473689998, 0.08659267656280525, 0.17521379645499893, 0.08928435016808492, 0.08659267656280525, 0.08659267656280525]
Timestep: 385, Trans probs: [0.107150635093703, 0.09111267220176614, 0.25653390311545954, 0.08844268612202483, 0.191284400616093, 0.08859033060690391, 0.08844268612202483, 0.08844268612202483]
Timestep: 386, Trans probs: [0.09224893862100451, 0.15258126665775518, 0.26237857503307876, 0.08411953587739514, 0.15418499051328183, 0.08624762154269429, 0.08411953587739514, 0.08411953587739514]
Timestep: 387, Trans probs: [0.18797858143452556, 0.08904395587501082, 0.21143545735328725, 0.08706849236636281, 0.16315879699053965, 0.08717773124754831, 0.08706849236636281, 0.08706849236636281]
Timestep: 388, Trans probs: [0.2238129550245904, 0.0856669016298224, 0.24112267512973867, 0.0856669016298224, 0.10499296579997988, 0.08740379752640144, 0.0856669016298224, 0.0856669016298224]
Timestep: 389, Trans probs: [0.10296320005873293, 0.08948818680021285, 0.1901214365728451, 0.08447350020156222, 0.27953317576196035, 0.08447350020156222, 0.08447350020156222, 0.08447350020156222]
Timestep: 390, Trans probs: [0.16338139147241468, 0.08641912261391212, 0.18162873794823758, 0.08488238911122888, 0.22895621346459644, 0.08496736716715271, 0.08488238911122888, 0.08488238911122888]
Timestep: 391, Trans probs: [0.14385206838161613, 0.08503127389326129, 0.2416549451141159, 0.08385677778126531, 0.19396965437825667, 0.08392172488895396, 0.08385677778126531, 0.08385677778126531]
Timestep: 392, Trans probs: [0.08993631947852838, 0.13522449327613703, 0.3014773403894563, 0.08383402214799814, 0.1364283209263517, 0.08543145948553235, 0.08383402214799814, 0.08383402214799814]
Timestep: 393, Trans probs: [0.21235936434537553, 0.08455860191484349, 0.20204656076470737, 0.08367757831349444, 0.166276441011746, 0.08372629702284444, 0.08367757831349444, 0.08367757831349444]
Timestep: 394, Trans probs: [0.18125117354730058, 0.08376470400516445, 0.2564772219772855, 0.08309265887143137, 0.14609910233474885, 0.08312982152120636, 0.08309265887143137, 0.08309265887143137]
Timestep: 395, Trans probs: [0.08936865193061695, 0.12166404413667274, 0.3252374516037944, 0.08501705041698189, 0.12252250414625321, 0.08615619693171703, 0.08501705041698189, 0.08501705041698189]
Timestep: 396, Trans probs: [0.1864025410834251, 0.08559927178595786, 0.19903320503903493, 0.08559927178595786, 0.09970123418829675, 0.17246593254541173, 0.08559927178595786, 0.08559927178595786]
Timestep: 397, Trans probs: [0.23977138122177036, 0.08397576419153877, 0.21209910634799117, 0.08347722089181246, 0.1302172962997505, 0.08350478926351167, 0.08347722089181246, 0.08347722089181246]
Timestep: 398, Trans probs: [0.19953342494770165, 0.08414366702459758, 0.26281242355928597, 0.0837744217803078, 0.11839237887972381, 0.08379484024776758, 0.0837744217803078, 0.0837744217803078]
Timestep: 399, Trans probs: [0.16864287962574034, 0.08473139636409878, 0.29912227660694385, 0.08446288105829226, 0.10963707485143345, 0.08447772937690666, 0.08446288105829226, 0.08446288105829226]
Timestep: 400, Trans probs: [0.08972310049842393, 0.11186996837968391, 0.2514723404625609, 0.0867389489767621, 0.19919761435359715, 0.08752012937544776, 0.0867389489767621, 0.0867389489767621]
Timestep: 401, Trans probs: [0.23074365114430886, 0.08595309283075007, 0.23676333216584763, 0.08576420952802773, 0.10347264090678482, 0.08577465436822533, 0.08576420952802773, 0.08576420952802773]
Timestep: 402, Trans probs: [0.19112761126894084, 0.08590237279365848, 0.2812674639619094, 0.08576510354900292, 0.09863454708562884, 0.08577269424285364, 0.08576510354900292, 0.08576510354900292]
Timestep: 403, Trans probs: [0.16298224936793537, 0.08349382521053908, 0.2564359854116271, 0.08349382521053908, 0.09461392852366578, 0.1519925358546155, 0.08349382521053908, 0.08349382521053908]
Timestep: 404, Trans probs: [0.08812821258702999, 0.10453395630590072, 0.2938648999460199, 0.08591764153268744, 0.16922368973012822, 0.08649631683285874, 0.08591764153268744, 0.08591764153268744]
Timestep: 405, Trans probs: [0.16113268708088616, 0.08645893221607251, 0.22510100267777874, 0.08636151822989944, 0.18185591832184672, 0.08636690501371744, 0.08636151822989944, 0.08636151822989944]
Timestep: 406, Trans probs: [0.1421924548910508, 0.08477967204475517, 0.2760791553825736, 0.08470477547574683, 0.158125474159531, 0.08470891709484904, 0.08470477547574683, 0.08470477547574683]
Timestep: 407, Trans probs: [0.08803955621997518, 0.09967540390858068, 0.32043092791115385, 0.08647169873457614, 0.14555688895670962, 0.08688212679985223, 0.08647169873457614, 0.08647169873457614]
Timestep: 408, Trans probs: [0.22651868793471394, 0.08329977172181276, 0.21366524814855525, 0.08329977172181276, 0.09168221336961428, 0.13493476365986545, 0.08329977172181276, 0.08329977172181276]
Timestep: 409, Trans probs: [0.21186240162753334, 0.08493888186506945, 0.22501449433281479, 0.08488404019695552, 0.13864502876052312, 0.08488707282319283, 0.08488404019695552, 0.08488404019695552]
Timestep: 410, Trans probs: [0.1799212012777662, 0.08428339341491102, 0.27407346990641557, 0.08424206981367639, 0.12475137103997438, 0.08424435491990372, 0.08424206981367639, 0.08424206981367639]
Timestep: 411, Trans probs: [0.1543203820721115, 0.0848090334997395, 0.30753101166088814, 0.08477899873300995, 0.11422191697725033, 0.08478065959098069, 0.08477899873300995, 0.08477899873300995]
Timestep: 412, Trans probs: [0.13473548513846362, 0.08613554070997302, 0.3279696298716875, 0.0861145414339705, 0.10670001732921748, 0.08611570264874678, 0.0861145414339705, 0.0861145414339705]
Timestep: 413, Trans probs: [0.12063918490905326, 0.08769518676509536, 0.33930599273632234, 0.08768095217866143, 0.10163503973288393, 0.08768173932066095, 0.08768095217866143, 0.08768095217866143]
Timestep: 414, Trans probs: [0.19120968187334839, 0.08314176553342498, 0.26465269746353287, 0.08314176553342498, 0.0894668588009392, 0.12210369972847959, 0.08314176553342498, 0.08314176553342498]
Timestep: 415, Trans probs: [0.11096899090545456, 0.08911640966038475, 0.2560161756085611, 0.08910696750175003, 0.18747003168754478, 0.0891074896328047, 0.08910696750175003, 0.08910696750175003]
Timestep: 416, Trans probs: [0.10365521344244759, 0.08743174204905572, 0.29876373933429257, 0.0874247321407623, 0.1604499889783104, 0.08742511977360687, 0.0874247321407623, 0.0874247321407623]
Timestep: 417, Trans probs: [0.08875182443842049, 0.09671305651485972, 0.24775370312468664, 0.08767909835622303, 0.21578420814086974, 0.08795991271249436, 0.08767909835622303, 0.08767909835622303]
Timestep: 418, Trans probs: [0.1747253003386895, 0.09354581755199425, 0.20344862965994018, 0.08697237240073988, 0.18018643183931884, 0.08717670340783774, 0.08697237240073988, 0.08697237240073988]
Timestep: 419, Trans probs: [0.18655163967119393, 0.08755651306762859, 0.23662386952790154, 0.08755156848511504, 0.13906143036804258, 0.0875518419098882, 0.08755156848511504, 0.08755156848511504]
Timestep: 420, Trans probs: [0.16119401173182396, 0.08574478494408892, 0.2850976241950329, 0.08574101642597864, 0.12499930503419726, 0.08574122481692098, 0.08574101642597864, 0.08574101642597864]
Timestep: 421, Trans probs: [0.15351516135613646, 0.08970976607552451, 0.2606342784939224, 0.08454317407673997, 0.15780749781992787, 0.08470377402426886, 0.08454317407673997, 0.08454317407673997]
Timestep: 422, Trans probs: [0.22631412930497297, 0.08588172044202456, 0.23002339403277403, 0.08587899562250649, 0.1142646230535464, 0.08587914629916255, 0.08587899562250649, 0.08587899562250649]
Timestep: 423, Trans probs: [0.13583075505932346, 0.08805040819578426, 0.3002277949675422, 0.08418143196393693, 0.13904504946488275, 0.08430169642065645, 0.08418143196393693, 0.08418143196393693]
Timestep: 424, Trans probs: [0.20732029182932524, 0.08801823836491186, 0.23917995435271802, 0.08526186033980591, 0.12434839398470746, 0.08534754044891961, 0.08526186033980591, 0.08526186033980591]
Timestep: 425, Trans probs: [0.2745623828016581, 0.08543709274927608, 0.19186608881719627, 0.0854350808411405, 0.10639400101311687, 0.08543519209533115, 0.0854350808411405, 0.0854350808411405]
Timestep: 426, Trans probs: [0.22169158253750904, 0.0858526013855557, 0.2481462387178961, 0.08585115633528646, 0.1009048721097228, 0.08585123624345686, 0.08585115633528646, 0.08585115633528646]
Timestep: 427, Trans probs: [0.09856675842694025, 0.08892624789841001, 0.24626146485062458, 0.08533856022611745, 0.22489128791955526, 0.08533856022611745, 0.08533856022611745, 0.08533856022611745]
Timestep: 428, Trans probs: [0.18416289887679038, 0.08595290661027521, 0.2032893054270781, 0.08595186185585668, 0.09683552203390162, 0.1719037814843846, 0.08595186185585668, 0.08595186185585668]
Timestep: 429, Trans probs: [0.16102685001433695, 0.08382838876754709, 0.25988882617309944, 0.08382756753305116, 0.09238272367437286, 0.15139050877149016, 0.08382756753305116, 0.08382756753305116]
Timestep: 430, Trans probs: [0.17589769580047834, 0.08678585515745342, 0.28442204727956927, 0.08472699772631588, 0.11392241269452229, 0.08479099588902894, 0.08472699772631588, 0.08472699772631588]
Timestep: 431, Trans probs: [0.16307144285319908, 0.08382789938669861, 0.30075329811636187, 0.08382789938669861, 0.08846593461722305, 0.11239772686642155, 0.08382789938669861, 0.08382789938669861]
Timestep: 432, Trans probs: [0.22522594876781252, 0.08365574881307035, 0.21573807151725424, 0.08365513271463676, 0.09007329747041225, 0.1343415352875403, 0.08365513271463676, 0.08365513271463676]
Timestep: 433, Trans probs: [0.19008381602732424, 0.08342286855093553, 0.2663579224019655, 0.08342240437385104, 0.0882579385055357, 0.12161024139268593, 0.08342240437385104, 0.08342240437385104]
Timestep: 434, Trans probs: [0.16210353768390529, 0.08407450443979511, 0.30197689543878087, 0.08407416486575219, 0.08761165503850522, 0.11201091280175707, 0.08407416486575219, 0.08407416486575219]
Timestep: 435, Trans probs: [0.1404532310484733, 0.0854834740401162, 0.3244742045520505, 0.08548323481758775, 0.08797531971382558, 0.10516406619277113, 0.08548323481758775, 0.08548323481758775]
Timestep: 436, Trans probs: [0.1508737164357762, 0.08688309611303872, 0.2288043317295295, 0.08540464427965848, 0.19177432194785685, 0.08545060093482318, 0.08540464427965848, 0.08540464427965848]
Timestep: 437, Trans probs: [0.21179705249261233, 0.08714884036131763, 0.25018469394044196, 0.087148677167335, 0.08884873970691325, 0.10057464199670986, 0.087148677167335, 0.087148677167335]
Timestep: 438, Trans probs: [0.1775082692683312, 0.08656281325211967, 0.29207923968062893, 0.08656269418301378, 0.087803088732397, 0.09635850651748172, 0.08656269418301378, 0.08656269418301378]
Timestep: 439, Trans probs: [0.15111973544453042, 0.08703622935656784, 0.31888679150942467, 0.08703614545610588, 0.08791017297918198, 0.09393863434197738, 0.08703614545610588, 0.08703614545610588]
Timestep: 440, Trans probs: [0.1318129086168157, 0.0880840430221755, 0.3343766333051015, 0.0880839857707508, 0.08868039870780434, 0.09279405903585058, 0.0880839857707508, 0.0880839857707508]
Timestep: 441, Trans probs: [0.11838447748810571, 0.08924428938281347, 0.3426138229006253, 0.08924425123141706, 0.08964169088455776, 0.09238296564964654, 0.08924425123141706, 0.08924425123141706]
Timestep: 442, Trans probs: [0.1665501630167054, 0.08505877632007935, 0.2988451711847772, 0.08505877632007935, 0.10931078419812065, 0.08505877632007935, 0.08505877632007935, 0.08505877632007935]
Timestep: 443, Trans probs: [0.10937771016272925, 0.18052754888240782, 0.2564564618158919, 0.09026376192888144, 0.0905244545154555, 0.09232253883687129, 0.09026376192888144, 0.09026376192888144]
Timestep: 444, Trans probs: [0.10232188380592708, 0.15548584182527728, 0.30026050489979483, 0.08803972716616416, 0.08823451959265417, 0.08957806837785419, 0.08803972716616416, 0.08803972716616416]
Timestep: 445, Trans probs: [0.09800709248581035, 0.13551965348653505, 0.32560243578440773, 0.08792958335874329, 0.0880670291594966, 0.08901503900752036, 0.08792958335874329, 0.08792958335874329]
Timestep: 446, Trans probs: [0.1342074122260963, 0.08538711520592952, 0.2779220965217652, 0.08425916149534507, 0.16541166840198057, 0.08429422315819313, 0.08425916149534507, 0.08425916149534507]
Timestep: 447, Trans probs: [0.1843519163657729, 0.12104148861016528, 0.24998792101447465, 0.0887578189023365, 0.08885105799238895, 0.08949415931018875, 0.0887578189023365, 0.0887578189023365]
Timestep: 448, Trans probs: [0.12112572566519494, 0.08552718685711556, 0.3106235880827958, 0.08470471123957946, 0.14387908834948185, 0.08473027732667346, 0.08470471123957946, 0.08470471123957946]
Timestep: 449, Trans probs: [0.24565916400093596, 0.11116255040131864, 0.20813833492524197, 0.08688321099771615, 0.08695333262681079, 0.08743698505254414, 0.08688321099771615, 0.08688321099771615]
Timestep: 450, Trans probs: [0.14122199165319158, 0.08527099700386788, 0.3237051577518797, 0.08527099700386788, 0.08854574562078392, 0.10544311695867324, 0.08527099700386788, 0.08527099700386788]
Timestep: 451, Trans probs: [0.11153252254404744, 0.08665336909211131, 0.3300475932107429, 0.0860785562547228, 0.1274344224737562, 0.08609642391517387, 0.0860785562547228, 0.0860785562547228]
Timestep: 452, Trans probs: [0.20335871612251563, 0.104018840321505, 0.1756456429039867, 0.08608599802657216, 0.1722237882413548, 0.08649501833092124, 0.08608599802657216, 0.08608599802657216]
Timestep: 453, Trans probs: [0.1767401214370015, 0.09788935859850333, 0.23839815570903047, 0.08365521260812198, 0.15202685504165353, 0.08397987138944521, 0.08365521260812198, 0.08365521260812198]
Timestep: 454, Trans probs: [0.1543264044060934, 0.09383789574474041, 0.28454442094883975, 0.08291850534150934, 0.1353682031840315, 0.08316755969176691, 0.08291850534150934, 0.08291850534150934]
Timestep: 455, Trans probs: [0.13592125130451113, 0.09178494116786641, 0.3147541504844986, 0.08381745094524784, 0.12208812717420091, 0.0839991770331795, 0.08381745094524784, 0.08381745094524784]
Timestep: 456, Trans probs: [0.12193646367541815, 0.0911054421486564, 0.33239839678206706, 0.08553982368605036, 0.11227345952931796, 0.08566676680638934, 0.08553982368605036, 0.08553982368605036]
Timestep: 457, Trans probs: [0.09518300810654642, 0.0882116037635137, 0.2876036465899375, 0.08561721611712848, 0.18653287707148852, 0.08561721611712848, 0.08561721611712848, 0.08561721611712848]
Timestep: 458, Trans probs: [0.10492213485792456, 0.08808098473717862, 0.3405308321657173, 0.08769188350411242, 0.1156864192793651, 0.08770397844747713, 0.08769188350411242, 0.08769188350411242]
Timestep: 459, Trans probs: [0.18969878998391676, 0.08940002187316849, 0.25663674987121, 0.0891422597166815, 0.10768738704619049, 0.08915027207546974, 0.0891422597166815, 0.0891422597166815]
Timestep: 460, Trans probs: [0.2494565309495102, 0.08771944510458435, 0.2114533873363196, 0.08752873384060492, 0.10124977311910906, 0.08753466196866215, 0.08752873384060492, 0.08752873384060492]
Timestep: 461, Trans probs: [0.29181407173302304, 0.08693080052597278, 0.1772746676118285, 0.08679155342227615, 0.09680991803992793, 0.08679588182241933, 0.08679155342227615, 0.08679155342227615]
Timestep: 462, Trans probs: [0.11200476787229252, 0.09114643427337626, 0.2543900990492307, 0.08738108623012193, 0.1054673859087362, 0.1748480542059985, 0.08738108623012193, 0.08738108623012193]
Timestep: 463, Trans probs: [0.10441548179515517, 0.08857270467897033, 0.2982758637577202, 0.08571276529161481, 0.09945006665876235, 0.15214758723454744, 0.08571276529161481, 0.08571276529161481]
Timestep: 464, Trans probs: [0.212190999433356, 0.08697696385916535, 0.24992355955375684, 0.08697696385916535, 0.0892149365439854, 0.10076264903224043, 0.08697696385916535, 0.08697696385916535]
Timestep: 465, Trans probs: [0.14350215011439904, 0.08610486649325873, 0.32278709874016964, 0.08610486649325873, 0.10318641867913775, 0.08610486649325873, 0.08610486649325873, 0.08610486649325873]
Timestep: 466, Trans probs: [0.09950922654675305, 0.08817665286311985, 0.23818043594498875, 0.08613089575877854, 0.1820882871386079, 0.13365271023019484, 0.08613089575877854, 0.08613089575877854]
Timestep: 467, Trans probs: [0.17783098233689829, 0.1728868635466493, 0.20537011746726525, 0.08644343177332466, 0.08807681768694058, 0.09650492364227282, 0.08644343177332466, 0.08644343177332466]
Timestep: 468, Trans probs: [0.15615906182232897, 0.15225952155709244, 0.17787981143749915, 0.08407959765839257, 0.16944748437476195, 0.09201532783313976, 0.08407959765839257, 0.08407959765839257]
Timestep: 469, Trans probs: [0.1405301985829977, 0.13731724712158974, 0.15842659391992434, 0.0811417055886901, 0.23262064524259352, 0.08768019836682442, 0.0811417055886901, 0.0811417055886901]
Timestep: 470, Trans probs: [0.23165166624471087, 0.08727646468567055, 0.23811746597189054, 0.08717834135649744, 0.09423798757575236, 0.0871813914524834, 0.08717834135649744, 0.08717834135649744]
Timestep: 471, Trans probs: [0.09480336669181944, 0.08607443914149066, 0.20161502077370155, 0.08449869244459024, 0.24290867288572485, 0.12110242317349292, 0.08449869244459024, 0.08449869244459024]
Timestep: 472, Trans probs: [0.20754201085608273, 0.12469205921245909, 0.14136910537374953, 0.08031161920028562, 0.19998473335229616, 0.08547723360455571, 0.08031161920028562, 0.08031161920028562]
Timestep: 473, Trans probs: [0.19115435623934715, 0.08690685895722378, 0.28265905693688653, 0.08683600806745304, 0.09193349324570627, 0.08683821041847713, 0.08683600806745304, 0.08683600806745304]
Timestep: 474, Trans probs: [0.24796252286591924, 0.08721890622108923, 0.22537485738369076, 0.0871689018167044, 0.090766551910074, 0.08717045616911356, 0.0871689018167044, 0.0871689018167044]
Timestep: 475, Trans probs: [0.09180667649508381, 0.08524908734109653, 0.1720487154269353, 0.08406531082451446, 0.2871357988182446, 0.1115637894450963, 0.08406531082451446, 0.08406531082451446]
Timestep: 476, Trans probs: [0.25990113895930617, 0.11478358934019496, 0.12793376552836005, 0.07978874673893095, 0.17415333150203754, 0.08386193445330847, 0.07978874673893095, 0.07978874673893095]
Timestep: 477, Trans probs: [0.0905007903912843, 0.08578255338531347, 0.14823556892534487, 0.08493081686504968, 0.3159724480512415, 0.10471618865166686, 0.08493081686504968, 0.08493081686504968]
Timestep: 478, Trans probs: [0.21694481607085941, 0.10718336837832476, 0.197844254009694, 0.08071458775345351, 0.15208840478446708, 0.08379539349629418, 0.08071458775345351, 0.08071458775345351]
Timestep: 479, Trans probs: [0.09031041838385181, 0.08704412414758696, 0.1302784772412574, 0.08645449245180029, 0.3328521898179998, 0.10015131305390317, 0.08645449245180029, 0.08645449245180029]
Timestep: 480, Trans probs: [0.09065466255569263, 0.08845722989263678, 0.20560412976852221, 0.08806054917321199, 0.25382710574448863, 0.09727522451902379, 0.08806054917321199, 0.08806054917321199]
Timestep: 481, Trans probs: [0.08902840611474705, 0.08742378553244087, 0.2601015166336584, 0.08713411929706787, 0.20818102690168724, 0.09386290692626278, 0.08713411929706787, 0.08713411929706787]
Timestep: 482, Trans probs: [0.17958480054753903, 0.0882487217031155, 0.22889119350626214, 0.08641875353472273, 0.15760027010419236, 0.08641875353472273, 0.08641875353472273, 0.08641875353472273]
Timestep: 483, Trans probs: [0.08823150132918502, 0.08707570305738732, 0.21145440378294872, 0.08686705826126916, 0.17405639645036403, 0.1785808205963075, 0.08686705826126916, 0.08686705826126916]
Timestep: 484, Trans probs: [0.0858023489609829, 0.08490316451117912, 0.2664077742290229, 0.08474084366265411, 0.15257214173716863, 0.15609203957368423, 0.08474084366265411, 0.08474084366265411]
Timestep: 485, Trans probs: [0.08536059424654246, 0.0846937877154929, 0.30386523749456135, 0.08457341574737713, 0.1348749446222646, 0.1374851886790073, 0.08457341574737713, 0.08457341574737713]
Timestep: 486, Trans probs: [0.08625591480548073, 0.0857843712393045, 0.32647443340388943, 0.08569924815716612, 0.12127082882606881, 0.12311670725375815, 0.08569924815716612, 0.08569924815716612]
Timestep: 487, Trans probs: [0.08766427815789304, 0.08734266500115499, 0.3387883303095111, 0.08728460736847472, 0.11154596765350322, 0.11280493677251355, 0.08728460736847472, 0.08728460736847472]
Timestep: 488, Trans probs: [0.08905267524037039, 0.08883863822304847, 0.3449784350315384, 0.08880000024362718, 0.10494619663760647, 0.10578405413655473, 0.08880000024362718, 0.08880000024362718]
Timestep: 489, Trans probs: [0.09019298208077499, 0.09005273965127722, 0.3479093907977659, 0.09002742307672984, 0.10060681648153656, 0.10115580175845579, 0.09002742307672984, 0.09002742307672984]
Timestep: 490, Trans probs: [0.09104301451863217, 0.09095199603285438, 0.3492386406655736, 0.09093556536854949, 0.09780167836731343, 0.098157974309978, 0.09093556536854949, 0.09093556536854949]
Timestep: 491, Trans probs: [0.09164153961776486, 0.09158280675022994, 0.3498235197004824, 0.09157220428830275, 0.09600280431191482, 0.09623271675469966, 0.09157220428830275, 0.09157220428830275]
Timestep: 492, Trans probs: [0.09204845093683267, 0.09201068292837347, 0.35007552610269055, 0.09200386504447708, 0.09485295016826562, 0.09500079473040648, 0.09200386504447708, 0.09200386504447708]
Timestep: 493, Trans probs: [0.09231906077062937, 0.09229482547069606, 0.350182540221278, 0.09229045051242106, 0.09411867591607409, 0.09421354608405928, 0.09229045051242106, 0.09229045051242106]
Timestep: 494, Trans probs: [0.0924965189198261, 0.09248098763280564, 0.3502275250683559, 0.09247818392363517, 0.09364980934442196, 0.0937106072636849, 0.09247818392363517, 0.09247818392363517]
Timestep: 495, Trans probs: [0.18637288918913386, 0.10109124857067026, 0.2520580057538165, 0.08052573049202384, 0.13598123277965332, 0.08291943223065451, 0.08052573049202384, 0.08052573049202384]
Timestep: 496, Trans probs: [0.2022679143673759, 0.08704154295624779, 0.27308202252600483, 0.08700569813583063, 0.08958461339553789, 0.08700681234734174, 0.08700569813583063, 0.08700569813583063]
Timestep: 497, Trans probs: [0.12667609417400352, 0.08753333486508257, 0.3364749292340477, 0.08753333486508257, 0.0991823022665359, 0.08753333486508257, 0.08753333486508257, 0.08753333486508257]
Timestep: 498, Trans probs: [0.09261184993489659, 0.09260190469874466, 0.2576461910325305, 0.09260010938392207, 0.18595045224662607, 0.09338927393543604, 0.09260010938392207, 0.09260010938392207]
Timestep: 499, Trans probs: [0.1688221693417144, 0.1744117781989855, 0.21897288748085064, 0.08719319640638235, 0.08901959026570451, 0.08719398549359808, 0.08719319640638235, 0.08719319640638235]
